chrX:99879800-99882200,ENSG00000000003.10$TSPAN6$chrX$99894988$-,0.45
chr20:49406200-49408400,ENSG00000000419.8$DPM1$chr20$49575092$-,0.45
chr1:169764600-169766200,ENSG00000000457.9$SCYL3$chr1$169863408$-,0.45
chr1:169842200-169844600,ENSG00000000457.9$SCYL3$chr1$169863408$-,0.69
chr1:169894000-169896400,ENSG00000000457.9$SCYL3$chr1$169863408$-,0.58
chr1:170044000-170045800,ENSG00000000457.9$SCYL3$chr1$169863408$-,0.35
chr1:169534200-169536000,ENSG00000000460.12$C1orf112$chr1$169631245$+,0.37
chr1:169608600-169609200,ENSG00000000460.12$C1orf112$chr1$169631245$+,0.57
chr1:169639600-169642000,ENSG00000000460.12$C1orf112$chr1$169631245$+,0.46
chr1:169680200-169681600,ENSG00000000460.12$C1orf112$chr1$169631245$+,0.51
chr1:27969800-27971800,ENSG00000000938.8$FGR$chr1$27961788$-,0.67
chr6:143762400-143764200,ENSG00000001036.9$FUCA2$chr6$143832827$-,0.44
chr6:143769600-143771200,ENSG00000001036.9$FUCA2$chr6$143832827$-,0.4
chr6:143772600-143775000,ENSG00000001036.9$FUCA2$chr6$143832827$-,0.44
chr6:143818600-143820400,ENSG00000001036.9$FUCA2$chr6$143832827$-,0.65
chr6:143848800-143850800,ENSG00000001036.9$FUCA2$chr6$143832827$-,0.56
chr6:143881400-143883800,ENSG00000001036.9$FUCA2$chr6$143832827$-,0.36
chr6:143886600-143889000,ENSG00000001036.9$FUCA2$chr6$143832827$-,0.36
chr6:143895200-143895600,ENSG00000001036.9$FUCA2$chr6$143832827$-,0.36
chr6:41037000-41039200,ENSG00000001167.10$NFYA$chr6$41040684$+,0.47
chr6:41114800-41116800,ENSG00000001167.10$NFYA$chr6$41040684$+,0.58
chr1:24740000-24742200,ENSG00000001460.13$STPG1$chr1$24743424$-,0.42
chrX:64886400-64887600,ENSG00000001497.12$LAS1L$chrX$64754655$-,0.41
chr6:46101000-46103200,ENSG00000001561.6$ENPP4$chr6$46097730$+,0.57
chr6:46104200-46106600,ENSG00000001561.6$ENPP4$chr6$46097730$+,0.6
chr7:91764600-91765600,ENSG00000001629.5$ANKIB1$chr7$91875548$+,0.48
chr7:91764600-91765600,ENSG00000001630.11$CYP51A1$chr7$91772266$-,0.55
chr7:91764600-91765600,ENSG00000001631.10$KRIT1$chr7$91875480$-,0.47
chr11:63934000-63936200,ENSG00000002330.9$BAD$chr11$64052176$-,0.4
chr11:63959400-63960800,ENSG00000002330.9$BAD$chr11$64052176$-,0.38
chr11:64026600-64028000,ENSG00000002330.9$BAD$chr11$64052176$-,0.76
chr11:64070600-64072000,ENSG00000002330.9$BAD$chr11$64052176$-,0.59
chr11:64074000-64076000,ENSG00000002330.9$BAD$chr11$64052176$-,0.66
chrX:2524800-2526600,ENSG00000002586.13$CD99$chrX$2609220$+,0.55
chrX:2546000-2547200,ENSG00000002586.13$CD99$chrX$2609220$+,0.45
chr7:2386800-2388000,ENSG00000002822.11$MAD1L1$chr7$2272878$-,0.51
chr7:2392200-2393400,ENSG00000002822.11$MAD1L1$chr7$2272878$-,0.64
chr17:36956400-36957200,ENSG00000002834.13$LASP1$chr17$37026112$+,0.45
chr17:36981800-36982600,ENSG00000002834.13$LASP1$chr17$37026112$+,0.53
chr17:36996000-36998200,ENSG00000002834.13$LASP1$chr17$37026112$+,0.56
chr17:37131600-37133600,ENSG00000002834.13$LASP1$chr17$37026112$+,0.38
chr17:46049000-46051400,ENSG00000002919.10$SNX11$chr17$46180719$+,0.38
chr17:46162200-46164200,ENSG00000002919.10$SNX11$chr17$46180719$+,0.59
chr17:46273800-46274000,ENSG00000002919.10$SNX11$chr17$46180719$+,0.44
chr17:46282600-46283600,ENSG00000002919.10$SNX11$chr17$46180719$+,0.38
chr12:9122000-9123600,ENSG00000003056.3$M6PR$chr12$9102551$-,0.63
chr12:9167600-9169400,ENSG00000003056.3$M6PR$chr12$9102551$-,0.61
chr12:9193400-9195200,ENSG00000003056.3$M6PR$chr12$9102551$-,0.49
chr12:9198600-9200000,ENSG00000003056.3$M6PR$chr12$9102551$-,0.5
chr12:9201400-9202600,ENSG00000003056.3$M6PR$chr12$9102551$-,0.48
chr12:9215600-9217400,ENSG00000003056.3$M6PR$chr12$9102551$-,0.48
chr7:8220200-8220400,ENSG00000003147.13$ICA1$chr7$8302317$-,0.39
chr7:8236200-8238600,ENSG00000003147.13$ICA1$chr7$8302317$-,0.5
chr16:90092000-90094400,ENSG00000003249.9$DBNDD1$chr16$90086536$-,0.57
chr2:201911000-201912000,ENSG00000003400.10$CASP10$chr2$202047604$+,0.38
chr2:202043800-202045400,ENSG00000003400.10$CASP10$chr2$202047604$+,0.52
chr2:202087200-202089000,ENSG00000003400.10$CASP10$chr2$202047604$+,0.47
chr2:202139600-202140200,ENSG00000003400.10$CASP10$chr2$202047604$+,0.41
chr2:201911000-201912000,ENSG00000003402.15$CFLAR$chr2$201980827$+,0.41
chr2:202043800-202045400,ENSG00000003402.15$CFLAR$chr2$201980827$+,0.51
chr2:202046000-202047800,ENSG00000003402.15$CFLAR$chr2$201980827$+,0.5
chr2:202139600-202140200,ENSG00000003402.15$CFLAR$chr2$201980827$+,0.41
chr2:37299200-37301000,ENSG00000003509.11$NDUFAF7$chr2$37458774$+,0.5
chr2:37303400-37304200,ENSG00000003509.11$NDUFAF7$chr2$37458774$+,0.39
chr2:37387200-37387600,ENSG00000003509.11$NDUFAF7$chr2$37458774$+,0.52
chr2:37470000-37471800,ENSG00000003509.11$NDUFAF7$chr2$37458774$+,0.68
chr3:49891600-49893800,ENSG00000003756.12$RBM5$chr3$50126341$+,0.36
chr3:49894400-49896800,ENSG00000003756.12$RBM5$chr3$50126341$+,0.38
chr3:49997200-49999000,ENSG00000003756.12$RBM5$chr3$50126341$+,0.41
chr3:50077400-50079200,ENSG00000003756.12$RBM5$chr3$50126341$+,0.53
chr7:127090400-127092200,ENSG00000004059.6$ARF5$chr7$127228399$+,0.43
chr17:26682000-26684000,ENSG00000004139.9$SARM1$chr17$26691378$+,0.38
chr17:26685000-26686600,ENSG00000004139.9$SARM1$chr17$26691378$+,0.46
chr1:33382600-33384600,ENSG00000004455.12$AK2$chr1$33546597$-,0.37
chr1:33418600-33421000,ENSG00000004455.12$AK2$chr1$33546597$-,0.43
chr1:33437600-33439600,ENSG00000004455.12$AK2$chr1$33546597$-,0.52
chr1:33502600-33503200,ENSG00000004455.12$AK2$chr1$33546597$-,0.69
chr1:33590600-33592400,ENSG00000004455.12$AK2$chr1$33546597$-,0.63
chr1:33656000-33657000,ENSG00000004455.12$AK2$chr1$33546597$-,0.42
chr12:2920800-2921400,ENSG00000004478.5$FKBP4$chr12$2904119$+,0.57
chr12:2997800-2999600,ENSG00000004478.5$FKBP4$chr12$2904119$+,0.37
chr1:23330400-23332000,ENSG00000004487.11$KDM1A$chr1$23345941$+,0.67
chr1:23371600-23373800,ENSG00000004487.11$KDM1A$chr1$23345941$+,0.53
chr3:49891600-49893800,ENSG00000004534.10$RBM6$chr3$49977440$+,0.47
chr3:49894400-49896800,ENSG00000004534.10$RBM6$chr3$49977440$+,0.5
chr3:49989600-49991200,ENSG00000004534.10$RBM6$chr3$49977440$+,0.56
chr3:49997200-49999000,ENSG00000004534.10$RBM6$chr3$49977440$+,0.55
chr3:50077400-50079200,ENSG00000004534.10$RBM6$chr3$49977440$+,0.44
chr12:21522000-21523400,ENSG00000004700.11$RECQL$chr12$21654603$-,0.46
chr12:21589200-21590400,ENSG00000004700.11$RECQL$chr12$21654603$-,0.69
chr12:21760400-21762200,ENSG00000004700.11$RECQL$chr12$21654603$-,0.4
chr12:21771000-21772000,ENSG00000004700.11$RECQL$chr12$21654603$-,0.43
chr12:21811200-21813400,ENSG00000004700.11$RECQL$chr12$21654603$-,0.38
chr7:92794400-92795800,ENSG00000004766.11$CCDC132$chr7$92861653$+,0.58
chr7:92859800-92861000,ENSG00000004766.11$CCDC132$chr7$92861653$+,0.43
chr19:36104000-36105200,ENSG00000004776.7$HSPB6$chr19$36248980$-,0.38
chr19:36192400-36193400,ENSG00000004776.7$HSPB6$chr19$36248980$-,0.39
chr19:36237000-36239400,ENSG00000004776.7$HSPB6$chr19$36248980$-,0.69
chr19:36239800-36242000,ENSG00000004776.7$HSPB6$chr19$36248980$-,0.67
chr19:36369000-36371400,ENSG00000004776.7$HSPB6$chr19$36248980$-,0.4
chr19:36383600-36385200,ENSG00000004776.7$HSPB6$chr19$36248980$-,0.4
chr19:36104000-36105200,ENSG00000004777.14$ARHGAP33$chr19$36265434$+,0.35
chr19:36192400-36193400,ENSG00000004777.14$ARHGAP33$chr19$36265434$+,0.37
chr19:36237000-36239400,ENSG00000004777.14$ARHGAP33$chr19$36265434$+,0.7
chr19:36239800-36242000,ENSG00000004777.14$ARHGAP33$chr19$36265434$+,0.67
chr19:36369000-36371400,ENSG00000004777.14$ARHGAP33$chr19$36265434$+,0.48
chr19:36372800-36373800,ENSG00000004777.14$ARHGAP33$chr19$36265434$+,0.43
chr19:36383600-36385200,ENSG00000004777.14$ARHGAP33$chr19$36265434$+,0.4
chr16:23461400-23463600,ENSG00000004779.5$NDUFAB1$chr16$23607677$-,0.42
chr16:23653600-23655800,ENSG00000004779.5$NDUFAB1$chr16$23607677$-,0.5
chr16:23656800-23659200,ENSG00000004779.5$NDUFAB1$chr16$23607677$-,0.41
chr3:50334400-50336600,ENSG00000004838.9$ZMYND10$chr3$50384283$-,0.52
chr7:116525000-116527200,ENSG00000004866.14$ST7$chr7$116593292$+,0.52
chr7:116602400-116604800,ENSG00000004866.14$ST7$chr7$116593292$+,0.65
chr7:116628600-116629200,ENSG00000004866.14$ST7$chr7$116593292$+,0.66
chr17:45039400-45040400,ENSG00000004897.7$CDC27$chr17$45266788$-,0.39
chr17:45089800-45091400,ENSG00000004897.7$CDC27$chr17$45266788$-,0.35
chr17:45168600-45171000,ENSG00000004897.7$CDC27$chr17$45266788$-,0.38
chr17:45177200-45179000,ENSG00000004897.7$CDC27$chr17$45266788$-,0.39
chr17:45250000-45252000,ENSG00000004897.7$CDC27$chr17$45266788$-,0.62
chr17:6936600-6939000,ENSG00000004975.7$DVL2$chr17$7137864$-,0.36
chr17:7143000-7145000,ENSG00000004975.7$DVL2$chr17$7137864$-,0.59
chr17:7146600-7148200,ENSG00000004975.7$DVL2$chr17$7137864$-,0.55
chr17:7156200-7158200,ENSG00000004975.7$DVL2$chr17$7137864$-,0.54
chr17:7298400-7300000,ENSG00000004975.7$DVL2$chr17$7137864$-,0.37
chr16:2916400-2918000,ENSG00000005001.5$PRSS22$chr16$2908171$-,0.55
chr16:2918600-2920000,ENSG00000005001.5$PRSS22$chr16$2908171$-,0.49
chr16:2933800-2934600,ENSG00000005001.5$PRSS22$chr16$2908171$-,0.43
chr16:2955400-2957800,ENSG00000005001.5$PRSS22$chr16$2908171$-,0.35
chr16:2960000-2961600,ENSG00000005001.5$PRSS22$chr16$2908171$-,0.38
chr16:2968600-2970400,ENSG00000005001.5$PRSS22$chr16$2908171$-,0.38
chr19:19057200-19058200,ENSG00000005007.8$UPF1$chr19$18942747$+,0.35
chrX:118367800-118370200,ENSG00000005022.5$SLC25A5$chrX$118602363$+,0.41
chrX:118406800-118408600,ENSG00000005022.5$SLC25A5$chrX$118602363$+,0.5
chrX:118531600-118533200,ENSG00000005022.5$SLC25A5$chrX$118602363$+,0.51
chrX:118615000-118617400,ENSG00000005022.5$SLC25A5$chrX$118602363$+,0.76
chrX:118622600-118623800,ENSG00000005022.5$SLC25A5$chrX$118602363$+,0.75
chrX:118696800-118698800,ENSG00000005022.5$SLC25A5$chrX$118602363$+,0.54
chrX:118706600-118708000,ENSG00000005022.5$SLC25A5$chrX$118602363$+,0.55
chrX:118709200-118711400,ENSG00000005022.5$SLC25A5$chrX$118602363$+,0.4
chrX:118740600-118741600,ENSG00000005022.5$SLC25A5$chrX$118602363$+,0.47
chrX:118783800-118785400,ENSG00000005022.5$SLC25A5$chrX$118602363$+,0.38
chr4:110372000-110374400,ENSG00000005059.11$CCDC109B$chr4$110481361$+,0.36
chr4:110375000-110377000,ENSG00000005059.11$CCDC109B$chr4$110481361$+,0.39
chr4:110468800-110470800,ENSG00000005059.11$CCDC109B$chr4$110481361$+,0.64
chr4:110478800-110481200,ENSG00000005059.11$CCDC109B$chr4$110481361$+,0.46
chr4:110513600-110515600,ENSG00000005059.11$CCDC109B$chr4$110481361$+,0.52
chr4:110519600-110522000,ENSG00000005059.11$CCDC109B$chr4$110481361$+,0.5
chr4:110561600-110564000,ENSG00000005059.11$CCDC109B$chr4$110481361$+,0.39
chr4:110565000-110565200,ENSG00000005059.11$CCDC109B$chr4$110481361$+,0.38
chr4:110589200-110591400,ENSG00000005059.11$CCDC109B$chr4$110481361$+,0.37
chr7:27243800-27246000,ENSG00000005073.5$HOXA11$chr7$27224842$-,0.52
chr7:102117400-102118400,ENSG00000005075.11$POLR2J$chr7$102119354$-,0.35
chr7:102152800-102153800,ENSG00000005075.11$POLR2J$chr7$102119354$-,0.37
chr17:5291800-5292800,ENSG00000005100.8$DHX33$chr17$5372380$-,0.4
chr17:5342400-5344400,ENSG00000005100.8$DHX33$chr17$5372380$-,0.69
chr17:5495400-5496200,ENSG00000005100.8$DHX33$chr17$5372380$-,0.46
chr17:41856800-41859000,ENSG00000005102.8$MEOX1$chr17$41739322$-,0.53
chr17:41867600-41869800,ENSG00000005102.8$MEOX1$chr17$41739322$-,0.47
chr17:33166400-33166800,ENSG00000005156.7$LIG3$chr17$33307513$+,0.42
chr17:33167200-33169400,ENSG00000005156.7$LIG3$chr17$33307513$+,0.44
chr17:33286600-33288000,ENSG00000005156.7$LIG3$chr17$33307513$+,0.47
chr17:33289400-33291400,ENSG00000005156.7$LIG3$chr17$33307513$+,0.66
chr17:33355000-33356400,ENSG00000005156.7$LIG3$chr17$33307513$+,0.51
chr17:33359200-33361000,ENSG00000005156.7$LIG3$chr17$33307513$+,0.56
chr17:33416400-33418600,ENSG00000005156.7$LIG3$chr17$33307513$+,0.43
chr17:33466200-33468600,ENSG00000005156.7$LIG3$chr17$33307513$+,0.36
chr17:33498000-33500200,ENSG00000005156.7$LIG3$chr17$33307513$+,0.39
chr12:48165600-48167000,ENSG00000005175.5$RPAP3$chr12$48099844$-,0.56
chr12:48356000-48357400,ENSG00000005175.5$RPAP3$chr12$48099844$-,0.35
chr16:20818600-20820400,ENSG00000005189.15$AC004381.6$chr16$20817751$+,0.42
chr16:57277800-57278600,ENSG00000005194.10$CIAPIN1$chr16$57481440$-,0.36
chr16:57379000-57380000,ENSG00000005194.10$CIAPIN1$chr16$57481440$-,0.54
chr16:57495800-57496600,ENSG00000005194.10$CIAPIN1$chr16$57481440$-,0.7
chr9:35035600-35038000,ENSG00000005238.15$FAM214B$chr9$35116338$-,0.52
chr9:35072600-35074800,ENSG00000005238.15$FAM214B$chr9$35116338$-,0.61
chr9:35094000-35096200,ENSG00000005238.15$FAM214B$chr9$35116338$-,0.71
chr9:35096600-35097600,ENSG00000005238.15$FAM214B$chr9$35116338$-,0.68
chr9:35321400-35322800,ENSG00000005238.15$FAM214B$chr9$35116338$-,0.36
chr17:46049000-46051400,ENSG00000005243.5$COPZ2$chr17$46115392$-,0.35
chr17:46162200-46164200,ENSG00000005243.5$COPZ2$chr17$46115392$-,0.45
chr7:106765600-106766800,ENSG00000005249.8$PRKAR2B$chr7$106685094$+,0.56
chr7:106767200-106768800,ENSG00000005249.8$PRKAR2B$chr7$106685094$+,0.52
chrX:11787600-11789200,ENSG00000005302.13$MSL3$chrX$11776278$+,0.52
chr16:3988200-3990200,ENSG00000005339.8$CREBBP$chr16$3930727$-,0.59
chr17:56295000-56296200,ENSG00000005379.11$BZRAP1$chr17$56406152$-,0.4
chr17:56297000-56298200,ENSG00000005379.11$BZRAP1$chr17$56406152$-,0.47
chr17:56734600-56736600,ENSG00000005379.11$BZRAP1$chr17$56406152$-,0.35
chr7:95064600-95066800,ENSG00000005421.4$PON1$chr7$95025673$-,0.36
chr2:75874600-75877000,ENSG00000005436.9$GCFC2$chr2$75938115$-,0.68
chr2:74540400-74542200,ENSG00000005448.12$WDR54$chr2$74648805$+,0.4
chr2:74553800-74556200,ENSG00000005448.12$WDR54$chr2$74648805$+,0.5
chr2:74560800-74562800,ENSG00000005448.12$WDR54$chr2$74648805$+,0.52
chr2:74619200-74621200,ENSG00000005448.12$WDR54$chr2$74648805$+,0.68
chr2:74682600-74684400,ENSG00000005448.12$WDR54$chr2$74648805$+,0.55
chr2:74692600-74695000,ENSG00000005448.12$WDR54$chr2$74648805$+,0.55
chr2:74696800-74699200,ENSG00000005448.12$WDR54$chr2$74648805$+,0.59
chr7:86819000-86821400,ENSG00000005469.7$CROT$chr7$86974997$+,0.36
chr7:86827200-86827800,ENSG00000005469.7$CROT$chr7$86974997$+,0.39
chr7:86850000-86851200,ENSG00000005469.7$CROT$chr7$86974997$+,0.42
chr7:104497200-104499400,ENSG00000005483.15$KMT2E$chr7$104654626$+,0.45
chr7:104723000-104724400,ENSG00000005483.15$KMT2E$chr7$104654626$+,0.36
chr6:82990800-82991000,ENSG00000005700.10$IBTK$chr6$82957471$-,0.71
chr6:82991400-82992800,ENSG00000005700.10$IBTK$chr6$82957471$-,0.69
chr6:82995200-82997200,ENSG00000005700.10$IBTK$chr6$82957471$-,0.66
chr11:3444600-3446200,ENSG00000005801.12$ZNF195$chr11$3400448$-,0.63
chr11:3525400-3526800,ENSG00000005801.12$ZNF195$chr11$3400448$-,0.39
chr13:77820600-77822000,ENSG00000005810.13$MYCBP2$chr13$77901185$-,0.43
chr13:77864200-77866600,ENSG00000005810.13$MYCBP2$chr13$77901185$-,0.58
chr13:77904400-77906600,ENSG00000005810.13$MYCBP2$chr13$77901185$-,0.6
chr13:77927000-77929400,ENSG00000005810.13$MYCBP2$chr13$77901185$-,0.62
chr13:77549800-77552000,ENSG00000005812.6$FBXL3$chr13$77601330$-,0.63
chr13:77564200-77565800,ENSG00000005812.6$FBXL3$chr13$77601330$-,0.58
chr13:77578200-77578800,ENSG00000005812.6$FBXL3$chr13$77601330$-,0.63
chr13:77579600-77579800,ENSG00000005812.6$FBXL3$chr13$77601330$-,0.62
chr16:30386800-30389200,ENSG00000005844.13$ITGAL$chr16$30483979$+,0.43
chr16:30418000-30418400,ENSG00000005844.13$ITGAL$chr16$30483979$+,0.46
chr16:30438800-30440800,ENSG00000005844.13$ITGAL$chr16$30483979$+,0.49
chr16:30441200-30443000,ENSG00000005844.13$ITGAL$chr16$30483979$+,0.47
chr16:30476600-30478800,ENSG00000005844.13$ITGAL$chr16$30483979$+,0.57
chr16:30492800-30493000,ENSG00000005844.13$ITGAL$chr16$30483979$+,0.59
chr16:30493600-30495600,ENSG00000005844.13$ITGAL$chr16$30483979$+,0.59
chr16:30496200-30498200,ENSG00000005844.13$ITGAL$chr16$30483979$+,0.63
chr16:30505400-30506400,ENSG00000005844.13$ITGAL$chr16$30483979$+,0.57
chr16:30546800-30549200,ENSG00000005844.13$ITGAL$chr16$30483979$+,0.48
chr16:30597800-30599600,ENSG00000005844.13$ITGAL$chr16$30483979$+,0.37
chr17:48234800-48236200,ENSG00000005882.7$PDK2$chr17$48172101$+,0.41
chrX:24004400-24004600,ENSG00000005889.11$ZFX$chrX$24167290$+,0.38
chrX:24028000-24029000,ENSG00000005889.11$ZFX$chrX$24167290$+,0.46
chrX:24031800-24034200,ENSG00000005889.11$ZFX$chrX$24167290$+,0.51
chrX:24044400-24045400,ENSG00000005889.11$ZFX$chrX$24167290$+,0.45
chrX:119427600-119429800,ENSG00000005893.11$LAMP2$chrX$119603220$-,0.35
chrX:119478200-119479400,ENSG00000005893.11$LAMP2$chrX$119603220$-,0.44
chrX:119618600-119619600,ENSG00000005893.11$LAMP2$chrX$119603220$-,0.58
chrX:119705000-119706000,ENSG00000005893.11$LAMP2$chrX$119603220$-,0.45
chrX:119738800-119740400,ENSG00000005893.11$LAMP2$chrX$119603220$-,0.39
chr17:34837800-34839600,ENSG00000005955.8$GGNBP2$chr17$34900737$+,0.55
chr17:34961600-34962800,ENSG00000005955.8$GGNBP2$chr17$34900737$+,0.54
chr17:42420800-42422600,ENSG00000005961.13$ITGA2B$chr17$42466873$-,0.52
chr17:42502200-42503800,ENSG00000005961.13$ITGA2B$chr17$42466873$-,0.51
chr16:19504600-19506000,ENSG00000006007.7$GDE1$chr16$19533467$-,0.69
chr16:19565000-19566400,ENSG00000006007.7$GDE1$chr16$19533467$-,0.59
chr16:19567400-19568800,ENSG00000006007.7$GDE1$chr16$19533467$-,0.7
chr19:18633000-18634000,ENSG00000006015.13$C19orf60$chr19$18699495$+,0.48
chr19:18651800-18653600,ENSG00000006015.13$C19orf60$chr19$18699495$+,0.52
chr19:18667400-18668800,ENSG00000006015.13$C19orf60$chr19$18699495$+,0.49
chr19:18669400-18671600,ENSG00000006015.13$C19orf60$chr19$18699495$+,0.56
chr19:18681000-18682200,ENSG00000006015.13$C19orf60$chr19$18699495$+,0.58
chr17:45839800-45841600,ENSG00000006025.7$OSBPL7$chr17$45899200$-,0.46
chr17:45866200-45868400,ENSG00000006025.7$OSBPL7$chr17$45899200$-,0.61
chr17:45909200-45910800,ENSG00000006025.7$OSBPL7$chr17$45899200$-,0.64
chr17:45970800-45972600,ENSG00000006025.7$OSBPL7$chr17$45899200$-,0.43
chr17:45994800-45996400,ENSG00000006025.7$OSBPL7$chr17$45899200$-,0.47
chr17:46049000-46051400,ENSG00000006025.7$OSBPL7$chr17$45899200$-,0.46
chr17:7143000-7145000,ENSG00000006047.8$YBX2$chr17$7197934$-,0.41
chr17:7146600-7148200,ENSG00000006047.8$YBX2$chr17$7197934$-,0.43
chr17:7156200-7158200,ENSG00000006047.8$YBX2$chr17$7197934$-,0.5
chr17:39494400-39494600,ENSG00000006059.3$KRT33A$chr17$39507064$-,0.73
chr17:34408400-34410400,ENSG00000006074.4$CCL18$chr17$34391640$+,0.36
chr17:34399400-34400600,ENSG00000006075.11$CCL3$chr17$34417515$-,0.58
chr17:34408400-34410400,ENSG00000006075.11$CCL3$chr17$34417515$-,0.67
chr17:35870200-35871400,ENSG00000006114.11$SYNRG$chr17$35969544$-,0.45
chr17:36003800-36004800,ENSG00000006114.11$SYNRG$chr17$35969544$-,0.68
chr11:60674400-60676200,ENSG00000006118.10$TMEM132A$chr11$60691935$+,0.47
chr17:33687600-33689600,ENSG00000006125.12$AP2B1$chr17$33905065$+,0.35
chr17:33730800-33732600,ENSG00000006125.12$AP2B1$chr17$33905065$+,0.44
chr17:33786600-33788800,ENSG00000006125.12$AP2B1$chr17$33905065$+,0.36
chr17:33794000-33796200,ENSG00000006125.12$AP2B1$chr17$33905065$+,0.4
chr17:33796600-33796800,ENSG00000006125.12$AP2B1$chr17$33905065$+,0.39
chr17:33810800-33812200,ENSG00000006125.12$AP2B1$chr17$33905065$+,0.39
chr17:33831200-33833200,ENSG00000006125.12$AP2B1$chr17$33905065$+,0.48
chr17:33906200-33907400,ENSG00000006125.12$AP2B1$chr17$33905065$+,0.38
chr17:33913200-33914000,ENSG00000006125.12$AP2B1$chr17$33905065$+,0.63
chr17:33919400-33921200,ENSG00000006125.12$AP2B1$chr17$33905065$+,0.6
chr17:34131200-34132400,ENSG00000006125.12$AP2B1$chr17$33905065$+,0.35
chr16:3207000-3207800,ENSG00000006194.6$ZNF263$chr16$3313743$+,0.55
chr16:3285600-3287200,ENSG00000006194.6$ZNF263$chr16$3313743$+,0.58
chr16:3334600-3336600,ENSG00000006194.6$ZNF263$chr16$3313743$+,0.63
chr16:3353200-3355000,ENSG00000006194.6$ZNF263$chr16$3313743$+,0.64
chr16:3415800-3416600,ENSG00000006194.6$ZNF263$chr16$3313743$+,0.45
chr17:48474800-48476000,ENSG00000006282.15$SPATA20$chr17$48620419$+,0.36
chr14:71106200-71108400,ENSG00000006432.11$MAP3K9$chr14$71276251$-,0.42
chr14:71116200-71117000,ENSG00000006432.11$MAP3K9$chr14$71276251$-,0.36
chr14:71283000-71285200,ENSG00000006432.11$MAP3K9$chr14$71276251$-,0.68
chr14:71405000-71406800,ENSG00000006432.11$MAP3K9$chr14$71276251$-,0.36
chr14:71411800-71413400,ENSG00000006432.11$MAP3K9$chr14$71276251$-,0.39
chr7:39604600-39605600,ENSG00000006451.3$RALA$chr7$39663082$+,0.46
chr7:39606600-39608600,ENSG00000006451.3$RALA$chr7$39663082$+,0.48
chr7:139769200-139770200,ENSG00000006459.6$JHDM1D$chr7$139876835$-,0.35
chr7:14048800-14050200,ENSG00000006468.9$ETV1$chr7$14031050$-,0.56
chr7:141232600-141234000,ENSG00000006530.11$AGK$chr7$141250989$+,0.75
chr7:141354000-141355400,ENSG00000006530.11$AGK$chr7$141250989$+,0.41
chr7:141436000-141437600,ENSG00000006530.11$AGK$chr7$141250989$+,0.36
chr1:55180400-55181400,ENSG00000006555.6$TTC22$chr1$55266940$-,0.55
chr1:55228200-55229600,ENSG00000006555.6$TTC22$chr1$55266940$-,0.68
chr1:55410200-55412400,ENSG00000006555.6$TTC22$chr1$55266940$-,0.43
chr7:77333800-77334400,ENSG00000006576.12$PHTF2$chr7$77428122$+,0.39
chr7:77445800-77446000,ENSG00000006576.12$PHTF2$chr7$77428122$+,0.78
chr7:77471600-77473600,ENSG00000006576.12$PHTF2$chr7$77428122$+,0.66
chr7:77474400-77476800,ENSG00000006576.12$PHTF2$chr7$77428122$+,0.55
chr7:77530200-77530600,ENSG00000006576.12$PHTF2$chr7$77428122$+,0.51
chr7:77552200-77553200,ENSG00000006576.12$PHTF2$chr7$77428122$+,0.41
chr7:77564400-77565800,ENSG00000006576.12$PHTF2$chr7$77428122$+,0.47
chr7:77572800-77574800,ENSG00000006576.12$PHTF2$chr7$77428122$+,0.51
chr7:87481600-87483600,ENSG00000006634.3$DBF4$chr7$87505531$+,0.47
chr7:87562400-87563400,ENSG00000006634.3$DBF4$chr7$87505531$+,0.48
chr7:87564000-87566400,ENSG00000006634.3$DBF4$chr7$87505531$+,0.57
chr19:3500800-3502000,ENSG00000006638.7$TBXA2R$chr19$3606838$-,0.38
chr19:3627000-3628000,ENSG00000006638.7$TBXA2R$chr19$3606838$-,0.52
chr7:112032000-112033600,ENSG00000006652.9$IFRD1$chr7$112063023$+,0.41
chr19:40028000-40029800,ENSG00000006659.8$LGALS14$chr19$40194946$+,0.5
chr19:40313200-40314800,ENSG00000006659.8$LGALS14$chr19$40194946$+,0.42
chr19:40315200-40317200,ENSG00000006659.8$LGALS14$chr19$40194946$+,0.4
chr19:40324800-40326000,ENSG00000006659.8$LGALS14$chr19$40194946$+,0.4
chr17:13922200-13923400,ENSG00000006695.6$COX10$chr17$13972813$+,0.55
chr17:13940800-13942200,ENSG00000006695.6$COX10$chr17$13972813$+,0.63
chr17:13947400-13948600,ENSG00000006695.6$COX10$chr17$13972813$+,0.56
chr17:13988600-13990400,ENSG00000006695.6$COX10$chr17$13972813$+,0.6
chr17:14067400-14069800,ENSG00000006695.6$COX10$chr17$13972813$+,0.64
chr17:14085800-14086000,ENSG00000006695.6$COX10$chr17$13972813$+,0.56
chr17:14098000-14099000,ENSG00000006695.6$COX10$chr17$13972813$+,0.45
chr17:14114400-14115800,ENSG00000006695.6$COX10$chr17$13972813$+,0.49
chr17:14228200-14230000,ENSG00000006695.6$COX10$chr17$13972813$+,0.4
chr19:39748600-39750400,ENSG00000006712.10$PAF1$chr19$39881835$-,0.52
chr19:39885800-39886200,ENSG00000006712.10$PAF1$chr19$39881835$-,0.44
chr19:39934000-39935800,ENSG00000006712.10$PAF1$chr19$39881835$-,0.5
chr19:39969200-39971400,ENSG00000006712.10$PAF1$chr19$39881835$-,0.47
chr19:39972000-39974400,ENSG00000006712.10$PAF1$chr19$39881835$-,0.53
chr19:40028000-40029800,ENSG00000006712.10$PAF1$chr19$39881835$-,0.37
chr7:38948800-38949400,ENSG00000006715.11$VPS41$chr7$38971994$-,0.42
chr17:12918200-12920600,ENSG00000006744.14$ELAC2$chr17$12921504$-,0.35
chr7:12673000-12674000,ENSG00000006747.10$SCIN$chr7$12610203$+,0.39
chr5:133614600-133617000,ENSG00000006837.7$CDKL3$chr5$133706738$-,0.54
chr5:133637600-133639600,ENSG00000006837.7$CDKL3$chr5$133706738$-,0.46
chr5:133700000-133702400,ENSG00000006837.7$CDKL3$chr5$133706738$-,0.55
chr16:2595000-2597400,ENSG00000007038.6$PRSS21$chr16$2867164$+,0.35
chr16:2706000-2707800,ENSG00000007038.6$PRSS21$chr16$2867164$+,0.37
chr16:2800400-2802200,ENSG00000007038.6$PRSS21$chr16$2867164$+,0.45
chr16:2916400-2918000,ENSG00000007038.6$PRSS21$chr16$2867164$+,0.41
chr16:2918600-2920000,ENSG00000007038.6$PRSS21$chr16$2867164$+,0.42
chr16:2933800-2934600,ENSG00000007038.6$PRSS21$chr16$2867164$+,0.45
chr16:2953600-2954600,ENSG00000007038.6$PRSS21$chr16$2867164$+,0.39
chr16:2955400-2957800,ENSG00000007038.6$PRSS21$chr16$2867164$+,0.39
chr16:2960000-2961600,ENSG00000007038.6$PRSS21$chr16$2867164$+,0.35
chr19:45392200-45393600,ENSG00000007047.10$MARK4$chr19$45582546$+,0.38
chr19:45456200-45457600,ENSG00000007047.10$MARK4$chr19$45582546$+,0.51
chr19:45505200-45507000,ENSG00000007047.10$MARK4$chr19$45582546$+,0.58
chr19:45540800-45542200,ENSG00000007047.10$MARK4$chr19$45582546$+,0.64
chr19:17894600-17895800,ENSG00000007080.6$CCDC124$chr19$18043825$+,0.44
chr19:17964600-17967000,ENSG00000007080.6$CCDC124$chr19$18043825$+,0.53
chr19:17969400-17970600,ENSG00000007080.6$CCDC124$chr19$18043825$+,0.57
chr19:18040800-18043200,ENSG00000007080.6$CCDC124$chr19$18043825$+,0.41
chr19:18044200-18046200,ENSG00000007080.6$CCDC124$chr19$18043825$+,0.37
chr19:41898200-41900600,ENSG00000007129.13$CEACAM21$chr19$42055886$+,0.39
chr19:42048400-42049800,ENSG00000007129.13$CEACAM21$chr19$42055886$+,0.61
chr19:42100800-42102400,ENSG00000007129.13$CEACAM21$chr19$42055886$+,0.54
chr19:42160400-42162000,ENSG00000007129.13$CEACAM21$chr19$42055886$+,0.46
chr17:2415600-2417200,ENSG00000007168.8$PAFAH1B1$chr17$2496504$+,0.45
chr17:2434000-2435000,ENSG00000007168.8$PAFAH1B1$chr17$2496504$+,0.48
chr17:26892000-26893000,ENSG00000007202.10$KIAA0100$chr17$26972472$-,0.46
chr17:26924400-26926200,ENSG00000007202.10$KIAA0100$chr17$26972472$-,0.57
chr17:26926800-26928200,ENSG00000007202.10$KIAA0100$chr17$26972472$-,0.56
chr17:26985800-26988200,ENSG00000007202.10$KIAA0100$chr17$26972472$-,0.66
chr17:27056000-27058000,ENSG00000007202.10$KIAA0100$chr17$26972472$-,0.52
chr17:27140000-27141600,ENSG00000007202.10$KIAA0100$chr17$26972472$-,0.36
chr17:27180600-27181400,ENSG00000007202.10$KIAA0100$chr17$26972472$-,0.42
chr19:45505200-45507000,ENSG00000007255.6$TRAPPC6A$chr19$45681495$-,0.35
chr19:45540800-45542200,ENSG00000007255.6$TRAPPC6A$chr19$45681495$-,0.47
chr19:45841600-45842800,ENSG00000007255.6$TRAPPC6A$chr19$45681495$-,0.43
chr19:45871200-45873400,ENSG00000007255.6$TRAPPC6A$chr19$45681495$-,0.39
chr19:3797400-3799800,ENSG00000007264.9$MATK$chr19$3802127$-,0.51
chr19:3820600-3822800,ENSG00000007264.9$MATK$chr19$3802127$-,0.46
chr19:3971000-3971800,ENSG00000007264.9$MATK$chr19$3802127$-,0.43
chr19:42100800-42102400,ENSG00000007306.10$CEACAM7$chr19$42210895$-,0.44
chr19:42160400-42162000,ENSG00000007306.10$CEACAM7$chr19$42210895$-,0.53
chr19:42363000-42364000,ENSG00000007306.10$CEACAM7$chr19$42210895$-,0.39
chr17:61816600-61818400,ENSG00000007312.8$CD79B$chr17$62009714$-,0.36
chr17:61844400-61846800,ENSG00000007312.8$CD79B$chr17$62009714$-,0.35
chr17:61901400-61903800,ENSG00000007312.8$CD79B$chr17$62009714$-,0.52
chr1:113159200-113161000,ENSG00000007341.14$ST7L$chr1$113163447$-,0.57
chr1:113209800-113210000,ENSG00000007341.14$ST7L$chr1$113163447$-,0.63
chr1:113210800-113212000,ENSG00000007341.14$ST7L$chr1$113163447$-,0.73
chrX:153505400-153505800,ENSG00000007350.12$TKTL1$chrX$153524024$+,0.43
chrX:153514000-153514800,ENSG00000007350.12$TKTL1$chrX$153524024$+,0.5
chr16:858200-859800,ENSG00000007376.3$RPUSD1$chr16$838397$-,0.64
chr16:204200-205400,ENSG00000007392.12$LUC7L$chr16$279462$-,0.54
chr16:283400-284400,ENSG00000007392.12$LUC7L$chr16$279462$-,0.53
chr16:285600-286800,ENSG00000007392.12$LUC7L$chr16$279462$-,0.47
chr16:1462000-1464400,ENSG00000007516.9$BAIAP3$chr16$1383602$+,0.45
chr16:1471400-1473000,ENSG00000007516.9$BAIAP3$chr16$1383602$+,0.56
chr16:1462000-1464400,ENSG00000007520.3$TSR3$chr16$1401912$-,0.44
chr16:1471400-1473000,ENSG00000007520.3$TSR3$chr16$1401912$-,0.44
chr16:1612600-1613200,ENSG00000007520.3$TSR3$chr16$1401912$-,0.38
chr16:1612600-1613200,ENSG00000007545.11$CRAMP1L$chr16$1662326$+,0.53
chr16:1753200-1755400,ENSG00000007545.11$CRAMP1L$chr16$1662326$+,0.46
chr6:35412800-35414400,ENSG00000007866.14$TEAD3$chr6$35464853$-,0.35
chr6:35418600-35420200,ENSG00000007866.14$TEAD3$chr6$35464853$-,0.38
chr1:169680200-169681600,ENSG00000007908.11$SELE$chr1$169733846$-,0.37
chr1:169764600-169766200,ENSG00000007908.11$SELE$chr1$169733846$-,0.4
chr1:6705800-6707200,ENSG00000007923.11$DNAJC11$chr1$6761984$-,0.51
chr1:6842000-6844000,ENSG00000007923.11$DNAJC11$chr1$6761984$-,0.5
chr1:23692200-23694400,ENSG00000007968.6$E2F2$chr1$23857712$-,0.35
chr1:24067800-24069400,ENSG00000007968.6$E2F2$chr1$23857712$-,0.39
chrX:47217200-47219400,ENSG00000008056.8$SYN1$chrX$47479252$-,0.35
chrX:47249400-47251000,ENSG00000008056.8$SYN1$chrX$47479252$-,0.36
chrX:47338000-47339000,ENSG00000008056.8$SYN1$chrX$47479252$-,0.43
chrX:47340000-47341800,ENSG00000008056.8$SYN1$chrX$47479252$-,0.37
chrX:47343200-47345400,ENSG00000008056.8$SYN1$chrX$47479252$-,0.42
chrX:47381800-47383200,ENSG00000008056.8$SYN1$chrX$47479252$-,0.39
chrX:47418800-47420400,ENSG00000008056.8$SYN1$chrX$47479252$-,0.54
chrX:47454400-47456600,ENSG00000008056.8$SYN1$chrX$47479252$-,0.56
chrX:47515600-47517800,ENSG00000008056.8$SYN1$chrX$47479252$-,0.69
chrX:47518800-47519800,ENSG00000008056.8$SYN1$chrX$47479252$-,0.63
chrX:47694600-47695600,ENSG00000008056.8$SYN1$chrX$47479252$-,0.35
chr6:15183400-15185200,ENSG00000008083.9$JARID2$chr6$15246527$+,0.49
chrX:18373200-18373800,ENSG00000008086.6$CDKL5$chrX$18443703$+,0.48
chr1:1548200-1550200,ENSG00000008128.18$CDK11A$chr1$1655766$-,0.51
chr1:1652000-1653800,ENSG00000008128.18$CDK11A$chr1$1655766$-,0.56
chr1:1657600-1659200,ENSG00000008128.18$CDK11A$chr1$1655766$-,0.39
chr1:1673200-1675400,ENSG00000008128.18$CDK11A$chr1$1655766$-,0.53
chr1:1680000-1681000,ENSG00000008128.18$CDK11A$chr1$1655766$-,0.59
chr1:1548200-1550200,ENSG00000008130.11$NADK$chr1$1711896$-,0.44
chr1:1652000-1653800,ENSG00000008130.11$NADK$chr1$1711896$-,0.63
chr1:1657600-1659200,ENSG00000008130.11$NADK$chr1$1711896$-,0.56
chr1:1673200-1675400,ENSG00000008130.11$NADK$chr1$1711896$-,0.65
chr1:1680000-1681000,ENSG00000008130.11$NADK$chr1$1711896$-,0.68
chr1:1841000-1843400,ENSG00000008130.11$NADK$chr1$1711896$-,0.44
chr3:38217800-38219600,ENSG00000008226.15$DLEC1$chr3$38080696$+,0.48
chr7:6279600-6281600,ENSG00000008256.11$CYTH3$chr7$6312275$-,0.51
chr7:6383200-6384800,ENSG00000008256.11$CYTH3$chr7$6312275$-,0.46
chr7:6411600-6413800,ENSG00000008256.11$CYTH3$chr7$6312275$-,0.41
chr7:87481600-87483600,ENSG00000008277.10$ADAM22$chr7$87563458$+,0.35
chr7:87564000-87566400,ENSG00000008277.10$ADAM22$chr7$87563458$+,0.35
chr17:61614600-61616800,ENSG00000008283.11$CYB561$chr17$61523739$-,0.5
chr17:61626000-61627000,ENSG00000008283.11$CYB561$chr17$61523739$-,0.44
chr17:61677000-61678000,ENSG00000008283.11$CYB561$chr17$61523739$-,0.38
chr17:61679000-61680200,ENSG00000008283.11$CYB561$chr17$61523739$-,0.39
chr17:61698000-61699400,ENSG00000008283.11$CYB561$chr17$61523739$-,0.36
chr17:49145200-49146200,ENSG00000008294.16$SPAG9$chr17$49198226$-,0.54
chr17:49187200-49187600,ENSG00000008294.16$SPAG9$chr17$49198226$-,0.68
chr17:49229200-49230400,ENSG00000008294.16$SPAG9$chr17$49198226$-,0.6
chr17:49242200-49243400,ENSG00000008294.16$SPAG9$chr17$49198226$-,0.45
chr17:49277400-49279200,ENSG00000008294.16$SPAG9$chr17$49198226$-,0.53
chr17:49314800-49317200,ENSG00000008294.16$SPAG9$chr17$49198226$-,0.4
chr3:48645000-48646400,ENSG00000008300.10$CELSR3$chr3$48700348$-,0.42
chr3:48647200-48649000,ENSG00000008300.10$CELSR3$chr3$48700348$-,0.35
chr3:42610800-42611800,ENSG00000008324.6$SS18L2$chr3$42623332$+,0.77
chr3:42613800-42614600,ENSG00000008324.6$SS18L2$chr3$42623332$+,0.71
chr3:42618400-42619200,ENSG00000008324.6$SS18L2$chr3$42623332$+,0.72
chr3:42624000-42625600,ENSG00000008324.6$SS18L2$chr3$42623332$+,0.4
chr3:42629800-42632200,ENSG00000008324.6$SS18L2$chr3$42623332$+,0.63
chr3:42640600-42641400,ENSG00000008324.6$SS18L2$chr3$42623332$+,0.6
chr3:42921200-42923600,ENSG00000008324.6$SS18L2$chr3$42623332$+,0.36
chr19:4179600-4182000,ENSG00000008382.11$MPND$chr19$4343524$+,0.35
chr19:4183000-4185000,ENSG00000008382.11$MPND$chr19$4343524$+,0.42
chr19:4247400-4249400,ENSG00000008382.11$MPND$chr19$4343524$+,0.36
chr19:4400400-4402000,ENSG00000008382.11$MPND$chr19$4343524$+,0.45
chr19:4469800-4471400,ENSG00000008382.11$MPND$chr19$4343524$+,0.42
chr12:107407200-107408400,ENSG00000008405.7$CRY1$chr12$107487607$-,0.51
chr12:107416600-107417600,ENSG00000008405.7$CRY1$chr12$107487607$-,0.6
chr12:107460200-107461200,ENSG00000008405.7$CRY1$chr12$107487607$-,0.68
chr12:107461600-107461800,ENSG00000008405.7$CRY1$chr12$107487607$-,0.73
chr12:107472400-107474800,ENSG00000008405.7$CRY1$chr12$107487607$-,0.66
chr12:107484000-107486200,ENSG00000008405.7$CRY1$chr12$107487607$-,0.58
chr19:12957800-12959200,ENSG00000008441.12$NFIX$chr19$13106422$+,0.35
chr19:12990400-12992200,ENSG00000008441.12$NFIX$chr19$13106422$+,0.36
chr19:13068400-13069000,ENSG00000008441.12$NFIX$chr19$13106422$+,0.62
chr16:2953600-2954600,ENSG00000008517.12$IL32$chr16$3115298$+,0.38
chr16:2955400-2957800,ENSG00000008517.12$IL32$chr16$3115298$+,0.42
chr16:2968600-2970400,ENSG00000008517.12$IL32$chr16$3115298$+,0.4
chr16:3207000-3207800,ENSG00000008517.12$IL32$chr16$3115298$+,0.4
chr16:2008200-2009600,ENSG00000008710.13$PKD1$chr16$2185899$-,0.49
chr16:2020000-2021600,ENSG00000008710.13$PKD1$chr16$2185899$-,0.45
chr16:2060200-2062400,ENSG00000008710.13$PKD1$chr16$2185899$-,0.5
chr16:2069000-2071200,ENSG00000008710.13$PKD1$chr16$2185899$-,0.47
chr16:2098600-2099800,ENSG00000008710.13$PKD1$chr16$2185899$-,0.49
chr16:2254400-2255800,ENSG00000008710.13$PKD1$chr16$2185899$-,0.41
chr22:51001800-51004200,ENSG00000008735.10$MAPK8IP2$chr22$51039114$+,0.44
chr22:51067200-51069600,ENSG00000008735.10$MAPK8IP2$chr22$51039114$+,0.46
chr17:38134400-38136600,ENSG00000008838.13$MED24$chr17$38217468$-,0.4
chr17:38166000-38168000,ENSG00000008838.13$MED24$chr17$38217468$-,0.59
chr17:38208800-38210200,ENSG00000008838.13$MED24$chr17$38217468$-,0.72
chr17:38294400-38296000,ENSG00000008838.13$MED24$chr17$38217468$-,0.45
chr2:37152600-37155000,ENSG00000008869.7$HEATR5B$chr2$37311485$-,0.37
chr2:37231800-37233800,ENSG00000008869.7$HEATR5B$chr2$37311485$-,0.57
chr2:37299200-37301000,ENSG00000008869.7$HEATR5B$chr2$37311485$-,0.58
chr2:37303400-37304200,ENSG00000008869.7$HEATR5B$chr2$37311485$-,0.64
chr2:37387200-37387600,ENSG00000008869.7$HEATR5B$chr2$37311485$-,0.5
chr2:37470000-37471800,ENSG00000008869.7$HEATR5B$chr2$37311485$-,0.35
chr1:115124600-115125800,ENSG00000009307.11$CSDE1$chr1$115301297$-,0.36
chr1:115210000-115212400,ENSG00000009307.11$CSDE1$chr1$115301297$-,0.43
chr1:115242400-115243200,ENSG00000009307.11$CSDE1$chr1$115301297$-,0.55
chr1:115259800-115260800,ENSG00000009307.11$CSDE1$chr1$115301297$-,0.56
chr1:115320600-115322600,ENSG00000009307.11$CSDE1$chr1$115301297$-,0.68
chr1:115397200-115398600,ENSG00000009307.11$CSDE1$chr1$115301297$-,0.38
chr7:156695800-156697400,ENSG00000009335.13$UBE3C$chr7$156931607$+,0.37
chr1:11097400-11099400,ENSG00000009724.12$MASP2$chr1$11107290$-,0.52
chr6:150738600-150741000,ENSG00000009765.10$IYD$chr6$150690028$+,0.41
chr1:27969800-27971800,ENSG00000009780.11$FAM76A$chr1$28052490$+,0.54
chr1:28053400-28055000,ENSG00000009780.11$FAM76A$chr1$28052490$+,0.37
chr1:28098000-28099200,ENSG00000009780.11$FAM76A$chr1$28052490$+,0.62
chr1:209869200-209871400,ENSG00000009790.10$TRAF3IP3$chr1$209929377$+,0.48
chr1:209950400-209951800,ENSG00000009790.10$TRAF3IP3$chr1$209929377$+,0.5
chr14:77921400-77923400,ENSG00000009830.7$POMT2$chr14$77787227$-,0.46
chr6:142396400-142397400,ENSG00000009844.11$VTA1$chr6$142468367$+,0.58
chr7:72972200-72973200,ENSG00000009954.6$BAZ1B$chr7$72936608$-,0.62
chr6:13572400-13574400,ENSG00000010017.9$RANBP9$chr6$13711796$-,0.51
chr6:13575400-13577600,ENSG00000010017.9$RANBP9$chr6$13711796$-,0.44
chr6:13625000-13626200,ENSG00000010017.9$RANBP9$chr6$13711796$-,0.48
chr6:13649000-13650200,ENSG00000010017.9$RANBP9$chr6$13711796$-,0.67
chr6:13684200-13685800,ENSG00000010017.9$RANBP9$chr6$13711796$-,0.66
chr6:13747200-13749400,ENSG00000010017.9$RANBP9$chr6$13711796$-,0.64
chr6:36136600-36138600,ENSG00000010030.9$ETV7$chr6$36356164$-,0.37
chr6:36390000-36391000,ENSG00000010030.9$ETV7$chr6$36356164$-,0.62
chr6:36417400-36419600,ENSG00000010030.9$ETV7$chr6$36356164$-,0.57
chr6:36436000-36438000,ENSG00000010030.9$ETV7$chr6$36356164$-,0.41
chr1:231478600-231479600,ENSG00000010072.11$SPRTN$chr1$231472850$+,0.47
chr1:171701600-171703200,ENSG00000010165.15$METTL13$chr1$171750788$+,0.46
chr17:30455000-30456800,ENSG00000010244.12$ZNF207$chr17$30677136$+,0.42
chr17:30463200-30464600,ENSG00000010244.12$ZNF207$chr17$30677136$+,0.42
chr17:30649600-30652000,ENSG00000010244.12$ZNF207$chr17$30677136$+,0.61
chr17:30667600-30669000,ENSG00000010244.12$ZNF207$chr17$30677136$+,0.61
chr17:30669400-30671400,ENSG00000010244.12$ZNF207$chr17$30677136$+,0.58
chr17:30699400-30700000,ENSG00000010244.12$ZNF207$chr17$30677136$+,0.4
chr17:30701400-30702600,ENSG00000010244.12$ZNF207$chr17$30677136$+,0.5
chr17:30775600-30777600,ENSG00000010244.12$ZNF207$chr17$30677136$+,0.43
chr17:30783800-30786000,ENSG00000010244.12$ZNF207$chr17$30677136$+,0.38
chr17:30788600-30789600,ENSG00000010244.12$ZNF207$chr17$30677136$+,0.41
chr17:30834200-30836400,ENSG00000010244.12$ZNF207$chr17$30677136$+,0.38
chr3:48645000-48646400,ENSG00000010256.6$UQCRC1$chr3$48648409$-,0.39
chr7:38231000-38232800,ENSG00000010270.9$STARD3NL$chr7$38217824$+,0.6
chr7:38286800-38288200,ENSG00000010270.9$STARD3NL$chr7$38217824$+,0.47
chr7:38289200-38291400,ENSG00000010270.9$STARD3NL$chr7$38217824$+,0.45
chr7:38365800-38368200,ENSG00000010270.9$STARD3NL$chr7$38217824$+,0.52
chr7:38438000-38439000,ENSG00000010270.9$STARD3NL$chr7$38217824$+,0.38
chr7:38463600-38464000,ENSG00000010270.9$STARD3NL$chr7$38217824$+,0.41
chr7:38472400-38474400,ENSG00000010270.9$STARD3NL$chr7$38217824$+,0.4
chr12:6580400-6582400,ENSG00000010292.8$NCAPD2$chr12$6602522$+,0.73
chr12:6600400-6602000,ENSG00000010292.8$NCAPD2$chr12$6602522$+,0.35
chr12:6671800-6673200,ENSG00000010292.8$NCAPD2$chr12$6602522$+,0.45
chr12:6716600-6718800,ENSG00000010292.8$NCAPD2$chr12$6602522$+,0.4
chr12:6580400-6582400,ENSG00000010295.15$IFFO1$chr12$6665239$-,0.63
chr12:6600400-6602000,ENSG00000010295.15$IFFO1$chr12$6665239$-,0.59
chr12:6671800-6673200,ENSG00000010295.15$IFFO1$chr12$6665239$-,0.57
chr12:6716600-6718800,ENSG00000010295.15$IFFO1$chr12$6665239$-,0.53
chr12:6769800-6771800,ENSG00000010295.15$IFFO1$chr12$6665239$-,0.47
chr12:6834000-6835400,ENSG00000010295.15$IFFO1$chr12$6665239$-,0.42
chr19:46088600-46089200,ENSG00000010310.4$GIPR$chr19$46171502$+,0.52
chr19:46110000-46111200,ENSG00000010310.4$GIPR$chr19$46171502$+,0.44
chr19:46183600-46185600,ENSG00000010310.4$GIPR$chr19$46171502$+,0.59
chr19:46196600-46199000,ENSG00000010310.4$GIPR$chr19$46171502$+,0.53
chr3:52291600-52294000,ENSG00000010318.15$PHF7$chr3$52444673$+,0.41
chr19:50177600-50179600,ENSG00000010361.9$FUZ$chr19$50320633$-,0.43
chr19:50267800-50269600,ENSG00000010361.9$FUZ$chr19$50320633$-,0.52
chr19:50317000-50318200,ENSG00000010361.9$FUZ$chr19$50320633$-,0.53
chr19:50529600-50531400,ENSG00000010361.9$FUZ$chr19$50320633$-,0.35
chr12:383600-383800,ENSG00000010379.11$SLC6A13$chr12$372039$-,0.36
chrX:148619000-148621200,ENSG00000010404.13$IDS$chrX$148615470$-,0.44
chrX:148623000-148623800,ENSG00000010404.13$IDS$chrX$148615470$-,0.43
chr9:33674800-33677000,ENSG00000010438.12$PRSS3$chr9$33750515$+,0.5
chr9:33721000-33722600,ENSG00000010438.12$PRSS3$chr9$33750515$+,0.68
chr16:3334600-3336600,ENSG00000010539.7$ZNF200$chr16$3286221$-,0.37
chr16:3353200-3355000,ENSG00000010539.7$ZNF200$chr16$3286221$-,0.47
chr12:6834000-6835400,ENSG00000010610.5$CD4$chr12$6896024$+,0.51
chr12:6862800-6864400,ENSG00000010610.5$CD4$chr12$6896024$+,0.58
chr12:6974400-6976200,ENSG00000010610.5$CD4$chr12$6896024$+,0.47
chr12:6834000-6835400,ENSG00000010626.10$LRRC23$chr12$6982733$+,0.38
chr12:6862800-6864400,ENSG00000010626.10$LRRC23$chr12$6982733$+,0.39
chr12:6974400-6976200,ENSG00000010626.10$LRRC23$chr12$6982733$+,0.71
chr12:7080600-7082600,ENSG00000010626.10$LRRC23$chr12$6982733$+,0.54
chrX:100604000-100605000,ENSG00000010671.11$BTK$chrX$100641183$-,0.47
chrX:100660200-100662400,ENSG00000010671.11$BTK$chrX$100641183$-,0.58
chrX:100673600-100676000,ENSG00000010671.11$BTK$chrX$100641183$-,0.53
chr6:25946400-25947800,ENSG00000010704.14$HFE$chr6$26087509$+,0.41
chr6:26042400-26044600,ENSG00000010704.14$HFE$chr6$26087509$+,0.48
chr6:26057200-26058800,ENSG00000010704.14$HFE$chr6$26087509$+,0.76
chr6:26115200-26117000,ENSG00000010704.14$HFE$chr6$26087509$+,0.59
chr6:26180200-26182000,ENSG00000010704.14$HFE$chr6$26087509$+,0.45
chr6:26235600-26237400,ENSG00000010704.14$HFE$chr6$26087509$+,0.4
chr6:112016200-112017200,ENSG00000010810.13$FYN$chr6$112194655$-,0.42
chr6:112342200-112344600,ENSG00000010810.13$FYN$chr6$112194655$-,0.4
chr6:112405600-112408000,ENSG00000010810.13$FYN$chr6$112194655$-,0.35
chr6:112409400-112411400,ENSG00000010810.13$FYN$chr6$112194655$-,0.36
chr6:143134800-143136800,ENSG00000010818.4$HIVEP2$chr6$143266338$-,0.35
chr6:143243200-143244000,ENSG00000010818.4$HIVEP2$chr6$143266338$-,0.66
chr6:143360000-143361400,ENSG00000010818.4$HIVEP2$chr6$143266338$-,0.53
chr1:23991000-23992000,ENSG00000011007.8$TCEB3$chr1$24069645$+,0.57
chr1:24115200-24117400,ENSG00000011007.8$TCEB3$chr1$24069645$+,0.49
chr1:24149600-24151400,ENSG00000011007.8$TCEB3$chr1$24069645$+,0.44
chr1:24152400-24153200,ENSG00000011007.8$TCEB3$chr1$24069645$+,0.44
chr1:23991000-23992000,ENSG00000011009.6$LYPLA2$chr1$24117460$+,0.39
chr1:24067800-24069400,ENSG00000011009.6$LYPLA2$chr1$24117460$+,0.49
chr1:24115200-24117400,ENSG00000011009.6$LYPLA2$chr1$24117460$+,0.36
chr1:24149600-24151400,ENSG00000011009.6$LYPLA2$chr1$24117460$+,0.63
chr1:24152400-24153200,ENSG00000011009.6$LYPLA2$chr1$24117460$+,0.63
chr1:11795000-11796200,ENSG00000011021.17$CLCN6$chr1$11866207$+,0.38
chr1:11953200-11954200,ENSG00000011021.17$CLCN6$chr1$11866207$+,0.37
chr17:49145200-49146200,ENSG00000011052.17$NME2$chr17$49230951$+,0.41
chr17:49187200-49187600,ENSG00000011052.17$NME2$chr17$49230951$+,0.65
chr17:49242200-49243400,ENSG00000011052.17$NME2$chr17$49230951$+,0.49
chr17:49277400-49279200,ENSG00000011052.17$NME2$chr17$49230951$+,0.61
chr17:49314800-49317200,ENSG00000011052.17$NME2$chr17$49230951$+,0.47
chr14:93652000-93654200,ENSG00000011114.10$BTBD7$chr14$93799438$-,0.47
chr14:93729000-93730800,ENSG00000011114.10$BTBD7$chr14$93799438$-,0.5
chr19:3627000-3628000,ENSG00000011132.7$APBA3$chr19$3761697$-,0.4
chr19:3797400-3799800,ENSG00000011132.7$APBA3$chr19$3761697$-,0.54
chr19:3820600-3822800,ENSG00000011132.7$APBA3$chr19$3761697$-,0.47
chr17:56158400-56160800,ENSG00000011143.12$MKS1$chr17$56296966$-,0.45
chr17:56199400-56200000,ENSG00000011143.12$MKS1$chr17$56296966$-,0.44
chr17:56244000-56245200,ENSG00000011143.12$MKS1$chr17$56296966$-,0.52
chr3:43668600-43669600,ENSG00000011198.3$ABHD5$chr3$43731605$+,0.48
chr3:43700800-43702400,ENSG00000011198.3$ABHD5$chr3$43731605$+,0.63
chr19:15624600-15627000,ENSG00000011243.13$AKAP8L$chr19$15529952$-,0.43
chr19:15661200-15663400,ENSG00000011243.13$AKAP8L$chr19$15529952$-,0.4
chr17:49229200-49230400,ENSG00000011258.11$MBTD1$chr17$49337524$-,0.36
chr17:49242200-49243400,ENSG00000011258.11$MBTD1$chr17$49337524$-,0.43
chr17:49277400-49279200,ENSG00000011258.11$MBTD1$chr17$49337524$-,0.62
chr17:49314800-49317200,ENSG00000011258.11$MBTD1$chr17$49337524$-,0.61
chr17:49229200-49230400,ENSG00000011260.9$UTP18$chr17$49337889$+,0.37
chr17:49242200-49243400,ENSG00000011260.9$UTP18$chr17$49337889$+,0.4
chr17:49277400-49279200,ENSG00000011260.9$UTP18$chr17$49337889$+,0.64
chr17:49314800-49317200,ENSG00000011260.9$UTP18$chr17$49337889$+,0.63
chr7:5866800-5868000,ENSG00000011275.14$RNF216$chr7$5821370$-,0.49
chr7:5870000-5871600,ENSG00000011275.14$RNF216$chr7$5821370$-,0.51
chr7:5936800-5938400,ENSG00000011275.14$RNF216$chr7$5821370$-,0.39
chr7:6070800-6073200,ENSG00000011275.14$RNF216$chr7$5821370$-,0.37
chr7:6142200-6144200,ENSG00000011275.14$RNF216$chr7$5821370$-,0.38
chr17:15789000-15791000,ENSG00000011295.11$TTC19$chr17$15902694$+,0.46
chr19:38724400-38725000,ENSG00000011332.15$DPF1$chr19$38720354$-,0.59
chr19:38850400-38852800,ENSG00000011332.15$DPF1$chr19$38720354$-,0.35
chr11:61191000-61191200,ENSG00000011347.5$SYT7$chr11$61348620$-,0.43
chr19:44124200-44126600,ENSG00000011422.7$PLAUR$chr19$44174699$-,0.36
chr7:36407200-36408600,ENSG00000011426.6$ANLN$chr7$36429415$+,0.52
chr7:36417400-36419600,ENSG00000011426.6$ANLN$chr7$36429415$+,0.47
chr19:15624600-15627000,ENSG00000011451.13$WIZ$chr19$15560762$-,0.53
chr19:15661200-15663400,ENSG00000011451.13$WIZ$chr19$15560762$-,0.51
chr9:125597000-125598600,ENSG00000011454.12$RABGAP1$chr9$125703112$+,0.43
chr9:125673000-125674800,ENSG00000011454.12$RABGAP1$chr9$125703112$+,0.5
chr19:46088600-46089200,ENSG00000011478.7$QPCTL$chr19$46195741$+,0.47
chr19:46110000-46111200,ENSG00000011478.7$QPCTL$chr19$46195741$+,0.5
chr19:46183600-46185600,ENSG00000011478.7$QPCTL$chr19$46195741$+,0.63
chr2:65100200-65102000,ENSG00000011523.9$CEP68$chr2$65283500$+,0.35
chr2:65267000-65269000,ENSG00000011523.9$CEP68$chr2$65283500$+,0.69
chr2:65452600-65454200,ENSG00000011523.9$CEP68$chr2$65283500$+,0.39
chr19:36104000-36105200,ENSG00000011590.9$ZBTB32$chr19$36195429$+,0.37
chr19:36192400-36193400,ENSG00000011590.9$ZBTB32$chr19$36195429$+,0.47
chr19:36237000-36239400,ENSG00000011590.9$ZBTB32$chr19$36195429$+,0.38
chr19:36239800-36242000,ENSG00000011590.9$ZBTB32$chr19$36195429$+,0.38
chr19:36369000-36371400,ENSG00000011600.7$TYROBP$chr19$36399197$-,0.52
chr19:36372800-36373800,ENSG00000011600.7$TYROBP$chr19$36399197$-,0.51
chr19:36383600-36385200,ENSG00000011600.7$TYROBP$chr19$36399197$-,0.58
chr19:36460400-36461000,ENSG00000011600.7$TYROBP$chr19$36399197$-,0.43
chr19:36483600-36485800,ENSG00000011600.7$TYROBP$chr19$36399197$-,0.35
chr17:41114400-41116000,ENSG00000012048.15$BRCA1$chr17$41277500$-,0.35
chr17:41362000-41363800,ENSG00000012048.15$BRCA1$chr17$41277500$-,0.39
chr17:41391800-41393000,ENSG00000012048.15$BRCA1$chr17$41277500$-,0.4
chr19:45841600-45842800,ENSG00000012061.11$ERCC1$chr19$45982086$-,0.46
chr19:45871200-45873400,ENSG00000012061.11$ERCC1$chr19$45982086$-,0.48
chr19:46088600-46089200,ENSG00000012061.11$ERCC1$chr19$45982086$-,0.44
chr19:46110000-46111200,ENSG00000012061.11$ERCC1$chr19$45982086$-,0.43
chr19:35823400-35825000,ENSG00000012124.10$CD22$chr19$35810164$+,0.42
chrX:21878400-21878800,ENSG00000012174.7$MBTPS2$chrX$21857754$+,0.65
chrX:21916400-21916800,ENSG00000012174.7$MBTPS2$chrX$21857754$+,0.56
chrX:48901200-48902200,ENSG00000012211.8$PRICKLE3$chrX$49042845$-,0.37
chrX:48955600-48957800,ENSG00000012211.8$PRICKLE3$chrX$49042845$-,0.39
chrX:48977800-48979400,ENSG00000012211.8$PRICKLE3$chrX$49042845$-,0.41
chrX:49048400-49050800,ENSG00000012211.8$PRICKLE3$chrX$49042845$-,0.57
chr8:28451400-28452400,ENSG00000012232.4$EXTL3$chr8$28457986$+,0.54
chr8:28465000-28467400,ENSG00000012232.4$EXTL3$chr8$28457986$+,0.52
chr6:53100400-53102400,ENSG00000012660.9$ELOVL5$chr6$53213947$-,0.37
chr6:53234600-53235600,ENSG00000012660.9$ELOVL5$chr6$53213947$-,0.63
chr10:45906000-45907400,ENSG00000012779.6$ALOX5$chr10$45869661$+,0.51
chr12:54020600-54021800,ENSG00000012822.11$CALCOCO1$chr12$54121529$-,0.46
chr14:93357400-93359200,ENSG00000012963.9$UBR7$chr14$93673401$+,0.35
chr14:93368600-93370800,ENSG00000012963.9$UBR7$chr14$93673401$+,0.39
chr14:93582600-93584000,ENSG00000012963.9$UBR7$chr14$93673401$+,0.59
chr14:93652000-93654200,ENSG00000012963.9$UBR7$chr14$93673401$+,0.65
chr14:93729000-93730800,ENSG00000012963.9$UBR7$chr14$93673401$+,0.65
chr14:51025200-51027000,ENSG00000012983.7$MAP4K5$chr14$51027844$-,0.38
chr19:40372200-40373000,ENSG00000013275.3$PSMC4$chr19$40476912$+,0.37
chr19:40469400-40470200,ENSG00000013275.3$PSMC4$chr19$40476912$+,0.67
chr19:40503400-40505400,ENSG00000013275.3$PSMC4$chr19$40476912$+,0.57
chr19:40562600-40563600,ENSG00000013275.3$PSMC4$chr19$40476912$+,0.38
chr19:40597400-40597800,ENSG00000013275.3$PSMC4$chr19$40476912$+,0.35
chr4:6640200-6642000,ENSG00000013288.4$MAN2B2$chr4$6576902$+,0.44
chr4:6711800-6713600,ENSG00000013288.4$MAN2B2$chr4$6576902$+,0.45
chr4:6716000-6717800,ENSG00000013288.4$MAN2B2$chr4$6576902$+,0.45
chr17:42265000-42267000,ENSG00000013306.11$SLC25A39$chr17$42402238$-,0.41
chr17:42274000-42276400,ENSG00000013306.11$SLC25A39$chr17$42402238$-,0.38
chr17:42420800-42422600,ENSG00000013306.11$SLC25A39$chr17$42402238$-,0.7
chr17:42502200-42503800,ENSG00000013306.11$SLC25A39$chr17$42402238$-,0.48
chr17:42568000-42569200,ENSG00000013306.11$SLC25A39$chr17$42402238$-,0.35
chr16:29800200-29801600,ENSG00000013364.14$MVP$chr16$29831715$+,0.56
chr16:29874800-29877000,ENSG00000013364.14$MVP$chr16$29831715$+,0.46
chr16:29938000-29939800,ENSG00000013364.14$MVP$chr16$29831715$+,0.38
chr16:29972000-29973000,ENSG00000013364.14$MVP$chr16$29831715$+,0.46
chr16:29983800-29985200,ENSG00000013364.14$MVP$chr16$29831715$+,0.37
chr7:150921600-150923600,ENSG00000013374.11$NUB1$chr7$151038785$+,0.39
chr7:150925000-150926200,ENSG00000013374.11$NUB1$chr7$151038785$+,0.35
chr7:151095400-151095600,ENSG00000013374.11$NUB1$chr7$151038785$+,0.48
chr7:151146000-151147000,ENSG00000013374.11$NUB1$chr7$151038785$+,0.39
chr6:83775400-83777400,ENSG00000013375.11$PGM3$chr6$83903655$-,0.36
chr6:83904000-83906400,ENSG00000013375.11$PGM3$chr6$83903655$-,0.41
chr6:83773200-83774800,ENSG00000013392.6$RWDD2A$chr6$83903098$+,0.51
chr6:83775400-83777400,ENSG00000013392.6$RWDD2A$chr6$83903098$+,0.35
chr6:83904000-83906400,ENSG00000013392.6$RWDD2A$chr6$83903098$+,0.44
chr2:201673400-201675800,ENSG00000013441.11$CLK1$chr2$201729422$-,0.51
chr12:106771000-106773400,ENSG00000013503.5$POLR3B$chr12$106751436$+,0.63
chr12:106855400-106857200,ENSG00000013503.5$POLR3B$chr12$106751436$+,0.48
chr5:141300600-141302800,ENSG00000013561.13$RNF14$chr5$141337893$+,0.62
chr5:141390400-141392000,ENSG00000013561.13$RNF14$chr5$141337893$+,0.36
chr5:141404600-141405800,ENSG00000013561.13$RNF14$chr5$141337893$+,0.36
chrX:153363400-153365200,ENSG00000013563.9$DNASE1L1$chrX$153640449$-,0.36
chrX:153505400-153505800,ENSG00000013563.9$DNASE1L1$chrX$153640449$-,0.36
chrX:153514000-153514800,ENSG00000013563.9$DNASE1L1$chrX$153640449$-,0.39
chrX:153544800-153546800,ENSG00000013563.9$DNASE1L1$chrX$153640449$-,0.41
chrX:153548400-153550600,ENSG00000013563.9$DNASE1L1$chrX$153640449$-,0.45
chrX:153561600-153563800,ENSG00000013563.9$DNASE1L1$chrX$153640449$-,0.49
chrX:153655000-153657400,ENSG00000013563.9$DNASE1L1$chrX$153640449$-,0.72
chrX:153663600-153665200,ENSG00000013563.9$DNASE1L1$chrX$153640449$-,0.8
chr12:13195800-13197200,ENSG00000013583.4$HEBP1$chr12$13153207$-,0.65
chr12:13198000-13199400,ENSG00000013583.4$HEBP1$chr12$13153207$-,0.69
chrX:149423800-149424800,ENSG00000013619.9$MAMLD1$chrX$149529689$+,0.4
chrX:149501200-149502200,ENSG00000013619.9$MAMLD1$chrX$149529689$+,0.52
chrX:149533600-149535800,ENSG00000013619.9$MAMLD1$chrX$149529689$+,0.55
chr11:60674400-60676200,ENSG00000013725.10$CD6$chr11$60739115$+,0.47
chr11:60824000-60825200,ENSG00000013725.10$CD6$chr11$60739115$+,0.39
chr4:1732400-1733800,ENSG00000013810.14$TACC3$chr4$1723227$+,0.57
chr6:96913200-96914800,ENSG00000014123.9$UFL1$chr6$96969471$+,0.66
chr6:96970600-96973000,ENSG00000014123.9$UFL1$chr6$96969471$+,0.35
chr6:96975600-96976200,ENSG00000014123.9$UFL1$chr6$96969471$+,0.56
chr6:97010800-97011600,ENSG00000014123.9$UFL1$chr6$96969471$+,0.42
chr11:64805800-64808200,ENSG00000014138.4$POLA2$chr11$65029233$+,0.38
chr11:64902800-64905200,ENSG00000014138.4$POLA2$chr11$65029233$+,0.36
chr11:65141200-65143400,ENSG00000014138.4$POLA2$chr11$65029233$+,0.45
chr8:144700400-144701600,ENSG00000014164.6$ZC3H3$chr8$144623623$-,0.47
chr8:144704600-144706000,ENSG00000014164.6$ZC3H3$chr8$144623623$-,0.47
chr8:144718800-144720600,ENSG00000014164.6$ZC3H3$chr8$144623623$-,0.47
chr8:144767200-144769000,ENSG00000014164.6$ZC3H3$chr8$144623623$-,0.49
chr11:64780200-64781400,ENSG00000014216.11$CAPN1$chr11$64948037$+,0.35
chr11:64805800-64808200,ENSG00000014216.11$CAPN1$chr11$64948037$+,0.41
chr11:64902800-64905200,ENSG00000014216.11$CAPN1$chr11$64948037$+,0.55
chr11:65026600-65029000,ENSG00000014216.11$CAPN1$chr11$64948037$+,0.47
chr2:63865600-63867200,ENSG00000014641.13$MDH1$chr2$63815743$+,0.55
chr4:42017600-42018200,ENSG00000014824.9$SLC30A9$chr4$41992489$+,0.68
chr10:101587600-101589000,ENSG00000014919.8$COX15$chr10$101491857$-,0.5
chr14:91643000-91644600,ENSG00000015133.14$CCDC88C$chr14$91884188$-,0.38
chr14:91893400-91894200,ENSG00000015133.14$CCDC88C$chr14$91884188$-,0.54
chr14:91953600-91954800,ENSG00000015133.14$CCDC88C$chr14$91884188$-,0.45
chr12:42539000-42541200,ENSG00000015153.10$YAF2$chr12$42632151$-,0.48
chr12:42602000-42603600,ENSG00000015153.10$YAF2$chr12$42632151$-,0.66
chr12:42731800-42733600,ENSG00000015153.10$YAF2$chr12$42632151$-,0.39
chr10:119400-121000,ENSG00000015171.14$ZMYND11$chr10$180405$+,0.35
chr10:121800-123600,ENSG00000015171.14$ZMYND11$chr10$180405$+,0.38
chr10:192600-194800,ENSG00000015171.14$ZMYND11$chr10$180405$+,0.44
chrX:48398600-48400400,ENSG00000015285.6$WAS$chrX$48534985$+,0.38
chrX:48456600-48458800,ENSG00000015285.6$WAS$chrX$48534985$+,0.55
chrX:48489400-48491200,ENSG00000015285.6$WAS$chrX$48534985$+,0.62
chrX:48519200-48520400,ENSG00000015285.6$WAS$chrX$48534985$+,0.72
chrX:48552800-48554400,ENSG00000015285.6$WAS$chrX$48534985$+,0.63
chrX:48555600-48558000,ENSG00000015285.6$WAS$chrX$48534985$+,0.63
chrX:48568000-48568400,ENSG00000015285.6$WAS$chrX$48534985$+,0.5
chrX:48586400-48587200,ENSG00000015285.6$WAS$chrX$48534985$+,0.46
chrX:48596400-48597600,ENSG00000015285.6$WAS$chrX$48534985$+,0.45
chrX:48660600-48662800,ENSG00000015285.6$WAS$chrX$48534985$+,0.39
chrX:48805600-48806600,ENSG00000015285.6$WAS$chrX$48534985$+,0.38
chr22:18119600-18121000,ENSG00000015475.14$BID$chr22$18257536$-,0.36
chr22:18125200-18126200,ENSG00000015475.14$BID$chr22$18257536$-,0.36
chr22:18484400-18486800,ENSG00000015475.14$BID$chr22$18257536$-,0.41
chr5:138675600-138677200,ENSG00000015479.13$MATR3$chr5$138609441$+,0.57
chr5:138690000-138690600,ENSG00000015479.13$MATR3$chr5$138609441$+,0.52
chr5:138737000-138739200,ENSG00000015479.13$MATR3$chr5$138609441$+,0.42
chr5:138765200-138766400,ENSG00000015479.13$MATR3$chr5$138609441$+,0.4
chr17:48450600-48451800,ENSG00000015532.5$XYLT2$chr17$48423453$+,0.54
chr17:48474800-48476000,ENSG00000015532.5$XYLT2$chr17$48423453$+,0.52
chr17:48511400-48512000,ENSG00000015532.5$XYLT2$chr17$48423453$+,0.37
chr8:27135000-27135200,ENSG00000015592.12$STMN4$chr8$27115937$-,0.36
chr7:44480200-44482200,ENSG00000015676.13$NUDCD3$chr7$44530479$-,0.73
chr7:44519200-44521600,ENSG00000015676.13$NUDCD3$chr7$44530479$-,0.62
chr7:44614200-44616600,ENSG00000015676.13$NUDCD3$chr7$44530479$-,0.57
chr7:44622400-44623400,ENSG00000015676.13$NUDCD3$chr7$44530479$-,0.51
chr7:44627400-44628400,ENSG00000015676.13$NUDCD3$chr7$44530479$-,0.41
chr7:44651600-44652600,ENSG00000015676.13$NUDCD3$chr7$44530479$-,0.37
chr6:137391200-137392400,ENSG00000016402.8$IL20RA$chr6$137366298$-,0.62
chr6:137428800-137429000,ENSG00000016402.8$IL20RA$chr6$137366298$-,0.36
chr1:86906800-86909000,ENSG00000016490.11$CLCA1$chr1$86934051$+,0.47
chr3:52802800-52804600,ENSG00000016864.12$GLT8D1$chr3$52740048$-,0.42
chr3:52931200-52932400,ENSG00000016864.12$GLT8D1$chr3$52740048$-,0.37
chr3:130456200-130457600,ENSG00000017260.15$ATP2C1$chr3$130569439$+,0.42
chr3:130609800-130612000,ENSG00000017260.15$ATP2C1$chr3$130569439$+,0.71
chr3:130622200-130622800,ENSG00000017260.15$ATP2C1$chr3$130569439$+,0.64
chr3:130628000-130628600,ENSG00000017260.15$ATP2C1$chr3$130569439$+,0.59
chr3:130639800-130641600,ENSG00000017260.15$ATP2C1$chr3$130569439$+,0.43
chrX:48291200-48293000,ENSG00000017483.10$SLC38A5$chrX$48328644$-,0.49
chrX:48365400-48366800,ENSG00000017483.10$SLC38A5$chrX$48328644$-,0.38
chrX:49048400-49050800,ENSG00000017621.11$MAGIX$chrX$49019061$+,0.38
chr18:9483800-9485800,ENSG00000017797.7$RALBP1$chr18$9475007$+,0.41
chr4:71551600-71553400,ENSG00000018189.8$RUFY3$chr4$71569921$+,0.52
chr3:149467600-149469800,ENSG00000018408.10$WWTR1$chr3$149454501$-,0.47
chr3:149470600-149472400,ENSG00000018408.10$WWTR1$chr3$149454501$-,0.35
chr2:178196000-178198400,ENSG00000018510.8$AGPS$chr2$178257372$+,0.49
chr2:178279800-178282000,ENSG00000018510.8$AGPS$chr2$178257372$+,0.56
chrX:118531600-118533200,ENSG00000018610.9$CXorf56$chrX$118699397$-,0.47
chrX:118600800-118602400,ENSG00000018610.9$CXorf56$chrX$118699397$-,0.59
chrX:118603600-118605000,ENSG00000018610.9$CXorf56$chrX$118699397$-,0.6
chrX:118615000-118617400,ENSG00000018610.9$CXorf56$chrX$118699397$-,0.5
chrX:118622600-118623800,ENSG00000018610.9$CXorf56$chrX$118699397$-,0.5
chrX:118706600-118708000,ENSG00000018610.9$CXorf56$chrX$118699397$-,0.69
chrX:118709200-118711400,ENSG00000018610.9$CXorf56$chrX$118699397$-,0.58
chrX:118740600-118741600,ENSG00000018610.9$CXorf56$chrX$118699397$-,0.58
chrX:118783800-118785400,ENSG00000018610.9$CXorf56$chrX$118699397$-,0.47
chrX:118860600-118861800,ENSG00000018610.9$CXorf56$chrX$118699397$-,0.43
chr19:56916000-56917600,ENSG00000018869.12$ZNF582$chr19$56904914$-,0.53
chr19:57049000-57049400,ENSG00000018869.12$ZNF582$chr19$56904914$-,0.36
chr19:57079400-57080200,ENSG00000018869.12$ZNF582$chr19$56904914$-,0.36
chr19:57105400-57106400,ENSG00000018869.12$ZNF582$chr19$56904914$-,0.41
chr19:57107200-57109000,ENSG00000018869.12$ZNF582$chr19$56904914$-,0.35
chr5:149815400-149816400,ENSG00000019582.10$CD74$chr5$149792492$-,0.67
chr5:149829600-149830400,ENSG00000019582.10$CD74$chr5$149792492$-,0.6
chr10:126478600-126479800,ENSG00000019995.6$ZRANB1$chr10$126630692$+,0.4
chr10:126481200-126482000,ENSG00000019995.6$ZRANB1$chr10$126630692$+,0.39
chr10:126603600-126605000,ENSG00000019995.6$ZRANB1$chr10$126630692$+,0.52
chr10:126615800-126616000,ENSG00000019995.6$ZRANB1$chr10$126630692$+,0.42
chr1:35896400-35897400,ENSG00000020129.11$NCDN$chr1$36023074$+,0.48
chr1:35927200-35929200,ENSG00000020129.11$NCDN$chr1$36023074$+,0.42
chr1:35984800-35986400,ENSG00000020129.11$NCDN$chr1$36023074$+,0.52
chr1:36184600-36185800,ENSG00000020129.11$NCDN$chr1$36023074$+,0.37
chr20:50767600-50767800,ENSG00000020256.15$ZFP64$chr20$50820847$-,0.43
chr20:50806200-50807400,ENSG00000020256.15$ZFP64$chr20$50820847$-,0.6
chr20:50918000-50920200,ENSG00000020256.15$ZFP64$chr20$50820847$-,0.36
chr14:61190800-61192000,ENSG00000020426.6$MNAT1$chr14$61201460$+,0.51
chr14:61359800-61362200,ENSG00000020426.6$MNAT1$chr14$61201460$+,0.38
chr14:54980800-54981400,ENSG00000020577.9$SAMD4A$chr14$55033815$+,0.4
chr1:25183400-25185800,ENSG00000020633.14$RUNX3$chr1$25291612$-,0.39
chr1:25302800-25304000,ENSG00000020633.14$RUNX3$chr1$25291612$-,0.51
chr1:25327200-25328400,ENSG00000020633.14$RUNX3$chr1$25291612$-,0.52
chr1:25421200-25423400,ENSG00000020633.14$RUNX3$chr1$25291612$-,0.36
chr1:25436000-25437400,ENSG00000020633.14$RUNX3$chr1$25291612$-,0.42
chr6:2760800-2762400,ENSG00000021355.8$SERPINB1$chr6$2842240$-,0.7
chr6:2763400-2765000,ENSG00000021355.8$SERPINB1$chr6$2842240$-,0.6
chr6:2888200-2889200,ENSG00000021355.8$SERPINB1$chr6$2842240$-,0.51
chr6:2895400-2895600,ENSG00000021355.8$SERPINB1$chr6$2842240$-,0.53
chr2:32128200-32129800,ENSG00000021574.7$SPAST$chr2$32288680$+,0.35
chr2:32132800-32134400,ENSG00000021574.7$SPAST$chr2$32288680$+,0.35
chr2:32190200-32191800,ENSG00000021574.7$SPAST$chr2$32288680$+,0.43
chr2:32236400-32238800,ENSG00000021574.7$SPAST$chr2$32288680$+,0.61
chr2:32258800-32260000,ENSG00000021574.7$SPAST$chr2$32288680$+,0.57
chr2:32262400-32264400,ENSG00000021574.7$SPAST$chr2$32288680$+,0.63
chr2:32391600-32394000,ENSG00000021574.7$SPAST$chr2$32288680$+,0.47
chr15:35256400-35257600,ENSG00000021776.6$AQR$chr15$35262040$-,0.46
chr15:35281000-35282200,ENSG00000021776.6$AQR$chr15$35262040$-,0.57
chrX:135053200-135055200,ENSG00000022267.12$FHL1$chrX$135229559$+,0.36
chrX:135058400-135060400,ENSG00000022267.12$FHL1$chrX$135229559$+,0.46
chrX:135152600-135154200,ENSG00000022267.12$FHL1$chrX$135229559$+,0.51
chrX:135331600-135333200,ENSG00000022267.12$FHL1$chrX$135229559$+,0.46
chrX:135333800-135334400,ENSG00000022267.12$FHL1$chrX$135229559$+,0.37
chr20:54933000-54934200,ENSG00000022277.8$RTFDC1$chr20$55043647$+,0.38
chr20:54974000-54976400,ENSG00000022277.8$RTFDC1$chr20$55043647$+,0.42
chr20:55037600-55040000,ENSG00000022277.8$RTFDC1$chr20$55043647$+,0.74
chr20:55096800-55099200,ENSG00000022277.8$RTFDC1$chr20$55043647$+,0.39
chr12:120874800-120875400,ENSG00000022840.11$RNF10$chr12$120971283$+,0.41
chr12:120876400-120878800,ENSG00000022840.11$RNF10$chr12$120971283$+,0.38
chr12:120881600-120883600,ENSG00000022840.11$RNF10$chr12$120971283$+,0.37
chr12:120932200-120933600,ENSG00000022840.11$RNF10$chr12$120971283$+,0.6
chr12:121146400-121148200,ENSG00000022840.11$RNF10$chr12$120971283$+,0.4
chr14:102771800-102772800,ENSG00000022976.11$ZNF839$chr14$102783714$+,0.51
chr14:102826200-102828600,ENSG00000022976.11$ZNF839$chr14$102783714$+,0.71
chr10:114230600-114232800,ENSG00000023041.7$ZDHHC6$chr10$114206672$-,0.52
chr11:319000-321400,ENSG00000023191.12$RNH1$chr11$507300$-,0.37
chr11:367200-369200,ENSG00000023191.12$RNH1$chr11$507300$-,0.64
chr11:517200-519400,ENSG00000023191.12$RNH1$chr11$507300$-,0.65
chr2:207018600-207019800,ENSG00000023228.9$NDUFS1$chr2$207024327$-,0.57
chr2:207137800-207139400,ENSG00000023228.9$NDUFS1$chr2$207024327$-,0.38
chr8:53634800-53635400,ENSG00000023287.8$RB1CC1$chr8$53658403$-,0.53
chr9:102855400-102857200,ENSG00000023318.7$ERP44$chr9$102861322$-,0.67
chr3:52215200-52217400,ENSG00000023330.10$ALAS1$chr3$52232102$+,0.63
chr3:52291600-52294000,ENSG00000023330.10$ALAS1$chr3$52232102$+,0.43
chr11:102227600-102230000,ENSG00000023445.9$BIRC3$chr11$102188215$+,0.54
chr11:102261000-102263000,ENSG00000023445.9$BIRC3$chr11$102188215$+,0.48
chr11:102313200-102315000,ENSG00000023445.9$BIRC3$chr11$102188215$+,0.4
chr13:42722000-42724200,ENSG00000023516.7$AKAP11$chr13$42846289$+,0.42
chr13:42862800-42864800,ENSG00000023516.7$AKAP11$chr13$42846289$+,0.74
chr13:42883600-42885800,ENSG00000023516.7$AKAP11$chr13$42846289$+,0.72
chr13:42907600-42909400,ENSG00000023516.7$AKAP11$chr13$42846289$+,0.64
chr13:42974200-42975200,ENSG00000023516.7$AKAP11$chr13$42846289$+,0.47
chr13:43039200-43041600,ENSG00000023516.7$AKAP11$chr13$42846289$+,0.49
chr1:193123000-193123600,ENSG00000023572.4$GLRX2$chr1$193075244$-,0.44
chr1:193129600-193130600,ENSG00000023572.4$GLRX2$chr1$193075244$-,0.46
chr14:62121800-62123800,ENSG00000023608.4$SNAPC1$chr14$62229075$+,0.48
chr14:62160400-62162000,ENSG00000023608.4$SNAPC1$chr14$62229075$+,0.5
chr14:62190000-62192400,ENSG00000023608.4$SNAPC1$chr14$62229075$+,0.63
chr14:62264400-62266200,ENSG00000023608.4$SNAPC1$chr14$62229075$+,0.55
chr12:16032600-16034800,ENSG00000023697.8$DERA$chr12$16064106$+,0.39
chr12:15942800-15944000,ENSG00000023734.6$STRAP$chr12$16035325$+,0.64
chr10:101587600-101589000,ENSG00000023839.6$ABCC2$chr10$101542489$+,0.36
chr6:35225000-35226800,ENSG00000023892.9$DEF6$chr6$35265595$+,0.48
chr6:35294200-35296200,ENSG00000023892.9$DEF6$chr6$35265595$+,0.48
chr6:35299600-35301000,ENSG00000023892.9$DEF6$chr6$35265595$+,0.44
chr6:35305400-35305600,ENSG00000023892.9$DEF6$chr6$35265595$+,0.4
chr6:35308800-35310400,ENSG00000023892.9$DEF6$chr6$35265595$+,0.46
chr6:35319000-35321200,ENSG00000023892.9$DEF6$chr6$35265595$+,0.42
chr6:35322000-35323200,ENSG00000023892.9$DEF6$chr6$35265595$+,0.43
chr6:35412800-35414400,ENSG00000023892.9$DEF6$chr6$35265595$+,0.4
chr6:35418600-35420200,ENSG00000023892.9$DEF6$chr6$35265595$+,0.39
chr1:150040200-150042600,ENSG00000023902.9$PLEKHO1$chr1$150121373$+,0.58
chr1:150047400-150049400,ENSG00000023902.9$PLEKHO1$chr1$150121373$+,0.65
chr1:150070600-150071600,ENSG00000023902.9$PLEKHO1$chr1$150121373$+,0.69
chr1:150084200-150086400,ENSG00000023902.9$PLEKHO1$chr1$150121373$+,0.66
chr1:150089800-150091800,ENSG00000023902.9$PLEKHO1$chr1$150121373$+,0.56
chr1:150185200-150187600,ENSG00000023902.9$PLEKHO1$chr1$150121373$+,0.55
chr1:150194000-150194400,ENSG00000023902.9$PLEKHO1$chr1$150121373$+,0.51
chr1:150205000-150206600,ENSG00000023902.9$PLEKHO1$chr1$150121373$+,0.56
chr1:150241800-150243000,ENSG00000023902.9$PLEKHO1$chr1$150121373$+,0.5
chr1:150265000-150266200,ENSG00000023902.9$PLEKHO1$chr1$150121373$+,0.36
chr1:150267000-150269400,ENSG00000023902.9$PLEKHO1$chr1$150121373$+,0.36
chr1:94313800-94314600,ENSG00000023909.5$GCLM$chr1$94374966$-,0.64
chr1:94315600-94317200,ENSG00000023909.5$GCLM$chr1$94374966$-,0.56
chr1:94320600-94321200,ENSG00000023909.5$GCLM$chr1$94374966$-,0.58
chr1:94345400-94347000,ENSG00000023909.5$GCLM$chr1$94374966$-,0.71
chr1:94481800-94484200,ENSG00000023909.5$GCLM$chr1$94374966$-,0.54
chr6:42380800-42382600,ENSG00000024048.6$UBR2$chr6$42531800$+,0.4
chr6:42398800-42400800,ENSG00000024048.6$UBR2$chr6$42531800$+,0.49
chr6:42551600-42553400,ENSG00000024048.6$UBR2$chr6$42531800$+,0.55
chr6:42559600-42559800,ENSG00000024048.6$UBR2$chr6$42531800$+,0.64
chr1:68966400-68967400,ENSG00000024526.12$DEPDC1$chr1$68962904$-,0.52
chr6:90084600-90086600,ENSG00000025039.10$RRAGD$chr6$90121989$-,0.48
chr6:122643600-122645800,ENSG00000025156.8$HSF2$chr6$122720691$+,0.5
chr6:122697400-122698200,ENSG00000025156.8$HSF2$chr6$122720691$+,0.69
chr6:122770000-122771000,ENSG00000025156.8$HSF2$chr6$122720691$+,0.42
chr6:122772000-122772400,ENSG00000025156.8$HSF2$chr6$122720691$+,0.62
chr6:122775800-122776600,ENSG00000025156.8$HSF2$chr6$122720691$+,0.45
chr6:122793400-122794200,ENSG00000025156.8$HSF2$chr6$122720691$+,0.4
chr20:34201800-34203800,ENSG00000025293.11$PHF20$chr20$34359896$+,0.36
chr20:34303000-34304200,ENSG00000025293.11$PHF20$chr20$34359896$+,0.43
chr20:34331200-34333400,ENSG00000025293.11$PHF20$chr20$34359896$+,0.45
chr20:34349800-34351400,ENSG00000025293.11$PHF20$chr20$34359896$+,0.5
chr20:34352600-34353600,ENSG00000025293.11$PHF20$chr20$34359896$+,0.51
chr20:34369000-34371400,ENSG00000025293.11$PHF20$chr20$34359896$+,0.49
chr20:34382200-34382800,ENSG00000025293.11$PHF20$chr20$34359896$+,0.49
chr20:34424800-34426400,ENSG00000025293.11$PHF20$chr20$34359896$+,0.53
chr12:57061200-57063200,ENSG00000025423.7$HSD17B6$chr12$57145945$+,0.42
chr12:57119600-57121600,ENSG00000025423.7$HSD17B6$chr12$57145945$+,0.52
chr11:47234400-47236600,ENSG00000025434.14$NR1H3$chr11$47269851$+,0.66
chr22:50779400-50781600,ENSG00000025708.8$TYMP$chr22$50968485$-,0.4
chr22:50929000-50930400,ENSG00000025708.8$TYMP$chr22$50968485$-,0.41
chr22:50947200-50949200,ENSG00000025708.8$TYMP$chr22$50968485$-,0.64
chr22:51001800-51004200,ENSG00000025708.8$TYMP$chr22$50968485$-,0.56
chr22:51067200-51069600,ENSG00000025708.8$TYMP$chr22$50968485$-,0.44
chr22:51195600-51197000,ENSG00000025708.8$TYMP$chr22$50968485$-,0.36
chr22:50929000-50930400,ENSG00000025770.14$NCAPH2$chr22$50946645$+,0.54
chr22:51001800-51004200,ENSG00000025770.14$NCAPH2$chr22$50946645$+,0.49
chr22:51067200-51069600,ENSG00000025770.14$NCAPH2$chr22$50946645$+,0.45
chr20:43495200-43497400,ENSG00000025772.7$TOMM34$chr20$43589127$-,0.49
chr20:43543000-43544200,ENSG00000025772.7$TOMM34$chr20$43589127$-,0.45
chr20:43593400-43594800,ENSG00000025772.7$TOMM34$chr20$43589127$-,0.47
chr20:43611600-43613600,ENSG00000025772.7$TOMM34$chr20$43589127$-,0.71
chr20:43625600-43627200,ENSG00000025772.7$TOMM34$chr20$43589127$-,0.7
chr20:43634000-43636000,ENSG00000025772.7$TOMM34$chr20$43589127$-,0.63
chr20:43637600-43638200,ENSG00000025772.7$TOMM34$chr20$43589127$-,0.65
chr20:43647400-43649600,ENSG00000025772.7$TOMM34$chr20$43589127$-,0.79
chr20:43649800-43651000,ENSG00000025772.7$TOMM34$chr20$43589127$-,0.7
chr20:43651600-43652200,ENSG00000025772.7$TOMM34$chr20$43589127$-,0.63
chr6:108164200-108165600,ENSG00000025796.9$SEC63$chr6$108279393$-,0.36
chr6:108275600-108278000,ENSG00000025796.9$SEC63$chr6$108279393$-,0.41
chr6:108396400-108398800,ENSG00000025796.9$SEC63$chr6$108279393$-,0.47
chr1:32478000-32479400,ENSG00000025800.9$KPNA6$chr1$32573639$+,0.39
chr1:32500200-32501400,ENSG00000025800.9$KPNA6$chr1$32573639$+,0.54
chr1:32535800-32538200,ENSG00000025800.9$KPNA6$chr1$32573639$+,0.67
chr1:32601600-32602600,ENSG00000025800.9$KPNA6$chr1$32573639$+,0.45
chr1:32704200-32706400,ENSG00000025800.9$KPNA6$chr1$32573639$+,0.39
chr10:17216400-17218800,ENSG00000026025.9$VIM$chr10$17270258$+,0.54
chr10:17243800-17245800,ENSG00000026025.9$VIM$chr10$17270258$+,0.65
chr10:17332200-17333600,ENSG00000026025.9$VIM$chr10$17270258$+,0.49
chr10:17451000-17453200,ENSG00000026025.9$VIM$chr10$17270258$+,0.36
chr10:90579800-90582000,ENSG00000026103.15$FAS$chr10$90750414$+,0.37
chr10:90666800-90669200,ENSG00000026103.15$FAS$chr10$90750414$+,0.56
chr10:90869600-90871400,ENSG00000026103.15$FAS$chr10$90750414$+,0.49
chr6:167323800-167325400,ENSG00000026297.11$RNASET2$chr6$167370679$-,0.51
chr6:167409400-167411600,ENSG00000026297.11$RNASET2$chr6$167370679$-,0.44
chr6:167425000-167427200,ENSG00000026297.11$RNASET2$chr6$167370679$-,0.43
chr6:167450200-167452000,ENSG00000026297.11$RNASET2$chr6$167370679$-,0.46
chr6:167471800-167473600,ENSG00000026297.11$RNASET2$chr6$167370679$-,0.48
chr6:167487000-167487800,ENSG00000026297.11$RNASET2$chr6$167370679$-,0.4
chr11:35218800-35221200,ENSG00000026508.12$CD44$chr11$35160417$+,0.43
chr1:160413000-160415400,ENSG00000026751.12$SLAMF7$chr1$160709037$+,0.35
chr1:160439800-160442200,ENSG00000026751.12$SLAMF7$chr1$160709037$+,0.38
chr1:160453200-160454400,ENSG00000026751.12$SLAMF7$chr1$160709037$+,0.38
chr1:160554200-160556600,ENSG00000026751.12$SLAMF7$chr1$160709037$+,0.4
chr1:160557200-160559400,ENSG00000026751.12$SLAMF7$chr1$160709037$+,0.38
chr1:160580000-160581400,ENSG00000026751.12$SLAMF7$chr1$160709037$+,0.39
chr1:160664000-160664800,ENSG00000026751.12$SLAMF7$chr1$160709037$+,0.36
chr1:160782600-160784200,ENSG00000026751.12$SLAMF7$chr1$160709037$+,0.4
chr6:26239800-26241000,ENSG00000026950.12$BTN3A1$chr6$26402465$+,0.39
chr6:26472600-26473800,ENSG00000026950.12$BTN3A1$chr6$26402465$+,0.38
chr6:26531400-26533200,ENSG00000026950.12$BTN3A1$chr6$26402465$+,0.39
chr13:24404000-24404200,ENSG00000027001.7$MIPEP$chr13$24463558$-,0.46
chr13:24461000-24462800,ENSG00000027001.7$MIPEP$chr13$24463558$-,0.48
chr13:24476800-24478800,ENSG00000027001.7$MIPEP$chr13$24463558$-,0.68
chr1:156699000-156701200,ENSG00000027644.4$INSRR$chr1$156828810$-,0.43
chr1:156735200-156736600,ENSG00000027644.4$INSRR$chr1$156828810$-,0.46
chr1:156805000-156807400,ENSG00000027644.4$INSRR$chr1$156828810$-,0.62
chr1:157016000-157017600,ENSG00000027644.4$INSRR$chr1$156828810$-,0.53
chr6:137391200-137392400,ENSG00000027697.8$IFNGR1$chr6$137540586$-,0.4
chr6:137428800-137429000,ENSG00000027697.8$IFNGR1$chr6$137540586$-,0.51
chr6:137516400-137518600,ENSG00000027697.8$IFNGR1$chr6$137540586$-,0.64
chr6:137686600-137689000,ENSG00000027697.8$IFNGR1$chr6$137540586$-,0.38
chr6:137696400-137697800,ENSG00000027697.8$IFNGR1$chr6$137540586$-,0.41
chr6:137703400-137704200,ENSG00000027697.8$IFNGR1$chr6$137540586$-,0.39
chr5:176978600-176980600,ENSG00000027847.9$B4GALT7$chr5$177027101$+,0.54
chr5:177018400-177019200,ENSG00000027847.9$B4GALT7$chr5$177027101$+,0.57
chr5:177027800-177030000,ENSG00000027847.9$B4GALT7$chr5$177027101$+,0.37
chr5:177095400-177095800,ENSG00000027847.9$B4GALT7$chr5$177027101$+,0.53
chr5:177220800-177222800,ENSG00000027847.9$B4GALT7$chr5$177027101$+,0.4
chr5:177234200-177236600,ENSG00000027847.9$B4GALT7$chr5$177027101$+,0.43
chr5:177268000-177268800,ENSG00000027847.9$B4GALT7$chr5$177027101$+,0.37
chr5:177273200-177274000,ENSG00000027847.9$B4GALT7$chr5$177027101$+,0.4
chr1:156699000-156701200,ENSG00000027869.7$SH2D2A$chr1$156786654$-,0.43
chr1:156735200-156736600,ENSG00000027869.7$SH2D2A$chr1$156786654$-,0.57
chr1:156805000-156807400,ENSG00000027869.7$SH2D2A$chr1$156786654$-,0.55
chr1:12152000-12152200,ENSG00000028137.12$TNFRSF1B$chr1$12227060$+,0.47
chr1:12178600-12179400,ENSG00000028137.12$TNFRSF1B$chr1$12227060$+,0.49
chr1:12180800-12182400,ENSG00000028137.12$TNFRSF1B$chr1$12227060$+,0.44
chr1:12261000-12261600,ENSG00000028137.12$TNFRSF1B$chr1$12227060$+,0.5
chr1:12288000-12290200,ENSG00000028137.12$TNFRSF1B$chr1$12227060$+,0.49
chr12:95467400-95469000,ENSG00000028203.13$VEZT$chr12$95611522$+,0.39
chr12:95625800-95627000,ENSG00000028203.13$VEZT$chr12$95611522$+,0.48
chr19:42578800-42579600,ENSG00000028277.16$POU2F2$chr19$42700737$-,0.52
chr19:42692800-42694400,ENSG00000028277.16$POU2F2$chr19$42700737$-,0.56
chr19:42722000-42724400,ENSG00000028277.16$POU2F2$chr19$42700737$-,0.48
chr19:42771400-42772600,ENSG00000028277.16$POU2F2$chr19$42700737$-,0.46
chr19:42799600-42801200,ENSG00000028277.16$POU2F2$chr19$42700737$-,0.45
chr19:42803800-42806200,ENSG00000028277.16$POU2F2$chr19$42700737$-,0.48
chr19:42806600-42808400,ENSG00000028277.16$POU2F2$chr19$42700737$-,0.48
chr19:42890800-42892200,ENSG00000028277.16$POU2F2$chr19$42700737$-,0.36
chr5:846600-847200,ENSG00000028310.13$BRD9$chr5$892939$-,0.48
chr15:64455600-64457600,ENSG00000028528.10$SNX1$chr15$64386322$+,0.58
chr6:136569800-136571000,ENSG00000029363.11$BCLAF1$chr6$136610989$-,0.45
chr6:136591600-136592800,ENSG00000029363.11$BCLAF1$chr6$136610989$-,0.55
chr6:136594400-136595800,ENSG00000029363.11$BCLAF1$chr6$136610989$-,0.67
chr14:69886200-69886600,ENSG00000029364.7$SLC39A9$chr14$69864732$+,0.56
chr14:70009400-70011600,ENSG00000029364.7$SLC39A9$chr14$69864732$+,0.46
chr6:155654200-155656000,ENSG00000029639.6$TFB1M$chr6$155635627$-,0.63
chr17:5093600-5094600,ENSG00000029725.12$RABEP1$chr17$5185558$+,0.41
chr17:5095600-5096800,ENSG00000029725.12$RABEP1$chr17$5185558$+,0.41
chr17:5152000-5153600,ENSG00000029725.12$RABEP1$chr17$5185558$+,0.58
chr17:5184200-5185400,ENSG00000029725.12$RABEP1$chr17$5185558$+,0.37
chr17:5195000-5196400,ENSG00000029725.12$RABEP1$chr17$5185558$+,0.46
chr17:5198400-5199600,ENSG00000029725.12$RABEP1$chr17$5185558$+,0.5
chrX:150153000-150154600,ENSG00000029993.10$HMGB3$chrX$150148982$+,0.52
chr11:47735400-47736400,ENSG00000030066.9$NUP160$chr11$47870107$-,0.39
chr11:47789800-47791400,ENSG00000030066.9$NUP160$chr11$47870107$-,0.42
chr11:47949000-47951000,ENSG00000030066.9$NUP160$chr11$47870107$-,0.48
chr11:47955000-47957200,ENSG00000030066.9$NUP160$chr11$47870107$-,0.36
chr11:47976600-47977600,ENSG00000030066.9$NUP160$chr11$47870107$-,0.46
chr6:33275200-33277600,ENSG00000030110.8$BAK1$chr6$33548019$-,0.36
chr6:33479200-33481400,ENSG00000030110.8$BAK1$chr6$33548019$-,0.5
chr2:214147000-214148600,ENSG00000030419.12$IKZF2$chr2$214017151$-,0.5
chr3:118960000-118961000,ENSG00000031081.6$ARHGAP31$chr3$119013220$+,0.67
chr3:119114200-119116600,ENSG00000031081.6$ARHGAP31$chr3$119013220$+,0.37
chr1:109617200-109618000,ENSG00000031698.8$SARS$chr1$109756540$+,0.39
chr1:109619000-109619600,ENSG00000031698.8$SARS$chr1$109756540$+,0.39
chr1:109761000-109761800,ENSG00000031698.8$SARS$chr1$109756540$+,0.64
chr1:109762600-109763400,ENSG00000031698.8$SARS$chr1$109756540$+,0.7
chr1:109826200-109828600,ENSG00000031698.8$SARS$chr1$109756540$+,0.49
chr19:6111200-6112600,ENSG00000031823.10$RANBP3$chr19$5978153$-,0.47
chr14:58664200-58666200,ENSG00000032219.14$ARID4A$chr14$58765103$+,0.37
chr14:58667800-58669400,ENSG00000032219.14$ARID4A$chr14$58765103$+,0.41
chr14:58708600-58710800,ENSG00000032219.14$ARID4A$chr14$58765103$+,0.62
chr14:58735000-58735600,ENSG00000032219.14$ARID4A$chr14$58765103$+,0.44
chr14:58766800-58769200,ENSG00000032219.14$ARID4A$chr14$58765103$+,0.5
chr14:58769800-58770800,ENSG00000032219.14$ARID4A$chr14$58765103$+,0.57
chr14:58885000-58886800,ENSG00000032219.14$ARID4A$chr14$58765103$+,0.4
chr14:58895400-58897800,ENSG00000032219.14$ARID4A$chr14$58765103$+,0.43
chr2:3305800-3308200,ENSG00000032389.8$TSSC1$chr2$3381653$-,0.39
chr2:3314800-3315000,ENSG00000032389.8$TSSC1$chr2$3381653$-,0.4
chr2:3379200-3381200,ENSG00000032389.8$TSSC1$chr2$3381653$-,0.47
chr2:3384200-3386600,ENSG00000032389.8$TSSC1$chr2$3381653$-,0.58
chr2:3395400-3396600,ENSG00000032389.8$TSSC1$chr2$3381653$-,0.64
chr19:7425200-7426600,ENSG00000032444.11$PNPLA6$chr19$7598890$+,0.37
chr19:7427200-7429000,ENSG00000032444.11$PNPLA6$chr19$7598890$+,0.35
chr19:7458000-7460400,ENSG00000032444.11$PNPLA6$chr19$7598890$+,0.43
chr19:7479800-7481400,ENSG00000032444.11$PNPLA6$chr19$7598890$+,0.38
chr19:7600800-7602600,ENSG00000032444.11$PNPLA6$chr19$7598890$+,0.52
chr19:7746200-7748600,ENSG00000032444.11$PNPLA6$chr19$7598890$+,0.42
chr16:5120200-5121800,ENSG00000033011.7$ALG1$chr16$5083703$+,0.62
chr16:5122400-5124800,ENSG00000033011.7$ALG1$chr16$5083703$+,0.62
chr16:5141800-5142600,ENSG00000033011.7$ALG1$chr16$5083703$+,0.48
chr16:5166400-5168600,ENSG00000033011.7$ALG1$chr16$5083703$+,0.44
chr12:122820800-122822400,ENSG00000033030.9$ZCCHC8$chr12$122985518$-,0.43
chr12:122933000-122935400,ENSG00000033030.9$ZCCHC8$chr12$122985518$-,0.53
chr12:122954400-122956800,ENSG00000033030.9$ZCCHC8$chr12$122985518$-,0.67
chr7:150753000-150754600,ENSG00000033050.3$ABCF2$chr7$150924316$-,0.44
chr7:150778000-150780000,ENSG00000033050.3$ABCF2$chr7$150924316$-,0.56
chr7:150921600-150923600,ENSG00000033050.3$ABCF2$chr7$150924316$-,0.37
chr7:150927800-150929200,ENSG00000033050.3$ABCF2$chr7$150924316$-,0.67
chr7:150753000-150754600,ENSG00000033100.10$CHPF2$chr7$150929575$+,0.44
chr7:150778000-150780000,ENSG00000033100.10$CHPF2$chr7$150929575$+,0.44
chr7:150921600-150923600,ENSG00000033100.10$CHPF2$chr7$150929575$+,0.69
chr7:150925000-150926200,ENSG00000033100.10$CHPF2$chr7$150929575$+,0.59
chr7:151146000-151147000,ENSG00000033100.10$CHPF2$chr7$150929575$+,0.4
chr14:65890400-65891800,ENSG00000033170.12$FUT8$chr14$65877310$+,0.62
chr14:65966800-65968600,ENSG00000033170.12$FUT8$chr14$65877310$+,0.51
chr14:65988200-65988800,ENSG00000033170.12$FUT8$chr14$65877310$+,0.47
chr14:66014600-66016600,ENSG00000033170.12$FUT8$chr14$65877310$+,0.4
chr17:40525800-40527800,ENSG00000033627.10$ATP6V0A1$chr17$40610862$+,0.43
chr17:40541200-40543200,ENSG00000033627.10$ATP6V0A1$chr17$40610862$+,0.53
chr17:40727000-40729400,ENSG00000033627.10$ATP6V0A1$chr17$40610862$+,0.4
chr17:40750200-40752600,ENSG00000033627.10$ATP6V0A1$chr17$40610862$+,0.37
chr15:68365600-68367400,ENSG00000033800.9$PIAS1$chr15$68346517$+,0.48
chr15:68367600-68368800,ENSG00000033800.9$PIAS1$chr15$68346517$+,0.48
chr15:68382600-68383600,ENSG00000033800.9$PIAS1$chr15$68346517$+,0.57
chr15:68403200-68403800,ENSG00000033800.9$PIAS1$chr15$68346517$+,0.58
chr15:68411800-68412600,ENSG00000033800.9$PIAS1$chr15$68346517$+,0.59
chr3:27409200-27410600,ENSG00000033867.12$SLC4A7$chr3$27525911$-,0.54
chr3:27411000-27411400,ENSG00000033867.12$SLC4A7$chr3$27525911$-,0.47
chr15:29139400-29141400,ENSG00000034053.10$APBA2$chr15$29129629$+,0.43
chr15:29323200-29325400,ENSG00000034053.10$APBA2$chr15$29129629$+,0.38
chr2:84858200-84860600,ENSG00000034510.4$TMSB10$chr2$85132749$+,0.39
chr2:84876400-84878800,ENSG00000034510.4$TMSB10$chr2$85132749$+,0.38
chr2:84950600-84951800,ENSG00000034510.4$TMSB10$chr2$85132749$+,0.39
chr2:84987200-84987800,ENSG00000034510.4$TMSB10$chr2$85132749$+,0.44
chr2:84994000-84995200,ENSG00000034510.4$TMSB10$chr2$85132749$+,0.39
chr2:85004600-85006000,ENSG00000034510.4$TMSB10$chr2$85132749$+,0.43
chr2:85006200-85007800,ENSG00000034510.4$TMSB10$chr2$85132749$+,0.44
chr2:85250800-85252800,ENSG00000034510.4$TMSB10$chr2$85132749$+,0.44
chr3:130639800-130641600,ENSG00000034533.7$ASTE1$chr3$130746493$-,0.35
chr6:143762400-143764200,ENSG00000034693.10$PEX3$chr6$143771944$+,0.66
chr6:143769600-143771200,ENSG00000034693.10$PEX3$chr6$143771944$+,0.44
chr6:143818600-143820400,ENSG00000034693.10$PEX3$chr6$143771944$+,0.84
chr6:143848800-143850800,ENSG00000034693.10$PEX3$chr6$143771944$+,0.49
chr6:143881400-143883800,ENSG00000034693.10$PEX3$chr6$143771944$+,0.41
chr6:143886600-143889000,ENSG00000034693.10$PEX3$chr6$143771944$+,0.41
chr6:143895200-143895600,ENSG00000034693.10$PEX3$chr6$143771944$+,0.44
chr6:143937600-143939600,ENSG00000034693.10$PEX3$chr6$143771944$+,0.4
chr6:143946200-143947800,ENSG00000034693.10$PEX3$chr6$143771944$+,0.4
chr6:143949400-143949800,ENSG00000034693.10$PEX3$chr6$143771944$+,0.39
chr6:143955000-143956600,ENSG00000034693.10$PEX3$chr6$143771944$+,0.42
chr6:143960200-143961600,ENSG00000034693.10$PEX3$chr6$143771944$+,0.39
chr16:75468400-75470000,ENSG00000034713.3$GABARAPL2$chr16$75600249$+,0.37
chr16:75498600-75499600,ENSG00000034713.3$GABARAPL2$chr16$75600249$+,0.38
chr16:75583400-75585200,ENSG00000034713.3$GABARAPL2$chr16$75600249$+,0.64
chr16:75590200-75591400,ENSG00000034713.3$GABARAPL2$chr16$75600249$+,0.8
chr16:75597600-75599800,ENSG00000034713.3$GABARAPL2$chr16$75600249$+,0.39
chr2:70415000-70417200,ENSG00000035141.3$FAM136A$chr2$70529222$-,0.42
chr2:70418200-70420200,ENSG00000035141.3$FAM136A$chr2$70529222$-,0.36
chr2:70438000-70440400,ENSG00000035141.3$FAM136A$chr2$70529222$-,0.4
chr2:70453600-70456000,ENSG00000035141.3$FAM136A$chr2$70529222$-,0.49
chr2:70514200-70516000,ENSG00000035141.3$FAM136A$chr2$70529222$-,0.61
chr10:75742600-75745000,ENSG00000035403.12$VCL$chr10$75757872$+,0.49
chr10:75907800-75910000,ENSG00000035403.12$VCL$chr10$75757872$+,0.38
chr5:59996600-59998000,ENSG00000035499.8$DEPDC1B$chr5$59996017$-,0.36
chr15:64386600-64388000,ENSG00000035664.7$DAPK2$chr15$64364232$-,0.39
chr8:59464800-59465200,ENSG00000035681.3$NSMAF$chr8$59572403$-,0.61
chr8:59569000-59571200,ENSG00000035681.3$NSMAF$chr8$59572403$-,0.41
chr8:59603800-59604200,ENSG00000035681.3$NSMAF$chr8$59572403$-,0.71
chr8:59656800-59658600,ENSG00000035681.3$NSMAF$chr8$59572403$-,0.5
chr1:244623000-244625000,ENSG00000035687.9$ADSS$chr1$244615436$-,0.65
chr4:68368600-68369200,ENSG00000035720.3$STAP1$chr4$68424446$+,0.48
chr4:68404000-68404400,ENSG00000035720.3$STAP1$chr4$68424446$+,0.55
chr4:68411600-68413800,ENSG00000035720.3$STAP1$chr4$68424446$+,0.7
chr4:68415200-68416000,ENSG00000035720.3$STAP1$chr4$68424446$+,0.66
chr3:100035000-100037400,ENSG00000036054.8$TBC1D23$chr3$99979844$+,0.62
chr2:225352200-225352800,ENSG00000036257.8$CUL3$chr2$225450110$-,0.4
chr2:225451000-225453400,ENSG00000036257.8$CUL3$chr2$225450110$-,0.37
chr8:2033600-2035800,ENSG00000036448.5$MYOM2$chr8$1993155$+,0.5
chr1:77991200-77993200,ENSG00000036549.8$ZZZ3$chr1$78149104$-,0.45
chr1:78123800-78124200,ENSG00000036549.8$ZZZ3$chr1$78149104$-,0.49
chr1:78126000-78126200,ENSG00000036549.8$ZZZ3$chr1$78149104$-,0.48
chr1:78126600-78126800,ENSG00000036549.8$ZZZ3$chr1$78149104$-,0.58
chr1:78225400-78226400,ENSG00000036549.8$ZZZ3$chr1$78149104$-,0.35
chr8:20053600-20054800,ENSG00000036565.10$SLC18A1$chr8$20040717$-,0.59
chr11:119096800-119098200,ENSG00000036672.11$USP2$chr11$119252436$-,0.45
chr11:119155000-119156200,ENSG00000036672.11$USP2$chr11$119252436$-,0.64
chr11:119220800-119221400,ENSG00000036672.11$USP2$chr11$119252436$-,0.57
chr11:119311200-119313200,ENSG00000036672.11$USP2$chr11$119252436$-,0.49
chr3:121918000-121920000,ENSG00000036828.9$CASR$chr3$121902530$+,0.41
chr5:179966200-179967600,ENSG00000037280.11$FLT4$chr5$180076624$-,0.47
chr5:6710400-6712400,ENSG00000037474.10$NSUN2$chr5$6633404$-,0.47
chr1:16563600-16565800,ENSG00000037637.6$FBXO42$chr1$16678949$-,0.45
chr1:16596400-16598600,ENSG00000037637.6$FBXO42$chr1$16678949$-,0.5
chr1:16653400-16655400,ENSG00000037637.6$FBXO42$chr1$16678949$-,0.68
chr1:16765400-16767200,ENSG00000037637.6$FBXO42$chr1$16678949$-,0.42
chr5:153568400-153569400,ENSG00000037749.7$MFAP3$chr5$153418466$+,0.38
chr19:13699200-13700600,ENSG00000037757.9$MRI1$chr19$13875346$+,0.47
chr19:13763000-13764400,ENSG00000037757.9$MRI1$chr19$13875346$+,0.59
chr19:13857600-13858400,ENSG00000037757.9$MRI1$chr19$13875346$+,0.55
chr19:13884200-13885200,ENSG00000037757.9$MRI1$chr19$13875346$+,0.63
chr19:14013600-14015000,ENSG00000037757.9$MRI1$chr19$13875346$+,0.36
chr12:58139400-58141400,ENSG00000037897.12$METTL1$chr12$58166576$-,0.39
chr12:58150000-58152400,ENSG00000037897.12$METTL1$chr12$58166576$-,0.47
chr12:58152600-58154400,ENSG00000037897.12$METTL1$chr12$58166576$-,0.53
chr12:58298000-58300200,ENSG00000037897.12$METTL1$chr12$58166576$-,0.37
chr4:178248800-178251000,ENSG00000038002.4$AGA$chr4$178363657$-,0.47
chr4:178257400-178258600,ENSG00000038002.4$AGA$chr4$178363657$-,0.47
chr4:178260000-178262200,ENSG00000038002.4$AGA$chr4$178363657$-,0.47
chr4:178367000-178369000,ENSG00000038002.4$AGA$chr4$178363657$-,0.57
chr4:25234200-25235200,ENSG00000038210.9$PI4K2B$chr4$25162263$+,0.4
chr4:25240800-25243000,ENSG00000038210.9$PI4K2B$chr4$25162263$+,0.43
chr5:162863200-162864600,ENSG00000038274.12$MAT2B$chr5$162930120$+,0.39
chr5:162893800-162895400,ENSG00000038274.12$MAT2B$chr5$162930120$+,0.39
chr5:162975800-162977200,ENSG00000038274.12$MAT2B$chr5$162930120$+,0.36
chr16:67753800-67756000,ENSG00000038358.10$EDC4$chr16$67906926$+,0.47
chr16:67841200-67842000,ENSG00000038358.10$EDC4$chr16$67906926$+,0.47
chr16:67850200-67851000,ENSG00000038358.10$EDC4$chr16$67906926$+,0.56
chr16:67874400-67876200,ENSG00000038358.10$EDC4$chr16$67906926$+,0.57
chr16:67881600-67884000,ENSG00000038358.10$EDC4$chr16$67906926$+,0.63
chr16:67884400-67886200,ENSG00000038358.10$EDC4$chr16$67906926$+,0.62
chr16:67926200-67926800,ENSG00000038358.10$EDC4$chr16$67906926$+,0.57
chr16:67970800-67972200,ENSG00000038358.10$EDC4$chr16$67906926$+,0.58
chr16:68003000-68005000,ENSG00000038358.10$EDC4$chr16$67906926$+,0.57
chr16:68054800-68056200,ENSG00000038358.10$EDC4$chr16$67906926$+,0.48
chr16:68057600-68059400,ENSG00000038358.10$EDC4$chr16$67906926$+,0.47
chr16:68153000-68154800,ENSG00000038358.10$EDC4$chr16$67906926$+,0.35
chr16:10945200-10947200,ENSG00000038532.10$CLEC16A$chr16$11038345$+,0.54
chr16:11065200-11067600,ENSG00000038532.10$CLEC16A$chr16$11038345$+,0.6
chr5:54429400-54431400,ENSG00000039123.11$SKIV2L2$chr5$54603588$+,0.38
chr5:54437000-54438800,ENSG00000039123.11$SKIV2L2$chr5$54603588$+,0.39
chr5:54441200-54442800,ENSG00000039123.11$SKIV2L2$chr5$54603588$+,0.46
chr5:54471400-54473600,ENSG00000039123.11$SKIV2L2$chr5$54603588$+,0.54
chr5:54633400-54635600,ENSG00000039123.11$SKIV2L2$chr5$54603588$+,0.63
chr5:54679600-54681800,ENSG00000039123.11$SKIV2L2$chr5$54603588$+,0.51
chr5:79580200-79581400,ENSG00000039319.12$ZFYVE16$chr5$79703832$+,0.41
chr5:79782200-79783600,ENSG00000039319.12$ZFYVE16$chr5$79703832$+,0.48
chr16:67542600-67544400,ENSG00000039523.13$FAM65A$chr16$67552321$+,0.35
chr5:157077600-157080000,ENSG00000039600.6$SOX30$chr5$157098488$-,0.43
chr19:50267800-50269600,ENSG00000039650.5$PNKP$chr19$50371166$-,0.52
chr19:50317000-50318200,ENSG00000039650.5$PNKP$chr19$50371166$-,0.58
chr19:50319600-50320800,ENSG00000039650.5$PNKP$chr19$50371166$-,0.51
chr19:50529600-50531400,ENSG00000039650.5$PNKP$chr19$50371166$-,0.49
chr19:12848800-12850600,ENSG00000039987.2$BEST2$chr19$12862516$+,0.54
chr16:71822600-71823800,ENSG00000040199.14$PHLPP2$chr16$71758604$-,0.45
chr5:169089400-169091600,ENSG00000040275.12$SPDL1$chr5$169010638$+,0.44
chr8:74656400-74658200,ENSG00000040341.13$STAU2$chr8$74659943$-,0.44
chr1:19575800-19577400,ENSG00000040487.8$PQLC2$chr1$19638820$+,0.45
chr17:3586000-3587400,ENSG00000040531.10$CTNS$chr17$3539762$+,0.59
chr17:3671800-3673000,ENSG00000040531.10$CTNS$chr17$3539762$+,0.61
chr17:3690800-3692600,ENSG00000040531.10$CTNS$chr17$3539762$+,0.5
chr17:3749600-3750400,ENSG00000040531.10$CTNS$chr17$3539762$+,0.39
chr17:6936600-6939000,ENSG00000040633.8$PHF23$chr17$7143041$-,0.35
chr17:7146600-7148200,ENSG00000040633.8$PHF23$chr17$7143041$-,0.53
chr17:7156200-7158200,ENSG00000040633.8$PHF23$chr17$7143041$-,0.65
chr17:7298400-7300000,ENSG00000040633.8$PHF23$chr17$7143041$-,0.35
chr17:7337800-7338800,ENSG00000040633.8$PHF23$chr17$7143041$-,0.37
chr2:99001000-99001800,ENSG00000040933.11$INPP4A$chr2$99061317$+,0.49
chr2:99027800-99030200,ENSG00000040933.11$INPP4A$chr2$99061317$+,0.71
chr15:78728400-78729800,ENSG00000041357.11$PSMA4$chr15$78832747$+,0.45
chr15:78797800-78799400,ENSG00000041357.11$PSMA4$chr15$78832747$+,0.65
chr15:78856400-78858200,ENSG00000041357.11$PSMA4$chr15$78832747$+,0.5
chr15:79001200-79002600,ENSG00000041357.11$PSMA4$chr15$78832747$+,0.39
chr3:194303200-194304800,ENSG00000041802.6$LSG1$chr3$194393206$-,0.54
chr3:194352400-194353600,ENSG00000041802.6$LSG1$chr3$194393206$-,0.61
chr3:194374400-194376400,ENSG00000041802.6$LSG1$chr3$194393206$-,0.73
chr3:51857000-51858200,ENSG00000041880.10$PARP3$chr3$51976361$+,0.39
chr3:52030200-52030600,ENSG00000041880.10$PARP3$chr3$51976361$+,0.48
chr1:6614800-6616000,ENSG00000041988.11$THAP3$chr1$6684926$+,0.46
chr1:6705800-6707200,ENSG00000041988.11$THAP3$chr1$6684926$+,0.63
chr1:6761600-6763600,ENSG00000041988.11$THAP3$chr1$6684926$+,0.57
chr20:49406200-49408400,ENSG00000042062.7$FAM65C$chr20$49308065$-,0.36
chr11:93377600-93379400,ENSG00000042429.6$MED17$chr11$93517393$+,0.44
chr2:85555800-85557000,ENSG00000042445.9$RETSAT$chr2$85581743$-,0.65
chr2:85644200-85646000,ENSG00000042445.9$RETSAT$chr2$85581743$-,0.57
chr2:85555800-85557000,ENSG00000042493.11$CAPG$chr2$85645555$-,0.42
chr19:47250000-47252400,ENSG00000042753.7$AP2S1$chr19$47354249$-,0.35
chr19:47291600-47293600,ENSG00000042753.7$AP2S1$chr19$47354249$-,0.58
chr19:47362000-47363600,ENSG00000042753.7$AP2S1$chr19$47354249$-,0.63
chr7:50131800-50133600,ENSG00000042813.3$ZPBP$chr7$50160925$-,0.45
chr7:50181800-50184000,ENSG00000042813.3$ZPBP$chr7$50160925$-,0.59
chr5:133700000-133702400,ENSG00000043143.16$PHF15$chr5$133860003$+,0.47
chr5:133965800-133967800,ENSG00000043143.16$PHF15$chr5$133860003$+,0.45
chr5:133968600-133971000,ENSG00000043143.16$PHF15$chr5$133860003$+,0.53
chr13:100568200-100569400,ENSG00000043355.6$ZIC2$chr13$100634026$+,0.4
chr5:169842600-169845000,ENSG00000043462.7$LCP2$chr5$169725231$-,0.41
chr1:40368000-40369400,ENSG00000043514.11$TRIT1$chr1$40349183$-,0.68
chr6:42950800-42951600,ENSG00000044090.4$CUL7$chr6$43021683$-,0.52
chr6:43025200-43026800,ENSG00000044090.4$CUL7$chr6$43021683$-,0.72
chr6:43137600-43138400,ENSG00000044090.4$CUL7$chr6$43021683$-,0.43
chr5:137911400-137913400,ENSG00000044115.16$CTNNA1$chr5$137946656$+,0.37
chr9:127905600-127907000,ENSG00000044574.7$HSPA5$chr9$128003609$-,0.46
chr9:127960800-127962400,ENSG00000044574.7$HSPA5$chr9$128003609$-,0.54
chr9:128030200-128032000,ENSG00000044574.7$HSPA5$chr9$128003609$-,0.6
chr9:128136000-128137800,ENSG00000044574.7$HSPA5$chr9$128003609$-,0.36
chrX:14049800-14052000,ENSG00000046647.9$GEMIN8$chrX$14048012$-,0.38
chrX:13671800-13674200,ENSG00000046651.10$OFD1$chrX$13752832$+,0.4
chrX:13702400-13704200,ENSG00000046651.10$OFD1$chrX$13752832$+,0.51
chrX:13705400-13707200,ENSG00000046651.10$OFD1$chrX$13752832$+,0.38
chrX:13757800-13758600,ENSG00000046651.10$OFD1$chrX$13752832$+,0.67
chr10:1155600-1157600,ENSG00000047056.10$WDR37$chr10$1095478$+,0.4
chr10:944200-946200,ENSG00000047056.10$WDR37$chr10$1095478$+,0.4
chr10:984600-985800,ENSG00000047056.10$WDR37$chr10$1095478$+,0.37
chr5:112785800-112788200,ENSG00000047188.11$YTHDC2$chr5$112849380$+,0.58
chr5:112941400-112942600,ENSG00000047188.11$YTHDC2$chr5$112849380$+,0.57
chrX:16728400-16730600,ENSG00000047230.10$CTPS2$chrX$16731059$-,0.39
chrX:16736400-16737200,ENSG00000047230.10$CTPS2$chrX$16731059$-,0.53
chrX:16803000-16804200,ENSG00000047230.10$CTPS2$chrX$16731059$-,0.35
chr4:57663600-57666000,ENSG00000047315.10$POLR2B$chr4$57843888$+,0.38
chr4:57771800-57773800,ENSG00000047315.10$POLR2B$chr4$57843888$+,0.48
chr4:36249200-36249600,ENSG00000047365.7$ARAP2$chr4$36246131$-,0.48
chr4:36250800-36251200,ENSG00000047365.7$ARAP2$chr4$36246131$-,0.53
chr4:36265600-36267200,ENSG00000047365.7$ARAP2$chr4$36246131$-,0.56
chr4:36395600-36397800,ENSG00000047365.7$ARAP2$chr4$36246131$-,0.39
chr1:186289800-186291200,ENSG00000047410.9$TPR$chr1$186344825$-,0.52
chr1:186292800-186293000,ENSG00000047410.9$TPR$chr1$186344825$-,0.55
chr1:186293200-186293800,ENSG00000047410.9$TPR$chr1$186344825$-,0.52
chr1:186332800-186334800,ENSG00000047410.9$TPR$chr1$186344825$-,0.46
chr3:148845800-148847000,ENSG00000047457.9$CP$chr3$148939842$-,0.51
chr3:148892200-148893400,ENSG00000047457.9$CP$chr3$148939842$-,0.59
chr12:4636400-4636800,ENSG00000047621.7$C12orf4$chr12$4647674$-,0.77
chr12:4639400-4641600,ENSG00000047621.7$C12orf4$chr12$4647674$-,0.82
chr12:4756400-4757600,ENSG00000047621.7$C12orf4$chr12$4647674$-,0.41
chrX:17670000-17670400,ENSG00000047634.10$SCML1$chrX$17755588$+,0.42
chrX:17787000-17789200,ENSG00000047634.10$SCML1$chrX$17755588$+,0.61
chr4:17787800-17790200,ENSG00000047662.4$FAM184B$chr4$17783135$-,0.59
chr3:48153200-48155600,ENSG00000047849.17$MAP4$chr3$48130769$-,0.6
chr3:48281000-48282600,ENSG00000047849.17$MAP4$chr3$48130769$-,0.51
chr6:117908200-117908600,ENSG00000047932.9$GOPC$chr6$117923691$-,0.77
chr6:117994400-117996200,ENSG00000047932.9$GOPC$chr6$117923691$-,0.59
chr6:118011800-118012600,ENSG00000047932.9$GOPC$chr6$117923691$-,0.62
chr11:113641600-113643800,ENSG00000048028.7$USP28$chr11$113746292$-,0.41
chr11:113746800-113749000,ENSG00000048028.7$USP28$chr11$113746292$-,0.38
chr5:175873000-175874200,ENSG00000048140.13$TSPAN17$chr5$176074388$+,0.36
chr5:176000600-176001600,ENSG00000048140.13$TSPAN17$chr5$176074388$+,0.48
chr5:175873000-175874200,ENSG00000048162.15$NOP16$chr5$175815976$-,0.57
chr8:103364800-103366000,ENSG00000048392.7$RRM2B$chr8$103251346$-,0.45
chr7:127033400-127034600,ENSG00000048405.5$ZNF800$chr7$127071978$-,0.38
chr7:127043400-127045800,ENSG00000048405.5$ZNF800$chr7$127071978$-,0.44
chr7:127090400-127092200,ENSG00000048405.5$ZNF800$chr7$127071978$-,0.64
chr16:12010400-12011600,ENSG00000048462.6$TNFRSF17$chr16$12058964$+,0.61
chr16:12071400-12073400,ENSG00000048462.6$TNFRSF17$chr16$12058964$+,0.57
chr16:12161400-12163600,ENSG00000048462.6$TNFRSF17$chr16$12058964$+,0.38
chr16:12010400-12011600,ENSG00000048471.9$SNX29$chr16$12070594$+,0.52
chr16:12071400-12073400,ENSG00000048471.9$SNX29$chr16$12070594$+,0.36
chr16:12161400-12163600,ENSG00000048471.9$SNX29$chr16$12070594$+,0.49
chr11:77435800-77436400,ENSG00000048649.9$RSF1$chr11$77532063$-,0.35
chr11:77477200-77479200,ENSG00000048649.9$RSF1$chr11$77532063$-,0.46
chr11:77479400-77480000,ENSG00000048649.9$RSF1$chr11$77532063$-,0.48
chr11:77501600-77502600,ENSG00000048649.9$RSF1$chr11$77532063$-,0.46
chr11:77507600-77508600,ENSG00000048649.9$RSF1$chr11$77532063$-,0.58
chr1:12152000-12152200,ENSG00000048707.9$VPS13D$chr1$12290124$+,0.37
chr1:12180800-12182400,ENSG00000048707.9$VPS13D$chr1$12290124$+,0.38
chr1:12261000-12261600,ENSG00000048707.9$VPS13D$chr1$12290124$+,0.44
chr1:12457000-12459200,ENSG00000048707.9$VPS13D$chr1$12290124$+,0.39
chr2:136303000-136304200,ENSG00000048991.12$R3HDM1$chr2$136289025$+,0.6
chr1:40696800-40698800,ENSG00000049089.9$COL9A2$chr1$40783488$-,0.35
chr1:40720800-40722800,ENSG00000049089.9$COL9A2$chr1$40783488$-,0.49
chr1:40837600-40839400,ENSG00000049089.9$COL9A2$chr1$40783488$-,0.48
chr5:64854400-64855000,ENSG00000049192.10$ADAMTS6$chr5$64777747$-,0.38
chr1:7830000-7831000,ENSG00000049246.10$PER3$chr1$7844380$+,0.59
chr1:7962000-7963800,ENSG00000049246.10$PER3$chr1$7844380$+,0.47
chr1:8008600-8011000,ENSG00000049246.10$PER3$chr1$7844380$+,0.37
chr1:8019000-8021200,ENSG00000049246.10$PER3$chr1$7844380$+,0.37
chr1:7830000-7831000,ENSG00000049249.4$TNFRSF9$chr1$8000926$-,0.35
chr1:7962000-7963800,ENSG00000049249.4$TNFRSF9$chr1$8000926$-,0.52
chr1:8008600-8011000,ENSG00000049249.4$TNFRSF9$chr1$8000926$-,0.71
chr1:8019000-8021200,ENSG00000049249.4$TNFRSF9$chr1$8000926$-,0.51
chr1:8172800-8174800,ENSG00000049249.4$TNFRSF9$chr1$8000926$-,0.65
chr7:73586000-73588000,ENSG00000049541.6$RFC2$chr7$73668774$-,0.51
chr6:157006000-157007600,ENSG00000049618.17$ARID1B$chr6$157099063$+,0.43
chr5:1268200-1270000,ENSG00000049656.9$CLPTM1L$chr5$1345214$-,0.44
chrX:48977800-48979400,ENSG00000049768.10$FOXP3$chrX$49121288$-,0.48
chrX:49048400-49050800,ENSG00000049768.10$FOXP3$chrX$49121288$-,0.46
chrX:49116400-49117200,ENSG00000049768.10$FOXP3$chrX$49121288$-,0.47
chrX:49148000-49150000,ENSG00000049768.10$FOXP3$chrX$49121288$-,0.49
chrX:48977800-48979400,ENSG00000049769.8$PPP1R3F$chrX$49126306$+,0.38
chrX:49048400-49050800,ENSG00000049769.8$PPP1R3F$chrX$49126306$+,0.38
chrX:49116400-49117200,ENSG00000049769.8$PPP1R3F$chrX$49126306$+,0.44
chrX:49148000-49150000,ENSG00000049769.8$PPP1R3F$chrX$49126306$+,0.63
chr5:73978400-73980800,ENSG00000049860.9$HEXB$chr5$73935848$+,0.57
chr5:71490200-71492200,ENSG00000049883.10$PTCD2$chr5$71616194$+,0.47
chr5:71551000-71553400,ENSG00000049883.10$PTCD2$chr5$71616194$+,0.56
chr14:59970200-59972400,ENSG00000050130.13$JKAMP$chr14$59951161$+,0.46
chr7:26118000-26120000,ENSG00000050344.8$NFE2L3$chr7$26191860$+,0.52
chr7:26151200-26152800,ENSG00000050344.8$NFE2L3$chr7$26191860$+,0.59
chr7:26230200-26230800,ENSG00000050344.8$NFE2L3$chr7$26191860$+,0.52
chr6:13747200-13749400,ENSG00000050393.7$MCUR1$chr6$13814800$-,0.55
chr6:13935200-13937200,ENSG00000050393.7$MCUR1$chr6$13814800$-,0.41
chr12:50542800-50543600,ENSG00000050405.9$LIMA1$chr12$50677329$-,0.39
chr12:50550200-50552400,ENSG00000050405.9$LIMA1$chr12$50677329$-,0.4
chr12:50554000-50555600,ENSG00000050405.9$LIMA1$chr12$50677329$-,0.47
chr12:50558000-50560400,ENSG00000050405.9$LIMA1$chr12$50677329$-,0.45
chr12:51557600-51558000,ENSG00000050426.11$LETMD1$chr12$51441745$+,0.37
chr12:51594600-51595200,ENSG00000050426.11$LETMD1$chr12$51441745$+,0.4
chr12:51609400-51611000,ENSG00000050426.11$LETMD1$chr12$51441745$+,0.38
chr12:51612400-51614200,ENSG00000050426.11$LETMD1$chr12$51441745$+,0.41
chr12:51609400-51611000,ENSG00000050438.12$SLC4A8$chr12$51785101$+,0.35
chr12:51612400-51614200,ENSG00000050438.12$SLC4A8$chr12$51785101$+,0.35
chr12:51832800-51834600,ENSG00000050438.12$SLC4A8$chr12$51785101$+,0.5
chr12:51834800-51837000,ENSG00000050438.12$SLC4A8$chr12$51785101$+,0.61
chr4:121998400-122000600,ENSG00000050730.11$TNIP3$chr4$122148621$-,0.35
chr4:122039200-122041200,ENSG00000050730.11$TNIP3$chr4$122148621$-,0.36
chr4:122050600-122052000,ENSG00000050730.11$TNIP3$chr4$122148621$-,0.4
chr4:122071800-122072000,ENSG00000050730.11$TNIP3$chr4$122148621$-,0.42
chr4:122162600-122164800,ENSG00000050730.11$TNIP3$chr4$122148621$-,0.58
chr4:122165000-122166400,ENSG00000050730.11$TNIP3$chr4$122148621$-,0.51
chr4:122228000-122230400,ENSG00000050730.11$TNIP3$chr4$122148621$-,0.41
chr11:6199400-6201400,ENSG00000051009.6$FAM160A2$chr11$6255941$-,0.49
chr16:56735200-56737200,ENSG00000051108.10$HERPUD1$chr16$56965960$+,0.39
chr16:56859800-56861600,ENSG00000051108.10$HERPUD1$chr16$56965960$+,0.45
chr19:19057200-19058200,ENSG00000051128.14$HOMER3$chr19$19052070$-,0.71
chr15:40891600-40891800,ENSG00000051180.12$RAD51$chr15$40986972$+,0.46
chr15:41047800-41050200,ENSG00000051180.12$RAD51$chr15$40986972$+,0.47
chr15:41097800-41099200,ENSG00000051180.12$RAD51$chr15$40986972$+,0.37
chr15:41175800-41177800,ENSG00000051180.12$RAD51$chr15$40986972$+,0.36
chr3:138479800-138481400,ENSG00000051382.4$PIK3CB$chr3$138553780$-,0.44
chr3:138513000-138513800,ENSG00000051382.4$PIK3CB$chr3$138553780$-,0.49
chr3:138532800-138535200,ENSG00000051382.4$PIK3CB$chr3$138553780$-,0.43
chr3:138632200-138634200,ENSG00000051382.4$PIK3CB$chr3$138553780$-,0.56
chr3:138679000-138680800,ENSG00000051382.4$PIK3CB$chr3$138553780$-,0.39
chr16:88517200-88519400,ENSG00000051523.6$CYBA$chr16$88717560$-,0.35
chr16:88635000-88636200,ENSG00000051523.6$CYBA$chr16$88717560$-,0.4
chr5:175395400-175396000,ENSG00000051596.5$THOC3$chr5$175461683$-,0.48
chr5:175433000-175435200,ENSG00000051596.5$THOC3$chr5$175461683$-,0.61
chr5:175459800-175460600,ENSG00000051596.5$THOC3$chr5$175461683$-,0.5
chr5:175470000-175471400,ENSG00000051596.5$THOC3$chr5$175461683$-,0.65
chr5:175475400-175477400,ENSG00000051596.5$THOC3$chr5$175461683$-,0.65
chr12:123684400-123686000,ENSG00000051825.10$MPHOSPH9$chr12$123728561$-,0.48
chr12:123850400-123852000,ENSG00000051825.10$MPHOSPH9$chr12$123728561$-,0.43
chr1:115210000-115212400,ENSG00000052723.7$SIKE1$chr1$115323306$-,0.48
chr1:115242400-115243200,ENSG00000052723.7$SIKE1$chr1$115323306$-,0.49
chr1:115259800-115260800,ENSG00000052723.7$SIKE1$chr1$115323306$-,0.5
chr1:115300800-115301800,ENSG00000052723.7$SIKE1$chr1$115323306$-,0.53
chr1:115397200-115398600,ENSG00000052723.7$SIKE1$chr1$115323306$-,0.53
chr10:99050000-99051800,ENSG00000052749.9$RRP12$chr10$99161127$-,0.53
chr10:99052400-99054600,ENSG00000052749.9$RRP12$chr10$99161127$-,0.55
chr10:99203800-99205000,ENSG00000052749.9$RRP12$chr10$99161127$-,0.44
chr4:159645000-159646000,ENSG00000052795.8$FNIP2$chr4$159690290$+,0.55
chr4:159823200-159825200,ENSG00000052795.8$FNIP2$chr4$159690290$+,0.35
chr4:159825600-159827800,ENSG00000052795.8$FNIP2$chr4$159690290$+,0.44
chr11:43383800-43385400,ENSG00000052841.10$TTC17$chr11$43380482$+,0.47
chr11:43392400-43394000,ENSG00000052841.10$TTC17$chr11$43380482$+,0.55
chr11:43509200-43509600,ENSG00000052841.10$TTC17$chr11$43380482$+,0.41
chr5:132953200-132955000,ENSG00000053108.12$FSTL4$chr5$132948255$-,0.5
chr14:89991200-89992200,ENSG00000053254.11$FOXN3$chr14$90085493$-,0.4
chr14:90180400-90182000,ENSG00000053254.11$FOXN3$chr14$90085493$-,0.46
chr1:19575800-19577400,ENSG00000053371.8$AKR7A2$chr1$19638640$-,0.45
chr1:19541600-19542800,ENSG00000053372.4$MRTO4$chr1$19578033$+,0.64
chr19:17334200-17336600,ENSG00000053501.8$USE1$chr19$17326155$+,0.69
chr19:17378800-17380200,ENSG00000053501.8$USE1$chr19$17326155$+,0.47
chr19:17443000-17445200,ENSG00000053501.8$USE1$chr19$17326155$+,0.51
chr19:17445400-17447400,ENSG00000053501.8$USE1$chr19$17326155$+,0.49
chr19:17520200-17521200,ENSG00000053501.8$USE1$chr19$17326155$+,0.39
chr19:17531400-17532000,ENSG00000053501.8$USE1$chr19$17326155$+,0.41
chr3:183121200-183122800,ENSG00000053524.7$MCF2L2$chr3$183146566$-,0.64
chr3:183123200-183123400,ENSG00000053524.7$MCF2L2$chr3$183146566$-,0.64
chr3:183146800-183149000,ENSG00000053524.7$MCF2L2$chr3$183146566$-,0.37
chr3:183352400-183353200,ENSG00000053524.7$MCF2L2$chr3$183146566$-,0.44
chr14:57727800-57730200,ENSG00000053770.7$AP5M1$chr14$57735627$+,0.64
chr14:57855800-57856800,ENSG00000053770.7$AP5M1$chr14$57735627$+,0.41
chr14:57878200-57878800,ENSG00000053770.7$AP5M1$chr14$57735627$+,0.4
chr4:25240800-25243000,ENSG00000053900.6$ANAPC4$chr4$25378835$+,0.42
chr4:25331800-25334000,ENSG00000053900.6$ANAPC4$chr4$25378835$+,0.59
chr11:2422600-2424400,ENSG00000053918.11$KCNQ1$chr11$2465914$+,0.68
chr1:36612200-36614400,ENSG00000054116.7$TRAPPC3$chr1$36615098$-,0.35
chr1:36652400-36654600,ENSG00000054116.7$TRAPPC3$chr1$36615098$-,0.62
chr1:36688000-36689400,ENSG00000054116.7$TRAPPC3$chr1$36615098$-,0.54
chr1:36727000-36728200,ENSG00000054116.7$TRAPPC3$chr1$36615098$-,0.35
chr1:36612200-36614400,ENSG00000054118.9$THRAP3$chr1$36690017$+,0.44
chr1:36652400-36654600,ENSG00000054118.9$THRAP3$chr1$36690017$+,0.59
chr1:36727000-36728200,ENSG00000054118.9$THRAP3$chr1$36690017$+,0.6
chr1:36772800-36774400,ENSG00000054118.9$THRAP3$chr1$36690017$+,0.46
chr1:235278200-235278600,ENSG00000054267.16$ARID4B$chr1$235491534$-,0.39
chr1:235316800-235318800,ENSG00000054267.16$ARID4B$chr1$235491534$-,0.51
chr1:235325000-235326000,ENSG00000054267.16$ARID4B$chr1$235491534$-,0.54
chr1:235353400-235354600,ENSG00000054267.16$ARID4B$chr1$235491534$-,0.45
chr1:235416400-235417800,ENSG00000054267.16$ARID4B$chr1$235491534$-,0.47
chr1:235529000-235530400,ENSG00000054267.16$ARID4B$chr1$235491534$-,0.53
chr1:235531400-235533600,ENSG00000054267.16$ARID4B$chr1$235491534$-,0.58
chr1:235625200-235626200,ENSG00000054267.16$ARID4B$chr1$235491534$-,0.46
chr1:235627800-235628400,ENSG00000054267.16$ARID4B$chr1$235491534$-,0.42
chr1:241851400-241853400,ENSG00000054277.8$OPN3$chr1$241840678$-,0.65
chr1:210572600-210574600,ENSG00000054392.8$HHAT$chr1$210501596$+,0.46
chr14:64195000-64196400,ENSG00000054654.11$SYNE2$chr14$64319683$+,0.45
chr14:64203600-64205200,ENSG00000054654.11$SYNE2$chr14$64319683$+,0.4
chr14:64225200-64227600,ENSG00000054654.11$SYNE2$chr14$64319683$+,0.43
chr14:64312400-64313000,ENSG00000054654.11$SYNE2$chr14$64319683$+,0.66
chr14:64325200-64325400,ENSG00000054654.11$SYNE2$chr14$64319683$+,0.65
chr14:64325800-64328000,ENSG00000054654.11$SYNE2$chr14$64319683$+,0.72
chr14:64350600-64353000,ENSG00000054654.11$SYNE2$chr14$64319683$+,0.69
chr20:55924600-55926000,ENSG00000054796.8$SPO11$chr20$55904815$+,0.41
chr20:55927000-55929200,ENSG00000054796.8$SPO11$chr20$55904815$+,0.39
chr11:74450600-74451400,ENSG00000054938.11$CHRDL2$chr11$74442430$-,0.57
chr11:73499600-73501000,ENSG00000054965.6$FAM168A$chr11$73309234$-,0.37
chr11:73016600-73018800,ENSG00000054967.8$RELT$chr11$73087309$+,0.5
chr14:88403400-88404800,ENSG00000054983.12$GALC$chr14$88460009$-,0.48
chr14:88485600-88487200,ENSG00000054983.12$GALC$chr14$88460009$-,0.53
chr2:203094000-203095600,ENSG00000055044.6$NOP58$chr2$203130439$+,0.61
chr2:203097000-203099200,ENSG00000055044.6$NOP58$chr2$203130439$+,0.6
chr2:203237800-203240200,ENSG00000055044.6$NOP58$chr2$203130439$+,0.45
chr1:16563600-16565800,ENSG00000055070.12$SZRD1$chr1$16679070$+,0.43
chr1:16596400-16598600,ENSG00000055070.12$SZRD1$chr1$16679070$+,0.47
chr1:16653400-16655400,ENSG00000055070.12$SZRD1$chr1$16679070$+,0.66
chr1:16765400-16767200,ENSG00000055070.12$SZRD1$chr1$16679070$+,0.45
chr1:16823400-16825400,ENSG00000055070.12$SZRD1$chr1$16679070$+,0.35
chr1:16832000-16834200,ENSG00000055070.12$SZRD1$chr1$16679070$+,0.36
chr7:150627800-150629400,ENSG00000055118.10$KCNH2$chr7$150675403$-,0.35
chr7:148510400-148511200,ENSG00000055130.11$CUL1$chr7$148395006$+,0.41
chr7:148551600-148552800,ENSG00000055130.11$CUL1$chr7$148395006$+,0.35
chr7:148553000-148554600,ENSG00000055130.11$CUL1$chr7$148395006$+,0.42
chr7:148582200-148583200,ENSG00000055130.11$CUL1$chr7$148395006$+,0.36
chr7:148617200-148619200,ENSG00000055130.11$CUL1$chr7$148395006$+,0.35
chr7:148636200-148637800,ENSG00000055130.11$CUL1$chr7$148395006$+,0.39
chr7:148638800-148640400,ENSG00000055130.11$CUL1$chr7$148395006$+,0.44
chr7:148658000-148660200,ENSG00000055130.11$CUL1$chr7$148395006$+,0.36
chr7:148660400-148662400,ENSG00000055130.11$CUL1$chr7$148395006$+,0.37
chr7:148662800-148665000,ENSG00000055130.11$CUL1$chr7$148395006$+,0.35
chr7:148685000-148686200,ENSG00000055130.11$CUL1$chr7$148395006$+,0.39
chr5:153568400-153569400,ENSG00000055147.13$FAM114A2$chr5$153418496$-,0.44
chr5:156555400-156557000,ENSG00000055163.14$CYFIP2$chr5$156693089$+,0.37
chr5:156584200-156585000,ENSG00000055163.14$CYFIP2$chr5$156693089$+,0.35
chr5:156612200-156613800,ENSG00000055163.14$CYFIP2$chr5$156693089$+,0.35
chr5:156614800-156615200,ENSG00000055163.14$CYFIP2$chr5$156693089$+,0.35
chr5:156617400-156618400,ENSG00000055163.14$CYFIP2$chr5$156693089$+,0.36
chr5:156618600-156621000,ENSG00000055163.14$CYFIP2$chr5$156693089$+,0.39
chr5:156663400-156665200,ENSG00000055163.14$CYFIP2$chr5$156693089$+,0.57
chr5:156668600-156670000,ENSG00000055163.14$CYFIP2$chr5$156693089$+,0.56
chr5:156670600-156671400,ENSG00000055163.14$CYFIP2$chr5$156693089$+,0.57
chr5:156671600-156673800,ENSG00000055163.14$CYFIP2$chr5$156693089$+,0.64
chr5:156686000-156687800,ENSG00000055163.14$CYFIP2$chr5$156693089$+,0.65
chr5:156738800-156740800,ENSG00000055163.14$CYFIP2$chr5$156693089$+,0.54
chr6:149406800-149407800,ENSG00000055208.13$TAB2$chr6$149539777$+,0.36
chr6:149444000-149445600,ENSG00000055208.13$TAB2$chr6$149539777$+,0.48
chr6:149471600-149472800,ENSG00000055208.13$TAB2$chr6$149539777$+,0.39
chr6:149510800-149512000,ENSG00000055208.13$TAB2$chr6$149539777$+,0.56
chr6:149824200-149826000,ENSG00000055211.8$GINM1$chr6$149887430$+,0.55
chr6:149862000-149863000,ENSG00000055211.8$GINM1$chr6$149887430$+,0.63
chr6:149963600-149965400,ENSG00000055211.8$GINM1$chr6$149887430$+,0.48
chr6:149969800-149970800,ENSG00000055211.8$GINM1$chr6$149887430$+,0.37
chr6:150007200-150008800,ENSG00000055211.8$GINM1$chr6$149887430$+,0.36
chr6:150017400-150019200,ENSG00000055211.8$GINM1$chr6$149887430$+,0.38
chr2:37231800-37233800,ENSG00000055332.12$EIF2AK2$chr2$37384208$-,0.42
chr2:37299200-37301000,ENSG00000055332.12$EIF2AK2$chr2$37384208$-,0.44
chr2:37303400-37304200,ENSG00000055332.12$EIF2AK2$chr2$37384208$-,0.48
chr2:37387200-37387600,ENSG00000055332.12$EIF2AK2$chr2$37384208$-,0.55
chr2:37470000-37471800,ENSG00000055332.12$EIF2AK2$chr2$37384208$-,0.44
chr17:76808800-76810400,ENSG00000055483.15$USP36$chr17$76837523$-,0.52
chr7:152069600-152070600,ENSG00000055609.13$KMT2C$chr7$152133090$-,0.51
chr7:152099200-152100000,ENSG00000055609.13$KMT2C$chr7$152133090$-,0.6
chr7:152107800-152109400,ENSG00000055609.13$KMT2C$chr7$152133090$-,0.51
chr7:152118400-152120200,ENSG00000055609.13$KMT2C$chr7$152133090$-,0.56
chr7:152134000-152135800,ENSG00000055609.13$KMT2C$chr7$152133090$-,0.36
chr7:152162200-152163000,ENSG00000055609.13$KMT2C$chr7$152133090$-,0.66
chr1:85394600-85397000,ENSG00000055732.8$MCOLN3$chr1$85514182$-,0.36
chr1:85452000-85452800,ENSG00000055732.8$MCOLN3$chr1$85514182$-,0.46
chr1:85453600-85455400,ENSG00000055732.8$MCOLN3$chr1$85514182$-,0.44
chr1:85456400-85458600,ENSG00000055732.8$MCOLN3$chr1$85514182$-,0.4
chr1:85458800-85459200,ENSG00000055732.8$MCOLN3$chr1$85514182$-,0.41
chr1:85470800-85472000,ENSG00000055732.8$MCOLN3$chr1$85514182$-,0.43
chr1:85492600-85493800,ENSG00000055732.8$MCOLN3$chr1$85514182$-,0.62
chr3:52802800-52804600,ENSG00000055957.6$ITIH1$chr3$52811603$+,0.47
chr4:170534400-170536000,ENSG00000056050.6$C4orf27$chr4$170679104$-,0.37
chr4:170613000-170614600,ENSG00000056050.6$C4orf27$chr4$170679104$-,0.53
chr4:170676600-170678600,ENSG00000056050.6$C4orf27$chr4$170679104$-,0.37
chr4:170711800-170713600,ENSG00000056050.6$C4orf27$chr4$170679104$-,0.51
chr4:170744400-170745400,ENSG00000056050.6$C4orf27$chr4$170679104$-,0.47
chrX:129245000-129246600,ENSG00000056277.11$ZNF280C$chrX$129402873$-,0.36
chrX:129293000-129295400,ENSG00000056277.11$ZNF280C$chrX$129402873$-,0.44
chrX:129300600-129301800,ENSG00000056277.11$ZNF280C$chrX$129402873$-,0.42
chrX:129536600-129539000,ENSG00000056277.11$ZNF280C$chrX$129402873$-,0.44
chr9:123556400-123558200,ENSG00000056558.6$TRAF1$chr9$123691451$-,0.37
chr9:123736200-123738200,ENSG00000056558.6$TRAF1$chr9$123691451$-,0.59
chr9:123821400-123823000,ENSG00000056558.6$TRAF1$chr9$123691451$-,0.36
chr9:123831600-123832200,ENSG00000056558.6$TRAF1$chr9$123691451$-,0.38
chr9:125597000-125598600,ENSG00000056586.11$RC3H2$chr9$125667620$-,0.41
chr9:125673000-125674800,ENSG00000056586.11$RC3H2$chr9$125667620$-,0.67
chr9:125701400-125703200,ENSG00000056586.11$RC3H2$chr9$125667620$-,0.6
chr17:36956400-36957200,ENSG00000056661.9$PCGF2$chr17$36906070$-,0.49
chr17:36981800-36982600,ENSG00000056661.9$PCGF2$chr17$36906070$-,0.36
chr1:179333400-179334800,ENSG00000057252.8$SOAT1$chr1$179262925$+,0.41
chr13:113763600-113765800,ENSG00000057593.9$F7$chr13$113760105$+,0.63
chr10:5914800-5917000,ENSG00000057608.12$GDI2$chr10$5884095$-,0.59
chr10:6019800-6021400,ENSG00000057608.12$GDI2$chr10$5884095$-,0.44
chr6:106426000-106428000,ENSG00000057657.10$PRDM1$chr6$106534195$+,0.35
chr6:106437600-106440000,ENSG00000057657.10$PRDM1$chr6$106534195$+,0.4
chr6:106440400-106442400,ENSG00000057657.10$PRDM1$chr6$106534195$+,0.4
chr6:106596800-106598000,ENSG00000057657.10$PRDM1$chr6$106534195$+,0.56
chr6:106620800-106622800,ENSG00000057657.10$PRDM1$chr6$106534195$+,0.41
chr6:106637400-106638000,ENSG00000057657.10$PRDM1$chr6$106534195$+,0.38
chr6:106620800-106622800,ENSG00000057663.8$ATG5$chr6$106773666$-,0.47
chr6:106637400-106638000,ENSG00000057663.8$ATG5$chr6$106773666$-,0.44
chr6:106718200-106718600,ENSG00000057663.8$ATG5$chr6$106773666$-,0.73
chr6:106733800-106736000,ENSG00000057663.8$ATG5$chr6$106773666$-,0.69
chr6:106807600-106809600,ENSG00000057663.8$ATG5$chr6$106773666$-,0.7
chr1:23991000-23992000,ENSG00000057757.5$PITHD1$chr1$24104895$+,0.41
chr1:24067800-24069400,ENSG00000057757.5$PITHD1$chr1$24104895$+,0.7
chr1:24115200-24117400,ENSG00000057757.5$PITHD1$chr1$24104895$+,0.57
chr1:24149600-24151400,ENSG00000057757.5$PITHD1$chr1$24104895$+,0.64
chr1:24152400-24153200,ENSG00000057757.5$PITHD1$chr1$24104895$+,0.52
chr2:42796400-42797800,ENSG00000057935.9$MTA3$chr2$42721709$+,0.37
chr3:179323200-179325600,ENSG00000058056.4$USP13$chr3$179370543$+,0.58
chr3:179326200-179328400,ENSG00000058056.4$USP13$chr3$179370543$+,0.68
chr3:182541400-182543200,ENSG00000058063.11$ATP11B$chr3$182511288$+,0.56
chr3:182578600-182580600,ENSG00000058063.11$ATP11B$chr3$182511288$+,0.49
chr7:90092000-90092600,ENSG00000058091.12$CDK14$chr7$90095738$+,0.43
chr7:90093200-90093600,ENSG00000058091.12$CDK14$chr7$90095738$+,0.45
chr3:127840600-127842200,ENSG00000058262.5$SEC61A1$chr3$127770484$+,0.55
chr3:127842600-127843800,ENSG00000058262.5$SEC61A1$chr3$127770484$+,0.54
chr12:80237400-80239600,ENSG00000058272.11$PPP1R12A$chr12$80329240$-,0.45
chr12:80297800-80300200,ENSG00000058272.11$PPP1R12A$chr12$80329240$-,0.66
chr1:17053600-17055400,ENSG00000058453.12$CROCC$chr1$17066768$+,0.44
chr16:22172800-22174600,ENSG00000058600.11$POLR3E$chr16$22308730$+,0.35
chr16:22216000-22217200,ENSG00000058600.11$POLR3E$chr16$22308730$+,0.39
chr16:22349200-22349600,ENSG00000058600.11$POLR3E$chr16$22308730$+,0.5
chr16:22353600-22354200,ENSG00000058600.11$POLR3E$chr16$22308730$+,0.49
chr16:22386600-22388400,ENSG00000058600.11$POLR3E$chr16$22308730$+,0.45
chr16:22404200-22406000,ENSG00000058600.11$POLR3E$chr16$22308730$+,0.47
chr1:203577600-203579800,ENSG00000058668.10$ATP2B4$chr1$203595689$+,0.58
chr1:203763200-203764600,ENSG00000058668.10$ATP2B4$chr1$203595689$+,0.48
chr1:203784800-203786000,ENSG00000058668.10$ATP2B4$chr1$203595689$+,0.39
chr1:203745000-203746200,ENSG00000058673.11$ZC3H11A$chr1$203764782$+,0.57
chr1:203784800-203786000,ENSG00000058673.11$ZC3H11A$chr1$203764782$+,0.68
chr1:203889400-203890400,ENSG00000058673.11$ZC3H11A$chr1$203764782$+,0.47
chr1:54304400-54305200,ENSG00000058799.9$YIPF1$chr1$54356407$-,0.52
chr1:54353000-54355000,ENSG00000058799.9$YIPF1$chr1$54356407$-,0.47
chr1:54353000-54355000,ENSG00000058804.10$NDC1$chr1$54304533$-,0.59
chr1:54519800-54521800,ENSG00000058804.10$NDC1$chr1$54304533$-,0.37
chr16:2800400-2802200,ENSG00000059122.12$FLYWCH1$chr16$2961938$+,0.49
chr16:2916400-2918000,ENSG00000059122.12$FLYWCH1$chr16$2961938$+,0.59
chr16:2918600-2920000,ENSG00000059122.12$FLYWCH1$chr16$2961938$+,0.57
chr16:2933800-2934600,ENSG00000059122.12$FLYWCH1$chr16$2961938$+,0.61
chr16:2953600-2954600,ENSG00000059122.12$FLYWCH1$chr16$2961938$+,0.65
chr16:2955400-2957800,ENSG00000059122.12$FLYWCH1$chr16$2961938$+,0.71
chr16:2968600-2970400,ENSG00000059122.12$FLYWCH1$chr16$2961938$+,0.74
chr16:1471400-1473000,ENSG00000059145.14$UNKL$chr16$1464752$-,0.55
chr7:139769200-139770200,ENSG00000059378.8$PARP12$chr7$139763521$-,0.63
chr7:139877600-139879600,ENSG00000059378.8$PARP12$chr7$139763521$-,0.36
chr10:97453800-97455200,ENSG00000059573.4$ALDH18A1$chr10$97416463$-,0.6
chr1:234520800-234522200,ENSG00000059588.5$TARBP1$chr1$234614849$-,0.37
chr1:234543400-234545800,ENSG00000059588.5$TARBP1$chr1$234614849$-,0.49
chr1:234733000-234735400,ENSG00000059588.5$TARBP1$chr1$234614849$-,0.35
chr4:152860800-152863200,ENSG00000059691.7$PET112$chr4$152682175$-,0.37
chr12:96700800-96702200,ENSG00000059758.3$CDK17$chr12$96794338$-,0.4
chr12:96835400-96837600,ENSG00000059758.3$CDK17$chr12$96794338$-,0.59
chr12:96883600-96885600,ENSG00000059758.3$CDK17$chr12$96794338$-,0.41
chr12:96964800-96966400,ENSG00000059758.3$CDK17$chr12$96794338$-,0.4
chr9:114242800-114245000,ENSG00000059769.15$DNAJC25$chr9$114393632$+,0.46
chr9:114247000-114248200,ENSG00000059769.15$DNAJC25$chr9$114393632$+,0.4
chr9:114286400-114287400,ENSG00000059769.15$DNAJC25$chr9$114393632$+,0.49
chr9:114405000-114407200,ENSG00000059769.15$DNAJC25$chr9$114393632$+,0.66
chr12:8177800-8178600,ENSG00000059804.11$SLC2A3$chr12$8088871$-,0.45
chr12:8180000-8180800,ENSG00000059804.11$SLC2A3$chr12$8088871$-,0.51
chr12:8183800-8185000,ENSG00000059804.11$SLC2A3$chr12$8088871$-,0.45
chr12:8198600-8199400,ENSG00000059804.11$SLC2A3$chr12$8088871$-,0.44
chr10:104190200-104191800,ENSG00000059915.12$PSD$chr10$104181296$-,0.57
chr10:104208800-104209800,ENSG00000059915.12$PSD$chr10$104181296$-,0.48
chr10:104232000-104234400,ENSG00000059915.12$PSD$chr10$104181296$-,0.42
chr10:104270800-104273000,ENSG00000059915.12$PSD$chr10$104181296$-,0.4
chr12:10853600-10855200,ENSG00000060138.8$YBX3$chr12$10875911$-,0.4
chr12:10766800-10769000,ENSG00000060140.4$STYK1$chr12$10826917$-,0.6
chr12:10853600-10855200,ENSG00000060140.4$STYK1$chr12$10826917$-,0.74
chr12:852000-854400,ENSG00000060237.12$WNK1$chr12$861759$+,0.61
chr12:923000-923400,ENSG00000060237.12$WNK1$chr12$861759$+,0.62
chr12:934400-936600,ENSG00000060237.12$WNK1$chr12$861759$+,0.47
chr12:937600-939800,ENSG00000060237.12$WNK1$chr12$861759$+,0.54
chr12:946800-948800,ENSG00000060237.12$WNK1$chr12$861759$+,0.54
chr12:951800-953400,ENSG00000060237.12$WNK1$chr12$861759$+,0.5
chr12:963600-965000,ENSG00000060237.12$WNK1$chr12$861759$+,0.58
chr12:978200-980600,ENSG00000060237.12$WNK1$chr12$861759$+,0.44
chr10:70384600-70386600,ENSG00000060339.9$CCAR1$chr10$70480769$+,0.37
chr10:70387200-70389200,ENSG00000060339.9$CCAR1$chr10$70480769$+,0.48
chr10:70484000-70484600,ENSG00000060339.9$CCAR1$chr10$70480769$+,0.54
chr10:70585400-70586800,ENSG00000060339.9$CCAR1$chr10$70480769$+,0.35
chr10:70658600-70660400,ENSG00000060339.9$CCAR1$chr10$70480769$+,0.46
chr20:61521800-61523600,ENSG00000060491.12$OGFR$chr20$61436187$+,0.5
chr20:61523800-61524600,ENSG00000060491.12$OGFR$chr20$61436187$+,0.47
chr19:3024200-3026400,ENSG00000060558.3$GNA15$chr19$3136191$+,0.4
chr19:3075000-3077000,ENSG00000060558.3$GNA15$chr19$3136191$+,0.46
chr19:3971000-3971800,ENSG00000060566.9$CREB3L3$chr19$4153598$+,0.35
chr19:4124400-4125000,ENSG00000060566.9$CREB3L3$chr19$4153598$+,0.64
chr19:4179600-4182000,ENSG00000060566.9$CREB3L3$chr19$4153598$+,0.71
chr19:4183000-4185000,ENSG00000060566.9$CREB3L3$chr19$4153598$+,0.48
chr1:27020000-27021800,ENSG00000060642.6$PIGV$chr1$27113963$+,0.38
chr1:27146600-27149000,ENSG00000060642.6$PIGV$chr1$27113963$+,0.52
chr1:27192200-27193000,ENSG00000060642.6$PIGV$chr1$27113963$+,0.47
chr1:27217200-27217800,ENSG00000060642.6$PIGV$chr1$27113963$+,0.4
chr1:29509000-29510200,ENSG00000060656.15$PTPRU$chr1$29563028$+,0.64
chr1:29555200-29557000,ENSG00000060656.15$PTPRU$chr1$29563028$+,0.67
chr1:31628200-31630000,ENSG00000060688.8$SNRNP40$chr1$31769662$-,0.55
chr11:32850000-32851000,ENSG00000060749.10$QSER1$chr11$32914724$+,0.48
chr11:32911600-32913600,ENSG00000060749.10$QSER1$chr11$32914724$+,0.39
chr3:38204400-38206000,ENSG00000060971.13$ACAA1$chr3$38178733$-,0.69
chr3:38217800-38219600,ENSG00000060971.13$ACAA1$chr3$38178733$-,0.52
chr12:24947600-24949800,ENSG00000060982.10$BCAT1$chr12$25102393$-,0.44
chr12:24955600-24957600,ENSG00000060982.10$BCAT1$chr12$25102393$-,0.51
chr12:24998200-25000600,ENSG00000060982.10$BCAT1$chr12$25102393$-,0.51
chr12:25221400-25222400,ENSG00000060982.10$BCAT1$chr12$25102393$-,0.37
chr12:48165600-48167000,ENSG00000061273.13$HDAC7$chr12$48226915$-,0.52
chr12:48356000-48357400,ENSG00000061273.13$HDAC7$chr12$48226915$-,0.37
chr5:137369200-137370800,ENSG00000061492.7$WNT8A$chr5$137419581$+,0.41
chr5:137508800-137510000,ENSG00000061492.7$WNT8A$chr5$137419581$+,0.38
chr5:137511800-137513600,ENSG00000061492.7$WNT8A$chr5$137419581$+,0.43
chr20:34127400-34129800,ENSG00000061656.5$SPAG4$chr20$34203814$+,0.58
chr20:34130200-34131600,ENSG00000061656.5$SPAG4$chr20$34203814$+,0.51
chr20:34303000-34304200,ENSG00000061656.5$SPAG4$chr20$34203814$+,0.36
chr2:183943800-183945800,ENSG00000061676.10$NCKAP1$chr2$183903586$-,0.57
chr2:183987800-183988800,ENSG00000061676.10$NCKAP1$chr2$183903586$-,0.43
chr12:132077000-132079000,ENSG00000061936.5$SFSWAP$chr12$132195626$+,0.48
chr12:62753000-62754000,ENSG00000061987.10$MON2$chr12$62860597$+,0.43
chr5:56248400-56250600,ENSG00000062194.11$GPBP1$chr5$56469775$+,0.42
chr5:56279000-56281000,ENSG00000062194.11$GPBP1$chr5$56469775$+,0.36
chr5:56362600-56364200,ENSG00000062194.11$GPBP1$chr5$56469775$+,0.56
chr5:56521200-56522200,ENSG00000062194.11$GPBP1$chr5$56469775$+,0.48
chr5:56522800-56524000,ENSG00000062194.11$GPBP1$chr5$56469775$+,0.42
chr5:56524400-56524600,ENSG00000062194.11$GPBP1$chr5$56469775$+,0.49
chr5:56539000-56540400,ENSG00000062194.11$GPBP1$chr5$56469775$+,0.53
chr19:44807400-44808800,ENSG00000062370.12$ZNF112$chr19$44871377$-,0.46
chr12:56527000-56528200,ENSG00000062485.14$CS$chr12$56694176$-,0.41
chr12:56543800-56545600,ENSG00000062485.14$CS$chr12$56694176$-,0.39
chr12:56596000-56597400,ENSG00000062485.14$CS$chr12$56694176$-,0.38
chr12:56612800-56615000,ENSG00000062485.14$CS$chr12$56694176$-,0.44
chr12:56616200-56618200,ENSG00000062485.14$CS$chr12$56694176$-,0.47
chr12:56618600-56620200,ENSG00000062485.14$CS$chr12$56694176$-,0.44
chr12:56659200-56660400,ENSG00000062485.14$CS$chr12$56694176$-,0.46
chr12:56661200-56662800,ENSG00000062485.14$CS$chr12$56694176$-,0.49
chr12:56708000-56709000,ENSG00000062485.14$CS$chr12$56694176$-,0.53
chr12:56710400-56711600,ENSG00000062485.14$CS$chr12$56694176$-,0.52
chr12:56726000-56727200,ENSG00000062485.14$CS$chr12$56694176$-,0.52
chr12:56754800-56756400,ENSG00000062485.14$CS$chr12$56694176$-,0.54
chr12:56818000-56820200,ENSG00000062485.14$CS$chr12$56694176$-,0.44
chr12:56843400-56845400,ENSG00000062485.14$CS$chr12$56694176$-,0.49
chr15:41622400-41624200,ENSG00000062524.11$LTK$chr15$41806085$-,0.36
chr15:41625600-41627400,ENSG00000062524.11$LTK$chr15$41806085$-,0.35
chr15:41693200-41694200,ENSG00000062524.11$LTK$chr15$41806085$-,0.41
chr15:41707400-41708600,ENSG00000062524.11$LTK$chr15$41806085$-,0.42
chr15:41720600-41723000,ENSG00000062524.11$LTK$chr15$41806085$-,0.52
chr15:41726600-41729000,ENSG00000062524.11$LTK$chr15$41806085$-,0.48
chr15:41734800-41736000,ENSG00000062524.11$LTK$chr15$41806085$-,0.39
chr15:41834200-41836000,ENSG00000062524.11$LTK$chr15$41806085$-,0.6
chr15:41836400-41837800,ENSG00000062524.11$LTK$chr15$41806085$-,0.63
chr15:41845600-41847600,ENSG00000062524.11$LTK$chr15$41806085$-,0.56
chr10:88159000-88159800,ENSG00000062650.13$WAPAL$chr10$88281572$-,0.45
chr10:88299000-88300400,ENSG00000062650.13$WAPAL$chr10$88281572$-,0.58
chr17:57693400-57695800,ENSG00000062716.6$VMP1$chr17$57784553$+,0.5
chr17:58419600-58420400,ENSG00000062725.5$APPBP2$chr17$58603580$-,0.42
chr17:58674600-58676800,ENSG00000062725.5$APPBP2$chr17$58603580$-,0.51
chr17:58755800-58757400,ENSG00000062725.5$APPBP2$chr17$58603580$-,0.45
chr12:53431800-53434000,ENSG00000063046.13$EIF4B$chr12$53399942$+,0.56
chr19:49728800-49730000,ENSG00000063127.11$SLC6A16$chr19$49828482$-,0.42
chr19:49734200-49736400,ENSG00000063127.11$SLC6A16$chr19$49828482$-,0.43
chr19:49804200-49805800,ENSG00000063127.11$SLC6A16$chr19$49828482$-,0.52
chr19:48098600-48100800,ENSG00000063169.6$GLTSCR1$chr19$48111453$+,0.59
chr19:48101200-48103400,ENSG00000063169.6$GLTSCR1$chr19$48111453$+,0.64
chr19:48949800-48952200,ENSG00000063176.11$SPHK2$chr19$49122548$+,0.41
chr19:49017200-49018400,ENSG00000063176.11$SPHK2$chr19$49122548$+,0.54
chr19:49091800-49093200,ENSG00000063176.11$SPHK2$chr19$49122548$+,0.64
chr19:49094600-49096400,ENSG00000063176.11$SPHK2$chr19$49122548$+,0.56
chr19:49111800-49113000,ENSG00000063176.11$SPHK2$chr19$49122548$+,0.67
chr19:49215400-49217000,ENSG00000063176.11$SPHK2$chr19$49122548$+,0.53
chr19:49224200-49226200,ENSG00000063176.11$SPHK2$chr19$49122548$+,0.6
chr19:49262400-49264800,ENSG00000063176.11$SPHK2$chr19$49122548$+,0.45
chr19:48906000-48907600,ENSG00000063180.4$CA11$chr19$49149569$-,0.37
chr19:48949800-48952200,ENSG00000063180.4$CA11$chr19$49149569$-,0.37
chr19:49017200-49018400,ENSG00000063180.4$CA11$chr19$49149569$-,0.49
chr19:49091800-49093200,ENSG00000063180.4$CA11$chr19$49149569$-,0.53
chr19:49094600-49096400,ENSG00000063180.4$CA11$chr19$49149569$-,0.44
chr19:49111800-49113000,ENSG00000063180.4$CA11$chr19$49149569$-,0.55
chr19:49215400-49217000,ENSG00000063180.4$CA11$chr19$49149569$-,0.49
chr19:49224200-49226200,ENSG00000063180.4$CA11$chr19$49149569$-,0.48
chr19:55919200-55920600,ENSG00000063241.3$ISOC2$chr19$55973710$-,0.45
chr19:56027800-56029800,ENSG00000063241.3$ISOC2$chr19$55973710$-,0.43
chr19:56092600-56094400,ENSG00000063241.3$ISOC2$chr19$55973710$-,0.35
chr19:56027800-56029800,ENSG00000063244.8$U2AF2$chr19$56165512$+,0.37
chr19:56092600-56094400,ENSG00000063244.8$U2AF2$chr19$56165512$+,0.56
chr19:56108600-56110600,ENSG00000063244.8$U2AF2$chr19$56165512$+,0.38
chr19:56027800-56029800,ENSG00000063245.10$EPN1$chr19$56186592$+,0.38
chr19:56092600-56094400,ENSG00000063245.10$EPN1$chr19$56186592$+,0.51
chr19:56108600-56110600,ENSG00000063245.10$EPN1$chr19$56186592$+,0.43
chr19:39748600-39750400,ENSG00000063322.9$MED29$chr19$39881943$+,0.53
chr19:39885800-39886200,ENSG00000063322.9$MED29$chr19$39881943$+,0.44
chr19:39934000-39935800,ENSG00000063322.9$MED29$chr19$39881943$+,0.49
chr19:39969200-39971400,ENSG00000063322.9$MED29$chr19$39881943$+,0.46
chr19:39972000-39974400,ENSG00000063322.9$MED29$chr19$39881943$+,0.51
chr19:40028000-40029800,ENSG00000063322.9$MED29$chr19$39881943$+,0.37
chr22:19129600-19131600,ENSG00000063515.2$GSC2$chr22$19137796$-,0.42
chr22:19182600-19184400,ENSG00000063515.2$GSC2$chr22$19137796$-,0.37
chrX:152371000-152372000,ENSG00000063587.12$ZNF275$chrX$152599613$+,0.42
chrX:152559200-152560400,ENSG00000063587.12$ZNF275$chrX$152599613$+,0.69
chrX:149755800-149756800,ENSG00000063601.12$MTMR1$chrX$149861435$+,0.42
chrX:149838600-149838800,ENSG00000063601.12$MTMR1$chrX$149861435$+,0.61
chrX:149851800-149852600,ENSG00000063601.12$MTMR1$chrX$149861435$+,0.7
chrX:149892200-149893400,ENSG00000063601.12$MTMR1$chrX$149861435$+,0.43
chrX:150048400-150050800,ENSG00000063601.12$MTMR1$chrX$149861435$+,0.36
chr14:78204400-78206000,ENSG00000063761.11$ADCK1$chr14$78266426$+,0.58
chr14:78206600-78208800,ENSG00000063761.11$ADCK1$chr14$78266426$+,0.57
chr14:78217800-78220200,ENSG00000063761.11$ADCK1$chr14$78266426$+,0.62
chr16:1753200-1755400,ENSG00000063854.8$HAGH$chr16$1877195$-,0.49
chr16:1904400-1906400,ENSG00000063854.8$HAGH$chr16$1877195$-,0.58
chr16:2008200-2009600,ENSG00000063854.8$HAGH$chr16$1877195$-,0.38
chr16:2020000-2021600,ENSG00000063854.8$HAGH$chr16$1877195$-,0.46
chr16:2060200-2062400,ENSG00000063854.8$HAGH$chr16$1877195$-,0.35
chr2:202043800-202045400,ENSG00000064012.17$CASP8$chr2$202098166$+,0.53
chr2:202046000-202047800,ENSG00000064012.17$CASP8$chr2$202098166$+,0.5
chr2:202087200-202089000,ENSG00000064012.17$CASP8$chr2$202098166$+,0.45
chr2:202139600-202140200,ENSG00000064012.17$CASP8$chr2$202098166$+,0.43
chr2:202149400-202150800,ENSG00000064012.17$CASP8$chr2$202098166$+,0.43
chr2:202204600-202206000,ENSG00000064012.17$CASP8$chr2$202098166$+,0.4
chr12:27098400-27100600,ENSG00000064102.10$ASUN$chr12$27091259$-,0.62
chr12:27098400-27100600,ENSG00000064115.6$TM7SF3$chr12$27167367$-,0.58
chr11:124659600-124659800,ENSG00000064199.2$SPA17$chr11$124543694$+,0.44
chr11:124670800-124673200,ENSG00000064199.2$SPA17$chr11$124543694$+,0.39
chr11:124705800-124707800,ENSG00000064199.2$SPA17$chr11$124543694$+,0.39
chr11:2422600-2424400,ENSG00000064201.11$TSPAN32$chr11$2323227$+,0.45
chr17:47403600-47404400,ENSG00000064300.4$NGFR$chr17$47572655$+,0.35
chr17:47489800-47491800,ENSG00000064300.4$NGFR$chr17$47572655$+,0.5
chr17:47492800-47493600,ENSG00000064300.4$NGFR$chr17$47572655$+,0.48
chr11:125771200-125772600,ENSG00000064309.10$CDON$chr11$125933230$-,0.39
chr8:120865400-120867600,ENSG00000064313.7$TAF2$chr8$120845103$-,0.73
chr8:120868600-120870800,ENSG00000064313.7$TAF2$chr8$120845103$-,0.74
chr7:128648200-128650600,ENSG00000064419.9$TNPO3$chr7$128695198$-,0.74
chr7:128668200-128670600,ENSG00000064419.9$TNPO3$chr7$128695198$-,0.71
chr7:128672000-128673600,ENSG00000064419.9$TNPO3$chr7$128695198$-,0.74
chr19:19247600-19249000,ENSG00000064490.9$RFXANK$chr19$19303008$+,0.48
chr19:19249400-19251600,ENSG00000064490.9$RFXANK$chr19$19303008$+,0.52
chr19:19304200-19306600,ENSG00000064490.9$RFXANK$chr19$19303008$+,0.41
chr19:19312000-19314200,ENSG00000064490.9$RFXANK$chr19$19303008$+,0.59
chr19:19468200-19470000,ENSG00000064490.9$RFXANK$chr19$19303008$+,0.44
chr19:19057200-19058200,ENSG00000064545.10$TMEM161A$chr19$19249322$-,0.37
chr19:19304200-19306600,ENSG00000064545.10$TMEM161A$chr19$19249322$-,0.54
chr19:19312000-19314200,ENSG00000064545.10$TMEM161A$chr19$19249322$-,0.41
chr19:19468200-19470000,ENSG00000064545.10$TMEM161A$chr19$19249322$-,0.38
chr19:19494600-19496000,ENSG00000064545.10$TMEM161A$chr19$19249322$-,0.36
chr19:19624600-19626600,ENSG00000064547.9$LPAR2$chr19$19739739$-,0.43
chr19:19680800-19682600,ENSG00000064547.9$LPAR2$chr19$19739739$-,0.56
chr19:19692000-19693800,ENSG00000064547.9$LPAR2$chr19$19739739$-,0.43
chr19:19715600-19715800,ENSG00000064547.9$LPAR2$chr19$19739739$-,0.44
chr19:19720800-19722000,ENSG00000064547.9$LPAR2$chr19$19739739$-,0.45
chr19:19745200-19746600,ENSG00000064547.9$LPAR2$chr19$19739739$-,0.51
chr19:19840800-19843200,ENSG00000064547.9$LPAR2$chr19$19739739$-,0.38
chr19:19884400-19886800,ENSG00000064547.9$LPAR2$chr19$19739739$-,0.35
chr20:44508800-44509800,ENSG00000064601.12$CTSA$chr20$44518783$+,0.51
chr20:44560800-44562600,ENSG00000064601.12$CTSA$chr20$44518783$+,0.46
chr19:19057200-19058200,ENSG00000064607.12$SUGP2$chr19$19144832$-,0.56
chr19:19247600-19249000,ENSG00000064607.12$SUGP2$chr19$19144832$-,0.43
chr19:19249400-19251600,ENSG00000064607.12$SUGP2$chr19$19144832$-,0.41
chr19:19304200-19306600,ENSG00000064607.12$SUGP2$chr19$19144832$-,0.47
chr19:19312000-19314200,ENSG00000064607.12$SUGP2$chr19$19144832$-,0.37
chr5:127251800-127253800,ENSG00000064651.9$SLC12A2$chr5$127419458$+,0.44
chr5:122119200-122119800,ENSG00000064652.6$SNX24$chr5$122179134$+,0.47
chr5:122237200-122239400,ENSG00000064652.6$SNX24$chr5$122179134$+,0.53
chr19:1056800-1059200,ENSG00000064666.10$CNN2$chr19$1026298$+,0.49
chr19:923200-925600,ENSG00000064666.10$CNN2$chr19$1026298$+,0.35
chr19:1056800-1059200,ENSG00000064687.8$ABCA7$chr19$1040102$+,0.58
chr19:1188600-1190600,ENSG00000064687.8$ABCA7$chr19$1040102$+,0.41
chr19:923200-925600,ENSG00000064687.8$ABCA7$chr19$1040102$+,0.44
chr1:112124600-112126400,ENSG00000064703.7$DDX20$chr1$112297867$+,0.4
chr1:112219800-112220400,ENSG00000064703.7$DDX20$chr1$112297867$+,0.48
chr15:83653200-83654400,ENSG00000064726.5$BTBD1$chr15$83736106$-,0.39
chr15:83655600-83657400,ENSG00000064726.5$BTBD1$chr15$83736106$-,0.41
chr15:83668000-83670000,ENSG00000064726.5$BTBD1$chr15$83736106$-,0.47
chr15:83677400-83679800,ENSG00000064726.5$BTBD1$chr15$83736106$-,0.53
chr15:83704400-83705400,ENSG00000064726.5$BTBD1$chr15$83736106$-,0.75
chr15:83708200-83709000,ENSG00000064726.5$BTBD1$chr15$83736106$-,0.65
chr3:87216600-87217800,ENSG00000064835.6$POU1F1$chr3$87325737$-,0.44
chr3:87274800-87276000,ENSG00000064835.6$POU1F1$chr3$87325737$-,0.58
chr1:111714000-111716400,ENSG00000064886.9$CHI3L2$chr1$111743393$+,0.53
chr1:111721600-111723400,ENSG00000064886.9$CHI3L2$chr1$111743393$+,0.47
chr1:111836600-111839000,ENSG00000064886.9$CHI3L2$chr1$111743393$+,0.44
chr1:111877600-111878400,ENSG00000064886.9$CHI3L2$chr1$111743393$+,0.41
chr1:111888000-111888800,ENSG00000064886.9$CHI3L2$chr1$111743393$+,0.4
chr1:111889200-111891200,ENSG00000064886.9$CHI3L2$chr1$111743393$+,0.4
chr19:1056800-1059200,ENSG00000064932.11$SBNO2$chr19$1174282$-,0.39
chr19:1188600-1190600,ENSG00000064932.11$SBNO2$chr19$1174282$-,0.7
chr2:190537800-190539400,ENSG00000064933.12$PMS1$chr2$190649107$+,0.42
chr2:190539800-190541800,ENSG00000064933.12$PMS1$chr2$190649107$+,0.4
chr2:190549600-190551400,ENSG00000064933.12$PMS1$chr2$190649107$+,0.36
chr2:190625600-190627000,ENSG00000064933.12$PMS1$chr2$190649107$+,0.53
chr2:190739200-190741400,ENSG00000064933.12$PMS1$chr2$190649107$+,0.4
chr19:3493800-3495400,ENSG00000064961.14$HMG20B$chr19$3572775$+,0.42
chr19:3500800-3502000,ENSG00000064961.14$HMG20B$chr19$3572775$+,0.49
chr19:3627000-3628000,ENSG00000064961.14$HMG20B$chr19$3572775$+,0.52
chr6:34760800-34762600,ENSG00000064995.12$TAF11$chr6$34855866$-,0.54
chr6:34665200-34667200,ENSG00000064999.12$ANKS1A$chr6$34857042$+,0.38
chr6:34671600-34673600,ENSG00000064999.12$ANKS1A$chr6$34857042$+,0.44
chr6:34757800-34759200,ENSG00000064999.12$ANKS1A$chr6$34857042$+,0.47
chr6:34760800-34762600,ENSG00000064999.12$ANKS1A$chr6$34857042$+,0.54
chr6:34852800-34855200,ENSG00000064999.12$ANKS1A$chr6$34857042$+,0.48
chr6:35294200-35296200,ENSG00000065029.10$ZNF76$chr6$35226686$+,0.48
chr6:35299600-35301000,ENSG00000065029.10$ZNF76$chr6$35226686$+,0.47
chr6:35305400-35305600,ENSG00000065029.10$ZNF76$chr6$35226686$+,0.51
chr6:35308800-35310400,ENSG00000065029.10$ZNF76$chr6$35226686$+,0.42
chr6:35319000-35321200,ENSG00000065029.10$ZNF76$chr6$35226686$+,0.41
chr6:35322000-35323200,ENSG00000065029.10$ZNF76$chr6$35226686$+,0.41
chr6:35412800-35414400,ENSG00000065029.10$ZNF76$chr6$35226686$+,0.47
chr6:35418600-35420200,ENSG00000065029.10$ZNF76$chr6$35226686$+,0.43
chr16:1904400-1906400,ENSG00000065054.9$SLC9A3R2$chr16$2075357$+,0.35
chr16:2008200-2009600,ENSG00000065054.9$SLC9A3R2$chr16$2075357$+,0.46
chr16:2020000-2021600,ENSG00000065054.9$SLC9A3R2$chr16$2075357$+,0.59
chr16:2060200-2062400,ENSG00000065054.9$SLC9A3R2$chr16$2075357$+,0.55
chr16:2069000-2071200,ENSG00000065054.9$SLC9A3R2$chr16$2075357$+,0.51
chr16:2098600-2099800,ENSG00000065054.9$SLC9A3R2$chr16$2075357$+,0.55
chr16:2008200-2009600,ENSG00000065057.3$NTHL1$chr16$2097867$-,0.57
chr16:2020000-2021600,ENSG00000065057.3$NTHL1$chr16$2097867$-,0.55
chr16:2060200-2062400,ENSG00000065057.3$NTHL1$chr16$2097867$-,0.61
chr16:2069000-2071200,ENSG00000065057.3$NTHL1$chr16$2097867$-,0.61
chr16:2186000-2187000,ENSG00000065057.3$NTHL1$chr16$2097867$-,0.52
chr16:2254400-2255800,ENSG00000065057.3$NTHL1$chr16$2097867$-,0.5
chr6:34757800-34759200,ENSG00000065060.12$UHRF1BP1$chr6$34759857$+,0.36
chr6:34852800-34855200,ENSG00000065060.12$UHRF1BP1$chr6$34759857$+,0.43
chr1:109947400-109949400,ENSG00000065135.7$GNAI3$chr1$110091233$+,0.46
chr1:109969800-109971600,ENSG00000065135.7$GNAI3$chr1$110091233$+,0.46
chr10:126091000-126093400,ENSG00000065154.7$OAT$chr10$126107545$-,0.65
chr10:126217800-126220000,ENSG00000065154.7$OAT$chr10$126107545$-,0.38
chr1:89187800-89190000,ENSG00000065243.14$PKN2$chr1$89149905$+,0.6
chr1:89202000-89204400,ENSG00000065243.14$PKN2$chr1$89149905$+,0.62
chr1:89266200-89267800,ENSG00000065243.14$PKN2$chr1$89149905$+,0.48
chr19:923200-925600,ENSG00000065268.6$WDR18$chr19$983174$+,0.52
chr6:52442600-52444800,ENSG00000065308.4$TRAM2$chr6$52441713$-,0.35
chr17:8894800-8895800,ENSG00000065320.4$NTN1$chr17$8924859$+,0.48
chr17:8901000-8901800,ENSG00000065320.4$NTN1$chr17$8924859$+,0.49
chr10:13116600-13119000,ENSG00000065328.12$MCM10$chr10$13203554$+,0.53
chr10:13138800-13139600,ENSG00000065328.12$MCM10$chr10$13203554$+,0.46
chr10:13140000-13141600,ENSG00000065328.12$MCM10$chr10$13203554$+,0.58
chr10:13329400-13330800,ENSG00000065328.12$MCM10$chr10$13203554$+,0.4
chr10:13341600-13344000,ENSG00000065328.12$MCM10$chr10$13203554$+,0.48
chr10:13344400-13345400,ENSG00000065328.12$MCM10$chr10$13203554$+,0.5
chr12:56198000-56199600,ENSG00000065357.15$DGKA$chr12$56321103$+,0.36
chr12:56212400-56214400,ENSG00000065357.15$DGKA$chr12$56321103$+,0.44
chr12:56292600-56293400,ENSG00000065357.15$DGKA$chr12$56321103$+,0.44
chr12:56358600-56360400,ENSG00000065357.15$DGKA$chr12$56321103$+,0.43
chr12:56372800-56373600,ENSG00000065357.15$DGKA$chr12$56321103$+,0.47
chr3:123680400-123681000,ENSG00000065371.13$ROPN1$chr3$123711025$-,0.4
chr3:123698000-123699600,ENSG00000065371.13$ROPN1$chr3$123711025$-,0.48
chr2:198179000-198181000,ENSG00000065413.12$ANKRD44$chr2$198175897$-,0.63
chr2:198203600-198206000,ENSG00000065413.12$ANKRD44$chr2$198175897$-,0.52
chr2:198233000-198235200,ENSG00000065413.12$ANKRD44$chr2$198175897$-,0.49
chr2:198248400-198249400,ENSG00000065413.12$ANKRD44$chr2$198175897$-,0.36
chr16:75583400-75585200,ENSG00000065427.10$KARS$chr16$75682541$-,0.44
chr16:75590200-75591400,ENSG00000065427.10$KARS$chr16$75682541$-,0.4
chr16:75597600-75599800,ENSG00000065427.10$KARS$chr16$75682541$-,0.45
chr16:75498600-75499600,ENSG00000065457.6$ADAT1$chr16$75657198$-,0.38
chr16:75583400-75585200,ENSG00000065457.6$ADAT1$chr16$75657198$-,0.5
chr16:75590200-75591400,ENSG00000065457.6$ADAT1$chr16$75657198$-,0.48
chr16:75597600-75599800,ENSG00000065457.6$ADAT1$chr16$75657198$-,0.56
chr6:37135800-37137400,ENSG00000065491.8$TBC1D22B$chr6$37225548$+,0.38
chr6:37190400-37191400,ENSG00000065491.8$TBC1D22B$chr6$37225548$+,0.72
chr6:37321000-37321800,ENSG00000065491.8$TBC1D22B$chr6$37225548$+,0.42
chr3:120456600-120458000,ENSG00000065518.7$NDUFB4$chr3$120315156$+,0.45
chr1:16149800-16150600,ENSG00000065526.6$SPEN$chr1$16174359$+,0.62
chr1:16235400-16236000,ENSG00000065526.6$SPEN$chr1$16174359$+,0.51
chr2:187368400-187370200,ENSG00000065548.13$ZC3H15$chr2$187350883$+,0.74
chr2:187453000-187454400,ENSG00000065548.13$ZC3H15$chr2$187350883$+,0.56
chr17:11898200-11900000,ENSG00000065559.10$MAP2K4$chr17$11924141$+,0.62
chr17:11934000-11935800,ENSG00000065559.10$MAP2K4$chr17$11924141$+,0.66
chr1:212499600-212500000,ENSG00000065600.8$TMEM206$chr1$212588243$-,0.35
chr1:212500800-212502200,ENSG00000065600.8$TMEM206$chr1$212588243$-,0.39
chr1:212524600-212526800,ENSG00000065600.8$TMEM206$chr1$212588243$-,0.52
chr10:105678000-105680400,ENSG00000065613.9$SLK$chr10$105726959$+,0.58
chr10:105707000-105708400,ENSG00000065613.9$SLK$chr10$105726959$+,0.69
chr10:105755000-105755800,ENSG00000065613.9$SLK$chr10$105726959$+,0.55
chr10:105765200-105766200,ENSG00000065613.9$SLK$chr10$105726959$+,0.65
chr6:84594000-84595000,ENSG00000065615.9$CYB5R4$chr6$84569362$+,0.69
chr6:84615200-84616400,ENSG00000065615.9$CYB5R4$chr6$84569362$+,0.54
chr10:105929600-105931600,ENSG00000065621.10$GSTO2$chr10$106028631$+,0.5
chr10:105990400-105991800,ENSG00000065621.10$GSTO2$chr10$106028631$+,0.46
chr10:12028400-12029400,ENSG00000065665.16$SEC61A2$chr10$12171636$+,0.39
chr10:12067000-12067400,ENSG00000065665.16$SEC61A2$chr10$12171636$+,0.43
chr10:12067600-12068600,ENSG00000065665.16$SEC61A2$chr10$12171636$+,0.46
chr10:12069400-12071200,ENSG00000065665.16$SEC61A2$chr10$12171636$+,0.35
chr10:12108800-12110800,ENSG00000065665.16$SEC61A2$chr10$12171636$+,0.49
chr10:6591000-6592800,ENSG00000065675.10$PRKCQ$chr10$6622263$-,0.6
chr10:6593200-6595400,ENSG00000065675.10$PRKCQ$chr10$6622263$-,0.59
chr10:6627600-6629200,ENSG00000065675.10$PRKCQ$chr10$6622263$-,0.68
chr10:6677400-6679600,ENSG00000065675.10$PRKCQ$chr10$6622263$-,0.55
chr19:3024200-3026400,ENSG00000065717.10$TLE2$chr19$3047633$-,0.53
chr19:3075000-3077000,ENSG00000065717.10$TLE2$chr19$3047633$-,0.55
chr2:239227800-239228800,ENSG00000065802.7$ASB1$chr2$239335383$+,0.61
chr2:239265800-239268000,ENSG00000065802.7$ASB1$chr2$239335383$+,0.61
chr7:39894600-39895400,ENSG00000065883.10$CDK13$chr7$39989636$+,0.66
chr7:39895800-39896200,ENSG00000065883.10$CDK13$chr7$39989636$+,0.52
chr7:40072800-40074600,ENSG00000065883.10$CDK13$chr7$39989636$+,0.47
chr7:40082200-40083400,ENSG00000065883.10$CDK13$chr7$39989636$+,0.51
chr2:74346400-74347400,ENSG00000065911.7$MTHFD2$chr2$74425689$+,0.47
chr2:74375600-74377600,ENSG00000065911.7$MTHFD2$chr2$74425689$+,0.62
chr2:74394600-74395400,ENSG00000065911.7$MTHFD2$chr2$74425689$+,0.56
chr2:74540400-74542200,ENSG00000065911.7$MTHFD2$chr2$74425689$+,0.41
chr2:74553800-74556200,ENSG00000065911.7$MTHFD2$chr2$74425689$+,0.42
chr2:74560800-74562800,ENSG00000065911.7$MTHFD2$chr2$74425689$+,0.45
chrX:46402600-46404400,ENSG00000065923.5$SLC9A7$chrX$46618490$-,0.36
chrX:46695400-46696200,ENSG00000065923.5$SLC9A7$chrX$46618490$-,0.41
chr12:8177800-8178600,ENSG00000065970.4$FOXJ2$chr12$8185299$+,0.58
chr12:8180000-8180800,ENSG00000065970.4$FOXJ2$chr12$8185299$+,0.57
chr12:8198600-8199400,ENSG00000065970.4$FOXJ2$chr12$8185299$+,0.48
chr1:43122400-43123600,ENSG00000065978.13$YBX1$chr1$43148098$+,0.6
chr1:43271600-43273800,ENSG00000065978.13$YBX1$chr1$43148098$+,0.43
chr1:43281000-43282200,ENSG00000065978.13$YBX1$chr1$43148098$+,0.4
chr19:10360600-10362400,ENSG00000065989.11$PDE4A$chr19$10527449$+,0.37
chr19:10424800-10426200,ENSG00000065989.11$PDE4A$chr19$10527449$+,0.38
chr19:10426600-10428000,ENSG00000065989.11$PDE4A$chr19$10527449$+,0.4
chr19:10488800-10490600,ENSG00000065989.11$PDE4A$chr19$10527449$+,0.49
chr19:10499200-10501600,ENSG00000065989.11$PDE4A$chr19$10527449$+,0.51
chr19:10589000-10590800,ENSG00000065989.11$PDE4A$chr19$10527449$+,0.51
chr19:10616000-10617600,ENSG00000065989.11$PDE4A$chr19$10527449$+,0.47
chr19:10691400-10692600,ENSG00000065989.11$PDE4A$chr19$10527449$+,0.39
chr1:212499600-212500000,ENSG00000066027.7$PPP2R5A$chr1$212458879$+,0.6
chr1:212500800-212502200,ENSG00000066027.7$PPP2R5A$chr1$212458879$+,0.65
chr1:212524600-212526800,ENSG00000066027.7$PPP2R5A$chr1$212458879$+,0.57
chr19:8009200-8010400,ENSG00000066044.9$ELAVL1$chr19$8070543$-,0.54
chr12:50793800-50794200,ENSG00000066084.8$DIP2B$chr12$50898768$+,0.37
chr12:51029800-51032200,ENSG00000066084.8$DIP2B$chr12$50898768$+,0.36
chr12:50407000-50408600,ENSG00000066117.10$SMARCD1$chr12$50478755$+,0.63
chr12:50542800-50543600,ENSG00000066117.10$SMARCD1$chr12$50478755$+,0.6
chr12:50550200-50552400,ENSG00000066117.10$SMARCD1$chr12$50478755$+,0.59
chr12:50554000-50555600,ENSG00000066117.10$SMARCD1$chr12$50478755$+,0.57
chr12:50558000-50560400,ENSG00000066117.10$SMARCD1$chr12$50478755$+,0.63
chr1:44113600-44115200,ENSG00000066135.8$KDM4A$chr1$44115829$+,0.38
chr1:40914200-40915400,ENSG00000066136.15$NFYC$chr1$41157320$+,0.39
chr1:40973200-40974000,ENSG00000066136.15$NFYC$chr1$41157320$+,0.37
chr1:40975000-40976200,ENSG00000066136.15$NFYC$chr1$41157320$+,0.36
chr1:40996200-40996800,ENSG00000066136.15$NFYC$chr1$41157320$+,0.38
chr1:41039000-41039200,ENSG00000066136.15$NFYC$chr1$41157320$+,0.37
chr1:41134200-41135400,ENSG00000066136.15$NFYC$chr1$41157320$+,0.67
chr1:41154200-41155000,ENSG00000066136.15$NFYC$chr1$41157320$+,0.66
chr1:42772200-42773200,ENSG00000066185.8$ZMYND12$chr1$42921938$-,0.38
chr1:42773600-42774400,ENSG00000066185.8$ZMYND12$chr1$42921938$-,0.41
chr1:42923000-42924800,ENSG00000066185.8$ZMYND12$chr1$42921938$-,0.42
chr1:197093200-197093800,ENSG00000066279.12$ASPM$chr1$197115824$-,0.74
chr1:197171400-197172600,ENSG00000066279.12$ASPM$chr1$197115824$-,0.58
chr1:160413000-160415400,ENSG00000066294.10$CD84$chr1$160549306$-,0.39
chr1:160439800-160442200,ENSG00000066294.10$CD84$chr1$160549306$-,0.39
chr1:160498600-160500600,ENSG00000066294.10$CD84$chr1$160549306$-,0.53
chr1:160554200-160556600,ENSG00000066294.10$CD84$chr1$160549306$-,0.68
chr1:160557200-160559400,ENSG00000066294.10$CD84$chr1$160549306$-,0.7
chr1:160580000-160581400,ENSG00000066294.10$CD84$chr1$160549306$-,0.56
chr1:43856200-43857600,ENSG00000066322.8$ELOVL1$chr1$43833696$-,0.59
chr11:47271000-47272400,ENSG00000066336.7$SPI1$chr11$47400127$-,0.36
chr6:30014800-30015600,ENSG00000066379.10$ZNRD1$chr6$30026676$+,0.62
chr6:30139200-30141200,ENSG00000066379.10$ZNRD1$chr6$30026676$+,0.38
chr6:30186400-30187800,ENSG00000066379.10$ZNRD1$chr6$30026676$+,0.4
chr6:30195000-30196400,ENSG00000066379.10$ZNRD1$chr6$30026676$+,0.38
chr3:101142200-101142400,ENSG00000066422.4$ZBTB11$chr3$101396339$-,0.46
chr3:101232600-101235000,ENSG00000066422.4$ZBTB11$chr3$101396339$-,0.45
chr3:101266600-101268600,ENSG00000066422.4$ZBTB11$chr3$101396339$-,0.43
chr3:101409200-101410800,ENSG00000066422.4$ZBTB11$chr3$101396339$-,0.78
chr3:101413600-101415800,ENSG00000066422.4$ZBTB11$chr3$101396339$-,0.58
chr3:101463400-101464000,ENSG00000066422.4$ZBTB11$chr3$101396339$-,0.45
chr3:101495800-101497800,ENSG00000066422.4$ZBTB11$chr3$101396339$-,0.35
chr3:101518600-101520600,ENSG00000066422.4$ZBTB11$chr3$101396339$-,0.37
chr14:92434200-92436200,ENSG00000066427.17$ATXN3$chr14$92572965$-,0.4
chr14:92507200-92508200,ENSG00000066427.17$ATXN3$chr14$92572965$-,0.45
chr14:92585000-92587400,ENSG00000066427.17$ATXN3$chr14$92572965$-,0.52
chr14:93318400-93320200,ENSG00000066455.8$GOLGA5$chr14$93260576$+,0.45
chr14:93357400-93359200,ENSG00000066455.8$GOLGA5$chr14$93260576$+,0.39
chr14:93364200-93366000,ENSG00000066455.8$GOLGA5$chr14$93260576$+,0.44
chr14:93368600-93370800,ENSG00000066455.8$GOLGA5$chr14$93260576$+,0.35
chr1:70678800-70679000,ENSG00000066557.5$LRRC40$chr1$70671303$-,0.51
chr1:70679400-70680400,ENSG00000066557.5$LRRC40$chr1$70671303$-,0.58
chr1:70685200-70687000,ENSG00000066557.5$LRRC40$chr1$70671303$-,0.46
chr1:70821000-70822400,ENSG00000066557.5$LRRC40$chr1$70671303$-,0.35
chr6:126251200-126253600,ENSG00000066651.13$TRMT11$chr6$126307576$+,0.64
chr6:126276400-126277800,ENSG00000066651.13$TRMT11$chr6$126307576$+,0.47
chr6:126323000-126324600,ENSG00000066651.13$TRMT11$chr6$126307576$+,0.72
chr16:20818600-20820400,ENSG00000066654.8$THUMPD1$chr16$20753406$-,0.47
chr9:103115600-103117400,ENSG00000066697.10$MSANTD3$chr9$103189438$+,0.45
chr9:103187400-103189000,ENSG00000066697.10$MSANTD3$chr9$103189438$+,0.35
chr14:96787600-96788000,ENSG00000066739.7$ATG2B$chr14$96830207$-,0.62
chr14:96856600-96857400,ENSG00000066739.7$ATG2B$chr14$96830207$-,0.63
chr8:135725800-135728000,ENSG00000066827.11$ZFAT$chr8$135725292$-,0.43
chr8:135845200-135847400,ENSG00000066827.11$ZFAT$chr8$135725292$-,0.52
chr8:135868000-135869000,ENSG00000066827.11$ZFAT$chr8$135725292$-,0.37
chr8:66543800-66546000,ENSG00000066855.11$MTFR1$chr8$66556969$+,0.69
chr8:66547000-66547800,ENSG00000066855.11$MTFR1$chr8$66556969$+,0.59
chr8:66579800-66582000,ENSG00000066855.11$MTFR1$chr8$66556969$+,0.76
chr8:66675800-66678000,ENSG00000066855.11$MTFR1$chr8$66556969$+,0.45
chr8:66723000-66724000,ENSG00000066855.11$MTFR1$chr8$66556969$+,0.48
chr8:66724400-66726200,ENSG00000066855.11$MTFR1$chr8$66556969$+,0.46
chr8:66727400-66729000,ENSG00000066855.11$MTFR1$chr8$66556969$+,0.48
chr8:66755000-66756600,ENSG00000066855.11$MTFR1$chr8$66556969$+,0.35
chr7:99531600-99533400,ENSG00000066923.13$STAG3$chr7$99775186$+,0.37
chr7:99646000-99647000,ENSG00000066923.13$STAG3$chr7$99775186$+,0.41
chr7:99679400-99681800,ENSG00000066923.13$STAG3$chr7$99775186$+,0.47
chr7:99699600-99702000,ENSG00000066923.13$STAG3$chr7$99775186$+,0.53
chr7:99715200-99716400,ENSG00000066923.13$STAG3$chr7$99775186$+,0.46
chr7:99721800-99724000,ENSG00000066923.13$STAG3$chr7$99775186$+,0.41
chr7:99725600-99727600,ENSG00000066923.13$STAG3$chr7$99775186$+,0.46
chr7:99735200-99736800,ENSG00000066923.13$STAG3$chr7$99775186$+,0.54
chr7:99914200-99916200,ENSG00000066923.13$STAG3$chr7$99775186$+,0.4
chr18:55251400-55253200,ENSG00000066926.6$FECH$chr18$55254004$-,0.36
chr18:55289600-55290800,ENSG00000066926.6$FECH$chr18$55254004$-,0.5
chr18:55298000-55299400,ENSG00000066926.6$FECH$chr18$55254004$-,0.49
chr15:72370200-72372200,ENSG00000066933.11$MYO9A$chr15$72410918$-,0.49
chr15:72565400-72567000,ENSG00000066933.11$MYO9A$chr15$72410918$-,0.36
chr10:1155600-1157600,ENSG00000067064.6$IDI1$chr10$1095110$-,0.43
chr10:944200-946200,ENSG00000067064.6$IDI1$chr10$1095110$-,0.44
chr10:984600-985800,ENSG00000067064.6$IDI1$chr10$1095110$-,0.45
chr2:231215200-231216200,ENSG00000067066.12$SP100$chr2$231280657$+,0.51
chr2:231298800-231300600,ENSG00000067066.12$SP100$chr2$231280657$+,0.63
chr2:231315600-231317400,ENSG00000067066.12$SP100$chr2$231280657$+,0.63
chr2:231389400-231391000,ENSG00000067066.12$SP100$chr2$231280657$+,0.36
chr2:231417000-231418200,ENSG00000067066.12$SP100$chr2$231280657$+,0.35
chr10:3828400-3830800,ENSG00000067082.10$KLF6$chr10$3827473$-,0.43
chr5:54679600-54681800,ENSG00000067113.12$PPAP2A$chr5$54830878$-,0.65
chr5:55008800-55010800,ENSG00000067113.12$PPAP2A$chr5$54830878$-,0.43
chr15:73379200-73380400,ENSG00000067141.12$NEO1$chr15$73344051$+,0.59
chr15:73430600-73432600,ENSG00000067141.12$NEO1$chr15$73344051$+,0.38
chr17:37213600-37215800,ENSG00000067191.11$CACNB1$chr17$37353956$-,0.43
chr17:37529200-37530000,ENSG00000067191.11$CACNB1$chr17$37353956$-,0.37
chr1:93296400-93297600,ENSG00000067208.10$EVI5$chr1$93257961$-,0.47
chr15:72565400-72567000,ENSG00000067225.13$PKM$chr15$72524164$-,0.61
chr15:72669000-72670600,ENSG00000067225.13$PKM$chr15$72524164$-,0.35
chr5:54429400-54431400,ENSG00000067248.5$DHX29$chr5$54603550$-,0.41
chr5:54437000-54438800,ENSG00000067248.5$DHX29$chr5$54603550$-,0.42
chr5:54441200-54442800,ENSG00000067248.5$DHX29$chr5$54603550$-,0.46
chr5:54471400-54473600,ENSG00000067248.5$DHX29$chr5$54603550$-,0.48
chr5:54633400-54635600,ENSG00000067248.5$DHX29$chr5$54603550$-,0.6
chr5:54679600-54681800,ENSG00000067248.5$DHX29$chr5$54603550$-,0.49
chr1:94313800-94314600,ENSG00000067334.9$DNTTIP2$chr1$94345474$-,0.7
chr1:94315600-94317200,ENSG00000067334.9$DNTTIP2$chr1$94345474$-,0.65
chr1:94320600-94321200,ENSG00000067334.9$DNTTIP2$chr1$94345474$-,0.59
chr1:94481800-94484200,ENSG00000067334.9$DNTTIP2$chr1$94345474$-,0.41
chr16:8888800-8891000,ENSG00000067365.10$METTL22$chr16$8715540$+,0.39
chr15:43785800-43787200,ENSG00000067369.9$TP53BP1$chr15$43802926$-,0.61
chrX:54989600-54992000,ENSG00000067445.16$TRO$chrX$54946895$+,0.48
chrX:54992400-54993600,ENSG00000067445.16$TRO$chrX$54946895$+,0.39
chr3:49340200-49342200,ENSG00000067560.6$RHOA$chr3$49450431$-,0.38
chr3:49407800-49409600,ENSG00000067560.6$RHOA$chr3$49450431$-,0.54
chr3:49429200-49431200,ENSG00000067560.6$RHOA$chr3$49450431$-,0.61
chr3:49465000-49466400,ENSG00000067560.6$RHOA$chr3$49450431$-,0.67
chr3:49467200-49468000,ENSG00000067560.6$RHOA$chr3$49450431$-,0.5
chr3:49486200-49487000,ENSG00000067560.6$RHOA$chr3$49450431$-,0.56
chr3:49512800-49515200,ENSG00000067560.6$RHOA$chr3$49450431$-,0.47
chr3:49576200-49578600,ENSG00000067560.6$RHOA$chr3$49450431$-,0.42
chr17:41466800-41467600,ENSG00000067596.6$DHX8$chr17$41561233$+,0.58
chr1:220220400-220221000,ENSG00000067704.8$IARS2$chr1$220267444$+,0.56
chr1:220260600-220262600,ENSG00000067704.8$IARS2$chr1$220267444$+,0.64
chr1:220263600-220264200,ENSG00000067704.8$IARS2$chr1$220267444$+,0.54
chr1:220416600-220418400,ENSG00000067704.8$IARS2$chr1$220267444$+,0.38
chrX:152865400-152867800,ENSG00000067829.14$IDH3G$chrX$153059978$-,0.51
chrX:152868200-152870200,ENSG00000067829.14$IDH3G$chrX$153059978$-,0.37
chrX:152879800-152881000,ENSG00000067829.14$IDH3G$chrX$153059978$-,0.36
chrX:152932800-152935200,ENSG00000067829.14$IDH3G$chrX$153059978$-,0.5
chrX:152984200-152986600,ENSG00000067829.14$IDH3G$chrX$153059978$-,0.64
chrX:152987200-152989200,ENSG00000067829.14$IDH3G$chrX$153059978$-,0.54
chr16:4782000-4783600,ENSG00000067836.8$ROGDI$chr16$4852951$-,0.48
chr16:4785000-4786600,ENSG00000067836.8$ROGDI$chr16$4852951$-,0.48
chr16:4817600-4820000,ENSG00000067836.8$ROGDI$chr16$4852951$-,0.55
chr18:18626200-18627800,ENSG00000067900.6$ROCK1$chr18$18691812$-,0.5
chr18:18638400-18640600,ENSG00000067900.6$ROCK1$chr18$18691812$-,0.49
chr18:18646400-18648800,ENSG00000067900.6$ROCK1$chr18$18691812$-,0.53
chr18:18656600-18657000,ENSG00000067900.6$ROCK1$chr18$18691812$-,0.51
chr18:18660600-18661600,ENSG00000067900.6$ROCK1$chr18$18691812$-,0.52
chr18:18661800-18662200,ENSG00000067900.6$ROCK1$chr18$18691812$-,0.53
chr18:18675000-18675800,ENSG00000067900.6$ROCK1$chr18$18691812$-,0.57
chr18:18703200-18704600,ENSG00000067900.6$ROCK1$chr18$18691812$-,0.57
chr16:66965200-66967600,ENSG00000067955.9$CBFB$chr16$67063019$+,0.41
chr16:67015600-67017000,ENSG00000067955.9$CBFB$chr16$67063019$+,0.47
chr16:67017400-67019800,ENSG00000067955.9$CBFB$chr16$67063019$+,0.57
chr16:67060200-67062600,ENSG00000067955.9$CBFB$chr16$67063019$+,0.41
chr16:67141800-67143400,ENSG00000067955.9$CBFB$chr16$67063019$+,0.45
chrX:24480800-24483200,ENSG00000067992.8$PDK3$chrX$24483338$+,0.43
chrX:24515800-24517600,ENSG00000067992.8$PDK3$chrX$24483338$+,0.51
chr3:50334400-50336600,ENSG00000068001.9$HYAL2$chr3$50360337$-,0.4
chr3:50334400-50336600,ENSG00000068028.13$RASSF1$chr3$50378411$-,0.6
chr17:40976200-40977600,ENSG00000068079.3$IFI35$chr17$41158742$+,0.36
chr17:41114400-41116000,ENSG00000068079.3$IFI35$chr17$41158742$+,0.67
chr17:41130200-41132400,ENSG00000068079.3$IFI35$chr17$41158742$+,0.76
chr17:41149000-41150400,ENSG00000068079.3$IFI35$chr17$41158742$+,0.77
chr17:58210000-58212400,ENSG00000068097.10$HEATR6$chr17$58156292$-,0.46
chr17:40727000-40729400,ENSG00000068120.10$COASY$chr17$40713485$+,0.59
chr17:40750200-40752600,ENSG00000068120.10$COASY$chr17$40713485$+,0.6
chr17:40809600-40811400,ENSG00000068120.10$COASY$chr17$40713485$+,0.44
chr17:40727000-40729400,ENSG00000068137.10$PLEKHH3$chr17$40829048$-,0.38
chr17:40750200-40752600,ENSG00000068137.10$PLEKHH3$chr17$40829048$-,0.36
chr17:40809600-40811400,ENSG00000068137.10$PLEKHH3$chr17$40829048$-,0.7
chrX:48489400-48491200,ENSG00000068308.9$OTUD5$chrX$48815648$-,0.35
chrX:48533000-48534400,ENSG00000068308.9$OTUD5$chrX$48815648$-,0.38
chrX:48657600-48659600,ENSG00000068308.9$OTUD5$chrX$48815648$-,0.42
chrX:48660600-48662800,ENSG00000068308.9$OTUD5$chrX$48815648$-,0.43
chrX:48706800-48708400,ENSG00000068308.9$OTUD5$chrX$48815648$-,0.37
chrX:48747400-48749000,ENSG00000068308.9$OTUD5$chrX$48815648$-,0.5
chrX:48749200-48751000,ENSG00000068308.9$OTUD5$chrX$48815648$-,0.51
chrX:48752000-48754400,ENSG00000068308.9$OTUD5$chrX$48815648$-,0.54
chrX:48755800-48757800,ENSG00000068308.9$OTUD5$chrX$48815648$-,0.47
chrX:48805600-48806600,ENSG00000068308.9$OTUD5$chrX$48815648$-,0.53
chrX:48859400-48860600,ENSG00000068308.9$OTUD5$chrX$48815648$-,0.59
chrX:48868800-48870200,ENSG00000068308.9$OTUD5$chrX$48815648$-,0.56
chrX:48901200-48902200,ENSG00000068308.9$OTUD5$chrX$48815648$-,0.63
chrX:48931600-48933000,ENSG00000068308.9$OTUD5$chrX$48815648$-,0.55
chrX:48955600-48957800,ENSG00000068308.9$OTUD5$chrX$48815648$-,0.5
chrX:48977800-48979400,ENSG00000068308.9$OTUD5$chrX$48815648$-,0.45
chrX:48657600-48659600,ENSG00000068323.12$TFE3$chrX$48901012$-,0.42
chrX:48660600-48662800,ENSG00000068323.12$TFE3$chrX$48901012$-,0.38
chrX:48706800-48708400,ENSG00000068323.12$TFE3$chrX$48901012$-,0.37
chrX:48747400-48749000,ENSG00000068323.12$TFE3$chrX$48901012$-,0.37
chrX:48749200-48751000,ENSG00000068323.12$TFE3$chrX$48901012$-,0.36
chrX:48752000-48754400,ENSG00000068323.12$TFE3$chrX$48901012$-,0.35
chrX:48755800-48757800,ENSG00000068323.12$TFE3$chrX$48901012$-,0.36
chrX:48805600-48806600,ENSG00000068323.12$TFE3$chrX$48901012$-,0.39
chrX:48859400-48860600,ENSG00000068323.12$TFE3$chrX$48901012$-,0.68
chrX:48868800-48870200,ENSG00000068323.12$TFE3$chrX$48901012$-,0.68
chrX:48931600-48933000,ENSG00000068323.12$TFE3$chrX$48901012$-,0.77
chrX:48955600-48957800,ENSG00000068323.12$TFE3$chrX$48901012$-,0.59
chrX:48977800-48979400,ENSG00000068323.12$TFE3$chrX$48901012$-,0.52
chrX:49048400-49050800,ENSG00000068323.12$TFE3$chrX$48901012$-,0.39
chrX:49116400-49117200,ENSG00000068323.12$TFE3$chrX$48901012$-,0.43
chrX:48291200-48293000,ENSG00000068354.11$TBC1D25$chrX$48397845$+,0.36
chrX:48365400-48366800,ENSG00000068354.11$TBC1D25$chrX$48397845$+,0.61
chrX:48456600-48458800,ENSG00000068354.11$TBC1D25$chrX$48397845$+,0.52
chrX:48489400-48491200,ENSG00000068354.11$TBC1D25$chrX$48397845$+,0.6
chrX:48533000-48534400,ENSG00000068354.11$TBC1D25$chrX$48397845$+,0.44
chrX:48552800-48554400,ENSG00000068354.11$TBC1D25$chrX$48397845$+,0.5
chrX:48555600-48558000,ENSG00000068354.11$TBC1D25$chrX$48397845$+,0.48
chrX:48568000-48568400,ENSG00000068354.11$TBC1D25$chrX$48397845$+,0.37
chr10:134247200-134248800,ENSG00000068383.14$INPP5A$chr10$134351324$+,0.52
chrX:48747400-48749000,ENSG00000068394.9$GPKOW$chrX$48980151$-,0.42
chrX:48749200-48751000,ENSG00000068394.9$GPKOW$chrX$48980151$-,0.46
chrX:48752000-48754400,ENSG00000068394.9$GPKOW$chrX$48980151$-,0.46
chrX:48755800-48757800,ENSG00000068394.9$GPKOW$chrX$48980151$-,0.41
chrX:48805600-48806600,ENSG00000068394.9$GPKOW$chrX$48980151$-,0.38
chrX:48859400-48860600,ENSG00000068394.9$GPKOW$chrX$48980151$-,0.5
chrX:48868800-48870200,ENSG00000068394.9$GPKOW$chrX$48980151$-,0.47
chrX:48901200-48902200,ENSG00000068394.9$GPKOW$chrX$48980151$-,0.5
chrX:48931600-48933000,ENSG00000068394.9$GPKOW$chrX$48980151$-,0.59
chrX:48955600-48957800,ENSG00000068394.9$GPKOW$chrX$48980151$-,0.57
chrX:48977800-48979400,ENSG00000068394.9$GPKOW$chrX$48980151$-,0.36
chrX:49048400-49050800,ENSG00000068394.9$GPKOW$chrX$48980151$-,0.52
chrX:49116400-49117200,ENSG00000068394.9$GPKOW$chrX$48980151$-,0.42
chrX:48657600-48659600,ENSG00000068400.9$GRIPAP1$chrX$48858675$-,0.36
chrX:48706800-48708400,ENSG00000068400.9$GRIPAP1$chrX$48858675$-,0.38
chrX:48747400-48749000,ENSG00000068400.9$GRIPAP1$chrX$48858675$-,0.37
chrX:48749200-48751000,ENSG00000068400.9$GRIPAP1$chrX$48858675$-,0.36
chrX:48755800-48757800,ENSG00000068400.9$GRIPAP1$chrX$48858675$-,0.39
chrX:48805600-48806600,ENSG00000068400.9$GRIPAP1$chrX$48858675$-,0.41
chrX:48868800-48870200,ENSG00000068400.9$GRIPAP1$chrX$48858675$-,0.74
chrX:48901200-48902200,ENSG00000068400.9$GRIPAP1$chrX$48858675$-,0.57
chrX:48931600-48933000,ENSG00000068400.9$GRIPAP1$chrX$48858675$-,0.57
chrX:48955600-48957800,ENSG00000068400.9$GRIPAP1$chrX$48858675$-,0.43
chrX:48977800-48979400,ENSG00000068400.9$GRIPAP1$chrX$48858675$-,0.41
chrX:49048400-49050800,ENSG00000068400.9$GRIPAP1$chrX$48858675$-,0.36
chrX:48291200-48293000,ENSG00000068438.10$FTSJ1$chrX$48334541$+,0.53
chrX:48365400-48366800,ENSG00000068438.10$FTSJ1$chrX$48334541$+,0.6
chrX:48398600-48400400,ENSG00000068438.10$FTSJ1$chrX$48334541$+,0.58
chrX:48456600-48458800,ENSG00000068438.10$FTSJ1$chrX$48334541$+,0.39
chrX:48489400-48491200,ENSG00000068438.10$FTSJ1$chrX$48334541$+,0.5
chrX:48533000-48534400,ENSG00000068438.10$FTSJ1$chrX$48334541$+,0.45
chrX:48555600-48558000,ENSG00000068438.10$FTSJ1$chrX$48334541$+,0.36
chr17:57179400-57180400,ENSG00000068489.8$PRR11$chr17$57232860$+,0.48
chr17:57181200-57183400,ENSG00000068489.8$PRR11$chr17$57232860$+,0.52
chr17:57222800-57223400,ENSG00000068489.8$PRR11$chr17$57232860$+,0.61
chr17:57297000-57297800,ENSG00000068489.8$PRR11$chr17$57232860$+,0.53
chr17:57298800-57299600,ENSG00000068489.8$PRR11$chr17$57232860$+,0.38
chr13:113242800-113244200,ENSG00000068650.14$ATP11A$chr13$113344643$+,0.62
chr13:113259800-113261400,ENSG00000068650.14$ATP11A$chr13$113344643$+,0.65
chr2:86190000-86192000,ENSG00000068654.11$POLR1A$chr2$86333278$-,0.42
chr2:86338000-86338200,ENSG00000068654.11$POLR1A$chr2$86333278$-,0.58
chr2:86408200-86408600,ENSG00000068654.11$POLR1A$chr2$86333278$-,0.58
chr2:86425200-86426600,ENSG00000068654.11$POLR1A$chr2$86333278$-,0.45
chr2:20102600-20103800,ENSG00000068697.6$LAPTM4A$chr2$20251789$-,0.5
chr2:20170000-20172400,ENSG00000068697.6$LAPTM4A$chr2$20251789$-,0.43
chr2:20190200-20191600,ENSG00000068697.6$LAPTM4A$chr2$20251789$-,0.58
chr2:47166200-47168000,ENSG00000068724.11$TTC7A$chr2$47143296$+,0.53
chr2:45814800-45816800,ENSG00000068784.8$SRBD1$chr2$45839304$-,0.46
chr5:61519800-61521000,ENSG00000068796.12$KIF2A$chr5$61601989$+,0.43
chr5:61589600-61589800,ENSG00000068796.12$KIF2A$chr5$61601989$+,0.79
chr5:61594800-61597000,ENSG00000068796.12$KIF2A$chr5$61601989$+,0.75
chr5:61599400-61601800,ENSG00000068796.12$KIF2A$chr5$61601989$+,0.46
chr5:61687600-61689800,ENSG00000068796.12$KIF2A$chr5$61601989$+,0.37
chr5:61700400-61702200,ENSG00000068796.12$KIF2A$chr5$61601989$+,0.43
chr5:61707600-61708400,ENSG00000068796.12$KIF2A$chr5$61601989$+,0.46
chr11:64578000-64579000,ENSG00000068831.14$RASGRP2$chr11$64512928$-,0.39
chr2:54140400-54142400,ENSG00000068878.10$PSME4$chr2$54197977$-,0.47
chr2:54213800-54215400,ENSG00000068878.10$PSME4$chr2$54197977$-,0.55
chr2:54225200-54227000,ENSG00000068878.10$PSME4$chr2$54197977$-,0.53
chr3:160108200-160109400,ENSG00000068885.10$IFT80$chr3$160117668$-,0.51
chr3:160109600-160111600,ENSG00000068885.10$IFT80$chr3$160117668$-,0.59
chr3:160267200-160268400,ENSG00000068885.10$IFT80$chr3$160117668$-,0.39
chr19:39259400-39261200,ENSG00000068903.15$SIRT2$chr19$39390502$-,0.38
chr19:39322400-39324200,ENSG00000068903.15$SIRT2$chr19$39390502$-,0.48
chr19:39343400-39345600,ENSG00000068903.15$SIRT2$chr19$39390502$-,0.46
chr19:39418600-39420800,ENSG00000068903.15$SIRT2$chr19$39390502$-,0.55
chr19:39431800-39433800,ENSG00000068903.15$SIRT2$chr19$39390502$-,0.52
chr19:39440000-39441600,ENSG00000068903.15$SIRT2$chr19$39390502$-,0.55
chr2:54140400-54142400,ENSG00000068912.9$ERLEC1$chr2$54014181$+,0.4
chr11:64578000-64579000,ENSG00000068971.9$PPP2R5B$chr11$64685025$+,0.49
chr11:64690600-64691800,ENSG00000068971.9$PPP2R5B$chr11$64685025$+,0.71
chr11:64692800-64695200,ENSG00000068971.9$PPP2R5B$chr11$64685025$+,0.64
chr11:64780200-64781400,ENSG00000068971.9$PPP2R5B$chr11$64685025$+,0.49
chr11:64805800-64808200,ENSG00000068971.9$PPP2R5B$chr11$64685025$+,0.46
chr1:229649600-229651000,ENSG00000069248.9$NUP133$chr1$229644103$-,0.68
chr1:205601400-205603400,ENSG00000069275.12$NUCKS1$chr1$205719404$-,0.41
chr1:205744600-205745800,ENSG00000069275.12$NUCKS1$chr1$205719404$-,0.5
chr1:205783000-205784600,ENSG00000069275.12$NUCKS1$chr1$205719404$-,0.43
chr1:205817800-205820000,ENSG00000069275.12$NUCKS1$chr1$205719404$-,0.43
chr16:46850800-46851600,ENSG00000069329.11$VPS35$chr16$46723430$-,0.36
chr16:46976600-46978200,ENSG00000069345.7$DNAJA2$chr16$47007699$-,0.56
chr16:47158600-47160800,ENSG00000069345.7$DNAJA2$chr16$47007699$-,0.36
chr19:45156400-45158600,ENSG00000069399.8$BCL3$chr19$45250962$+,0.6
chr19:45344200-45345400,ENSG00000069399.8$BCL3$chr19$45250962$+,0.66
chr19:45392200-45393600,ENSG00000069399.8$BCL3$chr19$45250962$+,0.38
chr12:9757800-9759600,ENSG00000069493.10$CLEC2D$chr12$9817565$+,0.59
chr12:9759800-9761200,ENSG00000069493.10$CLEC2D$chr12$9817565$+,0.62
chr12:9762400-9764200,ENSG00000069493.10$CLEC2D$chr12$9817565$+,0.54
chr12:9772000-9773600,ENSG00000069493.10$CLEC2D$chr12$9817565$+,0.5
chr12:9779200-9780000,ENSG00000069493.10$CLEC2D$chr12$9817565$+,0.64
chr12:9790000-9792400,ENSG00000069493.10$CLEC2D$chr12$9817565$+,0.67
chr12:9812000-9813200,ENSG00000069493.10$CLEC2D$chr12$9817565$+,0.6
chr12:9843400-9845800,ENSG00000069493.10$CLEC2D$chr12$9817565$+,0.62
chrX:44221200-44222200,ENSG00000069509.5$FUNDC1$chrX$44402247$-,0.54
chr1:92666800-92669200,ENSG00000069712.9$KIAA1107$chr1$92632542$+,0.45
chr16:14765800-14767400,ENSG00000069764.5$PLA2G10$chr16$14788526$-,0.39
chr1:6426200-6426600,ENSG00000069812.7$HES2$chr1$6484730$-,0.61
chr1:6451400-6453600,ENSG00000069812.7$HES2$chr1$6484730$-,0.69
chr1:6454200-6455800,ENSG00000069812.7$HES2$chr1$6484730$-,0.67
chr3:141454800-141457000,ENSG00000069849.6$ATP1B3$chr3$141594966$+,0.36
chr3:141609400-141611400,ENSG00000069849.6$ATP1B3$chr3$141594966$+,0.58
chr3:141620600-141622600,ENSG00000069849.6$ATP1B3$chr3$141594966$+,0.68
chr15:55489800-55491000,ENSG00000069943.5$PIGB$chr15$55611158$+,0.36
chr15:55564400-55564600,ENSG00000069943.5$PIGB$chr15$55611158$+,0.52
chr15:55564800-55566200,ENSG00000069943.5$PIGB$chr15$55611158$+,0.4
chr15:55606600-55607800,ENSG00000069943.5$PIGB$chr15$55611158$+,0.48
chr15:55701000-55702600,ENSG00000069943.5$PIGB$chr15$55611158$+,0.4
chr15:55489800-55491000,ENSG00000069974.11$RAB27A$chr15$55611311$-,0.35
chr15:55564400-55564600,ENSG00000069974.11$RAB27A$chr15$55611311$-,0.52
chr15:55564800-55566200,ENSG00000069974.11$RAB27A$chr15$55611311$-,0.42
chr15:55606600-55607800,ENSG00000069974.11$RAB27A$chr15$55611311$-,0.45
chr15:55701000-55702600,ENSG00000069974.11$RAB27A$chr15$55611311$-,0.39
chr22:17640800-17641600,ENSG00000069998.8$CECR5$chr22$17646177$-,0.68
chr22:19435800-19437800,ENSG00000070010.14$UFD1L$chr22$19466738$-,0.57
chr22:19476000-19477600,ENSG00000070010.14$UFD1L$chr22$19466738$-,0.66
chr12:12480000-12481200,ENSG00000070018.4$LRP6$chr12$12419946$-,0.4
chr11:367200-369200,ENSG00000070047.7$PHRF1$chr11$576486$+,0.37
chr11:507400-509400,ENSG00000070047.7$PHRF1$chr11$576486$+,0.41
chr11:517200-519400,ENSG00000070047.7$PHRF1$chr11$576486$+,0.51
chr9:111697200-111698800,ENSG00000070061.10$IKBKAP$chr9$111696396$-,0.4
chr11:17207200-17209400,ENSG00000070081.11$NUCB2$chr11$17229700$+,0.51
chr11:17305400-17305800,ENSG00000070081.11$NUCB2$chr11$17229700$+,0.38
chr3:149689400-149690800,ENSG00000070087.9$PFN2$chr3$149768575$-,0.47
chr4:100815600-100816800,ENSG00000070190.8$DAPP1$chr4$100737990$+,0.45
chr4:100836400-100838200,ENSG00000070190.8$DAPP1$chr4$100737990$+,0.37
chr4:100859400-100861600,ENSG00000070190.8$DAPP1$chr4$100737990$+,0.39
chr4:100868400-100870400,ENSG00000070190.8$DAPP1$chr4$100737990$+,0.49
chr17:2048600-2050800,ENSG00000070366.9$SMG6$chr17$2207065$-,0.4
chr17:2207600-2208800,ENSG00000070366.9$SMG6$chr17$2207065$-,0.43
chr14:57727800-57730200,ENSG00000070367.11$EXOC5$chr14$57735726$-,0.58
chr14:57855800-57856800,ENSG00000070367.11$EXOC5$chr14$57735726$-,0.45
chr14:57878200-57878800,ENSG00000070367.11$EXOC5$chr14$57735726$-,0.42
chr22:19182600-19184400,ENSG00000070371.11$CLTCL1$chr22$19279239$-,0.5
chr22:19435800-19437800,ENSG00000070371.11$CLTCL1$chr22$19279239$-,0.38
chr19:489600-491800,ENSG00000070388.7$FGF22$chr19$639879$+,0.43
chr22:18879800-18880600,ENSG00000070413.14$DGCR2$chr22$19109967$-,0.42
chr22:19129600-19131600,ENSG00000070413.14$DGCR2$chr22$19109967$-,0.62
chr22:19182600-19184400,ENSG00000070413.14$DGCR2$chr22$19109967$-,0.51
chr19:489600-491800,ENSG00000070423.13$RNF126$chr19$663277$-,0.43
chr17:2207600-2208800,ENSG00000070444.10$MNT$chr17$2304412$-,0.45
chr17:2415600-2417200,ENSG00000070444.10$MNT$chr17$2304412$-,0.38
chr17:2434000-2435000,ENSG00000070444.10$MNT$chr17$2304412$-,0.4
chr17:2494400-2496200,ENSG00000070444.10$MNT$chr17$2304412$-,0.43
chr17:74619200-74621400,ENSG00000070495.10$JMJD6$chr17$74722866$-,0.58
chr17:74644000-74645400,ENSG00000070495.10$JMJD6$chr17$74722866$-,0.44
chr17:74782600-74784800,ENSG00000070495.10$JMJD6$chr17$74722866$-,0.51
chr17:74812200-74813400,ENSG00000070495.10$JMJD6$chr17$74722866$-,0.43
chr8:41910200-41912600,ENSG00000070501.7$POLB$chr8$42195972$+,0.36
chr8:42207200-42208200,ENSG00000070501.7$POLB$chr8$42195972$+,0.69
chr8:42248200-42249800,ENSG00000070501.7$POLB$chr8$42195972$+,0.46
chr8:42380000-42382200,ENSG00000070501.7$POLB$chr8$42195972$+,0.44
chr17:74449200-74450200,ENSG00000070526.10$ST6GALNAC1$chr17$74639920$-,0.35
chr17:74619200-74621400,ENSG00000070526.10$ST6GALNAC1$chr17$74639920$-,0.63
chr17:74644000-74645400,ENSG00000070526.10$ST6GALNAC1$chr17$74639920$-,0.59
chr17:74782600-74784800,ENSG00000070526.10$ST6GALNAC1$chr17$74639920$-,0.43
chr17:66280800-66281000,ENSG00000070540.8$WIPI1$chr17$66453654$-,0.35
chr17:66281400-66281600,ENSG00000070540.8$WIPI1$chr17$66453654$-,0.39
chr17:66355400-66357200,ENSG00000070540.8$WIPI1$chr17$66453654$-,0.36
chr17:66426800-66429200,ENSG00000070540.8$WIPI1$chr17$66453654$-,0.45
chr9:35602200-35603800,ENSG00000070610.10$GBA2$chr9$35749983$-,0.42
chr9:35655800-35657800,ENSG00000070610.10$GBA2$chr9$35749983$-,0.41
chr9:35741400-35742800,ENSG00000070610.10$GBA2$chr9$35749983$-,0.62
chr9:35810000-35811800,ENSG00000070610.10$GBA2$chr9$35749983$-,0.63
chr9:35812200-35814400,ENSG00000070610.10$GBA2$chr9$35749983$-,0.57
chr9:35932800-35934400,ENSG00000070610.10$GBA2$chr9$35749983$-,0.42
chr9:35971600-35973000,ENSG00000070610.10$GBA2$chr9$35749983$-,0.39
chr7:97599800-97601000,ENSG00000070669.12$ASNS$chr7$97501854$-,0.48
chr7:97680000-97681000,ENSG00000070669.12$ASNS$chr7$97501854$-,0.38
chr8:41889000-41889200,ENSG00000070718.7$AP3M2$chr8$42010464$+,0.47
chr8:41910200-41912600,ENSG00000070718.7$AP3M2$chr8$42010464$+,0.38
chr8:42194600-42195400,ENSG00000070718.7$AP3M2$chr8$42010464$+,0.36
chr8:42248200-42249800,ENSG00000070718.7$AP3M2$chr8$42010464$+,0.42
chr8:101572000-101572800,ENSG00000070756.9$PABPC1$chr8$101735037$-,0.43
chr8:101702400-101703600,ENSG00000070756.9$PABPC1$chr8$101735037$-,0.53
chr8:101847200-101848400,ENSG00000070756.9$PABPC1$chr8$101735037$-,0.38
chr1:45765800-45766400,ENSG00000070759.12$TESK2$chr1$45956872$-,0.37
chr1:45767200-45769000,ENSG00000070759.12$TESK2$chr1$45956872$-,0.4
chr1:45964000-45965200,ENSG00000070759.12$TESK2$chr1$45956872$-,0.76
chr1:45988000-45990000,ENSG00000070759.12$TESK2$chr1$45956872$-,0.64
chr1:46015200-46016200,ENSG00000070759.12$TESK2$chr1$45956872$-,0.56
chr1:46047400-46049200,ENSG00000070759.12$TESK2$chr1$45956872$-,0.58
chr1:46127800-46129400,ENSG00000070759.12$TESK2$chr1$45956872$-,0.42
chr16:58282200-58283800,ENSG00000070761.3$C16orf80$chr16$58163354$-,0.4
chr16:58282200-58283800,ENSG00000070770.4$CSNK2A2$chr16$58231824$-,0.52
chr16:58370400-58372800,ENSG00000070770.4$CSNK2A2$chr16$58231824$-,0.47
chr14:89028000-89029200,ENSG00000070778.8$PTPN21$chr14$89021077$-,0.5
chr14:89030000-89032200,ENSG00000070778.8$PTPN21$chr14$89021077$-,0.5
chr1:45473800-45476000,ENSG00000070785.12$EIF2B3$chr1$45452282$-,0.65
chr1:45498600-45500200,ENSG00000070785.12$EIF2B3$chr1$45452282$-,0.41
chr5:149815400-149816400,ENSG00000070814.13$TCOF1$chr5$149737202$+,0.52
chr5:149829600-149830400,ENSG00000070814.13$TCOF1$chr5$149737202$+,0.49
chr1:22409800-22411600,ENSG00000070831.11$CDC42$chr1$22379120$+,0.66
chr1:22421400-22423800,ENSG00000070831.11$CDC42$chr1$22379120$+,0.67
chr1:22470000-22471600,ENSG00000070831.11$CDC42$chr1$22379120$+,0.45
chr7:24990600-24992800,ENSG00000070882.8$OSBPL3$chr7$25021253$-,0.48
chr16:56859800-56861600,ENSG00000070915.5$SLC12A3$chr16$56899119$+,0.5
chr12:90012000-90012600,ENSG00000070961.10$ATP2B1$chr12$90103077$-,0.55
chr12:90013000-90014000,ENSG00000070961.10$ATP2B1$chr12$90103077$-,0.67
chr12:90047600-90048200,ENSG00000070961.10$ATP2B1$chr12$90103077$-,0.72
chr12:90053800-90055000,ENSG00000070961.10$ATP2B1$chr12$90103077$-,0.71
chr12:90062200-90063600,ENSG00000070961.10$ATP2B1$chr12$90103077$-,0.73
chr2:106161800-106164000,ENSG00000071051.9$NCK2$chr2$106361354$+,0.41
chr2:106447400-106448400,ENSG00000071051.9$NCK2$chr2$106361354$+,0.46
chr2:106449400-106451800,ENSG00000071051.9$NCK2$chr2$106361354$+,0.45
chr2:106518000-106520400,ENSG00000071051.9$NCK2$chr2$106361354$+,0.38
chr2:99290200-99292000,ENSG00000071073.8$MGAT4A$chr2$99347589$-,0.39
chr2:99296000-99297200,ENSG00000071073.8$MGAT4A$chr2$99347589$-,0.49
chr7:17894200-17895400,ENSG00000071189.17$SNX13$chr7$17980124$-,0.47
chr7:17946400-17947600,ENSG00000071189.17$SNX13$chr7$17980124$-,0.61
chr7:17947800-17948600,ENSG00000071189.17$SNX13$chr7$17980124$-,0.63
chr7:17967000-17968400,ENSG00000071189.17$SNX13$chr7$17980124$-,0.69
chr7:120498000-120500400,ENSG00000071243.11$ING3$chr7$120590803$+,0.6
chr7:72972200-72973200,ENSG00000071462.7$WBSCR22$chr7$73097355$+,0.52
chr5:1167400-1169600,ENSG00000071539.9$TRIP13$chr5$892758$+,0.38
chr5:610000-612000,ENSG00000071539.9$TRIP13$chr5$892758$+,0.45
chr5:846600-847200,ENSG00000071539.9$TRIP13$chr5$892758$+,0.5
chrX:153514000-153514800,ENSG00000071553.12$ATP6AP1$chrX$153656978$+,0.44
chrX:153544800-153546800,ENSG00000071553.12$ATP6AP1$chrX$153656978$+,0.41
chrX:153548400-153550600,ENSG00000071553.12$ATP6AP1$chrX$153656978$+,0.45
chrX:153561600-153563800,ENSG00000071553.12$ATP6AP1$chrX$153656978$+,0.51
chrX:153640600-153642600,ENSG00000071553.12$ATP6AP1$chrX$153656978$+,0.67
chrX:153663600-153665200,ENSG00000071553.12$ATP6AP1$chrX$153656978$+,0.8
chr19:1593400-1594800,ENSG00000071564.10$TCF3$chr19$1652604$-,0.47
chr19:1606200-1607600,ENSG00000071564.10$TCF3$chr19$1652604$-,0.57
chr19:1724800-1726800,ENSG00000071564.10$TCF3$chr19$1652604$-,0.56
chr2:12633000-12634800,ENSG00000071575.7$TRIB2$chr2$12857015$+,0.42
chr2:12650200-12651800,ENSG00000071575.7$TRIB2$chr2$12857015$+,0.36
chr2:12704200-12706400,ENSG00000071575.7$TRIB2$chr2$12857015$+,0.44
chr2:12752400-12754400,ENSG00000071575.7$TRIB2$chr2$12857015$+,0.44
chr2:12797000-12799400,ENSG00000071575.7$TRIB2$chr2$12857015$+,0.54
chr19:1353000-1354600,ENSG00000071626.12$DAZAP1$chr19$1407568$+,0.52
chr19:1593400-1594800,ENSG00000071626.12$DAZAP1$chr19$1407568$+,0.38
chr19:1606200-1607600,ENSG00000071626.12$DAZAP1$chr19$1407568$+,0.36
chr19:1606200-1607600,ENSG00000071655.13$MBD3$chr19$1592882$-,0.49
chr19:1724800-1726800,ENSG00000071655.13$MBD3$chr19$1592882$-,0.39
chr3:148845800-148847000,ENSG00000071794.11$HLTF$chr3$148804341$-,0.54
chr3:148892200-148893400,ENSG00000071794.11$HLTF$chr3$148804341$-,0.42
chrX:153352400-153353800,ENSG00000071859.10$FAM50A$chrX$153672473$+,0.37
chrX:153363400-153365200,ENSG00000071859.10$FAM50A$chrX$153672473$+,0.36
chrX:153514000-153514800,ENSG00000071859.10$FAM50A$chrX$153672473$+,0.44
chrX:153544800-153546800,ENSG00000071859.10$FAM50A$chrX$153672473$+,0.44
chrX:153548400-153550600,ENSG00000071859.10$FAM50A$chrX$153672473$+,0.45
chrX:153561600-153563800,ENSG00000071859.10$FAM50A$chrX$153672473$+,0.46
chrX:153640600-153642600,ENSG00000071859.10$FAM50A$chrX$153672473$+,0.64
chrX:153655000-153657400,ENSG00000071859.10$FAM50A$chrX$153672473$+,0.61
chrX:153663600-153665200,ENSG00000071859.10$FAM50A$chrX$153672473$+,0.55
chr8:145704000-145706200,ENSG00000071894.10$CPSF1$chr8$145634753$-,0.45
chr14:68085200-68086200,ENSG00000072042.8$RDH11$chr14$68162531$-,0.54
chr14:68108200-68109400,ENSG00000072042.8$RDH11$chr14$68162531$-,0.55
chr14:68142000-68142800,ENSG00000072042.8$RDH11$chr14$68162531$-,0.54
chr14:68280200-68282600,ENSG00000072042.8$RDH11$chr14$68162531$-,0.44
chr19:14199000-14200800,ENSG00000072062.9$PRKACA$chr19$14228896$-,0.48
chr19:14202200-14203800,ENSG00000072062.9$PRKACA$chr19$14228896$-,0.44
chr19:14285800-14286800,ENSG00000072062.9$PRKACA$chr19$14228896$-,0.37
chr19:14306000-14308200,ENSG00000072062.9$PRKACA$chr19$14228896$-,0.36
chr19:14285800-14286800,ENSG00000072071.12$LPHN1$chr19$14316999$-,0.48
chr19:14306000-14308200,ENSG00000072071.12$LPHN1$chr19$14316999$-,0.44
chr19:14347600-14349000,ENSG00000072071.12$LPHN1$chr19$14316999$-,0.43
chr19:14384800-14386800,ENSG00000072071.12$LPHN1$chr19$14316999$-,0.39
chr2:234937800-234938800,ENSG00000072080.6$SPP2$chr2$234959323$+,0.38
chr14:69461200-69463400,ENSG00000072110.9$ACTN1$chr14$69446157$-,0.54
chr14:68108200-68109400,ENSG00000072121.11$ZFYVE26$chr14$68283307$-,0.46
chr14:68142000-68142800,ENSG00000072121.11$ZFYVE26$chr14$68283307$-,0.47
chr14:68363600-68364400,ENSG00000072121.11$ZFYVE26$chr14$68283307$-,0.48
chr2:128457200-128458800,ENSG00000072163.14$LIMS2$chr2$128439360$-,0.52
chr3:195715000-195717000,ENSG00000072274.8$TFRC$chr3$195809060$-,0.37
chr3:195797400-195798800,ENSG00000072274.8$TFRC$chr3$195809060$-,0.71
chr3:195799000-195801200,ENSG00000072274.8$TFRC$chr3$195809060$-,0.72
chr3:195977800-195979400,ENSG00000072274.8$TFRC$chr3$195809060$-,0.39
chr3:196042600-196044400,ENSG00000072274.8$TFRC$chr3$195809060$-,0.36
chr5:132200200-132201800,ENSG00000072364.8$AFF4$chr5$132299326$-,0.49
chr5:132203000-132204800,ENSG00000072364.8$AFF4$chr5$132299326$-,0.41
chr5:132359800-132361600,ENSG00000072364.8$AFF4$chr5$132299326$-,0.62
chr10:60012000-60013000,ENSG00000072401.10$UBE2D1$chr10$60094735$+,0.54
chr10:60029600-60032000,ENSG00000072401.10$UBE2D1$chr10$60094735$+,0.51
chr10:60081200-60083600,ENSG00000072401.10$UBE2D1$chr10$60094735$+,0.69
chr10:60142200-60144400,ENSG00000072401.10$UBE2D1$chr10$60094735$+,0.66
chr10:60151000-60152000,ENSG00000072401.10$UBE2D1$chr10$60094735$+,0.63
chrX:53255000-53257200,ENSG00000072501.13$SMC1A$chrX$53449677$-,0.41
chrX:53388400-53390800,ENSG00000072501.13$SMC1A$chrX$53449677$-,0.57
chrX:53459000-53460800,ENSG00000072501.13$SMC1A$chrX$53449677$-,0.72
chrX:53388400-53390800,ENSG00000072506.8$HSD17B10$chrX$53461320$-,0.61
chrX:53449600-53451000,ENSG00000072506.8$HSD17B10$chrX$53461320$-,0.67
chrX:53459000-53460800,ENSG00000072506.8$HSD17B10$chrX$53461320$-,0.35
chr11:63446400-63448600,ENSG00000072518.16$MARK2$chr11$63606400$+,0.45
chr11:63704800-63705800,ENSG00000072518.16$MARK2$chr11$63606400$+,0.39
chr11:63754600-63756800,ENSG00000072518.16$MARK2$chr11$63606400$+,0.38
chr5:162863200-162864600,ENSG00000072571.15$HMMR$chr5$162887209$+,0.65
chr5:162893800-162895400,ENSG00000072571.15$HMMR$chr5$162887209$+,0.63
chr5:162929000-162930400,ENSG00000072571.15$HMMR$chr5$162887209$+,0.55
chr5:162975800-162977200,ENSG00000072571.15$HMMR$chr5$162887209$+,0.48
chr12:133406000-133407000,ENSG00000072609.13$CHFR$chr12$133532890$-,0.49
chr12:133462200-133463600,ENSG00000072609.13$CHFR$chr12$133532890$-,0.47
chr12:133465000-133467400,ENSG00000072609.13$CHFR$chr12$133532890$-,0.46
chr12:133561800-133562600,ENSG00000072609.13$CHFR$chr12$133532890$-,0.69
chr12:133563800-133565400,ENSG00000072609.13$CHFR$chr12$133532890$-,0.71
chr12:133613000-133613600,ENSG00000072609.13$CHFR$chr12$133532890$-,0.56
chr12:133614600-133615200,ENSG00000072609.13$CHFR$chr12$133532890$-,0.61
chr1:161529200-161531600,ENSG00000072694.14$FCGR2B$chr1$161551101$+,0.37
chr16:67970800-67972200,ENSG00000072736.14$NFATC3$chr16$68118654$+,0.36
chr16:68003000-68005000,ENSG00000072736.14$NFATC3$chr16$68118654$+,0.4
chr16:68054800-68056200,ENSG00000072736.14$NFATC3$chr16$68118654$+,0.38
chr16:68057600-68059400,ENSG00000072736.14$NFATC3$chr16$68118654$+,0.45
chr16:68142800-68143000,ENSG00000072736.14$NFATC3$chr16$68118654$+,0.64
chr16:68153000-68154800,ENSG00000072736.14$NFATC3$chr16$68118654$+,0.59
chr3:3069400-3071000,ENSG00000072756.12$TRNT1$chr3$3168600$+,0.64
chr3:3195600-3197800,ENSG00000072756.12$TRNT1$chr3$3168600$+,0.67
chr3:3204200-3206400,ENSG00000072756.12$TRNT1$chr3$3168600$+,0.63
chr3:3207400-3208200,ENSG00000072756.12$TRNT1$chr3$3168600$+,0.63
chr3:3221400-3223200,ENSG00000072756.12$TRNT1$chr3$3168600$+,0.6
chr3:3242000-3244200,ENSG00000072756.12$TRNT1$chr3$3168600$+,0.56
chr17:7146600-7148200,ENSG00000072778.15$ACADVL$chr17$7120444$+,0.37
chr5:171363200-171364400,ENSG00000072803.13$FBXW11$chr5$171433877$-,0.59
chr5:171399800-171400800,ENSG00000072803.13$FBXW11$chr5$171433877$-,0.71
chr5:171461600-171463400,ENSG00000072803.13$FBXW11$chr5$171433877$-,0.72
chr5:171497400-171499800,ENSG00000072803.13$FBXW11$chr5$171433877$-,0.57
chr5:171501200-171501400,ENSG00000072803.13$FBXW11$chr5$171433877$-,0.52
chr17:7143000-7145000,ENSG00000072818.7$ACAP1$chr17$7239848$+,0.39
chr17:7146600-7148200,ENSG00000072818.7$ACAP1$chr17$7239848$+,0.43
chr17:7156200-7158200,ENSG00000072818.7$ACAP1$chr17$7239848$+,0.49
chr17:7298400-7300000,ENSG00000072818.7$ACAP1$chr17$7239848$+,0.55
chr17:7337800-7338800,ENSG00000072818.7$ACAP1$chr17$7239848$+,0.37
chr17:5291800-5292800,ENSG00000072849.6$DERL2$chr17$5390131$-,0.39
chr17:5342400-5344400,ENSG00000072849.6$DERL2$chr17$5390131$-,0.41
chr17:5495400-5496200,ENSG00000072849.6$DERL2$chr17$5390131$-,0.45
chr3:113203800-113205000,ENSG00000072858.6$SIDT1$chr3$113251143$+,0.55
chr3:113231600-113233200,ENSG00000072858.6$SIDT1$chr3$113251143$+,0.57
chr3:113234400-113236000,ENSG00000072858.6$SIDT1$chr3$113251143$+,0.57
chr3:113267600-113268400,ENSG00000072858.6$SIDT1$chr3$113251143$+,0.53
chr3:113296400-113296800,ENSG00000072858.6$SIDT1$chr3$113251143$+,0.52
chr16:15742200-15744200,ENSG00000072864.8$NDE1$chr16$15737124$+,0.6
chr16:15838600-15839400,ENSG00000072864.8$NDE1$chr16$15737124$+,0.5
chr16:15982600-15983400,ENSG00000072864.8$NDE1$chr16$15737124$+,0.37
chr19:16941000-16942800,ENSG00000072954.2$TMEM38A$chr19$16771938$+,0.35
chr19:16221400-16222600,ENSG00000072958.4$AP1M1$chr19$16308389$+,0.54
chr19:16317600-16320000,ENSG00000072958.4$AP1M1$chr19$16308389$+,0.61
chr19:16354000-16356400,ENSG00000072958.4$AP1M1$chr19$16308389$+,0.6
chr19:16455800-16457000,ENSG00000072958.4$AP1M1$chr19$16308389$+,0.49
chr19:45156400-45158600,ENSG00000073008.10$PVR$chr19$45147098$+,0.42
chr19:44080000-44081600,ENSG00000073050.7$XRCC1$chr19$44084625$-,0.41
chr12:125399600-125402000,ENSG00000073060.11$SCARB1$chr12$125367214$-,0.35
chr3:127310000-127312400,ENSG00000073111.9$MCM2$chr3$127317066$+,0.67
chr3:127344600-127346800,ENSG00000073111.9$MCM2$chr3$127317066$+,0.66
chr3:127389600-127391800,ENSG00000073111.9$MCM2$chr3$127317066$+,0.44
chr22:50465600-50467200,ENSG00000073169.9$SELO$chr22$50639408$+,0.47
chr22:50766000-50767000,ENSG00000073169.9$SELO$chr22$50639408$+,0.36
chr22:50779400-50781600,ENSG00000073169.9$SELO$chr22$50639408$+,0.37
chr3:189359600-189360400,ENSG00000073282.8$TP63$chr3$189349205$+,0.71
chr4:113065400-113066600,ENSG00000073331.13$ALPK1$chr4$113206665$+,0.35
chr4:113150800-113152000,ENSG00000073331.13$ALPK1$chr4$113206665$+,0.66
chr4:113242400-113244400,ENSG00000073331.13$ALPK1$chr4$113206665$+,0.65
chr17:73282800-73285000,ENSG00000073350.9$LLGL2$chr17$73521161$+,0.35
chr17:73431000-73433000,ENSG00000073350.9$LLGL2$chr17$73521161$+,0.54
chr17:73577400-73579000,ENSG00000073350.9$LLGL2$chr17$73521161$+,0.5
chr17:73661000-73662800,ENSG00000073350.9$LLGL2$chr17$73521161$+,0.44
chr15:85691800-85694200,ENSG00000073417.10$PDE8A$chr15$85523671$+,0.36
chr17:33305800-33307200,ENSG00000073536.13$NLE1$chr17$33469334$-,0.35
chr17:33416400-33418600,ENSG00000073536.13$NLE1$chr17$33469334$-,0.44
chr17:33466200-33468600,ENSG00000073536.13$NLE1$chr17$33469334$-,0.37
chr17:33498000-33500200,ENSG00000073536.13$NLE1$chr17$33469334$-,0.63
chr17:33505800-33506000,ENSG00000073536.13$NLE1$chr17$33469334$-,0.68
chr17:33506800-33508600,ENSG00000073536.13$NLE1$chr17$33469334$-,0.65
chr17:33532400-33534600,ENSG00000073536.13$NLE1$chr17$33469334$-,0.63
chr17:33551600-33553800,ENSG00000073536.13$NLE1$chr17$33469334$-,0.48
chr17:33588600-33590400,ENSG00000073536.13$NLE1$chr17$33469334$-,0.35
chr17:33644800-33645800,ENSG00000073536.13$NLE1$chr17$33469334$-,0.36
chr17:33687600-33689600,ENSG00000073536.13$NLE1$chr17$33469334$-,0.47
chr17:33730800-33732600,ENSG00000073536.13$NLE1$chr17$33469334$-,0.36
chr5:209800-210800,ENSG00000073578.12$SDHA$chr5$218356$+,0.59
chr5:270200-271200,ENSG00000073578.12$SDHA$chr5$218356$+,0.59
chr17:38724400-38726400,ENSG00000073584.14$SMARCE1$chr17$38804760$-,0.4
chr17:38766400-38767200,ENSG00000073584.14$SMARCE1$chr17$38804760$-,0.53
chr17:38798600-38798800,ENSG00000073584.14$SMARCE1$chr17$38804760$-,0.46
chr17:38815800-38816800,ENSG00000073584.14$SMARCE1$chr17$38804760$-,0.64
chr17:33289400-33291400,ENSG00000073598.5$FNDC8$chr17$33448598$+,0.36
chr17:33305800-33307200,ENSG00000073598.5$FNDC8$chr17$33448598$+,0.39
chr17:33355000-33356400,ENSG00000073598.5$FNDC8$chr17$33448598$+,0.35
chr17:33416400-33418600,ENSG00000073598.5$FNDC8$chr17$33448598$+,0.53
chr17:33466200-33468600,ENSG00000073598.5$FNDC8$chr17$33448598$+,0.66
chr17:33498000-33500200,ENSG00000073598.5$FNDC8$chr17$33448598$+,0.48
chr17:33505800-33506000,ENSG00000073598.5$FNDC8$chr17$33448598$+,0.54
chr17:33506800-33508600,ENSG00000073598.5$FNDC8$chr17$33448598$+,0.43
chr17:33532400-33534600,ENSG00000073598.5$FNDC8$chr17$33448598$+,0.35
chr17:33588600-33590400,ENSG00000073598.5$FNDC8$chr17$33448598$+,0.36
chr17:38134400-38136600,ENSG00000073605.14$GSDMB$chr17$38076107$-,0.6
chr17:38166000-38168000,ENSG00000073605.14$GSDMB$chr17$38076107$-,0.48
chr17:38208800-38210200,ENSG00000073605.14$GSDMB$chr17$38076107$-,0.43
chr12:383600-383800,ENSG00000073614.7$KDM5A$chr12$498620$-,0.37
chr12:509400-510800,ENSG00000073614.7$KDM5A$chr12$498620$-,0.45
chr17:42784600-42785800,ENSG00000073670.9$ADAM11$chr17$42836399$+,0.41
chr17:42786800-42788200,ENSG00000073670.9$ADAM11$chr17$42836399$+,0.51
chr2:169864000-169865400,ENSG00000073734.8$ABCB11$chr2$169887832$-,0.49
chr2:169881000-169882800,ENSG00000073734.8$ABCB11$chr2$169887832$-,0.54
chr3:185541400-185542600,ENSG00000073792.11$IGF2BP2$chr3$185542844$-,0.38
chr3:186423200-186424800,ENSG00000073849.10$ST6GAL1$chr3$186648274$+,0.37
chr3:186566400-186568000,ENSG00000073849.10$ST6GAL1$chr3$186648274$+,0.55
chr3:186597000-186599200,ENSG00000073849.10$ST6GAL1$chr3$186648274$+,0.64
chr3:186755400-186755600,ENSG00000073849.10$ST6GAL1$chr3$186648274$+,0.35
chr17:45713000-45714600,ENSG00000073861.2$TBX21$chr17$45810610$+,0.43
chr17:45839800-45841600,ENSG00000073861.2$TBX21$chr17$45810610$+,0.58
chr17:45866200-45868400,ENSG00000073861.2$TBX21$chr17$45810610$+,0.62
chr17:45899000-45900800,ENSG00000073861.2$TBX21$chr17$45810610$+,0.46
chr17:45909200-45910800,ENSG00000073861.2$TBX21$chr17$45810610$+,0.44
chr17:45970800-45972600,ENSG00000073861.2$TBX21$chr17$45810610$+,0.36
chr17:45994800-45996400,ENSG00000073861.2$TBX21$chr17$45810610$+,0.35
chr13:32438400-32440800,ENSG00000073910.15$FRY$chr13$32605437$+,0.41
chr13:32474600-32475200,ENSG00000073910.15$FRY$chr13$32605437$+,0.54
chr13:32493600-32495800,ENSG00000073910.15$FRY$chr13$32605437$+,0.56
chr2:122308200-122310400,ENSG00000074054.13$CLASP1$chr2$122407163$-,0.38
chr2:122315400-122316800,ENSG00000074054.13$CLASP1$chr2$122407163$-,0.5
chr2:122397800-122399600,ENSG00000074054.13$CLASP1$chr2$122407163$-,0.7
chr2:122491200-122493400,ENSG00000074054.13$CLASP1$chr2$122407163$-,0.45
chr2:122495000-122497000,ENSG00000074054.13$CLASP1$chr2$122407163$-,0.48
chr2:122511600-122512600,ENSG00000074054.13$CLASP1$chr2$122407163$-,0.46
chr2:122514000-122516200,ENSG00000074054.13$CLASP1$chr2$122407163$-,0.42
chr11:77299200-77300400,ENSG00000074201.4$CLNS1A$chr11$77348850$-,0.53
chr11:77435800-77436400,ENSG00000074201.4$CLNS1A$chr11$77348850$-,0.4
chr11:77477200-77479200,ENSG00000074201.4$CLNS1A$chr11$77348850$-,0.35
chr11:85925600-85926800,ENSG00000074266.13$EED$chr11$85955586$+,0.82
chr11:85982400-85983000,ENSG00000074266.13$EED$chr11$85955586$+,0.76
chr11:85983400-85983600,ENSG00000074266.13$EED$chr11$85955586$+,0.73
chr11:85990200-85992400,ENSG00000074266.13$EED$chr11$85955586$+,0.78
chr11:86011400-86013200,ENSG00000074266.13$EED$chr11$85955586$+,0.6
chr11:86014000-86016400,ENSG00000074266.13$EED$chr11$85955586$+,0.61
chr5:175873000-175874200,ENSG00000074276.6$CDHR2$chr5$175969512$+,0.35
chr5:176000600-176001600,ENSG00000074276.6$CDHR2$chr5$175969512$+,0.56
chr5:176000600-176001600,ENSG00000074317.6$SNCB$chr5$176057530$-,0.43
chr11:18431800-18433000,ENSG00000074319.8$TSG101$chr11$18548779$-,0.37
chr11:18607800-18609400,ENSG00000074319.8$TSG101$chr11$18548779$-,0.47
chr11:18642600-18644200,ENSG00000074319.8$TSG101$chr11$18548779$-,0.39
chr11:18647600-18648800,ENSG00000074319.8$TSG101$chr11$18548779$-,0.39
chr11:18649400-18651600,ENSG00000074319.8$TSG101$chr11$18548779$-,0.38
chr11:18686600-18688000,ENSG00000074319.8$TSG101$chr11$18548779$-,0.42
chr17:3586000-3587400,ENSG00000074356.12$C17orf85$chr17$3749545$-,0.44
chr17:3671800-3673000,ENSG00000074356.12$C17orf85$chr17$3749545$-,0.51
chr17:3690800-3692600,ENSG00000074356.12$C17orf85$chr17$3749545$-,0.49
chr17:3690800-3692600,ENSG00000074370.13$ATP2A3$chr17$3867736$-,0.37
chr17:3749600-3750400,ENSG00000074370.13$ATP2A3$chr17$3867736$-,0.41
chr12:96244800-96246600,ENSG00000074527.7$NTN4$chr12$96184930$-,0.35
chr2:219438800-219439800,ENSG00000074582.8$BCS1L$chr2$219523487$+,0.51
chr2:219512400-219513600,ENSG00000074582.8$BCS1L$chr2$219523487$+,0.52
chr2:219537200-219538800,ENSG00000074582.8$BCS1L$chr2$219523487$+,0.54
chr2:219574600-219575600,ENSG00000074582.8$BCS1L$chr2$219523487$+,0.58
chr15:65799200-65800000,ENSG00000074603.14$DPP8$chr15$65810042$-,0.56
chr15:65820600-65822800,ENSG00000074603.14$DPP8$chr15$65810042$-,0.71
chr15:65930400-65932400,ENSG00000074603.14$DPP8$chr15$65810042$-,0.37
chr15:65799200-65800000,ENSG00000074621.9$SLC24A1$chr15$65903704$+,0.42
chr15:65820600-65822800,ENSG00000074621.9$SLC24A1$chr15$65903704$+,0.54
chr15:65930400-65932400,ENSG00000074621.9$SLC24A1$chr15$65903704$+,0.57
chr18:56806200-56806600,ENSG00000074695.5$LMAN1$chr18$57027194$-,0.38
chr18:56975400-56976800,ENSG00000074695.5$LMAN1$chr18$57027194$-,0.61
chr18:57012200-57013200,ENSG00000074695.5$LMAN1$chr18$57027194$-,0.67
chr15:65799200-65800000,ENSG00000074696.8$PTPLAD1$chr15$65822756$+,0.61
chr15:65930400-65932400,ENSG00000074696.8$PTPLAD1$chr15$65822756$+,0.36
chr17:4155600-4157200,ENSG00000074755.10$ZZEF1$chr17$4046314$-,0.42
chr1:9025400-9027800,ENSG00000074800.9$ENO1$chr1$8939308$-,0.46
chr1:9029200-9029800,ENSG00000074800.9$ENO1$chr1$8939308$-,0.44
chr19:4663800-4665400,ENSG00000074842.3$C19orf10$chr19$4670382$-,0.5
chr19:4724800-4726000,ENSG00000074842.3$C19orf10$chr19$4670382$-,0.61
chr19:4732600-4733400,ENSG00000074842.3$C19orf10$chr19$4670382$-,0.59
chr19:17334200-17336600,ENSG00000074855.6$ANO8$chr19$17445638$-,0.4
chr19:17378800-17380200,ENSG00000074855.6$ANO8$chr19$17445638$-,0.47
chr19:17520200-17521200,ENSG00000074855.6$ANO8$chr19$17445638$-,0.54
chr19:17531400-17532000,ENSG00000074855.6$ANO8$chr19$17445638$-,0.44
chr19:17558200-17560200,ENSG00000074855.6$ANO8$chr19$17445638$-,0.51
chr6:112195200-112197600,ENSG00000074935.9$TUBE1$chr6$112408732$-,0.35
chr6:112342200-112344600,ENSG00000074935.9$TUBE1$chr6$112408732$-,0.48
chr6:112409400-112411400,ENSG00000074935.9$TUBE1$chr6$112408732$-,0.37
chr6:112483800-112486000,ENSG00000074935.9$TUBE1$chr6$112408732$-,0.58
chr12:100536600-100538600,ENSG00000075089.5$ACTR6$chr12$100592900$+,0.53
chr12:100659600-100660400,ENSG00000075089.5$ACTR6$chr12$100592900$+,0.56
chr12:100672600-100675000,ENSG00000075089.5$ACTR6$chr12$100592900$+,0.46
chr15:66646200-66648400,ENSG00000075131.5$TIPIN$chr15$66679084$-,0.46
chr15:66649200-66650400,ENSG00000075131.5$TIPIN$chr15$66679084$-,0.62
chr7:87850000-87851000,ENSG00000075142.9$SRI$chr7$87856308$-,0.56
chr1:21496800-21499200,ENSG00000075151.15$EIF4G3$chr1$21503377$-,0.5
chr1:21543200-21545200,ENSG00000075151.15$EIF4G3$chr1$21503377$-,0.61
chr12:102455800-102457600,ENSG00000075188.4$NUP37$chr12$102513902$-,0.43
chr22:46615400-46617400,ENSG00000075218.14$GTSE1$chr22$46692638$+,0.59
chr22:46662200-46663400,ENSG00000075218.14$GTSE1$chr22$46692638$+,0.61
chr22:46730200-46731200,ENSG00000075218.14$GTSE1$chr22$46692638$+,0.65
chr22:46732400-46734800,ENSG00000075218.14$GTSE1$chr22$46692638$+,0.56
chr11:108004000-108004800,ENSG00000075239.9$ACAT1$chr11$107992243$+,0.62
chr11:108031200-108032800,ENSG00000075239.9$ACAT1$chr11$107992243$+,0.61
chr2:71557800-71558800,ENSG00000075292.14$ZNF638$chr2$71503691$+,0.7
chr7:87481600-87483600,ENSG00000075303.8$SLC25A40$chr7$87505672$-,0.55
chr7:87562400-87563400,ENSG00000075303.8$SLC25A40$chr7$87505672$-,0.64
chr7:87564000-87566400,ENSG00000075303.8$SLC25A40$chr7$87505672$-,0.67
chr18:71977200-71979600,ENSG00000075336.7$TIMM21$chr18$71815746$+,0.42
chr16:89725000-89727400,ENSG00000075399.8$VPS9D1$chr16$89787394$-,0.42
chr16:89815800-89816600,ENSG00000075399.8$VPS9D1$chr16$89787394$-,0.4
chr10:38262800-38265000,ENSG00000075407.13$ZNF37A$chr10$38383264$+,0.47
chr10:38315600-38317800,ENSG00000075407.13$ZNF37A$chr10$38383264$+,0.52
chr14:103925400-103927600,ENSG00000075413.13$MARK3$chr14$103851729$+,0.52
chr12:98898400-98900000,ENSG00000075415.8$SLC25A3$chr12$98987369$+,0.44
chr12:98918600-98920400,ENSG00000075415.8$SLC25A3$chr12$98987369$+,0.6
chr12:98920600-98921400,ENSG00000075415.8$SLC25A3$chr12$98987369$+,0.56
chr12:98921600-98921800,ENSG00000075415.8$SLC25A3$chr12$98987369$+,0.59
chr12:98960200-98961200,ENSG00000075415.8$SLC25A3$chr12$98987369$+,0.71
chr12:99061800-99064000,ENSG00000075415.8$SLC25A3$chr12$98987369$+,0.53
chr3:171752400-171754000,ENSG00000075420.8$FNDC3B$chr3$171757418$+,0.58
chr4:48682800-48684600,ENSG00000075539.9$FRYL$chr4$48782339$-,0.51
chr4:48685600-48687800,ENSG00000075539.9$FRYL$chr4$48782339$-,0.44
chr4:48735000-48736800,ENSG00000075539.9$FRYL$chr4$48782339$-,0.64
chr4:48746200-48747200,ENSG00000075539.9$FRYL$chr4$48782339$-,0.67
chr4:48757200-48759400,ENSG00000075539.9$FRYL$chr4$48782339$-,0.62
chr4:48831600-48833000,ENSG00000075539.9$FRYL$chr4$48782339$-,0.49
chr2:98561200-98563600,ENSG00000075568.12$TMEM131$chr2$98612388$-,0.61
chr7:5551400-5552800,ENSG00000075624.9$ACTB$chr7$5603415$-,0.54
chr18:33764800-33767200,ENSG00000075643.5$MOCOS$chr18$33767482$+,0.35
chr13:25154800-25156600,ENSG00000075673.7$ATP12A$chr13$25254549$+,0.52
chr13:25203600-25205800,ENSG00000075673.7$ATP12A$chr13$25254549$+,0.58
chr13:25206000-25208200,ENSG00000075673.7$ATP12A$chr13$25254549$+,0.58
chr13:25266400-25268800,ENSG00000075673.7$ATP12A$chr13$25254549$+,0.68
chr19:36460400-36461000,ENSG00000075702.12$WDR62$chr19$36545783$+,0.42
chr19:36483600-36485800,ENSG00000075702.12$WDR62$chr19$36545783$+,0.46
chr19:36505600-36507200,ENSG00000075702.12$WDR62$chr19$36545783$+,0.64
chr19:36632000-36634000,ENSG00000075702.12$WDR62$chr19$36545783$+,0.57
chr19:36703600-36705000,ENSG00000075702.12$WDR62$chr19$36545783$+,0.44
chr3:128326000-128328400,ENSG00000075785.8$RAB7A$chr3$128444965$+,0.55
chr3:128335200-128336800,ENSG00000075785.8$RAB7A$chr3$128444965$+,0.49
chr3:128363000-128364800,ENSG00000075785.8$RAB7A$chr3$128444965$+,0.45
chr3:128458800-128461200,ENSG00000075785.8$RAB7A$chr3$128444965$+,0.7
chr3:128596200-128597600,ENSG00000075785.8$RAB7A$chr3$128444965$+,0.39
chr7:107198200-107199000,ENSG00000075790.6$BCAP29$chr7$107220422$+,0.53
chr10:102284400-102284800,ENSG00000075826.12$SEC31B$chr10$102289628$-,0.6
chr10:102293400-102295600,ENSG00000075826.12$SEC31B$chr10$102289628$-,0.64
chr10:102430000-102431400,ENSG00000075826.12$SEC31B$chr10$102289628$-,0.44
chr12:109018000-109018200,ENSG00000075856.7$SART3$chr12$108955176$-,0.47
chr2:143870400-143872600,ENSG00000075884.8$ARHGAP15$chr2$143848931$+,0.44
chr10:102430000-102431400,ENSG00000075891.17$PAX2$chr10$102495360$+,0.35
chr3:45140800-45143200,ENSG00000075914.8$EXOSC7$chr3$45016733$+,0.43
chr1:169894000-169896400,ENSG00000075945.8$KIFAP3$chr1$170054349$-,0.46
chr1:170044000-170045800,ENSG00000075945.8$KIFAP3$chr1$170054349$-,0.66
chr1:170136600-170138400,ENSG00000075945.8$KIFAP3$chr1$170054349$-,0.47
chr3:12594400-12596400,ENSG00000075975.11$MKRN2$chr3$12598513$+,0.53
chr3:12647600-12649200,ENSG00000075975.11$MKRN2$chr3$12598513$+,0.51
chr3:12706200-12708200,ENSG00000075975.11$MKRN2$chr3$12598513$+,0.43
chr3:12760800-12763000,ENSG00000075975.11$MKRN2$chr3$12598513$+,0.45
chr2:136497600-136499400,ENSG00000076003.4$MCM6$chr2$136633996$-,0.41
chr2:136554600-136557000,ENSG00000076003.4$MCM6$chr2$136633996$-,0.52
chr2:136617000-136617200,ENSG00000076003.4$MCM6$chr2$136633996$-,0.81
chr2:136723000-136723800,ENSG00000076003.4$MCM6$chr2$136633996$-,0.47
chr2:136729800-136731200,ENSG00000076003.4$MCM6$chr2$136633996$-,0.5
chr2:136733200-136735400,ENSG00000076003.4$MCM6$chr2$136633996$-,0.46
chr11:114210200-114212200,ENSG00000076043.5$REXO2$chr11$114310108$+,0.44
chr11:114210200-114212200,ENSG00000076053.6$RBM7$chr11$114270752$+,0.64
chr11:114308400-114310200,ENSG00000076053.6$RBM7$chr11$114270752$+,0.47
chr12:56818000-56820200,ENSG00000076108.7$BAZ2A$chr12$57030600$-,0.35
chr12:56843400-56845400,ENSG00000076108.7$BAZ2A$chr12$57030600$-,0.35
chr12:57061200-57063200,ENSG00000076108.7$BAZ2A$chr12$57030600$-,0.47
chr12:57119600-57121600,ENSG00000076108.7$BAZ2A$chr12$57030600$-,0.41
chr3:47321800-47323600,ENSG00000076201.10$PTPN23$chr3$47422501$+,0.43
chr3:47402800-47405200,ENSG00000076201.10$PTPN23$chr3$47422501$+,0.74
chr3:36904800-36906800,ENSG00000076242.10$MLH1$chr3$37034823$+,0.39
chr12:109489400-109490000,ENSG00000076248.6$UNG$chr12$109535379$+,0.45
chr1:173737400-173739400,ENSG00000076321.6$KLHL20$chr1$173684080$+,0.5
chr16:285600-286800,ENSG00000076344.11$RGS11$chr16$325980$-,0.35
chr17:26682000-26684000,ENSG00000076382.12$SPAG5$chr17$26926297$-,0.43
chr17:26685000-26686600,ENSG00000076382.12$SPAG5$chr17$26926297$-,0.53
chr17:26892000-26893000,ENSG00000076382.12$SPAG5$chr17$26926297$-,0.55
chr17:26985800-26988200,ENSG00000076382.12$SPAG5$chr17$26926297$-,0.44
chr17:27056000-27058000,ENSG00000076382.12$SPAG5$chr17$26926297$-,0.37
chr12:110336400-110337800,ENSG00000076513.12$ANKRD13A$chr12$110436991$+,0.58
chr12:110338800-110341200,ENSG00000076513.12$ANKRD13A$chr12$110436991$+,0.52
chr12:110410600-110412400,ENSG00000076513.12$ANKRD13A$chr12$110436991$+,0.51
chr12:110416400-110418000,ENSG00000076513.12$ANKRD13A$chr12$110436991$+,0.59
chr12:110423600-110424200,ENSG00000076513.12$ANKRD13A$chr12$110436991$+,0.64
chr12:110560000-110562200,ENSG00000076513.12$ANKRD13A$chr12$110436991$+,0.36
chr12:110586600-110587800,ENSG00000076513.12$ANKRD13A$chr12$110436991$+,0.45
chr8:81275400-81277200,ENSG00000076554.11$TPD52$chr8$81143467$-,0.43
chr17:27056000-27058000,ENSG00000076604.10$TRAF4$chr17$27071002$+,0.43
chr17:27118800-27121200,ENSG00000076604.10$TRAF4$chr17$27071002$+,0.43
chr8:82085800-82087800,ENSG00000076641.4$PAG1$chr8$82024303$-,0.38
chr8:82131400-82131800,ENSG00000076641.4$PAG1$chr8$82024303$-,0.38
chr19:33463400-33464600,ENSG00000076650.2$GPATCH1$chr19$33571786$+,0.41
chr19:33490400-33492400,ENSG00000076650.2$GPATCH1$chr19$33571786$+,0.49
chr19:33624200-33626400,ENSG00000076650.2$GPATCH1$chr19$33571786$+,0.49
chr19:33634200-33635800,ENSG00000076650.2$GPATCH1$chr19$33571786$+,0.49
chr19:10206000-10208400,ENSG00000076662.5$ICAM3$chr19$10450499$-,0.35
chr19:10360600-10362400,ENSG00000076662.5$ICAM3$chr19$10450499$-,0.42
chr19:10424800-10426200,ENSG00000076662.5$ICAM3$chr19$10450499$-,0.42
chr19:10426600-10428000,ENSG00000076662.5$ICAM3$chr19$10450499$-,0.43
chr19:10488800-10490600,ENSG00000076662.5$ICAM3$chr19$10450499$-,0.53
chr19:10499200-10501600,ENSG00000076662.5$ICAM3$chr19$10450499$-,0.56
chr11:119155000-119156200,ENSG00000076706.10$MCAM$chr11$119192231$-,0.62
chr11:119220800-119221400,ENSG00000076706.10$MCAM$chr11$119192231$-,0.62
chr19:7597600-7599000,ENSG00000076826.5$CAMSAP3$chr19$7660788$+,0.37
chr1:21985200-21986800,ENSG00000076864.15$RAP1GAP$chr1$21995801$-,0.63
chr19:7597600-7599000,ENSG00000076924.7$XAB2$chr19$7694451$-,0.61
chr19:7600800-7602600,ENSG00000076924.7$XAB2$chr19$7694451$-,0.46
chr19:7746200-7748600,ENSG00000076924.7$XAB2$chr19$7694451$-,0.54
chr19:7815400-7817200,ENSG00000076924.7$XAB2$chr19$7694451$-,0.41
chr19:42363000-42364000,ENSG00000076928.13$ARHGEF1$chr19$42387228$+,0.41
chr19:42395000-42397400,ENSG00000076928.13$ARHGEF1$chr19$42387228$+,0.42
chr19:42455400-42456600,ENSG00000076928.13$ARHGEF1$chr19$42387228$+,0.42
chr19:42463800-42465600,ENSG00000076928.13$ARHGEF1$chr19$42387228$+,0.39
chr19:7597600-7599000,ENSG00000076944.10$STXBP2$chr19$7701767$+,0.52
chr19:7600800-7602600,ENSG00000076944.10$STXBP2$chr19$7701767$+,0.47
chr19:7746200-7748600,ENSG00000076944.10$STXBP2$chr19$7701767$+,0.59
chr19:7815400-7817200,ENSG00000076944.10$STXBP2$chr19$7701767$+,0.38
chr19:7871400-7873600,ENSG00000076944.10$STXBP2$chr19$7701767$+,0.35
chr19:7815400-7817200,ENSG00000076984.13$MAP2K7$chr19$7968728$+,0.38
chr19:7871400-7873600,ENSG00000076984.13$MAP2K7$chr19$7968728$+,0.36
chr19:8009200-8010400,ENSG00000076984.13$MAP2K7$chr19$7968728$+,0.57
chr2:234320800-234321000,ENSG00000077044.5$DGKD$chr2$234263153$+,0.43
chr7:100269800-100271200,ENSG00000077080.5$ACTL6B$chr7$100254084$-,0.59
chr7:100301800-100303200,ENSG00000077080.5$ACTL6B$chr7$100254084$-,0.39
chr3:25684200-25686000,ENSG00000077097.9$TOP2B$chr3$25706398$-,0.73
chr3:25825600-25827800,ENSG00000077097.9$TOP2B$chr3$25706398$-,0.57
chr3:25867200-25869200,ENSG00000077097.9$TOP2B$chr3$25706398$-,0.43
chr10:104013000-104014800,ENSG00000077150.13$NFKB2$chr10$104153867$+,0.52
chr10:104190200-104191800,ENSG00000077150.13$NFKB2$chr10$104153867$+,0.56
chr10:104208800-104209800,ENSG00000077150.13$NFKB2$chr10$104153867$+,0.42
chr10:104232000-104234400,ENSG00000077150.13$NFKB2$chr10$104153867$+,0.43
chr10:104270800-104273000,ENSG00000077150.13$NFKB2$chr10$104153867$+,0.46
chr1:202316800-202317800,ENSG00000077152.5$UBE2T$chr1$202311108$-,0.65
chr1:202311600-202313200,ENSG00000077157.16$PPP1R12B$chr1$202317827$+,0.42
chr2:183516800-183517600,ENSG00000077232.12$DNAJC10$chr2$183580999$+,0.51
chr2:183604400-183606200,ENSG00000077232.12$DNAJC10$chr2$183580999$+,0.66
chr16:27213200-27215400,ENSG00000077238.9$IL4R$chr16$27324989$+,0.36
chr16:27280400-27282200,ENSG00000077238.9$IL4R$chr16$27324989$+,0.58
chr1:78123800-78124200,ENSG00000077254.10$USP33$chr1$78225537$-,0.39
chr1:78126000-78126200,ENSG00000077254.10$USP33$chr1$78225537$-,0.35
chr1:78126600-78126800,ENSG00000077254.10$USP33$chr1$78225537$-,0.35
chr1:78244400-78245200,ENSG00000077254.10$USP33$chr1$78225537$-,0.6
chr1:78389800-78392200,ENSG00000077254.10$USP33$chr1$78225537$-,0.42
chr19:41276000-41277400,ENSG00000077312.4$SNRPA$chr19$41256542$+,0.54
chr19:41302000-41304400,ENSG00000077312.4$SNRPA$chr19$41256542$+,0.45
chr19:41405400-41406800,ENSG00000077312.4$SNRPA$chr19$41256542$+,0.37
chr19:41413400-41415600,ENSG00000077312.4$SNRPA$chr19$41256542$+,0.4
chr10:22603400-22604800,ENSG00000077327.11$SPAG6$chr10$22634399$+,0.53
chr10:22629400-22631200,ENSG00000077327.11$SPAG6$chr10$22634399$+,0.41
chr19:41793800-41795600,ENSG00000077348.4$EXOSC5$chr19$41903384$-,0.39
chr19:41898200-41900600,ENSG00000077348.4$EXOSC5$chr19$41903384$-,0.54
chr19:42048400-42049800,ENSG00000077348.4$EXOSC5$chr19$41903384$-,0.43
chr2:172430400-172431400,ENSG00000077380.11$DYNC1I2$chr2$172543919$+,0.39
chr10:26748600-26750200,ENSG00000077420.11$APBB1IP$chr10$26727132$+,0.51
chr7:100024200-100026000,ENSG00000077454.11$LRCH4$chr7$100183776$-,0.42
chr7:100077000-100078600,ENSG00000077454.11$LRCH4$chr7$100183776$-,0.4
chr7:100135600-100136800,ENSG00000077454.11$LRCH4$chr7$100183776$-,0.51
chr7:100156400-100158200,ENSG00000077454.11$LRCH4$chr7$100183776$-,0.47
chr7:100269800-100271200,ENSG00000077454.11$LRCH4$chr7$100183776$-,0.54
chr7:100301800-100303200,ENSG00000077454.11$LRCH4$chr7$100183776$-,0.48
chr11:95374000-95376000,ENSG00000077458.8$FAM76B$chr11$95523573$-,0.46
chr11:95516400-95516600,ENSG00000077458.8$FAM76B$chr11$95523573$-,0.54
chr11:95516800-95518200,ENSG00000077458.8$FAM76B$chr11$95523573$-,0.56
chr11:95538400-95540000,ENSG00000077458.8$FAM76B$chr11$95523573$-,0.71
chr19:4124400-4125000,ENSG00000077463.10$SIRT6$chr19$4182601$-,0.56
chr19:4183000-4185000,ENSG00000077463.10$SIRT6$chr19$4182601$-,0.37
chr19:4245600-4247000,ENSG00000077463.10$SIRT6$chr19$4182601$-,0.54
chr19:4247400-4249400,ENSG00000077463.10$SIRT6$chr19$4182601$-,0.59
chr19:4400400-4402000,ENSG00000077463.10$SIRT6$chr19$4182601$-,0.37
chr11:74101000-74103200,ENSG00000077514.4$POLD3$chr11$74204896$+,0.44
chr11:74110400-74112600,ENSG00000077514.4$POLD3$chr11$74204896$+,0.4
chr11:74202000-74204400,ENSG00000077514.4$POLD3$chr11$74204896$+,0.43
chr11:74302400-74303600,ENSG00000077514.4$POLD3$chr11$74204896$+,0.44
chr11:74304400-74306400,ENSG00000077514.4$POLD3$chr11$74204896$+,0.46
chr1:236765000-236767200,ENSG00000077522.8$ACTN2$chr1$236849754$+,0.42
chr1:19835000-19836600,ENSG00000077549.13$CAPZB$chr1$19812066$-,0.69
chr1:19908400-19910200,ENSG00000077549.13$CAPZB$chr1$19812066$-,0.45
chr1:19921200-19923000,ENSG00000077549.13$CAPZB$chr1$19812066$-,0.37
chr1:236260200-236261600,ENSG00000077585.9$GPR137B$chr1$236305832$+,0.54
chr11:89935400-89936200,ENSG00000077616.6$NAALAD2$chr11$89864683$+,0.51
chrX:118406800-118408600,ENSG00000077713.14$SLC25A43$chrX$118533023$+,0.42
chrX:118600800-118602400,ENSG00000077713.14$SLC25A43$chrX$118533023$+,0.53
chrX:118603600-118605000,ENSG00000077713.14$SLC25A43$chrX$118533023$+,0.59
chrX:118615000-118617400,ENSG00000077713.14$SLC25A43$chrX$118533023$+,0.51
chrX:118622600-118623800,ENSG00000077713.14$SLC25A43$chrX$118533023$+,0.49
chrX:118696800-118698800,ENSG00000077713.14$SLC25A43$chrX$118533023$+,0.36
chrX:118531600-118533200,ENSG00000077721.11$UBE2A$chrX$118708501$+,0.39
chrX:118600800-118602400,ENSG00000077721.11$UBE2A$chrX$118708501$+,0.59
chrX:118603600-118605000,ENSG00000077721.11$UBE2A$chrX$118708501$+,0.55
chrX:118615000-118617400,ENSG00000077721.11$UBE2A$chrX$118708501$+,0.54
chrX:118622600-118623800,ENSG00000077721.11$UBE2A$chrX$118708501$+,0.53
chrX:118696800-118698800,ENSG00000077721.11$UBE2A$chrX$118708501$+,0.64
chrX:118709200-118711400,ENSG00000077721.11$UBE2A$chrX$118708501$+,0.39
chrX:118740600-118741600,ENSG00000077721.11$UBE2A$chrX$118708501$+,0.56
chrX:118783800-118785400,ENSG00000077721.11$UBE2A$chrX$118708501$+,0.45
chrX:118860600-118861800,ENSG00000077721.11$UBE2A$chrX$118708501$+,0.37
chrX:118984600-118986200,ENSG00000077721.11$UBE2A$chrX$118708501$+,0.36
chr18:44453000-44454600,ENSG00000078043.11$PIAS2$chr18$44500123$-,0.66
chr18:44454800-44455000,ENSG00000078043.11$PIAS2$chr18$44500123$-,0.7
chrX:47217200-47219400,ENSG00000078061.8$ARAF$chrX$47420516$+,0.39
chrX:47225000-47227000,ENSG00000078061.8$ARAF$chrX$47420516$+,0.4
chrX:47243200-47244400,ENSG00000078061.8$ARAF$chrX$47420516$+,0.42
chrX:47249400-47251000,ENSG00000078061.8$ARAF$chrX$47420516$+,0.44
chrX:47338000-47339000,ENSG00000078061.8$ARAF$chrX$47420516$+,0.56
chrX:47340000-47341800,ENSG00000078061.8$ARAF$chrX$47420516$+,0.52
chrX:47343200-47345400,ENSG00000078061.8$ARAF$chrX$47420516$+,0.57
chrX:47381800-47383200,ENSG00000078061.8$ARAF$chrX$47420516$+,0.64
chrX:47454400-47456600,ENSG00000078061.8$ARAF$chrX$47420516$+,0.61
chrX:47478200-47480400,ENSG00000078061.8$ARAF$chrX$47420516$+,0.46
chrX:47515600-47517800,ENSG00000078061.8$ARAF$chrX$47420516$+,0.39
chrX:47518800-47519800,ENSG00000078061.8$ARAF$chrX$47420516$+,0.48
chr3:182814200-182816600,ENSG00000078070.7$MCCC1$chr3$182833863$-,0.45
chr3:182817400-182819000,ENSG00000078070.7$MCCC1$chr3$182833863$-,0.52
chr3:182919600-182920800,ENSG00000078070.7$MCCC1$chr3$182833863$-,0.36
chr3:182941800-182943200,ENSG00000078070.7$MCCC1$chr3$182833863$-,0.38
chr3:182817400-182819000,ENSG00000078081.3$LAMP3$chr3$182881627$-,0.39
chr3:182919600-182920800,ENSG00000078081.3$LAMP3$chr3$182881627$-,0.42
chr3:182941800-182943200,ENSG00000078081.3$LAMP3$chr3$182881627$-,0.35
chr11:76672800-76675200,ENSG00000078124.7$ACER3$chr11$76571911$+,0.36
chr4:39569800-39572200,ENSG00000078140.9$UBE2K$chr4$39699664$+,0.36
chr4:39720000-39722200,ENSG00000078140.9$UBE2K$chr4$39699664$+,0.54
chr4:39722400-39724400,ENSG00000078140.9$UBE2K$chr4$39699664$+,0.53
chr18:39485600-39487200,ENSG00000078142.7$PIK3C3$chr18$39535171$+,0.49
chr18:39527200-39529600,ENSG00000078142.7$PIK3C3$chr18$39535171$+,0.67
chr18:39541800-39542000,ENSG00000078142.7$PIK3C3$chr18$39535171$+,0.52
chr18:39692600-39695000,ENSG00000078142.7$PIK3C3$chr18$39535171$+,0.45
chr4:39979800-39981000,ENSG00000078177.9$N4BP2$chr4$40058446$+,0.49
chr4:40055400-40057400,ENSG00000078177.9$N4BP2$chr4$40058446$+,0.36
chr4:40139400-40139800,ENSG00000078177.9$N4BP2$chr4$40058446$+,0.44
chr12:4272800-4275000,ENSG00000078237.4$C12orf5$chr12$4430371$+,0.45
chr12:2920800-2921400,ENSG00000078246.11$TULP3$chr12$2986389$+,0.65
chr12:2997800-2999600,ENSG00000078246.11$TULP3$chr12$2986389$+,0.61
chr6:158245400-158247800,ENSG00000078269.9$SYNJ2$chr6$158402888$+,0.41
chr6:158586400-158588400,ENSG00000078269.9$SYNJ2$chr6$158402888$+,0.38
chr14:102273600-102275800,ENSG00000078304.15$PPP2R5C$chr14$102228135$+,0.53
chr14:102330200-102332400,ENSG00000078304.15$PPP2R5C$chr14$102228135$+,0.42
chr1:1548200-1550200,ENSG00000078369.13$GNB1$chr1$1822495$-,0.38
chr1:1652000-1653800,ENSG00000078369.13$GNB1$chr1$1822495$-,0.38
chr1:1657600-1659200,ENSG00000078369.13$GNB1$chr1$1822495$-,0.36
chr1:1673200-1675400,ENSG00000078369.13$GNB1$chr1$1822495$-,0.38
chr1:1680000-1681000,ENSG00000078369.13$GNB1$chr1$1822495$-,0.35
chr1:1841000-1843400,ENSG00000078369.13$GNB1$chr1$1822495$-,0.72
chr7:27243800-27246000,ENSG00000078399.11$HOXA9$chr7$27210117$-,0.51
chr10:21848200-21849800,ENSG00000078403.12$MLLT10$chr10$21823094$+,0.57
chr10:21854800-21857200,ENSG00000078403.12$MLLT10$chr10$21823094$+,0.5
chr10:21867200-21868800,ENSG00000078403.12$MLLT10$chr10$21823094$+,0.45
chr10:21873800-21875200,ENSG00000078403.12$MLLT10$chr10$21823094$+,0.43
chr10:21877200-21879200,ENSG00000078403.12$MLLT10$chr10$21823094$+,0.37
chr7:100024200-100026000,ENSG00000078487.13$ZCWPW1$chr7$100026615$-,0.43
chr7:100077000-100078600,ENSG00000078487.13$ZCWPW1$chr7$100026615$-,0.45
chr7:100135600-100136800,ENSG00000078487.13$ZCWPW1$chr7$100026615$-,0.48
chr7:100156400-100158200,ENSG00000078487.13$ZCWPW1$chr7$100026615$-,0.43
chr7:100269800-100271200,ENSG00000078487.13$ZCWPW1$chr7$100026615$-,0.39
chr7:99914200-99916200,ENSG00000078487.13$ZCWPW1$chr7$100026615$-,0.5
chr8:16883400-16884200,ENSG00000078579.8$FGF20$chr8$16859690$-,0.44
chrX:78347200-78348600,ENSG00000078589.8$P2RY10$chrX$78200829$+,0.45
chrX:78355800-78358000,ENSG00000078589.8$P2RY10$chrX$78200829$+,0.37
chrX:78362400-78364800,ENSG00000078589.8$P2RY10$chrX$78200829$+,0.41
chrX:78368000-78369400,ENSG00000078589.8$P2RY10$chrX$78200829$+,0.37
chrX:78371800-78373800,ENSG00000078589.8$P2RY10$chrX$78200829$+,0.37
chrX:78482400-78482800,ENSG00000078596.6$ITM2A$chrX$78623164$-,0.36
chrX:78490600-78492600,ENSG00000078596.6$ITM2A$chrX$78623164$-,0.37
chrX:78501400-78502200,ENSG00000078596.6$ITM2A$chrX$78623164$-,0.35
chrX:78508000-78510400,ENSG00000078596.6$ITM2A$chrX$78623164$-,0.41
chrX:78522000-78524000,ENSG00000078596.6$ITM2A$chrX$78623164$-,0.47
chrX:78524200-78524600,ENSG00000078596.6$ITM2A$chrX$78623164$-,0.47
chrX:78580400-78581600,ENSG00000078596.6$ITM2A$chrX$78623164$-,0.54
chrX:78582400-78583000,ENSG00000078596.6$ITM2A$chrX$78623164$-,0.52
chrX:78655600-78657200,ENSG00000078596.6$ITM2A$chrX$78623164$-,0.49
chrX:78667400-78669000,ENSG00000078596.6$ITM2A$chrX$78623164$-,0.52
chr1:52309000-52311200,ENSG00000078618.15$NRD1$chr1$52344477$-,0.73
chr1:52499600-52500200,ENSG00000078618.15$NRD1$chr1$52344477$-,0.48
chr8:42194600-42195400,ENSG00000078668.9$VDAC3$chr8$42249142$+,0.48
chr8:42207200-42208200,ENSG00000078668.9$VDAC3$chr8$42249142$+,0.62
chr8:42380000-42382200,ENSG00000078668.9$VDAC3$chr8$42249142$+,0.42
chr8:17797400-17799800,ENSG00000078674.13$PCM1$chr8$17780349$+,0.72
chr8:17819000-17821200,ENSG00000078674.13$PCM1$chr8$17780349$+,0.67
chr17:75894400-75896400,ENSG00000078687.12$TNRC6C$chr17$76000249$+,0.36
chr17:75951800-75953800,ENSG00000078687.12$TNRC6C$chr17$76000249$+,0.56
chr17:75969200-75971600,ENSG00000078687.12$TNRC6C$chr17$76000249$+,0.56
chr17:75972000-75973000,ENSG00000078687.12$TNRC6C$chr17$76000249$+,0.46
chr17:75973800-75975200,ENSG00000078687.12$TNRC6C$chr17$76000249$+,0.54
chr17:75978800-75981000,ENSG00000078687.12$TNRC6C$chr17$76000249$+,0.52
chr17:76005800-76008200,ENSG00000078687.12$TNRC6C$chr17$76000249$+,0.59
chr20:31964600-31966800,ENSG00000078699.17$CBFA2T2$chr20$32077881$+,0.48
chr20:31989600-31990800,ENSG00000078699.17$CBFA2T2$chr20$32077881$+,0.55
chr20:32083400-32085400,ENSG00000078699.17$CBFA2T2$chr20$32077881$+,0.62
chr20:32176400-32178600,ENSG00000078699.17$CBFA2T2$chr20$32077881$+,0.46
chr20:32249600-32251800,ENSG00000078699.17$CBFA2T2$chr20$32077881$+,0.39
chr20:32803000-32805000,ENSG00000078747.8$ITCH$chr20$32951041$+,0.53
chr20:33125000-33127400,ENSG00000078747.8$ITCH$chr20$32951041$+,0.4
chr5:137090600-137091600,ENSG00000078795.12$PKD2L2$chr5$137223657$+,0.41
chr5:137369200-137370800,ENSG00000078795.12$PKD2L2$chr5$137223657$+,0.39
chr20:33125000-33127400,ENSG00000078804.8$TP53INP2$chr20$33292094$+,0.36
chr20:33144400-33146200,ENSG00000078804.8$TP53INP2$chr20$33292094$+,0.42
chr20:33249000-33251400,ENSG00000078804.8$TP53INP2$chr20$33292094$+,0.61
chr20:33262200-33264200,ENSG00000078804.8$TP53INP2$chr20$33292094$+,0.59
chr20:33387800-33389800,ENSG00000078804.8$TP53INP2$chr20$33292094$+,0.5
chr20:33413000-33414400,ENSG00000078804.8$TP53INP2$chr20$33292094$+,0.4
chr1:1038400-1040800,ENSG00000078808.12$SDF4$chr1$1167411$-,0.5
chr1:1049600-1051200,ENSG00000078808.12$SDF4$chr1$1167411$-,0.49
chr1:1052200-1054600,ENSG00000078808.12$SDF4$chr1$1167411$-,0.43
chr1:1311200-1313400,ENSG00000078808.12$SDF4$chr1$1167411$-,0.4
chr20:31683400-31685600,ENSG00000078898.6$BPIFB2$chr20$31595406$+,0.36
chr1:3542000-3543400,ENSG00000078900.10$TP73$chr1$3569084$+,0.58
chr1:3713600-3714400,ENSG00000078900.10$TP73$chr1$3569084$+,0.41
chr7:43873200-43875000,ENSG00000078967.8$UBE2D4$chr7$43966037$+,0.42
chr7:43877400-43879000,ENSG00000078967.8$UBE2D4$chr7$43966037$+,0.44
chr7:43906800-43908600,ENSG00000078967.8$UBE2D4$chr7$43966037$+,0.48
chr7:43945800-43947400,ENSG00000078967.8$UBE2D4$chr7$43966037$+,0.55
chr7:44056600-44058400,ENSG00000078967.8$UBE2D4$chr7$43966037$+,0.51
chr7:44058800-44061000,ENSG00000078967.8$UBE2D4$chr7$43966037$+,0.59
chr7:44083000-44083800,ENSG00000078967.8$UBE2D4$chr7$43966037$+,0.45
chr18:658600-661000,ENSG00000079101.12$CLUL1$chr18$596988$+,0.5
chr18:741800-743800,ENSG00000079101.12$CLUL1$chr18$596988$+,0.4
chr18:188000-190400,ENSG00000079134.7$THOC1$chr18$268050$-,0.47
chr2:179276800-179278200,ENSG00000079150.13$FKBP7$chr2$179343327$-,0.49
chr2:179385600-179387800,ENSG00000079150.13$FKBP7$chr2$179343327$-,0.58
chr2:179390600-179392000,ENSG00000079150.13$FKBP7$chr2$179343327$-,0.43
chr2:230925200-230926600,ENSG00000079263.14$SP140$chr2$231067826$+,0.4
chr2:230930600-230932600,ENSG00000079263.14$SP140$chr2$231067826$+,0.43
chr2:230933400-230934600,ENSG00000079263.14$SP140$chr2$231067826$+,0.42
chr2:231024400-231026800,ENSG00000079263.14$SP140$chr2$231067826$+,0.46
chr1:46997800-47000000,ENSG00000079277.15$MKNK1$chr1$47082515$-,0.47
chr1:47000800-47002600,ENSG00000079277.15$MKNK1$chr1$47082515$-,0.49
chr1:47176200-47178200,ENSG00000079277.15$MKNK1$chr1$47082515$-,0.38
chr1:47178800-47179200,ENSG00000079277.15$MKNK1$chr1$47082515$-,0.44
chr19:1724800-1726800,ENSG00000079313.7$REXO1$chr19$1848452$-,0.47
chr19:1938800-1940400,ENSG00000079313.7$REXO1$chr19$1848452$-,0.57
chr10:71932800-71935200,ENSG00000079332.10$SAR1A$chr10$71930279$-,0.47
chr10:71993600-71995800,ENSG00000079332.10$SAR1A$chr10$71930279$-,0.56
chr12:48511600-48513000,ENSG00000079387.9$SENP1$chr12$48500091$-,0.66
chr12:48561400-48561600,ENSG00000079387.9$SENP1$chr12$48500091$-,0.46
chr12:48574800-48577000,ENSG00000079387.9$SENP1$chr12$48500091$-,0.47
chr10:76617000-76618800,ENSG00000079393.16$DUSP13$chr10$76868979$-,0.39
chr10:76751200-76753000,ENSG00000079393.16$DUSP13$chr10$76868979$-,0.54
chr10:76849000-76850400,ENSG00000079393.16$DUSP13$chr10$76868979$-,0.57
chr10:76908800-76909400,ENSG00000079393.16$DUSP13$chr10$76868979$-,0.67
chr10:76980000-76981200,ENSG00000079393.16$DUSP13$chr10$76868979$-,0.45
chr19:42578800-42579600,ENSG00000079432.3$CIC$chr19$42772689$+,0.4
chr19:42692800-42694400,ENSG00000079432.3$CIC$chr19$42772689$+,0.43
chr19:42722000-42724400,ENSG00000079432.3$CIC$chr19$42772689$+,0.55
chr19:42799600-42801200,ENSG00000079432.3$CIC$chr19$42772689$+,0.72
chr19:42803800-42806200,ENSG00000079432.3$CIC$chr19$42772689$+,0.71
chr19:42806600-42808400,ENSG00000079432.3$CIC$chr19$42772689$+,0.64
chr19:42890800-42892200,ENSG00000079432.3$CIC$chr19$42772689$+,0.48
chr19:42899000-42901200,ENSG00000079432.3$CIC$chr19$42772689$+,0.55
chr19:42578800-42579600,ENSG00000079462.3$PAFAH1B3$chr19$42807698$-,0.37
chr19:42692800-42694400,ENSG00000079462.3$PAFAH1B3$chr19$42807698$-,0.4
chr19:42722000-42724400,ENSG00000079462.3$PAFAH1B3$chr19$42807698$-,0.64
chr19:42771400-42772600,ENSG00000079462.3$PAFAH1B3$chr19$42807698$-,0.62
chr19:42799600-42801200,ENSG00000079462.3$PAFAH1B3$chr19$42807698$-,0.69
chr19:42803800-42806200,ENSG00000079462.3$PAFAH1B3$chr19$42807698$-,0.5
chr19:42890800-42892200,ENSG00000079462.3$PAFAH1B3$chr19$42807698$-,0.6
chr19:42899000-42901200,ENSG00000079462.3$PAFAH1B3$chr19$42807698$-,0.51
chr16:29669600-29671400,ENSG00000079616.8$KIF22$chr16$29802040$+,0.39
chr16:29874800-29877000,ENSG00000079616.8$KIF22$chr16$29802040$+,0.5
chr6:25139400-25140600,ENSG00000079691.15$LRRC16A$chr6$25279306$+,0.38
chr1:63985800-63988200,ENSG00000079739.11$PGM1$chr1$64058947$+,0.4
chr1:63989800-63991400,ENSG00000079739.11$PGM1$chr1$64058947$+,0.53
chr19:10682600-10683800,ENSG00000079805.12$DNM2$chr19$10828755$+,0.44
chr19:10691400-10692600,ENSG00000079805.12$DNM2$chr19$10828755$+,0.45
chr19:10718800-10721200,ENSG00000079805.12$DNM2$chr19$10828755$+,0.42
chr19:10762200-10763800,ENSG00000079805.12$DNM2$chr19$10828755$+,0.5
chr19:10947000-10948200,ENSG00000079805.12$DNM2$chr19$10828755$+,0.44
chr6:131454400-131456200,ENSG00000079819.12$EPB41L2$chr6$131384462$-,0.58
chr6:131457400-131458400,ENSG00000079819.12$EPB41L2$chr6$131384462$-,0.53
chr6:131503800-131505800,ENSG00000079819.12$EPB41L2$chr6$131384462$-,0.54
chr6:131528600-131530400,ENSG00000079819.12$EPB41L2$chr6$131384462$-,0.35
chr22:51001800-51004200,ENSG00000079974.13$RABL2B$chr22$51222091$-,0.35
chr22:51067200-51069600,ENSG00000079974.13$RABL2B$chr22$51222091$-,0.37
chr22:51195600-51197000,ENSG00000079974.13$RABL2B$chr22$51222091$-,0.64
chr19:10589000-10590800,ENSG00000079999.9$KEAP1$chr19$10614417$-,0.62
chr19:10616000-10617600,ENSG00000079999.9$KEAP1$chr19$10614417$-,0.47
chr19:10682600-10683800,ENSG00000079999.9$KEAP1$chr19$10614417$-,0.45
chr19:10691400-10692600,ENSG00000079999.9$KEAP1$chr19$10614417$-,0.39
chr6:74020200-74020800,ENSG00000080007.6$DDX43$chr6$74104471$+,0.51
chr6:74097600-74098800,ENSG00000080007.6$DDX43$chr6$74104471$+,0.73
chr6:74148000-74148800,ENSG00000080007.6$DDX43$chr6$74104471$+,0.57
chr6:74175800-74176400,ENSG00000080007.6$DDX43$chr6$74104471$+,0.38
chr6:74180000-74182000,ENSG00000080007.6$DDX43$chr6$74104471$+,0.41
chr19:55771000-55772600,ENSG00000080031.5$PTPRH$chr19$55720874$-,0.39
chr20:44802600-44804000,ENSG00000080189.10$SLC35C2$chr20$44993043$-,0.36
chr20:44875000-44876000,ENSG00000080189.10$SLC35C2$chr20$44993043$-,0.41
chr3:97484000-97486400,ENSG00000080200.5$CRYBG3$chr3$97595819$+,0.39
chr3:97539400-97540200,ENSG00000080200.5$CRYBG3$chr3$97595819$+,0.41
chr9:3385800-3388200,ENSG00000080298.11$RFX3$chr9$3526004$-,0.36
chr9:3482600-3483600,ENSG00000080298.11$RFX3$chr9$3526004$-,0.48
chr9:3510800-3512600,ENSG00000080298.11$RFX3$chr9$3526004$-,0.73
chr12:72030400-72031000,ENSG00000080371.4$RAB21$chr12$72148654$+,0.42
chr12:72231200-72233200,ENSG00000080371.4$RAB21$chr12$72148654$+,0.56
chr9:1875400-1877000,ENSG00000080503.15$SMARCA2$chr9$2015342$+,0.43
chr9:2145400-2147600,ENSG00000080503.15$SMARCA2$chr9$2015342$+,0.47
chr19:10137400-10139800,ENSG00000080511.2$RDH8$chr19$10123925$+,0.46
chr6:109275800-109277800,ENSG00000080546.9$SESN1$chr6$109416022$-,0.43
chrX:106869600-106871600,ENSG00000080561.9$MID2$chrX$107068985$+,0.38
chrX:106877800-106880000,ENSG00000080561.9$MID2$chrX$107068985$+,0.43
chrX:106911800-106914000,ENSG00000080561.9$MID2$chrX$107068985$+,0.55
chrX:107266800-107267400,ENSG00000080561.9$MID2$chrX$107068985$+,0.37
chrX:107283400-107283800,ENSG00000080561.9$MID2$chrX$107068985$+,0.38
chrX:106353200-106353400,ENSG00000080572.8$PIH1D3$chrX$106449862$+,0.36
chrX:106359000-106361400,ENSG00000080572.8$PIH1D3$chrX$106449862$+,0.39
chrX:106362200-106363200,ENSG00000080572.8$PIH1D3$chrX$106449862$+,0.47
chr16:30597800-30599600,ENSG00000080603.12$SRCAP$chr16$30709530$+,0.61
chr16:30618800-30620800,ENSG00000080603.12$SRCAP$chr16$30709530$+,0.53
chr16:30639400-30641000,ENSG00000080603.12$SRCAP$chr16$30709530$+,0.6
chr16:30646200-30648200,ENSG00000080603.12$SRCAP$chr16$30709530$+,0.5
chr16:30711000-30713200,ENSG00000080603.12$SRCAP$chr16$30709530$+,0.4
chr16:30757800-30759600,ENSG00000080603.12$SRCAP$chr16$30709530$+,0.57
chr16:30760000-30762400,ENSG00000080603.12$SRCAP$chr16$30709530$+,0.63
chr16:30816000-30816600,ENSG00000080603.12$SRCAP$chr16$30709530$+,0.54
chr9:2845000-2846800,ENSG00000080608.9$KIAA0020$chr9$2844241$-,0.35
chr13:46627400-46628800,ENSG00000080618.9$CPB2$chr13$46679211$-,0.49
chr13:46653400-46655600,ENSG00000080618.9$CPB2$chr13$46679211$-,0.61
chr13:46708800-46711200,ENSG00000080618.9$CPB2$chr13$46679211$-,0.54
chr7:135109000-135111000,ENSG00000080802.14$CNOT4$chr7$135194875$-,0.39
chr7:135135800-135137200,ENSG00000080802.14$CNOT4$chr7$135194875$-,0.5
chr7:135147000-135147400,ENSG00000080802.14$CNOT4$chr7$135194875$-,0.44
chr7:135151400-135152800,ENSG00000080802.14$CNOT4$chr7$135194875$-,0.59
chr14:73522800-73524800,ENSG00000080815.14$PSEN1$chr14$73603126$+,0.48
chr14:73548200-73549600,ENSG00000080815.14$PSEN1$chr14$73603126$+,0.59
chr3:98227000-98228200,ENSG00000080819.2$CPOX$chr3$98312567$-,0.38
chr3:98241800-98243000,ENSG00000080819.2$CPOX$chr3$98312567$-,0.38
chr3:98243600-98245400,ENSG00000080819.2$CPOX$chr3$98312567$-,0.43
chr3:98249800-98250600,ENSG00000080819.2$CPOX$chr3$98312567$-,0.53
chr3:98257200-98258200,ENSG00000080819.2$CPOX$chr3$98312567$-,0.49
chr3:98267000-98269000,ENSG00000080819.2$CPOX$chr3$98312567$-,0.42
chr3:98285600-98288000,ENSG00000080819.2$CPOX$chr3$98312567$-,0.61
chr3:98227000-98228200,ENSG00000080822.12$CLDND1$chr3$98241910$-,0.72
chr3:98243600-98245400,ENSG00000080822.12$CLDND1$chr3$98241910$-,0.45
chr3:98249800-98250600,ENSG00000080822.12$CLDND1$chr3$98241910$-,0.71
chr3:98257200-98258200,ENSG00000080822.12$CLDND1$chr3$98241910$-,0.64
chr3:98267000-98269000,ENSG00000080822.12$CLDND1$chr3$98241910$-,0.74
chr3:98285600-98288000,ENSG00000080822.12$CLDND1$chr3$98241910$-,0.61
chr14:102604400-102605600,ENSG00000080823.17$MOK$chr14$102771537$-,0.42
chr14:102607400-102609800,ENSG00000080823.17$MOK$chr14$102771537$-,0.35
chr14:102783800-102785600,ENSG00000080823.17$MOK$chr14$102771537$-,0.6
chr14:102826200-102828600,ENSG00000080823.17$MOK$chr14$102771537$-,0.56
chr14:102528600-102531000,ENSG00000080824.14$HSP90AA1$chr14$102606036$-,0.56
chr14:102607400-102609800,ENSG00000080824.14$HSP90AA1$chr14$102606036$-,0.42
chr14:102771800-102772800,ENSG00000080824.14$HSP90AA1$chr14$102606036$-,0.43
chr14:102783800-102785600,ENSG00000080824.14$HSP90AA1$chr14$102606036$-,0.39
chr20:35602000-35604200,ENSG00000080839.7$RBL1$chr20$35724398$-,0.43
chr20:35606200-35608000,ENSG00000080839.7$RBL1$chr20$35724398$-,0.45
chr20:35704200-35705600,ENSG00000080839.7$RBL1$chr20$35724398$-,0.59
chr20:35707200-35708200,ENSG00000080839.7$RBL1$chr20$35724398$-,0.7
chr20:35708600-35711000,ENSG00000080839.7$RBL1$chr20$35724398$-,0.67
chr20:35717400-35719400,ENSG00000080839.7$RBL1$chr20$35724398$-,0.56
chr20:35805400-35806600,ENSG00000080839.7$RBL1$chr20$35724398$-,0.52
chr20:35813600-35815400,ENSG00000080839.7$RBL1$chr20$35724398$-,0.38
chr18:2547200-2548200,ENSG00000080986.8$NDC80$chr18$2571510$+,0.65
chr18:2577200-2579600,ENSG00000080986.8$NDC80$chr18$2571510$+,0.63
chr18:2601600-2603400,ENSG00000080986.8$NDC80$chr18$2571510$+,0.72
chr18:2612800-2613600,ENSG00000080986.8$NDC80$chr18$2571510$+,0.71
chr18:2652800-2655000,ENSG00000080986.8$NDC80$chr18$2571510$+,0.42
chr18:2668200-2670400,ENSG00000080986.8$NDC80$chr18$2571510$+,0.44
chr18:2671800-2674000,ENSG00000080986.8$NDC80$chr18$2571510$+,0.42
chr18:2674800-2676600,ENSG00000080986.8$NDC80$chr18$2571510$+,0.4
chr18:2678000-2678200,ENSG00000080986.8$NDC80$chr18$2571510$+,0.4
chr18:2691000-2692800,ENSG00000080986.8$NDC80$chr18$2571510$+,0.4
chr15:51198000-51199800,ENSG00000081014.6$AP4E1$chr15$51200869$+,0.41
chr1:114286400-114288800,ENSG00000081019.9$RSBN1$chr1$114355098$-,0.45
chr1:114289400-114291000,ENSG00000081019.9$RSBN1$chr1$114355098$-,0.4
chr1:114378200-114379800,ENSG00000081019.9$RSBN1$chr1$114355098$-,0.48
chr1:114470200-114471400,ENSG00000081019.9$RSBN1$chr1$114355098$-,0.37
chr5:133489200-133489800,ENSG00000081059.15$TCF7$chr5$133450402$+,0.45
chr5:133490400-133491200,ENSG00000081059.15$TCF7$chr5$133450402$+,0.54
chr5:133491400-133492600,ENSG00000081059.15$TCF7$chr5$133450402$+,0.5
chr5:133513400-133514400,ENSG00000081059.15$TCF7$chr5$133450402$+,0.43
chr3:101109400-101111200,ENSG00000081148.11$IMPG2$chr3$101039404$-,0.4
chr3:101123600-101124600,ENSG00000081148.11$IMPG2$chr3$101039404$-,0.36
chr3:101142200-101142400,ENSG00000081148.11$IMPG2$chr3$101039404$-,0.43
chr3:101159800-101161600,ENSG00000081148.11$IMPG2$chr3$101039404$-,0.37
chr3:101109400-101111200,ENSG00000081154.7$PCNP$chr3$101292939$+,0.35
chr3:101123600-101124600,ENSG00000081154.7$PCNP$chr3$101292939$+,0.37
chr3:101142200-101142400,ENSG00000081154.7$PCNP$chr3$101292939$+,0.46
chr3:101159800-101161600,ENSG00000081154.7$PCNP$chr3$101292939$+,0.44
chr3:101232600-101235000,ENSG00000081154.7$PCNP$chr3$101292939$+,0.58
chr3:101266600-101268600,ENSG00000081154.7$PCNP$chr3$101292939$+,0.6
chr3:101279000-101280400,ENSG00000081154.7$PCNP$chr3$101292939$+,0.48
chr3:101396200-101397600,ENSG00000081154.7$PCNP$chr3$101292939$+,0.39
chr3:101409200-101410800,ENSG00000081154.7$PCNP$chr3$101292939$+,0.37
chr14:68108200-68109400,ENSG00000081181.3$ARG2$chr14$68086515$+,0.67
chr14:68142000-68142800,ENSG00000081181.3$ARG2$chr14$68086515$+,0.55
chr14:68162400-68164400,ENSG00000081181.3$ARG2$chr14$68086515$+,0.64
chr1:198532600-198535000,ENSG00000081237.14$PTPRC$chr1$198607801$+,0.37
chr1:198707000-198709000,ENSG00000081237.14$PTPRC$chr1$198607801$+,0.43
chr1:198710000-198712400,ENSG00000081237.14$PTPRC$chr1$198607801$+,0.35
chr1:201088000-201090200,ENSG00000081248.6$CACNA1S$chr1$201081694$-,0.48
chr3:132442200-132443800,ENSG00000081307.8$UBA5$chr3$132373290$+,0.38
chr3:132475400-132476200,ENSG00000081307.8$UBA5$chr3$132373290$+,0.44
chr2:196931000-196933000,ENSG00000081320.6$STK17B$chr2$197041227$-,0.4
chr2:196933800-196934600,ENSG00000081320.6$STK17B$chr2$197041227$-,0.35
chr2:197020400-197020600,ENSG00000081320.6$STK17B$chr2$197041227$-,0.71
chr2:197082000-197083800,ENSG00000081320.6$STK17B$chr2$197041227$-,0.71
chr2:197084200-197086000,ENSG00000081320.6$STK17B$chr2$197041227$-,0.54
chr9:99418000-99420000,ENSG00000081386.8$ZNF510$chr9$99540411$-,0.46
chr9:99448400-99449000,ENSG00000081386.8$ZNF510$chr9$99540411$-,0.44
chr9:99638400-99640200,ENSG00000081386.8$ZNF510$chr9$99540411$-,0.37
chr9:99735600-99737000,ENSG00000081386.8$ZNF510$chr9$99540411$-,0.35
chr19:19692000-19693800,ENSG00000081665.9$ZNF506$chr19$19932560$-,0.36
chr19:19840800-19843200,ENSG00000081665.9$ZNF506$chr19$19932560$-,0.36
chr19:19884400-19886800,ENSG00000081665.9$ZNF506$chr19$19932560$-,0.54
chr19:19913400-19914600,ENSG00000081665.9$ZNF506$chr19$19932560$-,0.62
chr1:227766400-227768000,ENSG00000081692.8$JMJD4$chr1$227923112$-,0.37
chr1:227895400-227896200,ENSG00000081692.8$JMJD4$chr1$227923112$-,0.55
chr1:227923600-227925600,ENSG00000081692.8$JMJD4$chr1$227923112$-,0.38
chr1:227973200-227975600,ENSG00000081692.8$JMJD4$chr1$227923112$-,0.57
chr1:227995800-227997000,ENSG00000081692.8$JMJD4$chr1$227923112$-,0.41
chr1:161717200-161719400,ENSG00000081721.7$DUSP12$chr1$161719548$+,0.4
chr12:125399600-125402000,ENSG00000081760.12$AACS$chr12$125549925$+,0.38
chr12:125424400-125426800,ENSG00000081760.12$AACS$chr12$125549925$+,0.49
chr12:125471400-125473200,ENSG00000081760.12$AACS$chr12$125549925$+,0.51
chr12:125473400-125474600,ENSG00000081760.12$AACS$chr12$125549925$+,0.58
chr12:125476800-125478000,ENSG00000081760.12$AACS$chr12$125549925$+,0.63
chr5:141390400-141392000,ENSG00000081791.4$KIAA0141$chr5$141303373$+,0.54
chr5:141403200-141404400,ENSG00000081791.4$KIAA0141$chr5$141303373$+,0.4
chr5:141404600-141405800,ENSG00000081791.4$KIAA0141$chr5$141303373$+,0.44
chr5:140464400-140465800,ENSG00000081818.1$PCDHB4$chr5$140501581$+,0.56
chr5:140701000-140701200,ENSG00000081853.13$PCDHGA2$chr5$140718539$+,0.41
chr1:54304400-54305200,ENSG00000081870.7$HSPB11$chr1$54411602$-,0.45
chr1:54353000-54355000,ENSG00000081870.7$HSPB11$chr1$54411602$-,0.51
chr1:54509600-54509800,ENSG00000081870.7$HSPB11$chr1$54411602$-,0.47
chr1:54519800-54521800,ENSG00000081870.7$HSPB11$chr1$54411602$-,0.42
chr18:60380600-60382400,ENSG00000081913.9$PHLPP1$chr18$60382672$+,0.37
chr1:67614000-67615400,ENSG00000081985.6$IL12RB2$chr1$67773047$+,0.44
chr1:67627600-67630000,ENSG00000081985.6$IL12RB2$chr1$67773047$+,0.39
chr1:67816200-67817600,ENSG00000081985.6$IL12RB2$chr1$67773047$+,0.59
chr1:67873600-67874400,ENSG00000081985.6$IL12RB2$chr1$67773047$+,0.43
chr7:150921600-150923600,ENSG00000082014.12$SMARCD3$chr7$150974982$-,0.54
chr7:150925000-150926200,ENSG00000082014.12$SMARCD3$chr7$150974982$-,0.56
chr7:150927800-150929200,ENSG00000082014.12$SMARCD3$chr7$150974982$-,0.59
chr7:151095400-151095600,ENSG00000082014.12$SMARCD3$chr7$150974982$-,0.37
chr5:37371800-37372800,ENSG00000082068.4$WDR70$chr5$37379314$+,0.61
chr5:39231000-39232600,ENSG00000082074.11$FYB$chr5$39274630$-,0.49
chr2:202139600-202140200,ENSG00000082146.8$STRADB$chr2$202252581$+,0.52
chr2:202149400-202150800,ENSG00000082146.8$STRADB$chr2$202252581$+,0.45
chr2:202204600-202206000,ENSG00000082146.8$STRADB$chr2$202252581$+,0.61
chr2:202304800-202307000,ENSG00000082146.8$STRADB$chr2$202252581$+,0.55
chr2:202317000-202319000,ENSG00000082146.8$STRADB$chr2$202252581$+,0.49
chr2:202389200-202391400,ENSG00000082146.8$STRADB$chr2$202252581$+,0.47
chr18:48493600-48494400,ENSG00000082212.7$ME2$chr18$48405419$+,0.46
chr6:71277200-71278600,ENSG00000082269.12$FAM135A$chr6$71122644$+,0.37
chr6:70467600-70469200,ENSG00000082293.8$COL19A1$chr6$70576463$+,0.42
chr6:70469800-70471200,ENSG00000082293.8$COL19A1$chr6$70576463$+,0.39
chr6:70506800-70508200,ENSG00000082293.8$COL19A1$chr6$70576463$+,0.51
chr6:70545200-70546600,ENSG00000082293.8$COL19A1$chr6$70576463$+,0.78
chrX:69618200-69619600,ENSG00000082458.7$DLG3$chrX$69664711$+,0.41
chrX:69652000-69653800,ENSG00000082458.7$DLG3$chrX$69664711$+,0.54
chrX:69690200-69692000,ENSG00000082458.7$DLG3$chrX$69664711$+,0.41
chr1:211364200-211366000,ENSG00000082512.10$TRAF5$chr1$211499957$+,0.35
chr1:211401600-211403800,ENSG00000082512.10$TRAF5$chr1$211499957$+,0.38
chr1:211429400-211431600,ENSG00000082512.10$TRAF5$chr1$211499957$+,0.42
chr1:211434400-211436200,ENSG00000082512.10$TRAF5$chr1$211499957$+,0.52
chr1:211437000-211438400,ENSG00000082512.10$TRAF5$chr1$211499957$+,0.52
chr1:211494000-211496000,ENSG00000082512.10$TRAF5$chr1$211499957$+,0.5
chr1:211532400-211534600,ENSG00000082512.10$TRAF5$chr1$211499957$+,0.59
chr1:211554600-211555800,ENSG00000082512.10$TRAF5$chr1$211499957$+,0.57
chr1:211556800-211558000,ENSG00000082512.10$TRAF5$chr1$211499957$+,0.55
chr1:211580400-211582400,ENSG00000082512.10$TRAF5$chr1$211499957$+,0.48
chr5:154144000-154144200,ENSG00000082516.8$GEMIN5$chr5$154317769$-,0.37
chr17:45970800-45972600,ENSG00000082641.11$NFE2L1$chr17$46125691$+,0.36
chr17:45994800-45996400,ENSG00000082641.11$NFE2L1$chr17$46125691$+,0.4
chr17:46049000-46051400,ENSG00000082641.11$NFE2L1$chr17$46125691$+,0.55
chr17:46162200-46164200,ENSG00000082641.11$NFE2L1$chr17$46125691$+,0.6
chr17:46273800-46274000,ENSG00000082641.11$NFE2L1$chr17$46125691$+,0.41
chr17:46282600-46283600,ENSG00000082641.11$NFE2L1$chr17$46125691$+,0.45
chr3:119637000-119639400,ENSG00000082701.10$GSK3B$chr3$119813264$-,0.35
chr3:119643800-119645600,ENSG00000082701.10$GSK3B$chr3$119813264$-,0.35
chr3:119654000-119655200,ENSG00000082701.10$GSK3B$chr3$119813264$-,0.47
chr3:119668800-119671000,ENSG00000082701.10$GSK3B$chr3$119813264$-,0.42
chr3:119672200-119672600,ENSG00000082701.10$GSK3B$chr3$119813264$-,0.49
chr3:119673400-119675400,ENSG00000082701.10$GSK3B$chr3$119813264$-,0.43
chr3:119687400-119689400,ENSG00000082701.10$GSK3B$chr3$119813264$-,0.44
chr3:119722000-119724400,ENSG00000082701.10$GSK3B$chr3$119813264$-,0.55
chr3:119776600-119776800,ENSG00000082701.10$GSK3B$chr3$119813264$-,0.73
chr3:119793800-119795600,ENSG00000082701.10$GSK3B$chr3$119813264$-,0.71
chr3:124736800-124739200,ENSG00000082781.7$ITGB5$chr3$124620265$-,0.39
chr2:61631400-61633600,ENSG00000082898.12$XPO1$chr2$61765761$-,0.45
chr2:61699400-61700200,ENSG00000082898.12$XPO1$chr2$61765761$-,0.5
chr2:61734400-61736600,ENSG00000082898.12$XPO1$chr2$61765761$-,0.58
chr2:61741800-61742800,ENSG00000082898.12$XPO1$chr2$61765761$-,0.66
chr2:61753800-61755400,ENSG00000082898.12$XPO1$chr2$61765761$-,0.68
chr2:61802200-61804400,ENSG00000082898.12$XPO1$chr2$61765761$-,0.53
chr2:61920400-61921600,ENSG00000082898.12$XPO1$chr2$61765761$-,0.52
chr2:61921800-61923400,ENSG00000082898.12$XPO1$chr2$61765761$-,0.41
chr2:61989000-61990800,ENSG00000082898.12$XPO1$chr2$61765761$-,0.4
chr3:149467600-149469800,ENSG00000082996.15$RNF13$chr3$149530495$+,0.47
chr3:149470600-149472400,ENSG00000082996.15$RNF13$chr3$149530495$+,0.57
chr3:149689400-149690800,ENSG00000082996.15$RNF13$chr3$149530495$+,0.41
chr16:23607800-23609200,ENSG00000083093.5$PALB2$chr16$23652631$-,0.57
chr16:23656800-23659200,ENSG00000083093.5$PALB2$chr16$23652631$-,0.4
chr6:83717800-83719400,ENSG00000083097.10$DOPEY1$chr6$83777385$+,0.58
chr6:83773200-83774800,ENSG00000083097.10$DOPEY1$chr6$83777385$+,0.52
chr6:83904000-83906400,ENSG00000083097.10$DOPEY1$chr6$83777385$+,0.41
chr6:80673000-80673400,ENSG00000083123.10$BCKDHB$chr6$80816364$+,0.44
chr6:80690000-80691800,ENSG00000083123.10$BCKDHB$chr6$80816364$+,0.46
chr6:80711800-80713800,ENSG00000083123.10$BCKDHB$chr6$80816364$+,0.39
chr6:80725200-80726400,ENSG00000083123.10$BCKDHB$chr6$80816364$+,0.42
chr6:80814000-80816000,ENSG00000083123.10$BCKDHB$chr6$80816364$+,0.35
chr8:41828600-41830600,ENSG00000083168.5$KAT6A$chr8$41909508$-,0.41
chr8:41889000-41889200,ENSG00000083168.5$KAT6A$chr8$41909508$-,0.63
chr9:88918000-88920400,ENSG00000083223.13$ZCCHC6$chr9$88969369$-,0.39
chr5:72109800-72111800,ENSG00000083312.13$TNPO1$chr5$72112139$+,0.36
chr1:11953200-11954200,ENSG00000083444.12$PLOD1$chr1$11994262$+,0.62
chr1:12152000-12152200,ENSG00000083444.12$PLOD1$chr1$11994262$+,0.38
chr1:12180800-12182400,ENSG00000083444.12$PLOD1$chr1$11994262$+,0.37
chr17:3586000-3587400,ENSG00000083454.17$P2RX5$chr17$3599698$-,0.74
chr17:3671800-3673000,ENSG00000083454.17$P2RX5$chr17$3599698$-,0.43
chr17:3690800-3692600,ENSG00000083454.17$P2RX5$chr17$3599698$-,0.52
chr17:3749600-3750400,ENSG00000083454.17$P2RX5$chr17$3599698$-,0.5
chr17:3690800-3692600,ENSG00000083457.7$ITGAE$chr17$3704537$-,0.46
chr13:73217400-73217800,ENSG00000083520.10$DIS3$chr13$73356234$-,0.38
chr13:73362000-73363600,ENSG00000083520.10$DIS3$chr13$73356234$-,0.59
chr13:73491800-73492000,ENSG00000083520.10$DIS3$chr13$73356234$-,0.45
chr13:73217400-73217800,ENSG00000083535.11$PIBF1$chr13$73356197$+,0.37
chr13:73362000-73363600,ENSG00000083535.11$PIBF1$chr13$73356197$+,0.56
chr13:73491800-73492000,ENSG00000083535.11$PIBF1$chr13$73356197$+,0.42
chr13:60841200-60841800,ENSG00000083544.9$TDRD3$chr13$60970591$+,0.44
chr13:60885200-60886200,ENSG00000083544.9$TDRD3$chr13$60970591$+,0.55
chr13:61009600-61011000,ENSG00000083544.9$TDRD3$chr13$60970591$+,0.6
chr13:45490000-45491800,ENSG00000083635.7$NUFIP1$chr13$45563618$-,0.5
chr13:33296600-33297200,ENSG00000083642.14$PDS5B$chr13$33160564$+,0.53
chr13:33297400-33299000,ENSG00000083642.14$PDS5B$chr13$33160564$+,0.46
chr5:41859000-41859800,ENSG00000083720.8$OXCT1$chr5$41870621$-,0.83
chr5:41870800-41873000,ENSG00000083720.8$OXCT1$chr5$41870621$-,0.36
chr5:41903000-41903800,ENSG00000083720.8$OXCT1$chr5$41870621$-,0.68
chr5:41923600-41925000,ENSG00000083720.8$OXCT1$chr5$41870621$-,0.62
chr5:41926000-41928400,ENSG00000083720.8$OXCT1$chr5$41870621$-,0.6
chrX:55714400-55715400,ENSG00000083750.8$RRAGB$chrX$55744172$+,0.61
chrX:55893600-55895800,ENSG00000083750.8$RRAGB$chrX$55744172$+,0.44
chr16:50811800-50813000,ENSG00000083799.13$CYLD$chr16$50775961$+,0.66
chr16:50820600-50821600,ENSG00000083799.13$CYLD$chr16$50775961$+,0.71
chr19:58791000-58793400,ENSG00000083807.5$SLC27A5$chr19$59023780$-,0.36
chr19:58815000-58816200,ENSG00000083807.5$SLC27A5$chr19$59023780$-,0.35
chr19:58836000-58838000,ENSG00000083807.5$SLC27A5$chr19$59023780$-,0.39
chr19:58872400-58873400,ENSG00000083807.5$SLC27A5$chr19$59023780$-,0.36
chr19:58892800-58895200,ENSG00000083807.5$SLC27A5$chr19$59023780$-,0.39
chr19:58895600-58897800,ENSG00000083807.5$SLC27A5$chr19$59023780$-,0.4
chr19:58910800-58912800,ENSG00000083807.5$SLC27A5$chr19$59023780$-,0.42
chr19:58917600-58919200,ENSG00000083807.5$SLC27A5$chr19$59023780$-,0.45
chr19:58920800-58922000,ENSG00000083807.5$SLC27A5$chr19$59023780$-,0.43
chr19:58961800-58962800,ENSG00000083807.5$SLC27A5$chr19$59023780$-,0.44
chr19:58987800-58989800,ENSG00000083807.5$SLC27A5$chr19$59023780$-,0.57
chr19:59000000-59001000,ENSG00000083807.5$SLC27A5$chr19$59023780$-,0.6
chr19:59054000-59055200,ENSG00000083807.5$SLC27A5$chr19$59023780$-,0.67
chr19:59063400-59065800,ENSG00000083807.5$SLC27A5$chr19$59023780$-,0.49
chr19:59085200-59086600,ENSG00000083807.5$SLC27A5$chr19$59023780$-,0.48
chr19:58815000-58816200,ENSG00000083812.7$ZNF324$chr19$58978423$+,0.36
chr19:58836000-58838000,ENSG00000083812.7$ZNF324$chr19$58978423$+,0.48
chr19:58872400-58873400,ENSG00000083812.7$ZNF324$chr19$58978423$+,0.47
chr19:58892800-58895200,ENSG00000083812.7$ZNF324$chr19$58978423$+,0.42
chr19:58895600-58897800,ENSG00000083812.7$ZNF324$chr19$58978423$+,0.49
chr19:58910800-58912800,ENSG00000083812.7$ZNF324$chr19$58978423$+,0.48
chr19:58917600-58919200,ENSG00000083812.7$ZNF324$chr19$58978423$+,0.5
chr19:58920800-58922000,ENSG00000083812.7$ZNF324$chr19$58978423$+,0.57
chr19:58952200-58953400,ENSG00000083812.7$ZNF324$chr19$58978423$+,0.66
chr19:58961800-58962800,ENSG00000083812.7$ZNF324$chr19$58978423$+,0.59
chr19:58987800-58989800,ENSG00000083812.7$ZNF324$chr19$58978423$+,0.61
chr19:59000000-59001000,ENSG00000083812.7$ZNF324$chr19$58978423$+,0.56
chr19:59054000-59055200,ENSG00000083812.7$ZNF324$chr19$58978423$+,0.43
chr19:59063400-59065800,ENSG00000083812.7$ZNF324$chr19$58978423$+,0.43
chr19:59085200-59086600,ENSG00000083812.7$ZNF324$chr19$58978423$+,0.37
chr19:58088800-58089800,ENSG00000083814.8$ZNF671$chr19$58238992$-,0.37
chr19:58110200-58111200,ENSG00000083814.8$ZNF671$chr19$58238992$-,0.4
chr19:58143400-58144400,ENSG00000083814.8$ZNF671$chr19$58238992$-,0.4
chr19:58145200-58147000,ENSG00000083814.8$ZNF671$chr19$58238992$-,0.38
chr19:58174600-58177000,ENSG00000083814.8$ZNF671$chr19$58238992$-,0.51
chr19:58257400-58258200,ENSG00000083814.8$ZNF671$chr19$58238992$-,0.68
chr19:58329400-58330600,ENSG00000083814.8$ZNF671$chr19$58238992$-,0.4
chr19:57999400-58000800,ENSG00000083817.8$ZNF416$chr19$58090295$-,0.45
chr19:58037800-58038600,ENSG00000083817.8$ZNF416$chr19$58090295$-,0.47
chr19:58039400-58040600,ENSG00000083817.8$ZNF416$chr19$58090295$-,0.61
chr19:58110200-58111200,ENSG00000083817.8$ZNF416$chr19$58090295$-,0.65
chr19:58111400-58113000,ENSG00000083817.8$ZNF416$chr19$58090295$-,0.76
chr19:58143400-58144400,ENSG00000083817.8$ZNF416$chr19$58090295$-,0.54
chr19:58145200-58147000,ENSG00000083817.8$ZNF416$chr19$58090295$-,0.54
chr19:58174600-58177000,ENSG00000083817.8$ZNF416$chr19$58090295$-,0.49
chr19:58110200-58111200,ENSG00000083828.11$ZNF586$chr19$58281023$+,0.44
chr19:58143400-58144400,ENSG00000083828.11$ZNF586$chr19$58281023$+,0.47
chr19:58145200-58147000,ENSG00000083828.11$ZNF586$chr19$58281023$+,0.46
chr19:58237000-58238400,ENSG00000083828.11$ZNF586$chr19$58281023$+,0.58
chr19:58257400-58258200,ENSG00000083828.11$ZNF586$chr19$58281023$+,0.69
chr19:58329400-58330600,ENSG00000083828.11$ZNF586$chr19$58281023$+,0.62
chr19:58360400-58361200,ENSG00000083828.11$ZNF586$chr19$58281023$+,0.53
chr19:58400400-58402400,ENSG00000083828.11$ZNF586$chr19$58281023$+,0.45
chr19:58511200-58513600,ENSG00000083828.11$ZNF586$chr19$58281023$+,0.36
chr19:58987800-58989800,ENSG00000083838.11$ZNF446$chr19$58985384$+,0.37
chr19:59000000-59001000,ENSG00000083838.11$ZNF446$chr19$58985384$+,0.46
chr19:58659600-58659800,ENSG00000083842.8$ZNF8$chr19$58790317$+,0.35
chr19:58738400-58739600,ENSG00000083842.8$ZNF8$chr19$58790317$+,0.58
chr19:58791000-58793400,ENSG00000083842.8$ZNF8$chr19$58790317$+,0.38
chr19:58815000-58816200,ENSG00000083842.8$ZNF8$chr19$58790317$+,0.59
chr19:58836000-58838000,ENSG00000083842.8$ZNF8$chr19$58790317$+,0.52
chr19:58872400-58873400,ENSG00000083842.8$ZNF8$chr19$58790317$+,0.41
chr19:58895600-58897800,ENSG00000083842.8$ZNF8$chr19$58790317$+,0.39
chr19:58917600-58919200,ENSG00000083842.8$ZNF8$chr19$58790317$+,0.35
chr19:58961800-58962800,ENSG00000083842.8$ZNF8$chr19$58790317$+,0.36
chr19:57682400-57684800,ENSG00000083844.6$ZNF264$chr19$57702868$+,0.7
chr19:57751000-57751600,ENSG00000083844.6$ZNF264$chr19$57702868$+,0.63
chr19:57789400-57791400,ENSG00000083844.6$ZNF264$chr19$57702868$+,0.48
chr19:57861600-57862200,ENSG00000083844.6$ZNF264$chr19$57702868$+,0.43
chr19:57872200-57874400,ENSG00000083844.6$ZNF264$chr19$57702868$+,0.49
chr4:69299400-69299800,ENSG00000083896.8$YTHDC1$chr4$69215807$-,0.42
chr4:69304600-69307000,ENSG00000083896.8$YTHDC1$chr4$69215807$-,0.51
chr4:69370600-69371200,ENSG00000083896.8$YTHDC1$chr4$69215807$-,0.42
chr3:87216600-87217800,ENSG00000083937.4$CHMP2B$chr3$87276421$+,0.65
chr1:40696800-40698800,ENSG00000084070.7$SMAP2$chr1$40810522$+,0.37
chr1:40720800-40722800,ENSG00000084070.7$SMAP2$chr1$40810522$+,0.41
chr1:40837600-40839400,ENSG00000084070.7$SMAP2$chr1$40810522$+,0.62
chr1:40902800-40904600,ENSG00000084070.7$SMAP2$chr1$40810522$+,0.39
chr1:40914200-40915400,ENSG00000084070.7$SMAP2$chr1$40810522$+,0.39
chr1:40943600-40946000,ENSG00000084070.7$SMAP2$chr1$40810522$+,0.38
chr1:40973200-40974000,ENSG00000084070.7$SMAP2$chr1$40810522$+,0.39
chr1:40071200-40072200,ENSG00000084072.12$PPIE$chr1$40157854$+,0.5
chr1:40609000-40610800,ENSG00000084073.4$ZMPSTE24$chr1$40723779$+,0.39
chr1:40626000-40626800,ENSG00000084073.4$ZMPSTE24$chr1$40723779$+,0.37
chr1:40632600-40634000,ENSG00000084073.4$ZMPSTE24$chr1$40723779$+,0.38
chr1:40696800-40698800,ENSG00000084073.4$ZMPSTE24$chr1$40723779$+,0.64
chr1:40837600-40839400,ENSG00000084073.4$ZMPSTE24$chr1$40723779$+,0.4
chr1:40916400-40918200,ENSG00000084073.4$ZMPSTE24$chr1$40723779$+,0.35
chr1:40973200-40974000,ENSG00000084073.4$ZMPSTE24$chr1$40723779$+,0.35
chr2:96845600-96848000,ENSG00000084090.9$STARD7$chr2$96874563$-,0.54
chr2:96965800-96966000,ENSG00000084090.9$STARD7$chr2$96874563$-,0.45
chr2:96972000-96974400,ENSG00000084090.9$STARD7$chr2$96874563$-,0.4
chr4:57771800-57773800,ENSG00000084092.6$NOA1$chr4$57844989$-,0.44
chr4:57618600-57619600,ENSG00000084093.11$REST$chr4$57774075$+,0.44
chr4:57663600-57666000,ENSG00000084093.11$REST$chr4$57774075$+,0.49
chr11:67375000-67377200,ENSG00000084207.11$GSTP1$chr11$67351066$+,0.6
chr11:67498000-67500400,ENSG00000084207.11$GSTP1$chr11$67351066$+,0.36
chr11:129873800-129876200,ENSG00000084234.12$APLP2$chr11$129939732$+,0.48
chr12:21522000-21523400,ENSG00000084453.12$SLCO1A2$chr12$21572528$-,0.6
chr12:21589200-21590400,ENSG00000084453.12$SLCO1A2$chr12$21572528$-,0.58
chr12:14904400-14905600,ENSG00000084463.3$WBP11$chr12$14956474$-,0.57
chr12:14918000-14918400,ENSG00000084463.3$WBP11$chr12$14956474$-,0.52
chr12:14924400-14926800,ENSG00000084463.3$WBP11$chr12$14956474$-,0.51
chr12:14962800-14965000,ENSG00000084463.3$WBP11$chr12$14956474$-,0.49
chr12:15097400-15097800,ENSG00000084463.3$WBP11$chr12$14956474$-,0.51
chr1:32535800-32538200,ENSG00000084623.7$EIF3I$chr1$32687529$+,0.47
chr1:32601600-32602600,ENSG00000084623.7$EIF3I$chr1$32687529$+,0.38
chr1:32704200-32706400,ENSG00000084623.7$EIF3I$chr1$32687529$+,0.53
chr1:32755000-32757200,ENSG00000084623.7$EIF3I$chr1$32687529$+,0.58
chr1:32810400-32812800,ENSG00000084623.7$EIF3I$chr1$32687529$+,0.47
chr1:32837200-32838800,ENSG00000084623.7$EIF3I$chr1$32687529$+,0.38
chr1:32478000-32479400,ENSG00000084652.11$TXLNA$chr1$32645287$+,0.39
chr1:32500200-32501400,ENSG00000084652.11$TXLNA$chr1$32645287$+,0.45
chr1:32535800-32538200,ENSG00000084652.11$TXLNA$chr1$32645287$+,0.45
chr1:32601600-32602600,ENSG00000084652.11$TXLNA$chr1$32645287$+,0.57
chr1:32704200-32706400,ENSG00000084652.11$TXLNA$chr1$32645287$+,0.64
chr1:32755000-32757200,ENSG00000084652.11$TXLNA$chr1$32645287$+,0.5
chr2:24740000-24741600,ENSG00000084676.11$NCOA1$chr2$24714783$+,0.62
chr2:24761800-24763000,ENSG00000084676.11$NCOA1$chr2$24714783$+,0.54
chr2:24790200-24792400,ENSG00000084676.11$NCOA1$chr2$24714783$+,0.5
chr2:24863000-24863600,ENSG00000084676.11$NCOA1$chr2$24714783$+,0.41
chr2:27271600-27273000,ENSG00000084693.11$AGBL5$chr2$27265232$+,0.45
chr2:27274800-27276800,ENSG00000084693.11$AGBL5$chr2$27265232$+,0.38
chr2:25192000-25194000,ENSG00000084710.9$EFR3B$chr2$25264999$+,0.43
chr2:25195800-25197400,ENSG00000084710.9$EFR3B$chr2$25264999$+,0.52
chr2:26253800-26256000,ENSG00000084731.9$KIF3C$chr2$26205618$-,0.43
chr2:26274800-26276600,ENSG00000084731.9$KIF3C$chr2$26205618$-,0.54
chr2:26101800-26102800,ENSG00000084733.6$RAB10$chr2$26256976$+,0.59
chr2:26205400-26206600,ENSG00000084733.6$RAB10$chr2$26256976$+,0.59
chr2:26274800-26276600,ENSG00000084733.6$RAB10$chr2$26256976$+,0.59
chr2:27710600-27712200,ENSG00000084734.4$GCKR$chr2$27719709$+,0.55
chr2:26552400-26554600,ENSG00000084754.6$HADHA$chr2$26467594$-,0.53
chr2:26584800-26587200,ENSG00000084754.6$HADHA$chr2$26467594$-,0.46
chr2:27271600-27273000,ENSG00000084764.6$MAPRE3$chr2$27193480$+,0.46
chr2:27274800-27276800,ENSG00000084764.6$MAPRE3$chr2$27193480$+,0.54
chr2:27271600-27273000,ENSG00000084774.9$CAD$chr2$27440258$+,0.37
chr2:27340000-27342400,ENSG00000084774.9$CAD$chr2$27440258$+,0.51
chr2:27357600-27358800,ENSG00000084774.9$CAD$chr2$27440258$+,0.5
chr2:27525400-27526400,ENSG00000084774.9$CAD$chr2$27440258$+,0.49
chr2:27546600-27548200,ENSG00000084774.9$CAD$chr2$27440258$+,0.55
chr2:27580200-27581800,ENSG00000084774.9$CAD$chr2$27440258$+,0.41
chr2:27590800-27592600,ENSG00000084774.9$CAD$chr2$27440258$+,0.37
chr2:27603200-27605400,ENSG00000084774.9$CAD$chr2$27440258$+,0.36
chrX:76927400-76928000,ENSG00000085224.16$ATRX$chrX$77041702$-,0.39
chrX:76985400-76986400,ENSG00000085224.16$ATRX$chrX$77041702$-,0.49
chrX:76986600-76989000,ENSG00000085224.16$ATRX$chrX$77041702$-,0.48
chrX:76995600-76997000,ENSG00000085224.16$ATRX$chrX$77041702$-,0.5
chrX:77002600-77003000,ENSG00000085224.16$ATRX$chrX$77041702$-,0.44
chrX:77023200-77025600,ENSG00000085224.16$ATRX$chrX$77041702$-,0.57
chrX:77025800-77026000,ENSG00000085224.16$ATRX$chrX$77041702$-,0.56
chrX:77026200-77027600,ENSG00000085224.16$ATRX$chrX$77041702$-,0.61
chrX:77146000-77147400,ENSG00000085224.16$ATRX$chrX$77041702$-,0.52
chrX:77165000-77165600,ENSG00000085224.16$ATRX$chrX$77041702$-,0.44
chr5:68855000-68855800,ENSG00000085231.9$TAF9$chr5$68665840$-,0.36
chr3:169480200-169482000,ENSG00000085274.11$MYNN$chr3$169490619$+,0.57
chr3:169482800-169483600,ENSG00000085274.11$MYNN$chr3$169490619$+,0.57
chr3:169495200-169496000,ENSG00000085274.11$MYNN$chr3$169490619$+,0.62
chr6:105214800-105216400,ENSG00000085382.7$HACE1$chr6$105307794$-,0.5
chr1:109417800-109419200,ENSG00000085433.11$WDR47$chr1$109584850$-,0.38
chr1:109495800-109497200,ENSG00000085433.11$WDR47$chr1$109584850$-,0.48
chr1:109506600-109508000,ENSG00000085433.11$WDR47$chr1$109584850$-,0.54
chr1:109617200-109618000,ENSG00000085433.11$WDR47$chr1$109584850$-,0.62
chr1:109619000-109619600,ENSG00000085433.11$WDR47$chr1$109584850$-,0.69
chr1:109642000-109642800,ENSG00000085433.11$WDR47$chr1$109584850$-,0.56
chr1:109755200-109756200,ENSG00000085433.11$WDR47$chr1$109584850$-,0.42
chr1:109761000-109761800,ENSG00000085433.11$WDR47$chr1$109584850$-,0.38
chr1:109826200-109828600,ENSG00000085433.11$WDR47$chr1$109584850$-,0.46
chr2:224711000-224713000,ENSG00000085449.10$WDFY1$chr2$224810104$-,0.35
chr1:111972200-111973200,ENSG00000085465.11$OVGP1$chr1$111970399$-,0.51
chr1:108721200-108722200,ENSG00000085491.11$SLC25A24$chr1$108743471$-,0.67
chr1:108751200-108752800,ENSG00000085491.11$SLC25A24$chr1$108743471$-,0.46
chr6:161427600-161428800,ENSG00000085511.15$MAP3K4$chr6$161412759$+,0.65
chr6:161464200-161466200,ENSG00000085511.15$MAP3K4$chr6$161412759$+,0.5
chr7:100024200-100026000,ENSG00000085514.11$PILRA$chr7$99965153$+,0.52
chr7:100077000-100078600,ENSG00000085514.11$PILRA$chr7$99965153$+,0.38
chr7:100135600-100136800,ENSG00000085514.11$PILRA$chr7$99965153$+,0.38
chr7:99914200-99916200,ENSG00000085514.11$PILRA$chr7$99965153$+,0.42
chr1:159822200-159824400,ENSG00000085552.12$IGSF9$chr1$159915386$-,0.38
chr1:160002200-160003600,ENSG00000085552.12$IGSF9$chr1$159915386$-,0.36
chr7:87258200-87259000,ENSG00000085563.10$ABCB1$chr7$87342611$-,0.46
chr7:87481600-87483600,ENSG00000085563.10$ABCB1$chr7$87342611$-,0.42
chr16:3207000-3207800,ENSG00000085644.9$ZNF213$chr16$3179778$+,0.62
chr16:3285600-3287200,ENSG00000085644.9$ZNF213$chr16$3179778$+,0.44
chr7:134002000-134003000,ENSG00000085662.9$AKR1B1$chr7$134144036$-,0.53
chr8:87484000-87485600,ENSG00000085719.7$CPNE3$chr8$87497059$+,0.44
chr8:87493000-87494600,ENSG00000085719.7$CPNE3$chr8$87497059$+,0.53
chr8:87518600-87520000,ENSG00000085719.7$CPNE3$chr8$87497059$+,0.36
chr16:14997200-14997800,ENSG00000085721.8$RRN3$chr16$15188174$-,0.41
chr16:15089000-15089800,ENSG00000085721.8$RRN3$chr16$15188174$-,0.56
chr2:55517800-55520200,ENSG00000085760.10$MTIF2$chr2$55496483$-,0.71
chr8:37886600-37887600,ENSG00000085788.9$DDHD2$chr8$38082736$+,0.38
chr8:38086400-38088400,ENSG00000085788.9$DDHD2$chr8$38082736$+,0.67
chr8:38090000-38092000,ENSG00000085788.9$DDHD2$chr8$38082736$+,0.49
chr1:51895400-51897800,ENSG00000085832.12$EPS15$chr1$51985000$-,0.48
chr1:51962800-51963400,ENSG00000085832.12$EPS15$chr1$51985000$-,0.68
chr1:51999000-52001400,ENSG00000085832.12$EPS15$chr1$51985000$-,0.71
chr1:52080800-52082800,ENSG00000085832.12$EPS15$chr1$51985000$-,0.44
chr1:52871000-52873400,ENSG00000085840.8$ORC1$chr1$52870131$-,0.4
chr1:52887400-52887600,ENSG00000085840.8$ORC1$chr1$52870131$-,0.68
chr1:52995000-52996200,ENSG00000085840.8$ORC1$chr1$52870131$-,0.37
chr1:53010400-53011200,ENSG00000085840.8$ORC1$chr1$52870131$-,0.37
chr19:16455800-16457000,ENSG00000085872.10$CHERP$chr19$16653341$-,0.42
chr19:16539400-16541800,ENSG00000085872.10$CHERP$chr19$16653341$-,0.42
chr19:16607600-16610000,ENSG00000085872.10$CHERP$chr19$16653341$-,0.65
chr1:46664000-46666200,ENSG00000085999.7$RAD54L$chr1$46713360$+,0.57
chr1:46803800-46805800,ENSG00000085999.7$RAD54L$chr1$46713360$+,0.38
chr1:46201200-46201400,ENSG00000086015.16$MAST2$chr1$46252659$+,0.5
chr1:46203200-46205200,ENSG00000086015.16$MAST2$chr1$46252659$+,0.48
chr1:46206600-46207200,ENSG00000086015.16$MAST2$chr1$46252659$+,0.52
chr9:32999000-33001000,ENSG00000086061.11$DNAJA1$chr9$33025209$+,0.48
chr9:33002000-33003400,ENSG00000086061.11$DNAJA1$chr9$33025209$+,0.61
chr9:33021600-33021800,ENSG00000086061.11$DNAJA1$chr9$33025209$+,0.6
chr9:33077000-33078200,ENSG00000086061.11$DNAJA1$chr9$33025209$+,0.4
chr9:33084000-33085000,ENSG00000086061.11$DNAJA1$chr9$33025209$+,0.44
chr9:33167400-33169600,ENSG00000086061.11$DNAJA1$chr9$33025209$+,0.46
chr9:33021600-33021800,ENSG00000086062.8$B4GALT1$chr9$33167354$-,0.37
chr9:33077000-33078200,ENSG00000086062.8$B4GALT1$chr9$33167354$-,0.5
chr9:33084000-33085000,ENSG00000086062.8$B4GALT1$chr9$33167354$-,0.48
chr9:33022200-33024400,ENSG00000086065.9$CHMP5$chr9$33264940$+,0.38
chr9:33077000-33078200,ENSG00000086065.9$CHMP5$chr9$33264940$+,0.38
chr9:33084000-33085000,ENSG00000086065.9$CHMP5$chr9$33264940$+,0.37
chr9:33167400-33169600,ENSG00000086065.9$CHMP5$chr9$33264940$+,0.54
chr9:33419600-33421000,ENSG00000086065.9$CHMP5$chr9$33264940$+,0.36
chr9:33470800-33473200,ENSG00000086065.9$CHMP5$chr9$33264940$+,0.35
chr9:33474400-33475600,ENSG00000086065.9$CHMP5$chr9$33264940$+,0.37
chr9:33470800-33473200,ENSG00000086102.14$NFX1$chr9$33290509$+,0.35
chr9:33474400-33475600,ENSG00000086102.14$NFX1$chr9$33290509$+,0.38
chr12:50222200-50223800,ENSG00000086159.8$AQP6$chr12$50360977$+,0.48
chr12:50233800-50236200,ENSG00000086159.8$AQP6$chr12$50360977$+,0.45
chr12:50237000-50239000,ENSG00000086159.8$AQP6$chr12$50360977$+,0.39
chr12:50240600-50241400,ENSG00000086159.8$AQP6$chr12$50360977$+,0.35
chr12:50407000-50408600,ENSG00000086159.8$AQP6$chr12$50360977$+,0.55
chr5:61589600-61589800,ENSG00000086189.5$DIMT1$chr5$61699766$-,0.51
chr5:61594800-61597000,ENSG00000086189.5$DIMT1$chr5$61699766$-,0.54
chr5:61599400-61601800,ENSG00000086189.5$DIMT1$chr5$61699766$-,0.56
chr5:61687600-61689800,ENSG00000086189.5$DIMT1$chr5$61699766$-,0.47
chr5:61707600-61708400,ENSG00000086189.5$DIMT1$chr5$61699766$-,0.68
chr5:61589600-61589800,ENSG00000086200.12$IPO11$chr5$61699799$+,0.43
chr5:61594800-61597000,ENSG00000086200.12$IPO11$chr5$61699799$+,0.49
chr5:61599400-61601800,ENSG00000086200.12$IPO11$chr5$61699799$+,0.55
chr5:61687600-61689800,ENSG00000086200.12$IPO11$chr5$61699799$+,0.5
chr5:61707600-61708400,ENSG00000086200.12$IPO11$chr5$61699799$+,0.73
chr7:5866800-5868000,ENSG00000086232.8$EIF2AK1$chr7$6098861$-,0.41
chr7:5870000-5871600,ENSG00000086232.8$EIF2AK1$chr7$6098861$-,0.4
chr7:5936800-5938400,ENSG00000086232.8$EIF2AK1$chr7$6098861$-,0.39
chr7:6046400-6048200,ENSG00000086232.8$EIF2AK1$chr7$6098861$-,0.48
chr7:6070800-6073200,ENSG00000086232.8$EIF2AK1$chr7$6098861$-,0.66
chr7:6142200-6144200,ENSG00000086232.8$EIF2AK1$chr7$6098861$-,0.59
chr7:6150400-6151200,ENSG00000086232.8$EIF2AK1$chr7$6098861$-,0.47
chr7:26118000-26120000,ENSG00000086300.11$SNX10$chr7$26331541$+,0.41
chr7:26230200-26230800,ENSG00000086300.11$SNX10$chr7$26331541$+,0.42
chr7:26435800-26438000,ENSG00000086300.11$SNX10$chr7$26331541$+,0.43
chr10:13140000-13141600,ENSG00000086475.10$SEPHS1$chr10$13390297$-,0.42
chr10:13329400-13330800,ENSG00000086475.10$SEPHS1$chr10$13390297$-,0.37
chr10:13341600-13344000,ENSG00000086475.10$SEPHS1$chr10$13390297$-,0.42
chr10:13344400-13345400,ENSG00000086475.10$SEPHS1$chr10$13390297$-,0.55
chr16:204200-205400,ENSG00000086506.2$HBQ1$chr16$230452$+,0.64
chr16:283400-284400,ENSG00000086506.2$HBQ1$chr16$230452$+,0.44
chr16:285600-286800,ENSG00000086506.2$HBQ1$chr16$230452$+,0.42
chr19:41253600-41256000,ENSG00000086544.2$ITPKC$chr19$41223008$+,0.68
chr19:41276000-41277400,ENSG00000086544.2$ITPKC$chr19$41223008$+,0.56
chr19:41302000-41304400,ENSG00000086544.2$ITPKC$chr19$41223008$+,0.42
chr5:150077800-150079800,ENSG00000086589.7$RBM22$chr5$150080669$-,0.35
chr5:150113200-150115600,ENSG00000086589.7$RBM22$chr5$150080669$-,0.6
chr12:123921400-123922800,ENSG00000086598.6$TMED2$chr12$124069078$+,0.4
chr12:124084200-124086000,ENSG00000086598.6$TMED2$chr12$124069078$+,0.72
chr12:124116400-124117800,ENSG00000086598.6$TMED2$chr12$124069078$+,0.51
chr12:124118800-124120800,ENSG00000086598.6$TMED2$chr12$124069078$+,0.53
chr12:124155000-124155800,ENSG00000086598.6$TMED2$chr12$124069078$+,0.52
chr12:124156200-124158600,ENSG00000086598.6$TMED2$chr12$124069078$+,0.49
chr12:124195400-124196600,ENSG00000086598.6$TMED2$chr12$124069078$+,0.45
chr1:236303400-236305800,ENSG00000086619.9$ERO1LB$chr1$236445319$-,0.41
chr1:236556200-236558600,ENSG00000086619.9$ERO1LB$chr1$236445319$-,0.43
chr1:236588000-236589800,ENSG00000086619.9$ERO1LB$chr1$236445319$-,0.38
chr15:80145000-80146800,ENSG00000086666.14$ZFAND6$chr15$80351910$+,0.38
chr15:80149800-80151000,ENSG00000086666.14$ZFAND6$chr15$80351910$+,0.4
chr15:80212600-80215000,ENSG00000086666.14$ZFAND6$chr15$80351910$+,0.41
chr15:80378800-80380400,ENSG00000086666.14$ZFAND6$chr15$80351910$+,0.56
chrX:16728400-16730600,ENSG00000086712.8$TXLNG$chrX$16804550$+,0.57
chrX:16736400-16737200,ENSG00000086712.8$TXLNG$chrX$16804550$+,0.47
chrX:16899800-16901200,ENSG00000086712.8$TXLNG$chrX$16804550$+,0.52
chrX:16906400-16907800,ENSG00000086712.8$TXLNG$chrX$16804550$+,0.38
chrX:16910600-16911600,ENSG00000086712.8$TXLNG$chrX$16804550$+,0.56
chrX:53680400-53680600,ENSG00000086758.11$HUWE1$chrX$53713673$-,0.46
chrX:53681000-53683200,ENSG00000086758.11$HUWE1$chrX$53713673$-,0.5
chrX:53685600-53687800,ENSG00000086758.11$HUWE1$chrX$53713673$-,0.53
chrX:53688800-53690200,ENSG00000086758.11$HUWE1$chrX$53713673$-,0.51
chrX:53823800-53825400,ENSG00000086758.11$HUWE1$chrX$53713673$-,0.43
chr11:113746800-113749000,ENSG00000086827.4$ZW10$chr11$113644533$-,0.42
chr11:111637600-111639000,ENSG00000086848.10$ALG9$chr11$111742305$-,0.55
chr11:111893200-111895400,ENSG00000086848.10$ALG9$chr11$111742305$-,0.41
chr11:111896800-111898000,ENSG00000086848.10$ALG9$chr11$111742305$-,0.37
chr11:111943600-111944600,ENSG00000086848.10$ALG9$chr11$111742305$-,0.36
chr4:8415400-8417000,ENSG00000087008.11$ACOX3$chr4$8442450$-,0.5
chr4:8427400-8429600,ENSG00000087008.11$ACOX3$chr4$8442450$-,0.65
chr4:8430400-8431800,ENSG00000087008.11$ACOX3$chr4$8442450$-,0.56
chr19:49215400-49217000,ENSG00000087074.7$PPP1R15A$chr19$49375649$+,0.39
chr19:49224200-49226200,ENSG00000087074.7$PPP1R15A$chr19$49375649$+,0.43
chr19:49262400-49264800,ENSG00000087074.7$PPP1R15A$chr19$49375649$+,0.47
chr19:49318000-49320400,ENSG00000087074.7$PPP1R15A$chr19$49375649$+,0.57
chr19:49402400-49403400,ENSG00000087074.7$PPP1R15A$chr19$49375649$+,0.7
chr19:49404400-49406600,ENSG00000087074.7$PPP1R15A$chr19$49375649$+,0.63
chr19:49318000-49320400,ENSG00000087076.4$HSD17B14$chr19$49339935$-,0.5
chr19:49402400-49403400,ENSG00000087076.4$HSD17B14$chr19$49339935$-,0.37
chr7:100448800-100450000,ENSG00000087085.9$ACHE$chr7$100494594$-,0.52
chr19:49402400-49403400,ENSG00000087086.9$FTL$chr19$49468558$+,0.43
chr19:49404400-49406600,ENSG00000087086.9$FTL$chr19$49468558$+,0.48
chr7:100301800-100303200,ENSG00000087087.14$SRRT$chr7$100472733$+,0.56
chr7:100448800-100450000,ENSG00000087087.14$SRRT$chr7$100472733$+,0.66
chr19:49402400-49403400,ENSG00000087088.15$BAX$chr19$49458072$+,0.54
chr19:49404400-49406600,ENSG00000087088.15$BAX$chr19$49458072$+,0.54
chr17:26331000-26332000,ENSG00000087095.8$NLK$chr17$26368763$+,0.68
chr17:26414400-26415400,ENSG00000087095.8$NLK$chr17$26368763$+,0.78
chr17:26682000-26684000,ENSG00000087111.16$PIGS$chr17$26898890$-,0.37
chr17:26685000-26686600,ENSG00000087111.16$PIGS$chr17$26898890$-,0.38
chr17:26892000-26893000,ENSG00000087111.16$PIGS$chr17$26898890$-,0.62
chr17:26924400-26926200,ENSG00000087111.16$PIGS$chr17$26898890$-,0.57
chr17:26926800-26928200,ENSG00000087111.16$PIGS$chr17$26898890$-,0.49
chr17:26985800-26988200,ENSG00000087111.16$PIGS$chr17$26898890$-,0.45
chr17:27056000-27058000,ENSG00000087111.16$PIGS$chr17$26898890$-,0.35
chr4:69299400-69299800,ENSG00000087128.5$TMPRSS11E$chr4$69313167$+,0.42
chr4:69304600-69307000,ENSG00000087128.5$TMPRSS11E$chr4$69313167$+,0.51
chr17:42201600-42202400,ENSG00000087152.11$ATXN7L3$chr17$42277481$-,0.47
chr17:42265000-42267000,ENSG00000087152.11$ATXN7L3$chr17$42277481$-,0.67
chr17:42274000-42276400,ENSG00000087152.11$ATXN7L3$chr17$42277481$-,0.42
chr17:76296200-76298600,ENSG00000087157.14$PGS1$chr17$76374721$+,0.49
chr17:61816600-61818400,ENSG00000087191.8$PSMC5$chr17$61904512$+,0.43
chr17:61844400-61846800,ENSG00000087191.8$PSMC5$chr17$61904512$+,0.54
chr17:62105800-62107000,ENSG00000087191.8$PSMC5$chr17$61904512$+,0.43
chr5:176434200-176434600,ENSG00000087206.12$UIMC1$chr5$176449634$-,0.71
chr5:176580200-176582000,ENSG00000087206.12$UIMC1$chr5$176449634$-,0.39
chr16:56554200-56555000,ENSG00000087250.4$MT3$chr16$56622986$+,0.4
chr16:56634200-56636200,ENSG00000087250.4$MT3$chr16$56622986$+,0.47
chr16:56554200-56555000,ENSG00000087263.12$OGFOD1$chr16$56485402$+,0.61
chr16:56634200-56636200,ENSG00000087263.12$OGFOD1$chr16$56485402$+,0.36
chr4:2843000-2844800,ENSG00000087269.11$NOP14$chr4$2965112$-,0.42
chr4:3193200-3195000,ENSG00000087269.11$NOP14$chr4$2965112$-,0.41
chr4:2725000-2726800,ENSG00000087274.12$ADD1$chr4$2845584$+,0.48
chr4:2765000-2766800,ENSG00000087274.12$ADD1$chr4$2845584$+,0.47
chr14:50583400-50585600,ENSG00000087299.7$L2HGDH$chr14$50779266$-,0.38
chr14:50699000-50701200,ENSG00000087299.7$L2HGDH$chr14$50779266$-,0.65
chr14:52848800-52849800,ENSG00000087301.4$TXNDC16$chr14$53019240$-,0.4
chr14:52871400-52873600,ENSG00000087301.4$TXNDC16$chr14$53019240$-,0.4
chr14:52932400-52933200,ENSG00000087301.4$TXNDC16$chr14$53019240$-,0.51
chr14:52934000-52934800,ENSG00000087301.4$TXNDC16$chr14$53019240$-,0.55
chr14:52939600-52940800,ENSG00000087301.4$TXNDC16$chr14$53019240$-,0.54
chr14:53020600-53022800,ENSG00000087301.4$TXNDC16$chr14$53019240$-,0.44
chr14:53172400-53173600,ENSG00000087301.4$TXNDC16$chr14$53019240$-,0.38
chr14:52408000-52408800,ENSG00000087302.4$C14orf166$chr14$52456193$+,0.54
chr14:52427000-52427200,ENSG00000087302.4$C14orf166$chr14$52456193$+,0.67
chr14:52462000-52464000,ENSG00000087302.4$C14orf166$chr14$52456193$+,0.65
chr2:69906600-69908400,ENSG00000087338.4$GMCL1$chr2$70056774$+,0.35
chr2:69966600-69968600,ENSG00000087338.4$GMCL1$chr2$70056774$+,0.52
chr20:58145600-58147800,ENSG00000087495.12$PHACTR3$chr20$58152564$+,0.41
chr12:29530800-29533200,ENSG00000087502.13$ERGIC2$chr12$29534122$-,0.37
chr20:54933000-54934200,ENSG00000087586.13$AURKA$chr20$54967393$-,0.67
chr20:54974000-54976400,ENSG00000087586.13$AURKA$chr20$54967393$-,0.49
chr20:55037600-55040000,ENSG00000087586.13$AURKA$chr20$54967393$-,0.43
chr20:54933000-54934200,ENSG00000087589.12$CASS4$chr20$54987168$+,0.49
chr20:54974000-54976400,ENSG00000087589.12$CASS4$chr20$54987168$+,0.39
chr20:55037600-55040000,ENSG00000087589.12$CASS4$chr20$54987168$+,0.52
chr20:55096800-55099200,ENSG00000087589.12$CASS4$chr20$54987168$+,0.35
chr11:77435800-77436400,ENSG00000087884.10$AAMDC$chr11$77532155$+,0.52
chr11:77477200-77479200,ENSG00000087884.10$AAMDC$chr11$77532155$+,0.68
chr11:77479400-77480000,ENSG00000087884.10$AAMDC$chr11$77532155$+,0.74
chr11:77501600-77502600,ENSG00000087884.10$AAMDC$chr11$77532155$+,0.73
chr11:77507600-77508600,ENSG00000087884.10$AAMDC$chr11$77532155$+,0.81
chr11:77706200-77707200,ENSG00000087884.10$AAMDC$chr11$77532155$+,0.41
chr19:6111200-6112600,ENSG00000087903.8$RFX2$chr19$6199583$-,0.44
chr19:6279600-6281000,ENSG00000087903.8$RFX2$chr19$6199583$-,0.47
chr19:6360800-6361400,ENSG00000087903.8$RFX2$chr19$6199583$-,0.37
chr17:60554000-60555400,ENSG00000087995.11$METTL2A$chr17$60501228$+,0.59
chr1:63840600-63842200,ENSG00000088035.11$ALG6$chr1$63833261$+,0.63
chr1:63843000-63843200,ENSG00000088035.11$ALG6$chr1$63833261$+,0.65
chr1:63851600-63852800,ENSG00000088035.11$ALG6$chr1$63833261$+,0.6
chr1:63985800-63988200,ENSG00000088035.11$ALG6$chr1$63833261$+,0.45
chr1:63989800-63991400,ENSG00000088035.11$ALG6$chr1$63833261$+,0.43
chr19:54616600-54618400,ENSG00000088038.13$CNOT3$chr19$54641444$+,0.51
chr19:54619600-54621200,ENSG00000088038.13$CNOT3$chr19$54641444$+,0.64
chr19:54670200-54672600,ENSG00000088038.13$CNOT3$chr19$54641444$+,0.58
chr19:54695800-54698000,ENSG00000088038.13$CNOT3$chr19$54641444$+,0.46
chr19:54703000-54704400,ENSG00000088038.13$CNOT3$chr19$54641444$+,0.56
chr2:120435000-120436600,ENSG00000088179.4$PTPN4$chr2$120517207$+,0.54
chr2:120462600-120463000,ENSG00000088179.4$PTPN4$chr2$120517207$+,0.48
chr2:120540000-120542000,ENSG00000088179.4$PTPN4$chr2$120517207$+,0.58
chr2:120559600-120561800,ENSG00000088179.4$PTPN4$chr2$120517207$+,0.66
chr2:120564400-120564600,ENSG00000088179.4$PTPN4$chr2$120517207$+,0.54
chr2:120565000-120565200,ENSG00000088179.4$PTPN4$chr2$120517207$+,0.58
chr2:120598600-120600600,ENSG00000088179.4$PTPN4$chr2$120517207$+,0.48
chr2:120613600-120616000,ENSG00000088179.4$PTPN4$chr2$120517207$+,0.43
chr2:120636800-120639200,ENSG00000088179.4$PTPN4$chr2$120517207$+,0.36
chr2:120687600-120689200,ENSG00000088179.4$PTPN4$chr2$120517207$+,0.35
chr2:118593000-118595400,ENSG00000088205.8$DDX18$chr2$118572226$+,0.6
chr19:6279600-6281000,ENSG00000088247.11$KHSRP$chr19$6424805$-,0.51
chr19:6360800-6361400,ENSG00000088247.11$KHSRP$chr19$6424805$-,0.52
chr19:6390600-6392600,ENSG00000088247.11$KHSRP$chr19$6424805$-,0.69
chr19:6429400-6430200,ENSG00000088247.11$KHSRP$chr19$6424805$-,0.61
chr19:6457400-6459800,ENSG00000088247.11$KHSRP$chr19$6424805$-,0.68
chr19:6489200-6490400,ENSG00000088247.11$KHSRP$chr19$6424805$-,0.43
chr19:3075000-3077000,ENSG00000088256.4$GNA11$chr19$3094408$+,0.45
chr1:24067800-24069400,ENSG00000088280.14$ASAP3$chr1$23811061$-,0.4
chr20:30311800-30312600,ENSG00000088325.11$TPX2$chr20$30327074$+,0.39
chr20:30357400-30359600,ENSG00000088325.11$TPX2$chr20$30327074$+,0.38
chr20:30468200-30470200,ENSG00000088356.4$PDRG1$chr20$30539895$-,0.51
chr13:99685000-99687200,ENSG00000088387.13$DOCK9$chr13$99738879$-,0.67
chr13:95252000-95254000,ENSG00000088451.6$TGDS$chr13$95248511$-,0.69
chr13:95254800-95257200,ENSG00000088451.6$TGDS$chr13$95248511$-,0.73
chr13:95267600-95268800,ENSG00000088451.6$TGDS$chr13$95248511$-,0.77
chr16:57277800-57278600,ENSG00000088682.9$COQ9$chr16$57481337$+,0.37
chr16:57379000-57380000,ENSG00000088682.9$COQ9$chr16$57481337$+,0.52
chr16:57495800-57496600,ENSG00000088682.9$COQ9$chr16$57481337$+,0.7
chr3:47185400-47186000,ENSG00000088727.8$KIF9$chr3$47324941$-,0.39
chr3:47206800-47208600,ENSG00000088727.8$KIF9$chr3$47324941$-,0.5
chr3:47321800-47323600,ENSG00000088727.8$KIF9$chr3$47324941$-,0.39
chr3:47402800-47405200,ENSG00000088727.8$KIF9$chr3$47324941$-,0.56
chr3:47423400-47425800,ENSG00000088727.8$KIF9$chr3$47324941$-,0.42
chr20:5862000-5864000,ENSG00000088766.7$CRLS1$chr20$5986736$+,0.44
chr20:3399800-3401800,ENSG00000088812.13$ATRN$chr20$3451687$+,0.62
chr20:1293000-1295000,ENSG00000088832.10$FKBP1A$chr20$1373806$-,0.55
chr20:1333800-1334000,ENSG00000088832.10$FKBP1A$chr20$1373806$-,0.62
chr20:1338200-1340000,ENSG00000088832.10$FKBP1A$chr20$1373806$-,0.52
chr20:1620400-1622200,ENSG00000088832.10$FKBP1A$chr20$1373806$-,0.4
chr20:3198800-3199800,ENSG00000088836.8$SLC4A11$chr20$3219836$-,0.35
chr20:3399800-3401800,ENSG00000088854.11$C20orf194$chr20$3388272$-,0.61
chr20:3450400-3451200,ENSG00000088854.11$C20orf194$chr20$3388272$-,0.56
chr20:2488000-2489000,ENSG00000088876.7$ZNF343$chr20$2505348$-,0.51
chr20:2501600-2503000,ENSG00000088876.7$ZNF343$chr20$2505348$-,0.53
chr20:2630400-2632400,ENSG00000088881.16$EBF4$chr20$2673524$+,0.43
chr20:2642200-2644200,ENSG00000088881.16$EBF4$chr20$2673524$+,0.45
chr20:2667800-2670200,ENSG00000088881.16$EBF4$chr20$2673524$+,0.67
chr20:2806200-2808000,ENSG00000088882.7$CPXM1$chr20$2781283$-,0.6
chr20:2822200-2823600,ENSG00000088882.7$CPXM1$chr20$2781283$-,0.45
chr20:3749400-3751200,ENSG00000088888.13$MAVS$chr20$3827487$+,0.43
chr20:3775000-3776400,ENSG00000088888.13$MAVS$chr20$3827487$+,0.53
chr20:3867600-3869400,ENSG00000088888.13$MAVS$chr20$3827487$+,0.51
chr20:3948800-3950400,ENSG00000088888.13$MAVS$chr20$3827487$+,0.37
chr20:3950600-3953000,ENSG00000088888.13$MAVS$chr20$3827487$+,0.37
chr20:3182800-3184200,ENSG00000088899.10$LZTS3$chr20$3154192$-,0.62
chr20:3185200-3186000,ENSG00000088899.10$LZTS3$chr20$3154192$-,0.73
chr20:3188600-3189600,ENSG00000088899.10$LZTS3$chr20$3154192$-,0.64
chr20:3191000-3192800,ENSG00000088899.10$LZTS3$chr20$3154192$-,0.7
chr20:3198800-3199800,ENSG00000088899.10$LZTS3$chr20$3154192$-,0.68
chr20:21105000-21106400,ENSG00000088930.6$XRN2$chr20$21283942$+,0.37
chr20:21146400-21148400,ENSG00000088930.6$XRN2$chr20$21283942$+,0.55
chr20:21394200-21395800,ENSG00000088930.6$XRN2$chr20$21283942$+,0.51
chr12:120730600-120732600,ENSG00000088986.6$DYNLL1$chr12$120907653$+,0.42
chr12:120740600-120742600,ENSG00000088986.6$DYNLL1$chr12$120907653$+,0.46
chr12:120753200-120755000,ENSG00000088986.6$DYNLL1$chr12$120907653$+,0.46
chr12:120874800-120875400,ENSG00000088986.6$DYNLL1$chr12$120907653$+,0.47
chr12:120876400-120878800,ENSG00000088986.6$DYNLL1$chr12$120907653$+,0.45
chr12:120881600-120883600,ENSG00000088986.6$DYNLL1$chr12$120907653$+,0.55
chr12:120932200-120933600,ENSG00000088986.6$DYNLL1$chr12$120907653$+,0.69
chr12:120970400-120972000,ENSG00000088986.6$DYNLL1$chr12$120907653$+,0.5
chr12:117543200-117544600,ENSG00000088992.13$TESC$chr12$117537284$-,0.66
chr20:17972400-17974600,ENSG00000089006.12$SNX5$chr20$17949623$-,0.57
chr20:1620400-1622200,ENSG00000089012.10$SIRPG$chr20$1638425$-,0.56
chr20:1660200-1660400,ENSG00000089012.10$SIRPG$chr20$1638425$-,0.53
chr20:1660800-1662600,ENSG00000089012.10$SIRPG$chr20$1638425$-,0.51
chr20:1670400-1671600,ENSG00000089012.10$SIRPG$chr20$1638425$-,0.51
chr12:112120800-112123000,ENSG00000089022.9$MAPKAPK5$chr12$112279782$+,0.39
chr12:112124400-112126400,ENSG00000089022.9$MAPKAPK5$chr12$112279782$+,0.43
chr12:112250200-112251600,ENSG00000089022.9$MAPKAPK5$chr12$112279782$+,0.69
chr12:112272200-112274400,ENSG00000089022.9$MAPKAPK5$chr12$112279782$+,0.52
chr12:112294000-112296000,ENSG00000089022.9$MAPKAPK5$chr12$112279782$+,0.62
chr12:112297800-112299000,ENSG00000089022.9$MAPKAPK5$chr12$112279782$+,0.56
chr12:112399200-112399400,ENSG00000089022.9$MAPKAPK5$chr12$112279782$+,0.4
chr12:112404400-112406600,ENSG00000089022.9$MAPKAPK5$chr12$112279782$+,0.42
chr12:112419800-112421200,ENSG00000089022.9$MAPKAPK5$chr12$112279782$+,0.39
chr12:112463400-112465400,ENSG00000089022.9$MAPKAPK5$chr12$112279782$+,0.47
chr12:121557800-121560000,ENSG00000089041.12$P2RX7$chr12$121570622$+,0.64
chr12:121735200-121736200,ENSG00000089041.12$P2RX7$chr12$121570622$+,0.35
chr12:121771400-121772800,ENSG00000089041.12$P2RX7$chr12$121570622$+,0.35
chr20:18445800-18447200,ENSG00000089050.10$RBBP9$chr20$18477887$-,0.63
chr20:18486000-18487800,ENSG00000089050.10$RBBP9$chr20$18477887$-,0.58
chr20:18546600-18547400,ENSG00000089050.10$RBBP9$chr20$18477887$-,0.42
chr20:18548800-18549800,ENSG00000089050.10$RBBP9$chr20$18477887$-,0.49
chr20:18567400-18568400,ENSG00000089050.10$RBBP9$chr20$18477887$-,0.46
chr12:121735200-121736200,ENSG00000089053.8$ANAPC5$chr12$121837699$-,0.49
chr12:121751200-121753600,ENSG00000089053.8$ANAPC5$chr12$121837699$-,0.53
chr12:121771400-121772800,ENSG00000089053.8$ANAPC5$chr12$121837699$-,0.55
chr12:121790800-121791800,ENSG00000089053.8$ANAPC5$chr12$121837699$-,0.49
chr12:121828200-121830600,ENSG00000089053.8$ANAPC5$chr12$121837699$-,0.55
chr12:121933200-121935200,ENSG00000089053.8$ANAPC5$chr12$121837699$-,0.44
chr12:121975600-121978000,ENSG00000089053.8$ANAPC5$chr12$121837699$-,0.37
chr12:121989200-121991400,ENSG00000089053.8$ANAPC5$chr12$121837699$-,0.44
chr20:4982400-4983600,ENSG00000089057.10$SLC23A2$chr20$4990939$-,0.35
chr12:113540600-113542800,ENSG00000089060.7$SLC8B1$chr12$113797298$-,0.36
chr12:113547200-113548800,ENSG00000089060.7$SLC8B1$chr12$113797298$-,0.35
chr12:113624000-113626400,ENSG00000089060.7$SLC8B1$chr12$113797298$-,0.39
chr12:113657800-113658600,ENSG00000089060.7$SLC8B1$chr12$113797298$-,0.44
chr20:4982400-4983600,ENSG00000089063.10$TMEM230$chr20$5093749$-,0.46
chr20:5080800-5082800,ENSG00000089063.10$TMEM230$chr20$5093749$-,0.6
chr20:5105400-5107000,ENSG00000089063.10$TMEM230$chr20$5093749$-,0.68
chr20:5186000-5188000,ENSG00000089063.10$TMEM230$chr20$5093749$-,0.37
chr20:18476200-18477400,ENSG00000089091.12$DZANK1$chr20$18447925$-,0.69
chr20:18478000-18480000,ENSG00000089091.12$DZANK1$chr20$18447925$-,0.57
chr20:18486000-18487800,ENSG00000089091.12$DZANK1$chr20$18447925$-,0.44
chr20:18546600-18547400,ENSG00000089091.12$DZANK1$chr20$18447925$-,0.42
chr20:18548800-18549800,ENSG00000089091.12$DZANK1$chr20$18447925$-,0.55
chr20:18567400-18568400,ENSG00000089091.12$DZANK1$chr20$18447925$-,0.37
chr12:121836200-121837200,ENSG00000089094.12$KDM2B$chr12$122018920$-,0.35
chr12:121933200-121935200,ENSG00000089094.12$KDM2B$chr12$122018920$-,0.45
chr12:121975600-121978000,ENSG00000089094.12$KDM2B$chr12$122018920$-,0.6
chr12:121989200-121991400,ENSG00000089094.12$KDM2B$chr12$122018920$-,0.62
chr12:113371800-113373000,ENSG00000089127.8$OAS1$chr12$113344582$+,0.66
chr12:113486400-113488400,ENSG00000089127.8$OAS1$chr12$113344582$+,0.41
chr12:113540600-113542800,ENSG00000089127.8$OAS1$chr12$113344582$+,0.41
chr12:113547200-113548800,ENSG00000089127.8$OAS1$chr12$113344582$+,0.37
chr12:120424600-120426800,ENSG00000089154.6$GCN1L1$chr12$120632513$-,0.38
chr12:120455600-120456400,ENSG00000089154.6$GCN1L1$chr12$120632513$-,0.36
chr12:120639600-120640800,ENSG00000089154.6$GCN1L1$chr12$120632513$-,0.63
chr12:120730600-120732600,ENSG00000089154.6$GCN1L1$chr12$120632513$-,0.43
chr12:120740600-120742600,ENSG00000089154.6$GCN1L1$chr12$120632513$-,0.42
chr12:120753200-120755000,ENSG00000089154.6$GCN1L1$chr12$120632513$-,0.42
chr12:120730600-120732600,ENSG00000089159.11$PXN$chr12$120703574$-,0.5
chr12:120740600-120742600,ENSG00000089159.11$PXN$chr12$120703574$-,0.44
chr12:120753200-120755000,ENSG00000089159.11$PXN$chr12$120703574$-,0.41
chr12:120881600-120883600,ENSG00000089159.11$PXN$chr12$120703574$-,0.41
chr12:120730600-120732600,ENSG00000089163.4$SIRT4$chr12$120740119$+,0.56
chr12:120753200-120755000,ENSG00000089163.4$SIRT4$chr12$120740119$+,0.56
chr12:120874800-120875400,ENSG00000089163.4$SIRT4$chr12$120740119$+,0.39
chr12:120876400-120878800,ENSG00000089163.4$SIRT4$chr12$120740119$+,0.39
chr20:5862000-5864000,ENSG00000089195.10$TRMT6$chr20$5931182$-,0.49
chr20:5984000-5986400,ENSG00000089195.10$TRMT6$chr20$5931182$-,0.6
chr20:5862000-5864000,ENSG00000089199.5$CHGB$chr20$5892076$+,0.38
chr12:118452800-118454400,ENSG00000089220.4$PEBP1$chr12$118573663$+,0.42
chr12:111983600-111985200,ENSG00000089234.11$BRAP$chr12$112123790$-,0.4
chr12:112037800-112039400,ENSG00000089234.11$BRAP$chr12$112123790$-,0.56
chr12:112124400-112126400,ENSG00000089234.11$BRAP$chr12$112123790$-,0.35
chr12:112250200-112251600,ENSG00000089234.11$BRAP$chr12$112123790$-,0.38
chr12:112272200-112274400,ENSG00000089234.11$BRAP$chr12$112123790$-,0.42
chr12:112250200-112251600,ENSG00000089248.6$ERP29$chr12$112451120$+,0.51
chr12:112272200-112274400,ENSG00000089248.6$ERP29$chr12$112451120$+,0.47
chr12:112294000-112296000,ENSG00000089248.6$ERP29$chr12$112451120$+,0.45
chr12:112297800-112299000,ENSG00000089248.6$ERP29$chr12$112451120$+,0.5
chr12:112387600-112389800,ENSG00000089248.6$ERP29$chr12$112451120$+,0.5
chr12:112399200-112399400,ENSG00000089248.6$ERP29$chr12$112451120$+,0.62
chr12:112404400-112406600,ENSG00000089248.6$ERP29$chr12$112451120$+,0.72
chr12:112419800-112421200,ENSG00000089248.6$ERP29$chr12$112451120$+,0.79
chr12:112463400-112465400,ENSG00000089248.6$ERP29$chr12$112451120$+,0.52
chr12:112595800-112597800,ENSG00000089248.6$ERP29$chr12$112451120$+,0.35
chr12:112608000-112609200,ENSG00000089248.6$ERP29$chr12$112451120$+,0.37
chr16:31082000-31084000,ENSG00000089280.14$FUS$chr16$31191431$+,0.54
chr16:31106400-31108000,ENSG00000089280.14$FUS$chr16$31191431$+,0.58
chr16:31296400-31298400,ENSG00000089280.14$FUS$chr16$31191431$+,0.37
chr16:31348600-31350400,ENSG00000089280.14$FUS$chr16$31191431$+,0.41
chrX:69236800-69237600,ENSG00000089289.11$IGBP1$chrX$69353299$+,0.44
chrX:69508800-69509600,ENSG00000089289.11$IGBP1$chrX$69353299$+,0.37
chr19:35475600-35477400,ENSG00000089327.10$FXYD5$chr19$35645633$+,0.46
chr19:35684400-35685800,ENSG00000089327.10$FXYD5$chr19$35645633$+,0.55
chr19:35727600-35728200,ENSG00000089327.10$FXYD5$chr19$35645633$+,0.38
chr19:35222000-35224400,ENSG00000089335.16$ZNF302$chr19$35168544$+,0.51
chr19:35262000-35263400,ENSG00000089335.16$ZNF302$chr19$35168544$+,0.54
chr19:35284200-35285400,ENSG00000089335.16$ZNF302$chr19$35168544$+,0.4
chr19:35475600-35477400,ENSG00000089351.10$GRAMD1A$chr19$35485688$+,0.46
chr16:4474200-4475200,ENSG00000089486.12$CDIP1$chr16$4588829$-,0.45
chr16:4476600-4478800,ENSG00000089486.12$CDIP1$chr16$4588829$-,0.44
chr16:4483800-4484200,ENSG00000089486.12$CDIP1$chr16$4588829$-,0.5
chr16:4524600-4527000,ENSG00000089486.12$CDIP1$chr16$4588829$-,0.52
chr16:4598000-4599400,ENSG00000089486.12$CDIP1$chr16$4588829$-,0.74
chr16:4672400-4674600,ENSG00000089486.12$CDIP1$chr16$4588829$-,0.46
chr16:4782000-4783600,ENSG00000089486.12$CDIP1$chr16$4588829$-,0.49
chr16:4785000-4786600,ENSG00000089486.12$CDIP1$chr16$4588829$-,0.4
chr16:4817600-4820000,ENSG00000089486.12$CDIP1$chr16$4588829$-,0.4
chr16:66584200-66586200,ENSG00000089505.13$CMTM1$chr16$66600294$+,0.68
chr16:66636400-66638000,ENSG00000089505.13$CMTM1$chr16$66600294$+,0.59
chr17:40085000-40086400,ENSG00000089558.4$KCNH4$chr17$40333296$-,0.35
chr17:40170000-40172400,ENSG00000089558.4$KCNH4$chr17$40333296$-,0.36
chr17:40300200-40302600,ENSG00000089558.4$KCNH4$chr17$40333296$-,0.59
chr17:40373600-40374800,ENSG00000089558.4$KCNH4$chr17$40333296$-,0.51
chr17:40382000-40383800,ENSG00000089558.4$KCNH4$chr17$40333296$-,0.45
chr17:40413800-40416200,ENSG00000089558.4$KCNH4$chr17$40333296$-,0.42
chr17:40429000-40431400,ENSG00000089558.4$KCNH4$chr17$40333296$-,0.41
chr17:40525800-40527800,ENSG00000089558.4$KCNH4$chr17$40333296$-,0.36
chr11:62359600-62362000,ENSG00000089597.12$GANAB$chr11$62414104$-,0.37
chr11:62386400-62388800,ENSG00000089597.12$GANAB$chr11$62414104$-,0.47
chr11:62418200-62420200,ENSG00000089597.12$GANAB$chr11$62414104$-,0.46
chr11:62429600-62432000,ENSG00000089597.12$GANAB$chr11$62414104$-,0.45
chr11:62443600-62446000,ENSG00000089597.12$GANAB$chr11$62414104$-,0.45
chr11:62446800-62449200,ENSG00000089597.12$GANAB$chr11$62414104$-,0.46
chr11:62461600-62463400,ENSG00000089597.12$GANAB$chr11$62414104$-,0.43
chr11:62486400-62488600,ENSG00000089597.12$GANAB$chr11$62414104$-,0.52
chr11:62522000-62524400,ENSG00000089597.12$GANAB$chr11$62414104$-,0.42
chr11:62527800-62529000,ENSG00000089597.12$GANAB$chr11$62414104$-,0.4
chr11:62536800-62538200,ENSG00000089597.12$GANAB$chr11$62414104$-,0.42
chr11:62553200-62554600,ENSG00000089597.12$GANAB$chr11$62414104$-,0.37
chr11:62596400-62598600,ENSG00000089597.12$GANAB$chr11$62414104$-,0.35
chr19:19624600-19626600,ENSG00000089639.6$GMIP$chr19$19754476$-,0.39
chr19:19680800-19682600,ENSG00000089639.6$GMIP$chr19$19754476$-,0.5
chr19:19692000-19693800,ENSG00000089639.6$GMIP$chr19$19754476$-,0.53
chr19:19715600-19715800,ENSG00000089639.6$GMIP$chr19$19754476$-,0.55
chr19:19720800-19722000,ENSG00000089639.6$GMIP$chr19$19754476$-,0.52
chr19:19745200-19746600,ENSG00000089639.6$GMIP$chr19$19754476$-,0.52
chrX:106353200-106353400,ENSG00000089682.12$RBM41$chrX$106362057$-,0.69
chrX:106359000-106361400,ENSG00000089682.12$RBM41$chrX$106362057$-,0.37
chr17:76296200-76298600,ENSG00000089685.10$BIRC5$chr17$76210267$+,0.49
chr12:6769800-6771800,ENSG00000089692.4$LAG3$chr12$6881678$+,0.42
chr12:6834000-6835400,ENSG00000089692.4$LAG3$chr12$6881678$+,0.64
chr12:6862800-6864400,ENSG00000089692.4$LAG3$chr12$6881678$+,0.77
chr12:6862800-6864400,ENSG00000089693.6$MLF2$chr12$6876641$-,0.52
chr14:94535400-94536800,ENSG00000089723.5$OTUB2$chr14$94492675$+,0.4
chr14:94602800-94603600,ENSG00000089723.5$OTUB2$chr14$94492675$+,0.5
chr14:94610600-94613000,ENSG00000089723.5$OTUB2$chr14$94492675$+,0.37
chr14:94535400-94536800,ENSG00000089737.11$DDX24$chr14$94547591$-,0.73
chr14:94602800-94603600,ENSG00000089737.11$DDX24$chr14$94547591$-,0.58
chr14:94610600-94613000,ENSG00000089737.11$DDX24$chr14$94547591$-,0.5
chr14:64916000-64917600,ENSG00000089775.7$ZBTB25$chr14$64971931$-,0.61
chr14:64995000-64997000,ENSG00000089775.7$ZBTB25$chr14$64971931$-,0.64
chr14:65005000-65006600,ENSG00000089775.7$ZBTB25$chr14$64971931$-,0.58
chr14:65125200-65127400,ENSG00000089775.7$ZBTB25$chr14$64971931$-,0.47
chr12:8177800-8178600,ENSG00000089818.12$NECAP1$chr12$8234807$+,0.45
chr12:8180000-8180800,ENSG00000089818.12$NECAP1$chr12$8234807$+,0.52
chr12:8183800-8185000,ENSG00000089818.12$NECAP1$chr12$8234807$+,0.49
chr12:8198600-8199400,ENSG00000089818.12$NECAP1$chr12$8234807$+,0.53
chrX:153318600-153319200,ENSG00000089820.11$ARHGAP4$chrX$153200452$-,0.36
chrX:153352400-153353800,ENSG00000089820.11$ARHGAP4$chrX$153200452$-,0.4
chr19:3971000-3971800,ENSG00000089847.8$ANKRD24$chr19$4183351$+,0.4
chr19:4124400-4125000,ENSG00000089847.8$ANKRD24$chr19$4183351$+,0.53
chr19:4179600-4182000,ENSG00000089847.8$ANKRD24$chr19$4183351$+,0.52
chr19:4245600-4247000,ENSG00000089847.8$ANKRD24$chr19$4183351$+,0.52
chr19:4247400-4249400,ENSG00000089847.8$ANKRD24$chr19$4183351$+,0.59
chr19:4400400-4402000,ENSG00000089847.8$ANKRD24$chr19$4183351$+,0.41
chr14:102988800-102991200,ENSG00000089902.8$RCOR1$chr14$103058998$+,0.46
chr14:103064400-103066600,ENSG00000089902.8$RCOR1$chr14$103058998$+,0.57
chr14:103099200-103101000,ENSG00000089902.8$RCOR1$chr14$103058998$+,0.51
chr19:40820200-40822400,ENSG00000090013.5$BLVRB$chr19$40971747$-,0.39
chr19:40852600-40853800,ENSG00000090013.5$BLVRB$chr19$40971747$-,0.49
chr19:40903600-40905800,ENSG00000090013.5$BLVRB$chr19$40971747$-,0.51
chr19:40951000-40953200,ENSG00000090013.5$BLVRB$chr19$40971747$-,0.65
chr19:40974400-40975400,ENSG00000090013.5$BLVRB$chr19$40971747$-,0.57
chr19:41018000-41020000,ENSG00000090013.5$BLVRB$chr19$40971747$-,0.59
chr19:41054200-41056200,ENSG00000090013.5$BLVRB$chr19$40971747$-,0.5
chr1:27523400-27525000,ENSG00000090020.6$SLC9A1$chr1$27493472$-,0.52
chr9:94859200-94859600,ENSG00000090054.9$SPTLC1$chr9$94877666$-,0.56
chr14:96856600-96857400,ENSG00000090060.13$PAPOLA$chr14$96967770$+,0.47
chr14:97058400-97060400,ENSG00000090060.13$PAPOLA$chr14$96967770$+,0.48
chr14:99746400-99748000,ENSG00000090061.13$CCNK$chr14$99947506$+,0.41
chr14:99906800-99909000,ENSG00000090061.13$CCNK$chr14$99947506$+,0.57
chr3:52030200-52030600,ENSG00000090097.16$PCBP4$chr3$52002426$-,0.38
chr16:30031600-30033600,ENSG00000090238.7$YPEL3$chr16$30108236$-,0.43
chr16:30085200-30087000,ENSG00000090238.7$YPEL3$chr16$30108236$-,0.54
chr16:30174600-30175200,ENSG00000090238.7$YPEL3$chr16$30108236$-,0.51
chr16:30192200-30194600,ENSG00000090238.7$YPEL3$chr16$30108236$-,0.48
chr16:30343800-30345800,ENSG00000090238.7$YPEL3$chr16$30108236$-,0.35
chr7:140395000-140396400,ENSG00000090266.8$NDUFB2$chr7$140390577$+,0.47
chr7:140397600-140400000,ENSG00000090266.8$NDUFB2$chr7$140390577$+,0.35
chr1:27146600-27149000,ENSG00000090273.9$NUDC$chr1$27226729$+,0.44
chr1:27192200-27193000,ENSG00000090273.9$NUDC$chr1$27226729$+,0.66
chr1:27217200-27217800,ENSG00000090273.9$NUDC$chr1$27226729$+,0.55
chr1:27248800-27251200,ENSG00000090273.9$NUDC$chr1$27226729$+,0.55
chr1:27371000-27373200,ENSG00000090273.9$NUDC$chr1$27226729$+,0.44
chr4:1260400-1262600,ENSG00000090316.11$MAEA$chr4$1283639$+,0.62
chr4:1338200-1339800,ENSG00000090316.11$MAEA$chr4$1283639$+,0.49
chr19:10178000-10180200,ENSG00000090339.4$ICAM1$chr19$10381511$+,0.39
chr19:10306000-10306800,ENSG00000090339.4$ICAM1$chr19$10381511$+,0.58
chr19:10341400-10343600,ENSG00000090339.4$ICAM1$chr19$10381511$+,0.43
chr19:10360600-10362400,ENSG00000090339.4$ICAM1$chr19$10381511$+,0.61
chr19:10424800-10426200,ENSG00000090339.4$ICAM1$chr19$10381511$+,0.57
chr19:10426600-10428000,ENSG00000090339.4$ICAM1$chr19$10381511$+,0.47
chr19:10488800-10490600,ENSG00000090339.4$ICAM1$chr19$10381511$+,0.44
chr19:10499200-10501600,ENSG00000090339.4$ICAM1$chr19$10381511$+,0.4
chr19:47102400-47103600,ENSG00000090372.10$STRN4$chr19$47250251$-,0.45
chr19:47151000-47152800,ENSG00000090372.10$STRN4$chr19$47250251$-,0.39
chr19:47207400-47208600,ENSG00000090372.10$STRN4$chr19$47250251$-,0.53
chr19:47291600-47293600,ENSG00000090372.10$STRN4$chr19$47250251$-,0.56
chr19:47362000-47363600,ENSG00000090372.10$STRN4$chr19$47250251$-,0.36
chr12:66525200-66527400,ENSG00000090376.4$IRAK3$chr12$66582659$+,0.44
chr12:66668800-66670400,ENSG00000090376.4$IRAK3$chr12$66582659$+,0.46
chr12:66694800-66695800,ENSG00000090376.4$IRAK3$chr12$66582659$+,0.36
chr12:69630800-69633200,ENSG00000090382.2$LYZ$chr12$69742121$+,0.37
chr12:69647600-69649200,ENSG00000090382.2$LYZ$chr12$69742121$+,0.42
chr12:69684400-69685600,ENSG00000090382.2$LYZ$chr12$69742121$+,0.43
chr12:69718000-69719600,ENSG00000090382.2$LYZ$chr12$69742121$+,0.51
chr12:69754200-69756400,ENSG00000090382.2$LYZ$chr12$69742121$+,0.65
chr1:20848600-20849400,ENSG00000090432.5$MUL1$chr1$20834654$-,0.61
chr1:20958600-20960200,ENSG00000090432.5$MUL1$chr1$20834654$-,0.36
chr16:4302000-4303400,ENSG00000090447.7$TFAP4$chr16$4323076$-,0.46
chr16:4319600-4321600,ENSG00000090447.7$TFAP4$chr16$4323076$-,0.41
chr15:65282800-65285000,ENSG00000090470.10$PDCD7$chr15$65426174$-,0.52
chr15:65422600-65425000,ENSG00000090470.10$PDCD7$chr15$65426174$-,0.42
chr15:65595600-65596400,ENSG00000090470.10$PDCD7$chr15$65426174$-,0.44
chr15:65282800-65285000,ENSG00000090487.6$SPG21$chr15$65282648$-,0.37
chr15:65422600-65425000,ENSG00000090487.6$SPG21$chr15$65282648$-,0.46
chr15:65426400-65427400,ENSG00000090487.6$SPG21$chr15$65282648$-,0.43
chr3:186423200-186424800,ENSG00000090520.6$DNAJB11$chr3$186285192$+,0.36
chr19:49955200-49956200,ENSG00000090554.8$FLT3LG$chr19$49977464$+,0.54
chr19:50046400-50048200,ENSG00000090554.8$FLT3LG$chr19$49977464$+,0.43
chr19:50049400-50051200,ENSG00000090554.8$FLT3LG$chr19$49977464$+,0.47
chr19:50051600-50053200,ENSG00000090554.8$FLT3LG$chr19$49977464$+,0.41
chr19:50053800-50054000,ENSG00000090554.8$FLT3LG$chr19$49977464$+,0.38
chr16:1462000-1464400,ENSG00000090581.5$GNPTG$chr16$1401924$+,0.43
chr16:1471400-1473000,ENSG00000090581.5$GNPTG$chr16$1401924$+,0.45
chr16:1612600-1613200,ENSG00000090581.5$GNPTG$chr16$1401924$+,0.39
chr12:133533400-133534600,ENSG00000090612.16$ZNF268$chr12$133707570$+,0.35
chr12:133613000-133613600,ENSG00000090612.16$ZNF268$chr12$133707570$+,0.43
chr12:133614600-133615200,ENSG00000090612.16$ZNF268$chr12$133707570$+,0.43
chr12:133259600-133260600,ENSG00000090615.8$GOLGA3$chr12$133405444$-,0.37
chr12:133261600-133263600,ENSG00000090615.8$GOLGA3$chr12$133405444$-,0.43
chr12:133285600-133286600,ENSG00000090615.8$GOLGA3$chr12$133405444$-,0.44
chr12:133462200-133463600,ENSG00000090615.8$GOLGA3$chr12$133405444$-,0.48
chr12:133465000-133467400,ENSG00000090615.8$GOLGA3$chr12$133405444$-,0.5
chr12:133533400-133534600,ENSG00000090615.8$GOLGA3$chr12$133405444$-,0.41
chr12:133561800-133562600,ENSG00000090615.8$GOLGA3$chr12$133405444$-,0.36
chr1:40025400-40026400,ENSG00000090621.9$PABPC4$chr1$40042462$-,0.6
chr1:40071200-40072200,ENSG00000090621.9$PABPC4$chr1$40042462$-,0.66
chr19:7815400-7817200,ENSG00000090659.13$CD209$chr19$7812464$-,0.75
chr19:7427200-7429000,ENSG00000090674.11$MCOLN1$chr19$7587512$+,0.37
chr19:7458000-7460400,ENSG00000090674.11$MCOLN1$chr19$7587512$+,0.45
chr19:7597600-7599000,ENSG00000090674.11$MCOLN1$chr19$7587512$+,0.62
chr19:7600800-7602600,ENSG00000090674.11$MCOLN1$chr19$7587512$+,0.6
chr19:7746200-7748600,ENSG00000090674.11$MCOLN1$chr19$7587512$+,0.41
chr1:21985200-21986800,ENSG00000090686.11$USP48$chr1$22110099$-,0.35
chr16:70149000-70151000,ENSG00000090857.9$PDPR$chr16$70147529$+,0.47
chr16:70198800-70200600,ENSG00000090857.9$PDPR$chr16$70147529$+,0.55
chr16:70279600-70281000,ENSG00000090857.9$PDPR$chr16$70147529$+,0.38
chr16:70321200-70322800,ENSG00000090857.9$PDPR$chr16$70147529$+,0.37
chr16:70324000-70325400,ENSG00000090857.9$PDPR$chr16$70147529$+,0.35
chr16:70333600-70335400,ENSG00000090857.9$PDPR$chr16$70147529$+,0.39
chr16:70337800-70339600,ENSG00000090857.9$PDPR$chr16$70147529$+,0.39
chr16:70149000-70151000,ENSG00000090861.11$AARS$chr16$70323446$-,0.38
chr16:70198800-70200600,ENSG00000090861.11$AARS$chr16$70323446$-,0.52
chr16:70279600-70281000,ENSG00000090861.11$AARS$chr16$70323446$-,0.64
chr16:70321200-70322800,ENSG00000090861.11$AARS$chr16$70323446$-,0.37
chr16:70332000-70332800,ENSG00000090861.11$AARS$chr16$70323446$-,0.6
chr16:70333600-70335400,ENSG00000090861.11$AARS$chr16$70323446$-,0.66
chr16:70337800-70339600,ENSG00000090861.11$AARS$chr16$70323446$-,0.67
chr16:70379000-70380800,ENSG00000090861.11$AARS$chr16$70323446$-,0.47
chr16:70412200-70414400,ENSG00000090861.11$AARS$chr16$70323446$-,0.41
chr16:70415000-70417000,ENSG00000090861.11$AARS$chr16$70323446$-,0.48
chr16:70473600-70476000,ENSG00000090861.11$AARS$chr16$70323446$-,0.45
chr16:70486800-70487800,ENSG00000090861.11$AARS$chr16$70323446$-,0.43
chr16:74568200-74569800,ENSG00000090863.7$GLG1$chr16$74641012$-,0.38
chr16:74616800-74619000,ENSG00000090863.7$GLG1$chr16$74641012$-,0.62
chr16:74655800-74658200,ENSG00000090863.7$GLG1$chr16$74641012$-,0.62
chrX:69351600-69353000,ENSG00000090889.10$KIF4A$chrX$69509879$+,0.41
chrX:69354400-69356400,ENSG00000090889.10$KIF4A$chrX$69509879$+,0.39
chrX:69618200-69619600,ENSG00000090889.10$KIF4A$chrX$69509879$+,0.51
chrX:69652000-69653800,ENSG00000090889.10$KIF4A$chrX$69509879$+,0.46
chr16:24528000-24529000,ENSG00000090905.13$TNRC6A$chr16$24741016$+,0.35
chr19:40313200-40314800,ENSG00000090920.9$FCGBP$chr19$40440533$-,0.51
chr19:40315200-40317200,ENSG00000090920.9$FCGBP$chr19$40440533$-,0.42
chr19:40324800-40326000,ENSG00000090920.9$FCGBP$chr19$40440533$-,0.42
chr19:40372200-40373000,ENSG00000090920.9$FCGBP$chr19$40440533$-,0.47
chr19:40469400-40470200,ENSG00000090920.9$FCGBP$chr19$40440533$-,0.59
chr19:40503400-40505400,ENSG00000090920.9$FCGBP$chr19$40440533$-,0.63
chr19:40562600-40563600,ENSG00000090920.9$FCGBP$chr19$40440533$-,0.39
chr19:39748600-39750400,ENSG00000090924.10$PLEKHG2$chr19$39903225$+,0.46
chr19:39879200-39881200,ENSG00000090924.10$PLEKHG2$chr19$39903225$+,0.52
chr19:39885800-39886200,ENSG00000090924.10$PLEKHG2$chr19$39903225$+,0.69
chr19:39934000-39935800,ENSG00000090924.10$PLEKHG2$chr19$39903225$+,0.72
chr19:39969200-39971400,ENSG00000090924.10$PLEKHG2$chr19$39903225$+,0.52
chr19:39972000-39974400,ENSG00000090924.10$PLEKHG2$chr19$39903225$+,0.53
chr19:39934000-39935800,ENSG00000090932.6$DLL3$chr19$39989535$+,0.48
chr19:39969200-39971400,ENSG00000090932.6$DLL3$chr19$39989535$+,0.59
chr19:39972000-39974400,ENSG00000090932.6$DLL3$chr19$39989535$+,0.59
chr19:40028000-40029800,ENSG00000090932.6$DLL3$chr19$39989535$+,0.58
chr19:55919200-55920600,ENSG00000090971.4$NAT14$chr19$55996371$+,0.44
chr19:56027800-56029800,ENSG00000090971.4$NAT14$chr19$55996371$+,0.56
chr19:56092600-56094400,ENSG00000090971.4$NAT14$chr19$55996371$+,0.44
chr19:56108600-56110600,ENSG00000090971.4$NAT14$chr19$55996371$+,0.37
chr12:123457400-123458800,ENSG00000090975.8$PITPNM2$chr12$123634562$-,0.38
chr12:123684400-123686000,ENSG00000090975.8$PITPNM2$chr12$123634562$-,0.56
chr4:56724000-56725000,ENSG00000090989.13$EXOC1$chr4$56719782$+,0.59
chr5:145562800-145563400,ENSG00000091009.6$RBM27$chr5$145583113$+,0.71
chr5:145590600-145590800,ENSG00000091009.6$RBM27$chr5$145583113$+,0.67
chr5:145591200-145591600,ENSG00000091009.6$RBM27$chr5$145583113$+,0.69
chr5:145692200-145693400,ENSG00000091009.6$RBM27$chr5$145583113$+,0.45
chr12:76810800-76812400,ENSG00000091039.12$OSBPL8$chr12$76953589$-,0.43
chr12:76823600-76825000,ENSG00000091039.12$OSBPL8$chr12$76953589$-,0.44
chr12:76831200-76831400,ENSG00000091039.12$OSBPL8$chr12$76953589$-,0.4
chr12:76870600-76871400,ENSG00000091039.12$OSBPL8$chr12$76953589$-,0.59
chr12:76902000-76904000,ENSG00000091039.12$OSBPL8$chr12$76953589$-,0.64
chr12:76920600-76921800,ENSG00000091039.12$OSBPL8$chr12$76953589$-,0.57
chr7:76073200-76075400,ENSG00000091073.15$DTX2$chr7$76090993$+,0.41
chr2:32500400-32502800,ENSG00000091106.14$NLRC4$chr2$32490923$-,0.47
chr7:105023800-105024200,ENSG00000091127.9$PUS7$chr7$105162714$-,0.38
chr7:105029800-105030800,ENSG00000091127.9$PUS7$chr7$105162714$-,0.54
chr7:105031800-105033200,ENSG00000091127.9$PUS7$chr7$105162714$-,0.39
chr7:105069000-105071400,ENSG00000091127.9$PUS7$chr7$105162714$-,0.53
chr7:105118800-105120200,ENSG00000091127.9$PUS7$chr7$105162714$-,0.59
chr7:105159400-105161800,ENSG00000091127.9$PUS7$chr7$105162714$-,0.39
chr7:105170600-105172400,ENSG00000091127.9$PUS7$chr7$105162714$-,0.57
chr7:107198200-107199000,ENSG00000091137.7$SLC26A4$chr7$107301080$+,0.44
chr7:107318000-107319800,ENSG00000091137.7$SLC26A4$chr7$107301080$+,0.64
chr7:107382200-107383600,ENSG00000091137.7$SLC26A4$chr7$107301080$+,0.51
chr7:107382200-107383600,ENSG00000091140.8$DLD$chr7$107531415$+,0.38
chr7:107505600-107507600,ENSG00000091140.8$DLD$chr7$107531415$+,0.75
chr7:107509400-107510200,ENSG00000091140.8$DLD$chr7$107531415$+,0.72
chr7:107510400-107512400,ENSG00000091140.8$DLD$chr7$107531415$+,0.55
chr18:54306400-54307200,ENSG00000091157.9$WDR7$chr18$54318574$+,0.56
chr18:54337000-54339200,ENSG00000091157.9$WDR7$chr18$54318574$+,0.77
chr18:54383600-54385000,ENSG00000091157.9$WDR7$chr18$54318574$+,0.6
chr18:54306400-54307200,ENSG00000091164.8$TXNL1$chr18$54318831$-,0.56
chr18:54337000-54339200,ENSG00000091164.8$TXNL1$chr18$54318831$-,0.77
chr18:54383600-54385000,ENSG00000091164.8$TXNL1$chr18$54318831$-,0.55
chr3:3069400-3071000,ENSG00000091181.15$IL5RA$chr3$3168297$-,0.5
chr3:3195600-3197800,ENSG00000091181.15$IL5RA$chr3$3168297$-,0.73
chr3:3204200-3206400,ENSG00000091181.15$IL5RA$chr3$3168297$-,0.73
chr3:3207400-3208200,ENSG00000091181.15$IL5RA$chr3$3168297$-,0.76
chr3:3221400-3223200,ENSG00000091181.15$IL5RA$chr3$3168297$-,0.66
chr3:3242000-3244200,ENSG00000091181.15$IL5RA$chr3$3168297$-,0.62
chr3:32591600-32594000,ENSG00000091317.7$CMTM6$chr3$32544900$-,0.43
chr3:32600800-32603000,ENSG00000091317.7$CMTM6$chr3$32544900$-,0.46
chr3:32613000-32615000,ENSG00000091317.7$CMTM6$chr3$32544900$-,0.5
chr2:173287200-173289600,ENSG00000091409.10$ITGA6$chr2$173292082$+,0.62
chr1:241713000-241715000,ENSG00000091483.6$FH$chr1$241683061$-,0.61
chr1:241851400-241853400,ENSG00000091483.6$FH$chr1$241683061$-,0.35
chr4:25852800-25854800,ENSG00000091490.6$SEL1L3$chr4$25865382$-,0.39
chr3:133217600-133219600,ENSG00000091527.11$CDV3$chr3$133292574$+,0.61
chr17:17989600-17991400,ENSG00000091542.8$ALKBH5$chr17$18086392$+,0.53
chr17:17992000-17993600,ENSG00000091542.8$ALKBH5$chr17$18086392$+,0.48
chr17:18162400-18163800,ENSG00000091542.8$ALKBH5$chr17$18086392$+,0.6
chr17:18316200-18318000,ENSG00000091542.8$ALKBH5$chr17$18086392$+,0.42
chr17:64158000-64158800,ENSG00000091583.6$APOH$chr17$64252643$-,0.5
chr17:64196400-64198800,ENSG00000091583.6$APOH$chr17$64252643$-,0.41
chr17:64245800-64246000,ENSG00000091583.6$APOH$chr17$64252643$-,0.59
chr17:64246400-64248000,ENSG00000091583.6$APOH$chr17$64252643$-,0.65
chr17:64295600-64298000,ENSG00000091583.6$APOH$chr17$64252643$-,0.48
chr17:64331800-64332200,ENSG00000091583.6$APOH$chr17$64252643$-,0.35
chr17:5495400-5496200,ENSG00000091592.11$NLRP1$chr17$5522744$-,0.61
chr17:4700000-4701800,ENSG00000091640.3$SPAG7$chr17$4871167$-,0.4
chr17:4891600-4893600,ENSG00000091640.3$SPAG7$chr17$4871167$-,0.59
chr17:4943000-4944000,ENSG00000091640.3$SPAG7$chr17$4871167$-,0.55
chr17:4980600-4981200,ENSG00000091640.3$SPAG7$chr17$4871167$-,0.38
chr16:46836600-46838200,ENSG00000091651.4$ORC6$chr16$46723555$+,0.36
chr16:46850800-46851600,ENSG00000091651.4$ORC6$chr16$46723555$+,0.36
chr7:129592800-129594800,ENSG00000091732.11$ZC3HC1$chr7$129691291$-,0.38
chr7:129708400-129709800,ENSG00000091732.11$ZC3HC1$chr7$129691291$-,0.59
chr6:152036600-152038600,ENSG00000091831.17$ESR1$chr6$151977826$+,0.39
chr17:42092400-42093400,ENSG00000091947.5$TMEM101$chr17$42101314$-,0.48
chr17:42110800-42112000,ENSG00000091947.5$TMEM101$chr17$42101314$-,0.62
chr3:112005800-112006600,ENSG00000091972.14$CD200$chr3$112051194$+,0.63
chr3:112154200-112154800,ENSG00000091972.14$CD200$chr3$112051194$+,0.41
chr3:112155400-112157000,ENSG00000091972.14$CD200$chr3$112051194$+,0.38
chr3:112385400-112387200,ENSG00000091986.11$CCDC80$chr3$112368377$-,0.42
chr14:24912400-24913600,ENSG00000092009.6$CMA1$chr14$24977471$-,0.4
chr14:24474800-24475800,ENSG00000092010.10$PSME1$chr14$24605367$+,0.37
chr14:24564200-24566400,ENSG00000092010.10$PSME1$chr14$24605367$+,0.56
chr14:24582400-24582800,ENSG00000092010.10$PSME1$chr14$24605367$+,0.57
chr14:24628800-24630600,ENSG00000092010.10$PSME1$chr14$24605367$+,0.53
chr14:24682800-24684600,ENSG00000092010.10$PSME1$chr14$24605367$+,0.48
chr14:24685200-24686400,ENSG00000092010.10$PSME1$chr14$24605367$+,0.48
chr14:24712400-24714800,ENSG00000092010.10$PSME1$chr14$24605367$+,0.48
chr14:24715000-24717400,ENSG00000092010.10$PSME1$chr14$24605367$+,0.38
chr14:24738000-24740200,ENSG00000092010.10$PSME1$chr14$24605367$+,0.38
chr14:24758400-24760200,ENSG00000092010.10$PSME1$chr14$24605367$+,0.35
chr14:35448800-35450800,ENSG00000092020.6$PPP2R3C$chr14$35591723$-,0.4
chr14:35463200-35465600,ENSG00000092020.6$PPP2R3C$chr14$35591723$-,0.36
chr14:35513600-35515000,ENSG00000092020.6$PPP2R3C$chr14$35591723$-,0.43
chr14:35529600-35532000,ENSG00000092020.6$PPP2R3C$chr14$35591723$-,0.43
chr14:35609800-35610600,ENSG00000092020.6$PPP2R3C$chr14$35591723$-,0.68
chr14:35678800-35680400,ENSG00000092020.6$PPP2R3C$chr14$35591723$-,0.56
chr14:23299600-23301600,ENSG00000092036.12$HAUS4$chr14$23426370$-,0.37
chr14:23473600-23475800,ENSG00000092036.12$HAUS4$chr14$23426370$-,0.59
chr14:23496800-23499000,ENSG00000092036.12$HAUS4$chr14$23426370$-,0.44
chr14:23504400-23505400,ENSG00000092036.12$HAUS4$chr14$23426370$-,0.42
chr14:24021000-24022400,ENSG00000092051.12$JPH4$chr14$24048009$-,0.36
chr14:24034600-24036200,ENSG00000092051.12$JPH4$chr14$24048009$-,0.54
chr14:24057800-24059800,ENSG00000092051.12$JPH4$chr14$24048009$-,0.56
chr14:23937400-23938600,ENSG00000092054.12$MYH7$chr14$23904927$-,0.38
chr14:23423200-23425600,ENSG00000092067.5$CEBPE$chr14$23588825$-,0.38
chr14:23473600-23475800,ENSG00000092067.5$CEBPE$chr14$23588825$-,0.37
chr14:23496800-23499000,ENSG00000092067.5$CEBPE$chr14$23588825$-,0.39
chr14:23504400-23505400,ENSG00000092067.5$CEBPE$chr14$23588825$-,0.49
chr14:23540800-23542800,ENSG00000092067.5$CEBPE$chr14$23588825$-,0.5
chr14:23706200-23708000,ENSG00000092067.5$CEBPE$chr14$23588825$-,0.43
chr14:23756000-23757400,ENSG00000092067.5$CEBPE$chr14$23588825$-,0.37
chr14:23706200-23708000,ENSG00000092068.14$SLC7A8$chr14$23652883$-,0.59
chr14:20812200-20814200,ENSG00000092094.6$OSGEP$chr14$20923264$-,0.48
chr14:20878800-20880800,ENSG00000092094.6$OSGEP$chr14$20923264$-,0.56
chr14:20929600-20931600,ENSG00000092094.6$OSGEP$chr14$20923264$-,0.54
chr14:20936600-20937600,ENSG00000092094.6$OSGEP$chr14$20923264$-,0.41
chr14:20998800-20999600,ENSG00000092094.6$OSGEP$chr14$20923264$-,0.43
chr14:21055600-21056800,ENSG00000092094.6$OSGEP$chr14$20923264$-,0.36
chr14:21082200-21084000,ENSG00000092094.6$OSGEP$chr14$20923264$-,0.35
chr14:23756000-23757400,ENSG00000092096.10$SLC22A17$chr14$23822121$-,0.35
chr14:23788800-23790000,ENSG00000092096.10$SLC22A17$chr14$23822121$-,0.48
chr14:24474800-24475800,ENSG00000092098.12$RNF31$chr14$24615892$+,0.49
chr14:24564200-24566400,ENSG00000092098.12$RNF31$chr14$24615892$+,0.49
chr14:24582400-24582800,ENSG00000092098.12$RNF31$chr14$24615892$+,0.55
chr14:24603400-24604800,ENSG00000092098.12$RNF31$chr14$24615892$+,0.51
chr14:24628800-24630600,ENSG00000092098.12$RNF31$chr14$24615892$+,0.49
chr14:24682800-24684600,ENSG00000092098.12$RNF31$chr14$24615892$+,0.44
chr14:24685200-24686400,ENSG00000092098.12$RNF31$chr14$24615892$+,0.47
chr14:24712400-24714800,ENSG00000092098.12$RNF31$chr14$24615892$+,0.48
chr14:24715000-24717400,ENSG00000092098.12$RNF31$chr14$24615892$+,0.4
chr14:24738000-24740200,ENSG00000092098.12$RNF31$chr14$24615892$+,0.4
chr14:24758400-24760200,ENSG00000092098.12$RNF31$chr14$24615892$+,0.51
chr14:24769800-24771600,ENSG00000092098.12$RNF31$chr14$24615892$+,0.43
chr14:31027200-31028000,ENSG00000092108.16$SCFD1$chr14$31091318$+,0.56
chr14:31029000-31031400,ENSG00000092108.16$SCFD1$chr14$31091318$+,0.63
chr14:31031800-31033200,ENSG00000092108.16$SCFD1$chr14$31091318$+,0.53
chr14:31101800-31102200,ENSG00000092108.16$SCFD1$chr14$31091318$+,0.61
chr14:31031800-31033200,ENSG00000092140.10$G2E3$chr14$31028329$+,0.53
chr14:31101800-31102200,ENSG00000092140.10$G2E3$chr14$31028329$+,0.56
chr14:31673800-31676000,ENSG00000092148.8$HECTD1$chr14$31677010$-,0.4
chr14:21742600-21744600,ENSG00000092199.13$HNRNPC$chr14$21737653$-,0.63
chr14:21787400-21789800,ENSG00000092199.13$HNRNPC$chr14$21737653$-,0.63
chr14:21853000-21854400,ENSG00000092199.13$HNRNPC$chr14$21737653$-,0.47
chr14:21901200-21902000,ENSG00000092199.13$HNRNPC$chr14$21737653$-,0.39
chr14:21737600-21739400,ENSG00000092200.8$RPGRIP1$chr14$21756098$+,0.58
chr14:21742600-21744600,ENSG00000092200.8$RPGRIP1$chr14$21756098$+,0.64
chr14:21787400-21789800,ENSG00000092200.8$RPGRIP1$chr14$21756098$+,0.53
chr14:21737600-21739400,ENSG00000092201.5$SUPT16H$chr14$21852425$-,0.48
chr14:21742600-21744600,ENSG00000092201.5$SUPT16H$chr14$21852425$-,0.54
chr14:21787400-21789800,ENSG00000092201.5$SUPT16H$chr14$21852425$-,0.59
chr14:21901200-21902000,ENSG00000092201.5$SUPT16H$chr14$21852425$-,0.61
chr14:21925000-21925600,ENSG00000092201.5$SUPT16H$chr14$21852425$-,0.47
chr14:21943000-21944400,ENSG00000092201.5$SUPT16H$chr14$21852425$-,0.52
chr14:21946000-21948400,ENSG00000092201.5$SUPT16H$chr14$21852425$-,0.42
chr14:21951200-21951800,ENSG00000092201.5$SUPT16H$chr14$21852425$-,0.41
chr14:21970600-21972200,ENSG00000092201.5$SUPT16H$chr14$21852425$-,0.44
chr14:21972800-21974400,ENSG00000092201.5$SUPT16H$chr14$21852425$-,0.43
chr14:21901200-21902000,ENSG00000092203.9$TOX4$chr14$21944756$+,0.53
chr14:21925000-21925600,ENSG00000092203.9$TOX4$chr14$21944756$+,0.5
chr14:21946000-21948400,ENSG00000092203.9$TOX4$chr14$21944756$+,0.37
chr14:21951200-21951800,ENSG00000092203.9$TOX4$chr14$21944756$+,0.56
chr14:21970600-21972200,ENSG00000092203.9$TOX4$chr14$21944756$+,0.51
chr14:21972800-21974400,ENSG00000092203.9$TOX4$chr14$21944756$+,0.52
chr14:39573200-39575000,ENSG00000092208.12$GEMIN2$chr14$39583427$+,0.71
chr14:39576200-39578000,ENSG00000092208.12$GEMIN2$chr14$39583427$+,0.65
chr14:39629200-39630600,ENSG00000092208.12$GEMIN2$chr14$39583427$+,0.65
chr14:39640000-39641400,ENSG00000092208.12$GEMIN2$chr14$39583427$+,0.65
chr14:39642600-39644200,ENSG00000092208.12$GEMIN2$chr14$39583427$+,0.6
chr14:39676600-39677400,ENSG00000092208.12$GEMIN2$chr14$39583427$+,0.45
chr14:24738000-24740200,ENSG00000092295.7$TGM1$chr14$24733638$-,0.53
chr14:24564200-24566400,ENSG00000092330.11$TINF2$chr14$24711880$-,0.52
chr14:24582400-24582800,ENSG00000092330.11$TINF2$chr14$24711880$-,0.54
chr14:24603400-24604800,ENSG00000092330.11$TINF2$chr14$24711880$-,0.52
chr14:24628800-24630600,ENSG00000092330.11$TINF2$chr14$24711880$-,0.42
chr14:24682800-24684600,ENSG00000092330.11$TINF2$chr14$24711880$-,0.57
chr14:24685200-24686400,ENSG00000092330.11$TINF2$chr14$24711880$-,0.51
chr14:24715000-24717400,ENSG00000092330.11$TINF2$chr14$24711880$-,0.45
chr14:24738000-24740200,ENSG00000092330.11$TINF2$chr14$24711880$-,0.6
chr14:24758400-24760200,ENSG00000092330.11$TINF2$chr14$24711880$-,0.64
chr14:24769800-24771600,ENSG00000092330.11$TINF2$chr14$24711880$-,0.5
chr3:16637400-16639400,ENSG00000092345.9$DAZL$chr3$16711813$-,0.39
chr3:16641000-16641600,ENSG00000092345.9$DAZL$chr3$16711813$-,0.37
chr15:50848600-50850000,ENSG00000092439.9$TRPM7$chr15$50979012$-,0.43
chr15:50961000-50961800,ENSG00000092439.9$TRPM7$chr15$50979012$-,0.56
chr15:41693200-41694200,ENSG00000092445.7$TYRO3$chr15$41849873$+,0.37
chr15:41707400-41708600,ENSG00000092445.7$TYRO3$chr15$41849873$+,0.38
chr15:41726600-41729000,ENSG00000092445.7$TYRO3$chr15$41849873$+,0.37
chr15:41734800-41736000,ENSG00000092445.7$TYRO3$chr15$41849873$+,0.35
chr15:41834200-41836000,ENSG00000092445.7$TYRO3$chr15$41849873$+,0.78
chr15:41836400-41837800,ENSG00000092445.7$TYRO3$chr15$41849873$+,0.73
chr15:41845600-41847600,ENSG00000092445.7$TYRO3$chr15$41849873$+,0.68
chr15:41963000-41965200,ENSG00000092445.7$TYRO3$chr15$41849873$+,0.44
chr15:44093400-44094600,ENSG00000092470.7$WDR76$chr15$44119161$+,0.5
chr15:42763200-42765200,ENSG00000092531.5$SNAP23$chr15$42783431$+,0.54
chr15:42866200-42867400,ENSG00000092531.5$SNAP23$chr15$42783431$+,0.35
chr6:159204800-159207000,ENSG00000092820.13$EZR$chr6$159240444$-,0.54
chr12:56358600-56360400,ENSG00000092841.14$MYL6$chr12$56551945$+,0.37
chr12:56527000-56528200,ENSG00000092841.14$MYL6$chr12$56551945$+,0.58
chr12:56543800-56545600,ENSG00000092841.14$MYL6$chr12$56551945$+,0.71
chr12:56596000-56597400,ENSG00000092841.14$MYL6$chr12$56551945$+,0.47
chr12:56612800-56615000,ENSG00000092841.14$MYL6$chr12$56551945$+,0.45
chr12:56616200-56618200,ENSG00000092841.14$MYL6$chr12$56551945$+,0.5
chr12:56618600-56620200,ENSG00000092841.14$MYL6$chr12$56551945$+,0.46
chr12:56661200-56662800,ENSG00000092841.14$MYL6$chr12$56551945$+,0.4
chr1:36184600-36185800,ENSG00000092847.6$AGO1$chr1$36335409$+,0.4
chr1:36241800-36243600,ENSG00000092847.6$AGO1$chr1$36335409$+,0.41
chr1:36244800-36246000,ENSG00000092847.6$AGO1$chr1$36335409$+,0.47
chr1:36394600-36396000,ENSG00000092847.6$AGO1$chr1$36335409$+,0.45
chr1:36184600-36185800,ENSG00000092853.9$CLSPN$chr1$36235568$-,0.57
chr1:36241800-36243600,ENSG00000092853.9$CLSPN$chr1$36235568$-,0.64
chr1:36244800-36246000,ENSG00000092853.9$CLSPN$chr1$36235568$-,0.56
chr17:33289400-33291400,ENSG00000092871.12$RFFL$chr17$33416338$-,0.4
chr17:33305800-33307200,ENSG00000092871.12$RFFL$chr17$33416338$-,0.39
chr17:33355000-33356400,ENSG00000092871.12$RFFL$chr17$33416338$-,0.54
chr17:33359200-33361000,ENSG00000092871.12$RFFL$chr17$33416338$-,0.51
chr17:33466200-33468600,ENSG00000092871.12$RFFL$chr17$33416338$-,0.44
chr17:33498000-33500200,ENSG00000092871.12$RFFL$chr17$33416338$-,0.37
chr17:33505800-33506000,ENSG00000092871.12$RFFL$chr17$33416338$-,0.41
chr17:33506800-33508600,ENSG00000092871.12$RFFL$chr17$33416338$-,0.35
chr17:33551600-33553800,ENSG00000092871.12$RFFL$chr17$33416338$-,0.35
chr17:73661000-73662800,ENSG00000092929.7$UNC13D$chr17$73840798$-,0.37
chr17:73877400-73879600,ENSG00000092929.7$UNC13D$chr17$73840798$-,0.58
chr17:73899000-73900400,ENSG00000092929.7$UNC13D$chr17$73840798$-,0.46
chr17:74619200-74621400,ENSG00000092931.7$MFSD11$chr17$74731947$+,0.38
chr17:74644000-74645400,ENSG00000092931.7$MFSD11$chr17$74731947$+,0.45
chr17:74782600-74784800,ENSG00000092931.7$MFSD11$chr17$74731947$+,0.44
chr17:74812200-74813400,ENSG00000092931.7$MFSD11$chr17$74731947$+,0.38
chr22:45581400-45582400,ENSG00000093000.14$NUP50$chr22$45559722$+,0.67
chr22:45613600-45616000,ENSG00000093000.14$NUP50$chr22$45559722$+,0.59
chr22:19435800-19437800,ENSG00000093009.5$CDC45$chr22$19466982$+,0.52
chr22:19476000-19477600,ENSG00000093009.5$CDC45$chr22$19466982$+,0.68
chr22:19763200-19764600,ENSG00000093010.7$COMT$chr22$19929130$+,0.36
chr22:19825000-19825600,ENSG00000093010.7$COMT$chr22$19929130$+,0.46
chr22:19843200-19845200,ENSG00000093010.7$COMT$chr22$19929130$+,0.51
chr22:20004600-20006200,ENSG00000093010.7$COMT$chr22$19929130$+,0.52
chr22:20006600-20008800,ENSG00000093010.7$COMT$chr22$19929130$+,0.52
chr22:20059200-20061000,ENSG00000093010.7$COMT$chr22$19929130$+,0.39
chr22:17564400-17565800,ENSG00000093072.11$CECR1$chr22$17702879$-,0.4
chr22:17640800-17641600,ENSG00000093072.11$CECR1$chr22$17702879$-,0.55
chr22:17689800-17690800,ENSG00000093072.11$CECR1$chr22$17702879$-,0.59
chr6:127585800-127587400,ENSG00000093144.14$ECHDC1$chr6$127664754$-,0.63
chr6:127815000-127816200,ENSG00000093144.14$ECHDC1$chr6$127664754$-,0.42
chr3:37254400-37256200,ENSG00000093167.13$LRRFIP2$chr3$37225180$-,0.43
chr3:42610800-42611800,ENSG00000093183.9$SEC22C$chr3$42642572$-,0.44
chr3:42613800-42614600,ENSG00000093183.9$SEC22C$chr3$42642572$-,0.45
chr3:42618400-42619200,ENSG00000093183.9$SEC22C$chr3$42642572$-,0.49
chr3:42621000-42622800,ENSG00000093183.9$SEC22C$chr3$42642572$-,0.44
chr3:42624000-42625600,ENSG00000093183.9$SEC22C$chr3$42642572$-,0.53
chr3:42629800-42632200,ENSG00000093183.9$SEC22C$chr3$42642572$-,0.55
chr3:38405600-38408000,ENSG00000093217.5$XYLB$chr3$38388251$+,0.67
chrX:48489400-48491200,ENSG00000094631.14$HDAC6$chrX$48659784$+,0.36
chrX:48533000-48534400,ENSG00000094631.14$HDAC6$chrX$48659784$+,0.37
chrX:48555600-48558000,ENSG00000094631.14$HDAC6$chrX$48659784$+,0.35
chrX:48586400-48587200,ENSG00000094631.14$HDAC6$chrX$48659784$+,0.38
chrX:48596400-48597600,ENSG00000094631.14$HDAC6$chrX$48659784$+,0.51
chrX:48660600-48662800,ENSG00000094631.14$HDAC6$chrX$48659784$+,0.39
chrX:48706800-48708400,ENSG00000094631.14$HDAC6$chrX$48659784$+,0.47
chrX:48747400-48749000,ENSG00000094631.14$HDAC6$chrX$48659784$+,0.54
chrX:48749200-48751000,ENSG00000094631.14$HDAC6$chrX$48659784$+,0.51
chrX:48752000-48754400,ENSG00000094631.14$HDAC6$chrX$48659784$+,0.55
chrX:48755800-48757800,ENSG00000094631.14$HDAC6$chrX$48659784$+,0.4
chr17:38294400-38296000,ENSG00000094804.5$CDC6$chr17$38443885$+,0.45
chr17:38374000-38375400,ENSG00000094804.5$CDC6$chr17$38443885$+,0.59
chr17:38406800-38409000,ENSG00000094804.5$CDC6$chr17$38443885$+,0.63
chrX:74373600-74375400,ENSG00000094841.9$UPRT$chrX$74493920$+,0.47
chrX:74376600-74377800,ENSG00000094841.9$UPRT$chrX$74493920$+,0.49
chrX:74501000-74502600,ENSG00000094841.9$UPRT$chrX$74493920$+,0.6
chr5:137508800-137510000,ENSG00000094880.6$CDC23$chr5$137549032$-,0.66
chr5:137511800-137513600,ENSG00000094880.6$CDC23$chr5$137549032$-,0.64
chr5:137664800-137667200,ENSG00000094880.6$CDC23$chr5$137549032$-,0.66
chr5:137668200-137669200,ENSG00000094880.6$CDC23$chr5$137549032$-,0.43
chr12:53643400-53645400,ENSG00000094914.8$AAAS$chr12$53718648$-,0.46
chr12:53660800-53662000,ENSG00000094914.8$AAAS$chr12$53718648$-,0.38
chr12:53688200-53689200,ENSG00000094914.8$AAAS$chr12$53718648$-,0.47
chr12:53712400-53714800,ENSG00000094914.8$AAAS$chr12$53718648$-,0.46
chr12:53737200-53739000,ENSG00000094914.8$AAAS$chr12$53718648$-,0.6
chr12:53746200-53747600,ENSG00000094914.8$AAAS$chr12$53718648$-,0.47
chr12:53772000-53773600,ENSG00000094914.8$AAAS$chr12$53718648$-,0.53
chr12:53833400-53835000,ENSG00000094914.8$AAAS$chr12$53718648$-,0.44
chr12:53844600-53845800,ENSG00000094914.8$AAAS$chr12$53718648$-,0.37
chr12:54600600-54602800,ENSG00000094916.9$CBX5$chr12$54673886$-,0.62
chr12:54664000-54664800,ENSG00000094916.9$CBX5$chr12$54673886$-,0.59
chr1:172413200-172414400,ENSG00000094975.9$SUCO$chr1$172501489$+,0.45
chr1:172455600-172458000,ENSG00000094975.9$SUCO$chr1$172501489$+,0.5
chr1:172565000-172566800,ENSG00000094975.9$SUCO$chr1$172501489$+,0.53
chr1:172626600-172628800,ENSG00000094975.9$SUCO$chr1$172501489$+,0.39
chr5:55942600-55944800,ENSG00000095015.5$MAP3K1$chr5$56111401$+,0.38
chr5:56006400-56008200,ENSG00000095015.5$MAP3K1$chr5$56111401$+,0.35
chr5:56024400-56026800,ENSG00000095015.5$MAP3K1$chr5$56111401$+,0.41
chr5:56157400-56157600,ENSG00000095015.5$MAP3K1$chr5$56111401$+,0.53
chr5:56157800-56159200,ENSG00000095015.5$MAP3K1$chr5$56111401$+,0.63
chr5:56188800-56190000,ENSG00000095015.5$MAP3K1$chr5$56111401$+,0.39
chr5:56196000-56197000,ENSG00000095015.5$MAP3K1$chr5$56111401$+,0.4
chr5:56204000-56204800,ENSG00000095015.5$MAP3K1$chr5$56111401$+,0.49
chr5:56206400-56207600,ENSG00000095015.5$MAP3K1$chr5$56111401$+,0.54
chr5:56244600-56246400,ENSG00000095015.5$MAP3K1$chr5$56111401$+,0.36
chr5:56248400-56250600,ENSG00000095015.5$MAP3K1$chr5$56111401$+,0.43
chr5:56279000-56281000,ENSG00000095015.5$MAP3K1$chr5$56111401$+,0.43
chr19:12476000-12477800,ENSG00000095059.11$DHPS$chr19$12792716$-,0.35
chr19:12588600-12590800,ENSG00000095059.11$DHPS$chr19$12792716$-,0.46
chr19:12596000-12597000,ENSG00000095059.11$DHPS$chr19$12792716$-,0.38
chr19:12662800-12664800,ENSG00000095059.11$DHPS$chr19$12792716$-,0.48
chr19:12713800-12715600,ENSG00000095059.11$DHPS$chr19$12792716$-,0.49
chr19:12745800-12747400,ENSG00000095059.11$DHPS$chr19$12792716$-,0.41
chr19:12750400-12752400,ENSG00000095059.11$DHPS$chr19$12792716$-,0.47
chr19:12778000-12779600,ENSG00000095059.11$DHPS$chr19$12792716$-,0.67
chr19:12805200-12807200,ENSG00000095059.11$DHPS$chr19$12792716$-,0.66
chr19:12848800-12850600,ENSG00000095059.11$DHPS$chr19$12792716$-,0.57
chr19:12886800-12888600,ENSG00000095059.11$DHPS$chr19$12792716$-,0.54
chr19:12910200-12912200,ENSG00000095059.11$DHPS$chr19$12792716$-,0.53
chr19:12912800-12914400,ENSG00000095059.11$DHPS$chr19$12792716$-,0.56
chr19:12916000-12917600,ENSG00000095059.11$DHPS$chr19$12792716$-,0.49
chr19:12935600-12937200,ENSG00000095059.11$DHPS$chr19$12792716$-,0.42
chr19:12957800-12959200,ENSG00000095059.11$DHPS$chr19$12792716$-,0.41
chr19:12957800-12959200,ENSG00000095066.7$HOOK2$chr19$12983554$-,0.38
chr19:12990400-12992200,ENSG00000095066.7$HOOK2$chr19$12983554$-,0.42
chr11:118123400-118125400,ENSG00000095139.9$ARCN1$chr11$118443105$+,0.38
chr11:118165800-118167800,ENSG00000095139.9$ARCN1$chr11$118443105$+,0.37
chr11:118304400-118305600,ENSG00000095139.9$ARCN1$chr11$118443105$+,0.35
chr11:118359000-118359600,ENSG00000095139.9$ARCN1$chr11$118443105$+,0.35
chr11:118567400-118568400,ENSG00000095139.9$ARCN1$chr11$118443105$+,0.47
chr9:123556400-123558200,ENSG00000095261.9$PSMD5$chr9$123605262$-,0.49
chr9:123736200-123738200,ENSG00000095261.9$PSMD5$chr9$123605262$-,0.38
chr9:123850000-123851800,ENSG00000095261.9$PSMD5$chr9$123605262$-,0.35
chr9:131484000-131486000,ENSG00000095319.10$NUP188$chr9$131709978$+,0.36
chr9:131579800-131580400,ENSG00000095319.10$NUP188$chr9$131709978$+,0.35
chr9:131592200-131593000,ENSG00000095319.10$NUP188$chr9$131709978$+,0.39
chr9:131689000-131691400,ENSG00000095319.10$NUP188$chr9$131709978$+,0.74
chr9:131799600-131801600,ENSG00000095319.10$NUP188$chr9$131709978$+,0.57
chr9:131689000-131691400,ENSG00000095321.12$CRAT$chr9$131873468$-,0.38
chr9:131799600-131801600,ENSG00000095321.12$CRAT$chr9$131873468$-,0.52
chr9:130373400-130374000,ENSG00000095370.15$SH2D3C$chr9$130541020$-,0.44
chr9:130478400-130480200,ENSG00000095370.15$SH2D3C$chr9$130541020$-,0.44
chr9:100676000-100676200,ENSG00000095380.10$NANS$chr9$100819021$+,0.35
chr9:100703600-100704000,ENSG00000095380.10$NANS$chr9$100819021$+,0.37
chr9:100713000-100713800,ENSG00000095380.10$NANS$chr9$100819021$+,0.35
chr9:100890200-100892600,ENSG00000095380.10$NANS$chr9$100819021$+,0.5
chr9:100955400-100956800,ENSG00000095380.10$NANS$chr9$100819021$+,0.41
chr9:100816200-100818600,ENSG00000095383.15$TBC1D2$chr9$101017915$-,0.41
chr9:100890200-100892600,ENSG00000095383.15$TBC1D2$chr9$101017915$-,0.44
chr9:100955400-100956800,ENSG00000095383.15$TBC1D2$chr9$101017915$-,0.52
chr9:101019000-101020400,ENSG00000095383.15$TBC1D2$chr9$101017915$-,0.43
chr9:117280200-117281400,ENSG00000095397.9$DFNB31$chr9$117267730$-,0.63
chr9:117349000-117349600,ENSG00000095397.9$DFNB31$chr9$117267730$-,0.54
chr9:117371400-117373800,ENSG00000095397.9$DFNB31$chr9$117267730$-,0.4
chr10:101963600-101965200,ENSG00000095485.12$CWF19L1$chr10$102027437$-,0.41
chr10:101986200-101988600,ENSG00000095485.12$CWF19L1$chr10$102027437$-,0.53
chr10:101989600-101990800,ENSG00000095485.12$CWF19L1$chr10$102027437$-,0.61
chr10:102666800-102668600,ENSG00000095539.11$SEMA4G$chr10$102729275$+,0.43
chr10:102702600-102704600,ENSG00000095539.11$SEMA4G$chr10$102729275$+,0.69
chr10:102744200-102746600,ENSG00000095539.11$SEMA4G$chr10$102729275$+,0.69
chr10:93555400-93557600,ENSG00000095564.9$BTAF1$chr10$93683526$+,0.5
chr10:93665600-93668000,ENSG00000095564.9$BTAF1$chr10$93683526$+,0.69
chr10:93669000-93670600,ENSG00000095564.9$BTAF1$chr10$93683526$+,0.71
chr10:93704000-93706400,ENSG00000095564.9$BTAF1$chr10$93683526$+,0.65
chr10:93744800-93745600,ENSG00000095564.9$BTAF1$chr10$93683526$+,0.57
chr10:93807200-93808400,ENSG00000095564.9$BTAF1$chr10$93683526$+,0.37
chr10:94874600-94876600,ENSG00000095596.7$CYP26A1$chr10$94833232$+,0.59
chr10:115934600-115936600,ENSG00000095627.5$TDRD1$chr10$115939029$+,0.42
chr10:115954400-115956000,ENSG00000095627.5$TDRD1$chr10$115939029$+,0.47
chr10:97453800-97455200,ENSG00000095637.16$SORBS1$chr10$97321171$-,0.36
chr10:28944400-28944600,ENSG00000095739.7$BAMBI$chr10$28966271$+,0.57
chr10:28682600-28683400,ENSG00000095787.17$WAC$chr10$28821422$+,0.46
chr10:28944400-28944600,ENSG00000095787.17$WAC$chr10$28821422$+,0.54
chr10:35367800-35370200,ENSG00000095794.15$CREM$chr10$35415719$+,0.66
chr10:35370400-35371800,ENSG00000095794.15$CREM$chr10$35415719$+,0.65
chr10:35372000-35373800,ENSG00000095794.15$CREM$chr10$35415719$+,0.76
chr10:35485200-35486400,ENSG00000095794.15$CREM$chr10$35415719$+,0.5
chr16:1753200-1755400,ENSG00000095906.12$NUBP2$chr16$1832902$+,0.51
chr16:1904400-1906400,ENSG00000095906.12$NUBP2$chr16$1832902$+,0.55
chr16:2008200-2009600,ENSG00000095906.12$NUBP2$chr16$1832902$+,0.39
chr19:3493800-3495400,ENSG00000095932.5$C19orf77$chr19$3480540$-,0.35
chr6:12168800-12170200,ENSG00000095951.12$HIVEP1$chr6$12008995$+,0.38
chr6:41114800-41116800,ENSG00000095970.12$TREM2$chr6$41130924$-,0.4
chr6:35590800-35593200,ENSG00000096060.10$FKBP5$chr6$35696360$-,0.4
chr6:35595800-35596400,ENSG00000096060.10$FKBP5$chr6$35696360$-,0.42
chr6:35625000-35626400,ENSG00000096060.10$FKBP5$chr6$35696360$-,0.44
chr6:35677600-35679000,ENSG00000096060.10$FKBP5$chr6$35696360$-,0.55
chr6:36117200-36119600,ENSG00000096070.15$BRPF3$chr6$36164521$+,0.64
chr6:36136600-36138600,ENSG00000096070.15$BRPF3$chr6$36164521$+,0.64
chr6:52442600-52444800,ENSG00000096092.5$TMEM14A$chr6$52535907$+,0.48
chr6:52247600-52247800,ENSG00000096093.10$EFHC1$chr6$52285106$+,0.53
chr6:52267600-52270000,ENSG00000096093.10$EFHC1$chr6$52285106$+,0.74
chr6:41114800-41116800,ENSG00000096264.9$NCR2$chr6$41303393$+,0.35
chr6:44212600-44214000,ENSG00000096384.15$HSP90AB1$chr6$44214824$+,0.39
chr6:44281000-44281800,ENSG00000096384.15$HSP90AB1$chr6$44214824$+,0.42
chr6:44352400-44354800,ENSG00000096384.15$HSP90AB1$chr6$44214824$+,0.4
chr6:44367200-44369400,ENSG00000096384.15$HSP90AB1$chr6$44214824$+,0.43
chr6:44378000-44380200,ENSG00000096384.15$HSP90AB1$chr6$44214824$+,0.43
chr6:44281000-44281800,ENSG00000096401.7$CDC5L$chr6$44355262$+,0.45
chr6:44352400-44354800,ENSG00000096401.7$CDC5L$chr6$44355262$+,0.5
chr6:44367200-44369400,ENSG00000096401.7$CDC5L$chr6$44355262$+,0.42
chr6:44378000-44380200,ENSG00000096401.7$CDC5L$chr6$44355262$+,0.35
chr6:33372800-33374400,ENSG00000096433.6$ITPR3$chr6$33588142$+,0.38
chr6:33376800-33378000,ENSG00000096433.6$ITPR3$chr6$33588142$+,0.35
chr6:33479200-33481400,ENSG00000096433.6$ITPR3$chr6$33588142$+,0.44
chr6:33548000-33549200,ENSG00000096433.6$ITPR3$chr6$33588142$+,0.55
chr6:27341000-27342400,ENSG00000096654.11$ZNF184$chr6$27440897$-,0.5
chr6:27355400-27356200,ENSG00000096654.11$ZNF184$chr6$27440897$-,0.52
chr6:27357200-27358600,ENSG00000096654.11$ZNF184$chr6$27440897$-,0.48
chr6:27444000-27446400,ENSG00000096654.11$ZNF184$chr6$27440897$-,0.46
chr6:27469000-27470400,ENSG00000096654.11$ZNF184$chr6$27440897$-,0.58
chr6:27481800-27483600,ENSG00000096654.11$ZNF184$chr6$27440897$-,0.48
chr6:27485400-27486600,ENSG00000096654.11$ZNF184$chr6$27440897$-,0.42
chr6:27487200-27488000,ENSG00000096654.11$ZNF184$chr6$27440897$-,0.51
chr6:27512200-27514000,ENSG00000096654.11$ZNF184$chr6$27440897$-,0.49
chr10:69521200-69523400,ENSG00000096717.7$SIRT1$chr10$69644427$+,0.35
chr10:69525000-69525800,ENSG00000096717.7$SIRT1$chr10$69644427$+,0.35
chr10:69610000-69611200,ENSG00000096717.7$SIRT1$chr10$69644427$+,0.64
chr10:69658000-69659000,ENSG00000096717.7$SIRT1$chr10$69644427$+,0.63
chr10:69991200-69992400,ENSG00000096746.13$HNRNPH3$chr10$70090931$+,0.41
chr10:70101600-70101800,ENSG00000096746.13$HNRNPH3$chr10$70090931$+,0.5
chr10:70108400-70109000,ENSG00000096746.13$HNRNPH3$chr10$70090931$+,0.53
chr10:70232000-70232800,ENSG00000096746.13$HNRNPH3$chr10$70090931$+,0.37
chr9:26936000-26938400,ENSG00000096872.11$IFT74$chr9$26947037$+,0.75
chr9:26956800-26958600,ENSG00000096872.11$IFT74$chr9$26947037$+,0.6
chr9:5008200-5010200,ENSG00000096968.8$JAK2$chr9$4985033$+,0.49
chr19:17894600-17895800,ENSG00000096996.11$IL12RB1$chr19$18209754$-,0.35
chr19:17964600-17967000,ENSG00000096996.11$IL12RB1$chr19$18209754$-,0.44
chr19:17969400-17970600,ENSG00000096996.11$IL12RB1$chr19$18209754$-,0.37
chr19:18040800-18043200,ENSG00000096996.11$IL12RB1$chr19$18209754$-,0.37
chr19:18044200-18046200,ENSG00000096996.11$IL12RB1$chr19$18209754$-,0.35
chr19:18183800-18185400,ENSG00000096996.11$IL12RB1$chr19$18209754$-,0.59
chr19:18312800-18314200,ENSG00000096996.11$IL12RB1$chr19$18209754$-,0.57
chr9:133586400-133588800,ENSG00000097007.13$ABL1$chr9$133589333$+,0.45
chr1:6426200-6426600,ENSG00000097021.15$ACOT7$chr1$6454451$-,0.51
chr1:86906800-86909000,ENSG00000097033.10$SH3GLB1$chr1$87170259$+,0.37
chr1:87183600-87185400,ENSG00000097033.10$SH3GLB1$chr1$87170259$+,0.65
chr1:87298200-87299800,ENSG00000097033.10$SH3GLB1$chr1$87170259$+,0.38
chr1:85644600-85646800,ENSG00000097096.8$SYDE2$chr1$85666729$-,0.63
chr1:85725400-85726800,ENSG00000097096.8$SYDE2$chr1$85666729$-,0.53
chr19:10826800-10828600,ENSG00000099203.2$TMED1$chr19$10946994$-,0.48
chr19:11037600-11038800,ENSG00000099203.2$TMED1$chr19$10946994$-,0.47
chr19:11046200-11048200,ENSG00000099203.2$TMED1$chr19$10946994$-,0.59
chr19:11069600-11071000,ENSG00000099203.2$TMED1$chr19$10946994$-,0.46
chr9:5749200-5749600,ENSG00000099219.9$ERMP1$chr9$5833117$-,0.48
chr9:5999400-6001800,ENSG00000099219.9$ERMP1$chr9$5833117$-,0.39
chr10:27852600-27854600,ENSG00000099246.12$RAB18$chr10$27793197$+,0.67
chr10:25257800-25259800,ENSG00000099256.14$PRTFDC1$chr10$25241533$-,0.35
chr10:25270000-25271800,ENSG00000099256.14$PRTFDC1$chr10$25241533$-,0.35
chr10:51825600-51827200,ENSG00000099290.11$FAM21A$chr10$51827648$+,0.38
chr19:18183800-18185400,ENSG00000099308.6$MAST3$chr19$18208603$+,0.54
chr19:18312800-18314200,ENSG00000099308.6$MAST3$chr19$18208603$+,0.46
chr19:58892800-58895200,ENSG00000099326.4$MZF1$chr19$59084942$-,0.43
chr19:58895600-58897800,ENSG00000099326.4$MZF1$chr19$59084942$-,0.38
chr19:58910800-58912800,ENSG00000099326.4$MZF1$chr19$59084942$-,0.37
chr19:58917600-58919200,ENSG00000099326.4$MZF1$chr19$59084942$-,0.39
chr19:58920800-58922000,ENSG00000099326.4$MZF1$chr19$59084942$-,0.39
chr19:58952200-58953400,ENSG00000099326.4$MZF1$chr19$59084942$-,0.47
chr19:58961800-58962800,ENSG00000099326.4$MZF1$chr19$59084942$-,0.48
chr19:58987800-58989800,ENSG00000099326.4$MZF1$chr19$59084942$-,0.6
chr19:59000000-59001000,ENSG00000099326.4$MZF1$chr19$59084942$-,0.54
chr19:59054000-59055200,ENSG00000099326.4$MZF1$chr19$59084942$-,0.6
chr19:59063400-59065800,ENSG00000099326.4$MZF1$chr19$59084942$-,0.56
chr19:17334200-17336600,ENSG00000099330.4$OCEL1$chr19$17337013$+,0.38
chr19:17378800-17380200,ENSG00000099330.4$OCEL1$chr19$17337013$+,0.56
chr19:17443000-17445200,ENSG00000099330.4$OCEL1$chr19$17337013$+,0.57
chr19:17445400-17447400,ENSG00000099330.4$OCEL1$chr19$17337013$+,0.55
chr19:17520200-17521200,ENSG00000099330.4$OCEL1$chr19$17337013$+,0.39
chr19:17531400-17532000,ENSG00000099330.4$OCEL1$chr19$17337013$+,0.42
chr19:17558200-17560200,ENSG00000099330.4$OCEL1$chr19$17337013$+,0.35
chr19:17334200-17336600,ENSG00000099331.9$MYO9B$chr19$17186591$+,0.43
chr19:38724400-38725000,ENSG00000099337.3$KCNK6$chr19$38810484$+,0.51
chr19:38850400-38852800,ENSG00000099337.3$KCNK6$chr19$38810484$+,0.53
chr19:38853000-38854400,ENSG00000099337.3$KCNK6$chr19$38810484$+,0.58
chr19:38864200-38865400,ENSG00000099337.3$KCNK6$chr19$38810484$+,0.58
chr19:38894400-38896400,ENSG00000099337.3$KCNK6$chr19$38810484$+,0.49
chr19:38919200-38920600,ENSG00000099337.3$KCNK6$chr19$38810484$+,0.43
chr19:38724400-38725000,ENSG00000099338.18$CATSPERG$chr19$38826415$+,0.47
chr19:38850400-38852800,ENSG00000099338.18$CATSPERG$chr19$38826415$+,0.56
chr19:38853000-38854400,ENSG00000099338.18$CATSPERG$chr19$38826415$+,0.55
chr19:38864200-38865400,ENSG00000099338.18$CATSPERG$chr19$38826415$+,0.52
chr19:38894400-38896400,ENSG00000099338.18$CATSPERG$chr19$38826415$+,0.46
chr19:38919200-38920600,ENSG00000099338.18$CATSPERG$chr19$38826415$+,0.46
chr19:39031600-39032000,ENSG00000099338.18$CATSPERG$chr19$38826415$+,0.39
chr19:39069200-39071600,ENSG00000099338.18$CATSPERG$chr19$38826415$+,0.36
chr19:38724400-38725000,ENSG00000099341.7$PSMD8$chr19$38865176$+,0.4
chr19:38850400-38852800,ENSG00000099341.7$PSMD8$chr19$38865176$+,0.55
chr19:38853000-38854400,ENSG00000099341.7$PSMD8$chr19$38865176$+,0.64
chr19:38894400-38896400,ENSG00000099341.7$PSMD8$chr19$38865176$+,0.47
chr19:38919200-38920600,ENSG00000099341.7$PSMD8$chr19$38865176$+,0.47
chr19:39137600-39138600,ENSG00000099341.7$PSMD8$chr19$38865176$+,0.35
chr16:30816000-30816600,ENSG00000099364.12$FBXL19$chr16$30934376$+,0.38
chr16:30902600-30904800,ENSG00000099364.12$FBXL19$chr16$30934376$+,0.6
chr16:30945800-30947800,ENSG00000099364.12$FBXL19$chr16$30934376$+,0.68
chr16:31082000-31084000,ENSG00000099364.12$FBXL19$chr16$30934376$+,0.4
chr16:31106400-31108000,ENSG00000099364.12$FBXL19$chr16$30934376$+,0.41
chr16:30931600-30933400,ENSG00000099365.5$STX1B$chr16$31021949$-,0.35
chr16:30945800-30947800,ENSG00000099365.5$STX1B$chr16$31021949$-,0.35
chr16:31082000-31084000,ENSG00000099365.5$STX1B$chr16$31021949$-,0.4
chr16:30757800-30759600,ENSG00000099381.12$SETD1A$chr16$30968615$+,0.35
chr16:30760000-30762400,ENSG00000099381.12$SETD1A$chr16$30968615$+,0.41
chr16:30816000-30816600,ENSG00000099381.12$SETD1A$chr16$30968615$+,0.47
chr16:30902600-30904800,ENSG00000099381.12$SETD1A$chr16$30968615$+,0.48
chr16:30931600-30933400,ENSG00000099381.12$SETD1A$chr16$30968615$+,0.67
chr16:30945800-30947800,ENSG00000099381.12$SETD1A$chr16$30968615$+,0.66
chr16:31082000-31084000,ENSG00000099381.12$SETD1A$chr16$30968615$+,0.5
chr16:31106400-31108000,ENSG00000099381.12$SETD1A$chr16$30968615$+,0.5
chr16:30902600-30904800,ENSG00000099385.7$BCL7C$chr16$30906281$-,0.39
chr16:30931600-30933400,ENSG00000099385.7$BCL7C$chr16$30906281$-,0.38
chr19:1188600-1190600,ENSG00000099622.9$CIRBP$chr19$1259384$+,0.48
chr19:1353000-1354600,ENSG00000099622.9$CIRBP$chr19$1259384$+,0.5
chr19:1405800-1407800,ENSG00000099622.9$CIRBP$chr19$1259384$+,0.39
chr19:1188600-1190600,ENSG00000099624.3$ATP5D$chr19$1241749$+,0.52
chr19:1188600-1190600,ENSG00000099625.8$C19orf26$chr19$1238026$-,0.61
chr19:1353000-1354600,ENSG00000099625.8$C19orf26$chr19$1238026$-,0.39
chr19:1405800-1407800,ENSG00000099625.8$C19orf26$chr19$1238026$-,0.35
chr19:8383400-8385600,ENSG00000099783.7$HNRNPM$chr19$8509651$+,0.45
chr19:8442200-8443400,ENSG00000099783.7$HNRNPM$chr19$8509651$+,0.54
chr19:8675600-8678000,ENSG00000099783.7$HNRNPM$chr19$8509651$+,0.46
chr19:8383400-8385600,ENSG00000099785.6$MARCH2$chr19$8478154$+,0.57
chr19:8442200-8443400,ENSG00000099785.6$MARCH2$chr19$8478154$+,0.66
chr19:14530200-14531400,ENSG00000099795.2$NDUFB7$chr19$14682874$-,0.35
chr19:14777800-14780200,ENSG00000099795.2$NDUFB7$chr19$14682874$-,0.51
chr19:14799200-14800200,ENSG00000099795.2$NDUFB7$chr19$14682874$-,0.38
chr19:14801400-14803400,ENSG00000099795.2$NDUFB7$chr19$14682874$-,0.43
chr19:14682800-14683600,ENSG00000099797.7$TECR$chr19$14627897$+,0.47
chr19:14777800-14780200,ENSG00000099797.7$TECR$chr19$14627897$+,0.38
chr19:2506400-2508800,ENSG00000099800.3$TIMM13$chr19$2427892$-,0.5
chr19:489600-491800,ENSG00000099804.4$CDC34$chr19$531714$+,0.43
chr9:21800000-21802000,ENSG00000099810.14$MTAP$chr9$21802542$+,0.35
chr19:1056800-1059200,ENSG00000099817.7$POLR2E$chr19$1095598$-,0.58
chr19:1188600-1190600,ENSG00000099817.7$POLR2E$chr19$1095598$-,0.47
chr19:489600-491800,ENSG00000099821.9$POLRMT$chr19$633597$-,0.49
chr19:344200-346000,ENSG00000099822.2$HCN2$chr19$589893$+,0.35
chr19:489600-491800,ENSG00000099822.2$HCN2$chr19$589893$+,0.36
chr19:1938800-1940400,ENSG00000099840.9$IZUMO4$chr19$2096380$+,0.58
chr11:507400-509400,ENSG00000099849.10$RASSF7$chr11$560404$+,0.43
chr11:517200-519400,ENSG00000099849.10$RASSF7$chr11$560404$+,0.55
chr19:2506400-2508800,ENSG00000099860.4$GADD45B$chr19$2476120$+,0.46
chr19:344200-346000,ENSG00000099866.10$MADCAM1$chr19$489176$+,0.38
chr19:1938800-1940400,ENSG00000099875.10$MKNK2$chr19$2051243$-,0.47
chr22:19825000-19825600,ENSG00000099889.9$ARVCF$chr22$20004331$-,0.38
chr22:19843200-19845200,ENSG00000099889.9$ARVCF$chr22$20004331$-,0.39
chr22:20006600-20008800,ENSG00000099889.9$ARVCF$chr22$20004331$-,0.58
chr22:20059200-20061000,ENSG00000099889.9$ARVCF$chr22$20004331$-,0.58
chr22:20004600-20006200,ENSG00000099899.10$TRMT2A$chr22$20104915$-,0.4
chr22:20006600-20008800,ENSG00000099899.10$TRMT2A$chr22$20104915$-,0.41
chr22:20059200-20061000,ENSG00000099899.10$TRMT2A$chr22$20104915$-,0.58
chr22:20004600-20006200,ENSG00000099901.12$RANBP1$chr22$20103461$+,0.43
chr22:20006600-20008800,ENSG00000099901.12$RANBP1$chr22$20103461$+,0.38
chr22:20059200-20061000,ENSG00000099901.12$RANBP1$chr22$20103461$+,0.54
chr22:19825000-19825600,ENSG00000099904.11$ZDHHC8$chr22$20116979$+,0.37
chr22:20004600-20006200,ENSG00000099904.11$ZDHHC8$chr22$20116979$+,0.43
chr22:20006600-20008800,ENSG00000099904.11$ZDHHC8$chr22$20116979$+,0.37
chr22:20059200-20061000,ENSG00000099904.11$ZDHHC8$chr22$20116979$+,0.63
chr22:20747000-20748600,ENSG00000099910.12$KLHL22$chr22$20850170$-,0.45
chr22:20812800-20814800,ENSG00000099910.12$KLHL22$chr22$20850170$-,0.5
chr22:20828800-20831200,ENSG00000099910.12$KLHL22$chr22$20850170$-,0.53
chr22:20860800-20861800,ENSG00000099910.12$KLHL22$chr22$20850170$-,0.66
chr22:20747000-20748600,ENSG00000099917.13$MED15$chr22$20850200$+,0.49
chr22:20812800-20814800,ENSG00000099917.13$MED15$chr22$20850200$+,0.5
chr22:20828800-20831200,ENSG00000099917.13$MED15$chr22$20850200$+,0.56
chr22:20860800-20861800,ENSG00000099917.13$MED15$chr22$20850200$+,0.72
chr22:21054600-21056600,ENSG00000099940.7$SNAP29$chr22$21213271$+,0.35
chr22:21057400-21059400,ENSG00000099940.7$SNAP29$chr22$21213271$+,0.46
chr22:21268800-21271200,ENSG00000099940.7$SNAP29$chr22$21213271$+,0.57
chr22:21357400-21359400,ENSG00000099940.7$SNAP29$chr22$21213271$+,0.37
chr22:21054600-21056600,ENSG00000099942.8$CRKL$chr22$21271714$+,0.39
chr22:21057400-21059400,ENSG00000099942.8$CRKL$chr22$21271714$+,0.38
chr22:21268800-21271200,ENSG00000099942.8$CRKL$chr22$21271714$+,0.46
chr22:21357400-21359400,ENSG00000099942.8$CRKL$chr22$21271714$+,0.42
chr22:21357400-21359400,ENSG00000099949.14$LZTR1$chr22$21333751$+,0.35
chr22:24046400-24048400,ENSG00000099953.5$MMP11$chr22$24110413$+,0.46
chr22:24091800-24092800,ENSG00000099953.5$MMP11$chr22$24110413$+,0.58
chr22:24200400-24202800,ENSG00000099953.5$MMP11$chr22$24110413$+,0.35
chr22:24233800-24236200,ENSG00000099953.5$MMP11$chr22$24110413$+,0.36
chr22:24256200-24258400,ENSG00000099953.5$MMP11$chr22$24110413$+,0.39
chr22:24046400-24048400,ENSG00000099956.13$SMARCB1$chr22$24129150$+,0.51
chr22:24091800-24092800,ENSG00000099956.13$SMARCB1$chr22$24129150$+,0.59
chr22:24200400-24202800,ENSG00000099956.13$SMARCB1$chr22$24129150$+,0.61
chr22:24233800-24236200,ENSG00000099956.13$SMARCB1$chr22$24129150$+,0.52
chr22:24256200-24258400,ENSG00000099956.13$SMARCB1$chr22$24129150$+,0.51
chr22:24373600-24375400,ENSG00000099956.13$SMARCB1$chr22$24129150$+,0.36
chr22:24384400-24386600,ENSG00000099956.13$SMARCB1$chr22$24129150$+,0.39
chr22:21357400-21359400,ENSG00000099957.12$P2RX6$chr22$21364097$+,0.57
chr22:24046400-24048400,ENSG00000099958.10$DERL3$chr22$24181315$-,0.36
chr22:24200400-24202800,ENSG00000099958.10$DERL3$chr22$24181315$-,0.49
chr22:24233800-24236200,ENSG00000099958.10$DERL3$chr22$24181315$-,0.45
chr22:24256200-24258400,ENSG00000099958.10$DERL3$chr22$24181315$-,0.48
chr22:18119600-18121000,ENSG00000099968.13$BCL2L13$chr22$18111621$+,0.59
chr22:18122400-18124600,ENSG00000099968.13$BCL2L13$chr22$18111621$+,0.61
chr22:18125200-18126200,ENSG00000099968.13$BCL2L13$chr22$18111621$+,0.7
chr22:24256200-24258400,ENSG00000099974.7$DDTL$chr22$24309089$+,0.37
chr22:24370800-24372600,ENSG00000099974.7$DDTL$chr22$24309089$+,0.37
chr22:30484400-30486600,ENSG00000099985.3$OSM$chr22$30662829$-,0.37
chr22:30517800-30519200,ENSG00000099985.3$OSM$chr22$30662829$-,0.44
chr22:30753400-30755600,ENSG00000099985.3$OSM$chr22$30662829$-,0.37
chr22:24200400-24202800,ENSG00000099991.12$CABIN1$chr22$24407642$+,0.43
chr22:24233800-24236200,ENSG00000099991.12$CABIN1$chr22$24407642$+,0.36
chr22:24256200-24258400,ENSG00000099991.12$CABIN1$chr22$24407642$+,0.41
chr22:24370800-24372600,ENSG00000099991.12$CABIN1$chr22$24407642$+,0.59
chr22:24373600-24375400,ENSG00000099991.12$CABIN1$chr22$24407642$+,0.69
chr22:24384400-24386600,ENSG00000099991.12$CABIN1$chr22$24407642$+,0.77
chr22:24419000-24420400,ENSG00000099991.12$CABIN1$chr22$24407642$+,0.73
chr22:30753400-30755600,ENSG00000099992.11$TBC1D10A$chr22$30723035$-,0.53
chr22:30753400-30755600,ENSG00000099995.14$SF3A1$chr22$30752936$-,0.36
chr22:30753400-30755600,ENSG00000100003.13$SEC14L2$chr22$30792846$+,0.53
chr22:21939000-21940600,ENSG00000100023.13$PPIL2$chr22$22006559$+,0.39
chr22:21955800-21957400,ENSG00000100023.13$PPIL2$chr22$22006559$+,0.43
chr22:22000400-22001800,ENSG00000100023.13$PPIL2$chr22$22006559$+,0.59
chr22:22019400-22020200,ENSG00000100023.13$PPIL2$chr22$22006559$+,0.65
chr22:22021000-22023000,ENSG00000100023.13$PPIL2$chr22$22006559$+,0.58
chr22:22138800-22140200,ENSG00000100023.13$PPIL2$chr22$22006559$+,0.36
chr22:21939000-21940600,ENSG00000100027.10$YPEL1$chr22$22090123$-,0.37
chr22:22000400-22001800,ENSG00000100027.10$YPEL1$chr22$22090123$-,0.48
chr22:22019400-22020200,ENSG00000100027.10$YPEL1$chr22$22090123$-,0.37
chr22:22021000-22023000,ENSG00000100027.10$YPEL1$chr22$22090123$-,0.46
chr22:22138800-22140200,ENSG00000100027.10$YPEL1$chr22$22090123$-,0.45
chr22:22166400-22166800,ENSG00000100027.10$YPEL1$chr22$22090123$-,0.36
chr22:22222400-22223600,ENSG00000100027.10$YPEL1$chr22$22090123$-,0.35
chr22:25017600-25019600,ENSG00000100028.7$SNRPD3$chr22$24951471$+,0.41
chr22:30984800-30987200,ENSG00000100029.13$PES1$chr22$31003070$-,0.42
chr22:22000400-22001800,ENSG00000100030.10$MAPK1$chr22$22221970$-,0.46
chr22:22019400-22020200,ENSG00000100030.10$MAPK1$chr22$22221970$-,0.41
chr22:22021000-22023000,ENSG00000100030.10$MAPK1$chr22$22221970$-,0.42
chr22:22138800-22140200,ENSG00000100030.10$MAPK1$chr22$22221970$-,0.42
chr22:22166400-22166800,ENSG00000100030.10$MAPK1$chr22$22221970$-,0.54
chr22:22222400-22223600,ENSG00000100034.9$PPM1F$chr22$22307209$-,0.43
chr22:30984800-30987200,ENSG00000100036.11$SLC35E4$chr22$31031639$+,0.62
chr22:31064400-31065000,ENSG00000100036.11$SLC35E4$chr22$31031639$+,0.69
chr22:31089200-31090400,ENSG00000100036.11$SLC35E4$chr22$31031639$+,0.61
chr22:22222400-22223600,ENSG00000100038.15$TOP3B$chr22$22337213$-,0.35
chr22:19182600-19184400,ENSG00000100056.7$DGCR14$chr22$19132197$-,0.52
chr22:37925600-37927000,ENSG00000100060.13$MFNG$chr22$37882439$-,0.56
chr22:38005800-38008200,ENSG00000100060.13$MFNG$chr22$37882439$-,0.45
chr22:37925600-37927000,ENSG00000100065.10$CARD10$chr22$37915549$-,0.48
chr22:19129600-19131600,ENSG00000100075.5$SLC25A1$chr22$19166343$-,0.41
chr22:19182600-19184400,ENSG00000100075.5$SLC25A1$chr22$19166343$-,0.74
chr22:25994000-25995000,ENSG00000100077.10$ADRBK2$chr22$25960816$+,0.47
chr22:31555000-31556200,ENSG00000100078.3$PLA2G3$chr22$31536593$-,0.41
chr22:37925600-37927000,ENSG00000100083.14$GGA1$chr22$38004481$+,0.58
chr22:38005800-38008200,ENSG00000100083.14$GGA1$chr22$38004481$+,0.5
chr22:19435800-19437800,ENSG00000100084.10$HIRA$chr22$19435224$-,0.37
chr22:19476000-19477600,ENSG00000100084.10$HIRA$chr22$19435224$-,0.55
chr22:37925600-37927000,ENSG00000100092.16$SH3BP1$chr22$38030661$+,0.6
chr22:38005800-38008200,ENSG00000100092.16$SH3BP1$chr22$38030661$+,0.55
chr22:26756000-26757200,ENSG00000100099.16$HPS4$chr22$26879803$-,0.52
chr22:26823000-26824600,ENSG00000100099.16$HPS4$chr22$26879803$-,0.49
chr22:26880200-26882600,ENSG00000100099.16$HPS4$chr22$26879803$-,0.35
chr22:26905800-26908000,ENSG00000100099.16$HPS4$chr22$26879803$-,0.56
chr22:26909000-26911000,ENSG00000100099.16$HPS4$chr22$26879803$-,0.56
chr22:31707600-31708400,ENSG00000100100.8$PIK3IP1$chr22$31688520$-,0.56
chr22:31708600-31711000,ENSG00000100100.8$PIK3IP1$chr22$31688520$-,0.47
chr22:31886800-31888800,ENSG00000100100.8$PIK3IP1$chr22$31688520$-,0.36
chr22:26756000-26757200,ENSG00000100104.8$SRRD$chr22$26879843$+,0.53
chr22:26823000-26824600,ENSG00000100104.8$SRRD$chr22$26879843$+,0.5
chr22:26880200-26882600,ENSG00000100104.8$SRRD$chr22$26879843$+,0.36
chr22:26905800-26908000,ENSG00000100104.8$SRRD$chr22$26879843$+,0.54
chr22:26909000-26911000,ENSG00000100104.8$SRRD$chr22$26879843$+,0.58
chr22:31707600-31708400,ENSG00000100105.13$PATZ1$chr22$31742218$-,0.56
chr22:31708600-31711000,ENSG00000100105.13$PATZ1$chr22$31742218$-,0.55
chr22:31879400-31881600,ENSG00000100105.13$PATZ1$chr22$31742218$-,0.42
chr22:31883000-31885000,ENSG00000100105.13$PATZ1$chr22$31742218$-,0.42
chr22:31886800-31888800,ENSG00000100105.13$PATZ1$chr22$31742218$-,0.43
chr22:26689800-26692200,ENSG00000100109.12$TFIP11$chr22$26908471$-,0.37
chr22:26823000-26824600,ENSG00000100109.12$TFIP11$chr22$26908471$-,0.57
chr22:26880200-26882600,ENSG00000100109.12$TFIP11$chr22$26908471$-,0.49
chr22:26909000-26911000,ENSG00000100109.12$TFIP11$chr22$26908471$-,0.44
chr22:38243600-38245000,ENSG00000100116.12$GCAT$chr22$38203912$+,0.42
chr22:38250000-38252000,ENSG00000100116.12$GCAT$chr22$38203912$+,0.35
chr22:38250000-38252000,ENSG00000100124.8$ANKRD54$chr22$38245334$-,0.63
chr22:38250000-38252000,ENSG00000100129.13$EIF3L$chr22$38244875$+,0.71
chr22:41940600-41942200,ENSG00000100138.9$NHP2L1$chr22$42086508$-,0.39
chr22:41983200-41985200,ENSG00000100138.9$NHP2L1$chr22$42086508$-,0.47
chr22:42044200-42044800,ENSG00000100138.9$NHP2L1$chr22$42086508$-,0.5
chr22:42075600-42078000,ENSG00000100138.9$NHP2L1$chr22$42086508$-,0.52
chr22:42078800-42081000,ENSG00000100138.9$NHP2L1$chr22$42086508$-,0.48
chr22:42194800-42196200,ENSG00000100138.9$NHP2L1$chr22$42086508$-,0.39
chr22:42075600-42078000,ENSG00000100147.9$CCDC134$chr22$42196683$+,0.37
chr22:42078800-42081000,ENSG00000100147.9$CCDC134$chr22$42196683$+,0.35
chr22:42085400-42087200,ENSG00000100147.9$CCDC134$chr22$42196683$+,0.41
chr22:32060400-32062200,ENSG00000100150.12$DEPDC5$chr22$32149944$+,0.48
chr22:32072200-32073400,ENSG00000100150.12$DEPDC5$chr22$32149944$+,0.54
chr22:32143200-32145400,ENSG00000100150.12$DEPDC5$chr22$32149944$+,0.66
chr22:32338000-32340000,ENSG00000100150.12$DEPDC5$chr22$32149944$+,0.35
chr22:32365400-32367600,ENSG00000100150.12$DEPDC5$chr22$32149944$+,0.35
chr22:38577800-38579400,ENSG00000100151.11$PICK1$chr22$38452318$+,0.58
chr22:38453800-38454600,ENSG00000100156.6$SLC16A8$chr22$38480100$-,0.45
chr22:42417400-42419600,ENSG00000100162.10$CENPM$chr22$42343168$-,0.55
chr22:42426200-42428600,ENSG00000100162.10$CENPM$chr22$42343168$-,0.55
chr22:42484600-42486000,ENSG00000100162.10$CENPM$chr22$42343168$-,0.42
chr22:42487400-42489200,ENSG00000100162.10$CENPM$chr22$42343168$-,0.41
chr22:42417400-42419600,ENSG00000100167.15$SEPT3$chr22$42372276$+,0.59
chr22:42426200-42428600,ENSG00000100167.15$SEPT3$chr22$42372276$+,0.36
chr22:38808200-38810600,ENSG00000100196.6$KDELR3$chr22$38864067$+,0.4
chr22:38893800-38896000,ENSG00000100196.6$KDELR3$chr22$38864067$+,0.48
chr22:38893800-38896000,ENSG00000100201.14$DDX17$chr22$38903665$-,0.51
chr22:38926600-38929000,ENSG00000100201.14$DDX17$chr22$38903665$-,0.56
chr22:39053400-39054800,ENSG00000100201.14$DDX17$chr22$38903665$-,0.42
chr22:38893800-38896000,ENSG00000100206.5$DMC1$chr22$38966291$-,0.55
chr22:38926600-38929000,ENSG00000100206.5$DMC1$chr22$38966291$-,0.65
chr22:39048800-39050000,ENSG00000100206.5$DMC1$chr22$38966291$-,0.62
chr22:39051200-39052000,ENSG00000100206.5$DMC1$chr22$38966291$-,0.59
chr22:39053400-39054800,ENSG00000100206.5$DMC1$chr22$38966291$-,0.56
chr22:39140600-39143000,ENSG00000100206.5$DMC1$chr22$38966291$-,0.37
chr22:29167000-29169200,ENSG00000100209.5$HSCB$chr22$29138019$+,0.63
chr22:38893800-38896000,ENSG00000100211.6$CBY1$chr22$39052641$+,0.4
chr22:38926600-38929000,ENSG00000100211.6$CBY1$chr22$39052641$+,0.43
chr22:39048800-39050000,ENSG00000100211.6$CBY1$chr22$39052641$+,0.59
chr22:39051200-39052000,ENSG00000100211.6$CBY1$chr22$39052641$+,0.37
chr22:39140600-39143000,ENSG00000100211.6$CBY1$chr22$39052641$+,0.53
chr22:39188600-39189600,ENSG00000100211.6$CBY1$chr22$39052641$+,0.58
chr22:39190200-39191000,ENSG00000100211.6$CBY1$chr22$39052641$+,0.54
chr22:38893800-38896000,ENSG00000100216.4$TOMM22$chr22$39077953$+,0.36
chr22:38926600-38929000,ENSG00000100216.4$TOMM22$chr22$39077953$+,0.45
chr22:39048800-39050000,ENSG00000100216.4$TOMM22$chr22$39077953$+,0.62
chr22:39051200-39052000,ENSG00000100216.4$TOMM22$chr22$39077953$+,0.5
chr22:39053400-39054800,ENSG00000100216.4$TOMM22$chr22$39077953$+,0.62
chr22:39140600-39143000,ENSG00000100216.4$TOMM22$chr22$39077953$+,0.45
chr22:39188600-39189600,ENSG00000100216.4$TOMM22$chr22$39077953$+,0.44
chr22:39190200-39191000,ENSG00000100216.4$TOMM22$chr22$39077953$+,0.49
chr22:39268600-39271000,ENSG00000100216.4$TOMM22$chr22$39077953$+,0.45
chr22:29138600-29141000,ENSG00000100219.12$XBP1$chr22$29196585$-,0.51
chr22:29167000-29169200,ENSG00000100219.12$XBP1$chr22$29196585$-,0.6
chr22:32869200-32870600,ENSG00000100220.7$RTCB$chr22$32808242$-,0.48
chr22:38926600-38929000,ENSG00000100221.6$JOSD1$chr22$39097561$-,0.36
chr22:39048800-39050000,ENSG00000100221.6$JOSD1$chr22$39097561$-,0.55
chr22:39051200-39052000,ENSG00000100221.6$JOSD1$chr22$39097561$-,0.55
chr22:39053400-39054800,ENSG00000100221.6$JOSD1$chr22$39097561$-,0.53
chr22:39140600-39143000,ENSG00000100221.6$JOSD1$chr22$39097561$-,0.51
chr22:39188600-39189600,ENSG00000100221.6$JOSD1$chr22$39097561$-,0.39
chr22:39190200-39191000,ENSG00000100221.6$JOSD1$chr22$39097561$-,0.38
chr22:38926600-38929000,ENSG00000100226.11$GTPBP1$chr22$39101728$+,0.37
chr22:39048800-39050000,ENSG00000100226.11$GTPBP1$chr22$39101728$+,0.59
chr22:39051200-39052000,ENSG00000100226.11$GTPBP1$chr22$39101728$+,0.54
chr22:39053400-39054800,ENSG00000100226.11$GTPBP1$chr22$39101728$+,0.41
chr22:39140600-39143000,ENSG00000100226.11$GTPBP1$chr22$39101728$+,0.6
chr22:39188600-39189600,ENSG00000100226.11$GTPBP1$chr22$39101728$+,0.54
chr22:39190200-39191000,ENSG00000100226.11$GTPBP1$chr22$39101728$+,0.5
chr22:39268600-39271000,ENSG00000100226.11$GTPBP1$chr22$39101728$+,0.38
chr22:43045800-43046600,ENSG00000100227.13$POLDIP3$chr22$43010968$-,0.52
chr22:50763200-50765600,ENSG00000100239.11$PPP6R2$chr22$50781733$+,0.63
chr22:50766000-50767000,ENSG00000100239.11$PPP6R2$chr22$50781733$+,0.66
chr22:50779400-50781600,ENSG00000100239.11$PPP6R2$chr22$50781733$+,0.37
chr22:50929000-50930400,ENSG00000100239.11$PPP6R2$chr22$50781733$+,0.48
chr22:50947200-50949200,ENSG00000100239.11$PPP6R2$chr22$50781733$+,0.35
chr22:50763200-50765600,ENSG00000100241.16$SBF1$chr22$50913454$-,0.38
chr22:50766000-50767000,ENSG00000100241.16$SBF1$chr22$50913454$-,0.4
chr22:50779400-50781600,ENSG00000100241.16$SBF1$chr22$50913454$-,0.48
chr22:50929000-50930400,ENSG00000100241.16$SBF1$chr22$50913454$-,0.68
chr22:50947200-50949200,ENSG00000100241.16$SBF1$chr22$50913454$-,0.51
chr22:51001800-51004200,ENSG00000100241.16$SBF1$chr22$50913454$-,0.52
chr22:51067200-51069600,ENSG00000100241.16$SBF1$chr22$50913454$-,0.5
chr22:39048800-39050000,ENSG00000100242.11$SUN2$chr22$39190148$-,0.41
chr22:39051200-39052000,ENSG00000100242.11$SUN2$chr22$39190148$-,0.41
chr22:39053400-39054800,ENSG00000100242.11$SUN2$chr22$39190148$-,0.47
chr22:39140600-39143000,ENSG00000100242.11$SUN2$chr22$39190148$-,0.56
chr22:39268600-39271000,ENSG00000100242.11$SUN2$chr22$39190148$-,0.51
chr22:39048800-39050000,ENSG00000100246.8$DNAL4$chr22$39190203$-,0.42
chr22:39051200-39052000,ENSG00000100246.8$DNAL4$chr22$39190203$-,0.41
chr22:39053400-39054800,ENSG00000100246.8$DNAL4$chr22$39190203$-,0.47
chr22:39140600-39143000,ENSG00000100246.8$DNAL4$chr22$39190203$-,0.58
chr22:39268600-39271000,ENSG00000100246.8$DNAL4$chr22$39190203$-,0.51
chr22:50929000-50930400,ENSG00000100253.8$MIOX$chr22$50925213$+,0.55
chr22:50929000-50930400,ENSG00000100258.13$LMF2$chr22$50946135$-,0.57
chr22:50947200-50949200,ENSG00000100258.13$LMF2$chr22$50946135$-,0.38
chr22:51001800-51004200,ENSG00000100258.13$LMF2$chr22$50946135$-,0.51
chr22:51067200-51069600,ENSG00000100258.13$LMF2$chr22$50946135$-,0.42
chr22:29784800-29786200,ENSG00000100263.9$RHBDD3$chr22$29664198$-,0.48
chr22:43253200-43255200,ENSG00000100266.13$PACSIN2$chr22$43411151$-,0.45
chr22:43481400-43483400,ENSG00000100266.13$PACSIN2$chr22$43411151$-,0.6
chr22:43485200-43486600,ENSG00000100266.13$PACSIN2$chr22$43411151$-,0.62
chr22:43481400-43483400,ENSG00000100271.12$TTLL1$chr22$43485434$-,0.5
chr22:29784800-29786200,ENSG00000100280.12$AP1B1$chr22$29819168$-,0.35
chr22:35626800-35628000,ENSG00000100281.9$HMGXB4$chr22$35653445$+,0.62
chr22:35693800-35695400,ENSG00000100281.9$HMGXB4$chr22$35653445$+,0.51
chr22:35626800-35628000,ENSG00000100284.16$TOM1$chr22$35695268$+,0.57
chr22:51001800-51004200,ENSG00000100288.15$CHKB$chr22$51039884$-,0.35
chr22:51067200-51069600,ENSG00000100288.15$CHKB$chr22$51039884$-,0.43
chr22:43481400-43483400,ENSG00000100290.2$BIK$chr22$43506754$+,0.56
chr22:43485200-43486600,ENSG00000100290.2$BIK$chr22$43506754$+,0.52
chr22:43481400-43483400,ENSG00000100294.8$MCAT$chr22$43539400$-,0.66
chr22:43485200-43486600,ENSG00000100294.8$MCAT$chr22$43539400$-,0.64
chr22:35693800-35695400,ENSG00000100297.11$MCM5$chr22$35796056$+,0.41
chr22:39384400-39386400,ENSG00000100298.11$APOBEC3H$chr22$39493229$+,0.39
chr22:39397800-39400000,ENSG00000100298.11$APOBEC3H$chr22$39493229$+,0.39
chr22:39425000-39425600,ENSG00000100298.11$APOBEC3H$chr22$39493229$+,0.49
chr22:39431400-39433800,ENSG00000100298.11$APOBEC3H$chr22$39493229$+,0.53
chr22:39539400-39541000,ENSG00000100298.11$APOBEC3H$chr22$39493229$+,0.53
chr22:39549200-39550400,ENSG00000100298.11$APOBEC3H$chr22$39493229$+,0.5
chr22:50929000-50930400,ENSG00000100299.13$ARSA$chr22$51066607$-,0.52
chr22:50947200-50949200,ENSG00000100299.13$ARSA$chr22$51066607$-,0.38
chr22:51001800-51004200,ENSG00000100299.13$ARSA$chr22$51066607$-,0.46
chr22:51195600-51197000,ENSG00000100299.13$ARSA$chr22$51066607$-,0.37
chr22:43481400-43483400,ENSG00000100300.13$TSPO$chr22$43547520$+,0.56
chr22:43485200-43486600,ENSG00000100300.13$TSPO$chr22$43547520$+,0.57
chr22:43481400-43483400,ENSG00000100304.12$TTLL12$chr22$43583139$-,0.54
chr22:43485200-43486600,ENSG00000100304.12$TTLL12$chr22$43583139$-,0.64
chr22:39425000-39425600,ENSG00000100307.8$CBX7$chr22$39548679$-,0.39
chr22:39431400-39433800,ENSG00000100307.8$CBX7$chr22$39548679$-,0.35
chr22:39539400-39541000,ENSG00000100307.8$CBX7$chr22$39548679$-,0.5
chr22:39397800-39400000,ENSG00000100311.12$PDGFB$chr22$39640756$-,0.38
chr22:39431400-39433800,ENSG00000100311.12$PDGFB$chr22$39640756$-,0.37
chr22:39549200-39550400,ENSG00000100311.12$PDGFB$chr22$39640756$-,0.38
chr22:39716400-39717200,ENSG00000100311.12$PDGFB$chr22$39640756$-,0.4
chr22:51067200-51069600,ENSG00000100312.6$ACR$chr22$51176624$+,0.39
chr22:51195600-51197000,ENSG00000100312.6$ACR$chr22$51176624$+,0.63
chr22:29985800-29987000,ENSG00000100319.11$ZMAT5$chr22$30163000$-,0.42
chr22:30004400-30005800,ENSG00000100319.11$ZMAT5$chr22$30163000$-,0.49
chr22:36461000-36463200,ENSG00000100320.18$RBFOX2$chr22$36424473$-,0.35
chr22:39716400-39717200,ENSG00000100321.10$SYNGR1$chr22$39745930$+,0.6
chr22:39716400-39717200,ENSG00000100324.9$TAB1$chr22$39795746$+,0.5
chr22:40012800-40015000,ENSG00000100324.9$TAB1$chr22$39795746$+,0.42
chr22:36575200-36577200,ENSG00000100336.13$APOL4$chr22$36600886$-,0.39
chr22:36575200-36577200,ENSG00000100342.16$APOL1$chr22$36649056$+,0.49
chr22:44206200-44207800,ENSG00000100347.10$SAMM50$chr22$44351301$+,0.51
chr22:44208800-44210400,ENSG00000100347.10$SAMM50$chr22$44351301$+,0.49
chr22:44286400-44288400,ENSG00000100347.10$SAMM50$chr22$44351301$+,0.5
chr22:44340000-44342200,ENSG00000100347.10$SAMM50$chr22$44351301$+,0.62
chr22:36922000-36924400,ENSG00000100348.5$TXN2$chr22$36878077$-,0.62
chr22:36925800-36927400,ENSG00000100348.5$TXN2$chr22$36878077$-,0.61
chr22:36922000-36924400,ENSG00000100350.10$FOXRED2$chr22$36903148$-,0.67
chr22:36925800-36927400,ENSG00000100350.10$FOXRED2$chr22$36903148$-,0.5
chr22:40287800-40289800,ENSG00000100351.12$GRAP2$chr22$40297086$+,0.46
chr22:36922000-36924400,ENSG00000100353.13$EIF3D$chr22$36925483$-,0.38
chr22:40287800-40289800,ENSG00000100354.16$TNRC6B$chr22$40440821$+,0.36
chr22:40624800-40626200,ENSG00000100359.16$SGSM3$chr22$40766595$+,0.37
chr22:40735600-40737200,ENSG00000100359.16$SGSM3$chr22$40766595$+,0.61
chr22:40737400-40739800,ENSG00000100359.16$SGSM3$chr22$40766595$+,0.52
chr22:40740400-40742000,ENSG00000100359.16$SGSM3$chr22$40766595$+,0.5
chr22:37177200-37179000,ENSG00000100360.10$IFT27$chr22$37172300$-,0.55
chr22:37248600-37250600,ENSG00000100360.10$IFT27$chr22$37172300$-,0.57
chr22:45581400-45582400,ENSG00000100364.14$KIAA0930$chr22$45636650$-,0.47
chr22:45613600-45616000,ENSG00000100364.14$KIAA0930$chr22$45636650$-,0.62
chr22:45808600-45811000,ENSG00000100364.14$KIAA0930$chr22$45636650$-,0.38
chr22:37169600-37171600,ENSG00000100365.10$NCF4$chr22$37257030$+,0.36
chr22:37172200-37173800,ENSG00000100365.10$NCF4$chr22$37257030$+,0.61
chr22:37177200-37179000,ENSG00000100365.10$NCF4$chr22$37257030$+,0.53
chr22:37248600-37250600,ENSG00000100365.10$NCF4$chr22$37257030$+,0.73
chr22:41253800-41255600,ENSG00000100372.10$SLC25A17$chr22$41215403$-,0.54
chr22:41294600-41295600,ENSG00000100372.10$SLC25A17$chr22$41215403$-,0.56
chr22:41318800-41319400,ENSG00000100372.10$SLC25A17$chr22$41215403$-,0.37
chr22:45581400-45582400,ENSG00000100376.7$FAM118A$chr22$45704849$+,0.57
chr22:45613600-45616000,ENSG00000100376.7$FAM118A$chr22$45704849$+,0.51
chr22:45808600-45811000,ENSG00000100376.7$FAM118A$chr22$45704849$+,0.4
chr22:41126400-41126600,ENSG00000100380.8$ST13$chr22$41253026$-,0.37
chr22:41215600-41217600,ENSG00000100380.8$ST13$chr22$41253026$-,0.61
chr22:41294600-41295600,ENSG00000100380.8$ST13$chr22$41253026$-,0.65
chr22:41318800-41319400,ENSG00000100380.8$ST13$chr22$41253026$-,0.41
chr22:41418600-41419800,ENSG00000100380.8$ST13$chr22$41253026$-,0.45
chr22:41486400-41487200,ENSG00000100380.8$ST13$chr22$41253026$-,0.37
chr22:41215600-41217600,ENSG00000100387.8$RBX1$chr22$41347351$+,0.36
chr22:41253800-41255600,ENSG00000100387.8$RBX1$chr22$41347351$+,0.48
chr22:41294600-41295600,ENSG00000100387.8$RBX1$chr22$41347351$+,0.5
chr22:41318800-41319400,ENSG00000100387.8$RBX1$chr22$41347351$+,0.52
chr22:41418600-41419800,ENSG00000100387.8$RBX1$chr22$41347351$+,0.49
chr22:41486400-41487200,ENSG00000100387.8$RBX1$chr22$41347351$+,0.42
chr22:41594000-41595800,ENSG00000100387.8$RBX1$chr22$41347351$+,0.35
chr22:41294600-41295600,ENSG00000100393.9$EP300$chr22$41487790$+,0.46
chr22:41318800-41319400,ENSG00000100393.9$EP300$chr22$41487790$+,0.4
chr22:41418600-41419800,ENSG00000100393.9$EP300$chr22$41487790$+,0.71
chr22:41500600-41501000,ENSG00000100393.9$EP300$chr22$41487790$+,0.68
chr22:41591400-41593600,ENSG00000100393.9$EP300$chr22$41487790$+,0.36
chr22:41594000-41595800,ENSG00000100393.9$EP300$chr22$41487790$+,0.43
chr22:41599400-41601200,ENSG00000100393.9$EP300$chr22$41487790$+,0.5
chr22:41602000-41604400,ENSG00000100393.9$EP300$chr22$41487790$+,0.43
chr22:41486400-41487200,ENSG00000100395.10$L3MBTL2$chr22$41601209$+,0.39
chr22:41500600-41501000,ENSG00000100395.10$L3MBTL2$chr22$41601209$+,0.35
chr22:41591400-41593600,ENSG00000100395.10$L3MBTL2$chr22$41601209$+,0.53
chr22:41594000-41595800,ENSG00000100395.10$L3MBTL2$chr22$41601209$+,0.45
chr22:41696200-41697800,ENSG00000100395.10$L3MBTL2$chr22$41601209$+,0.45
chr22:41801400-41803000,ENSG00000100395.10$L3MBTL2$chr22$41601209$+,0.38
chr22:41591400-41593600,ENSG00000100401.15$RANGAP1$chr22$41682255$-,0.51
chr22:41594000-41595800,ENSG00000100401.15$RANGAP1$chr22$41682255$-,0.52
chr22:41599400-41601200,ENSG00000100401.15$RANGAP1$chr22$41682255$-,0.53
chr22:41602000-41604400,ENSG00000100401.15$RANGAP1$chr22$41682255$-,0.5
chr22:41696200-41697800,ENSG00000100401.15$RANGAP1$chr22$41682255$-,0.71
chr22:41801400-41803000,ENSG00000100401.15$RANGAP1$chr22$41682255$-,0.43
chr22:41844600-41845800,ENSG00000100401.15$RANGAP1$chr22$41682255$-,0.38
chr22:41862000-41864200,ENSG00000100401.15$RANGAP1$chr22$41682255$-,0.38
chr22:41591400-41593600,ENSG00000100403.10$ZC3H7B$chr22$41697526$+,0.59
chr22:41594000-41595800,ENSG00000100403.10$ZC3H7B$chr22$41697526$+,0.51
chr22:41599400-41601200,ENSG00000100403.10$ZC3H7B$chr22$41697526$+,0.57
chr22:41602000-41604400,ENSG00000100403.10$ZC3H7B$chr22$41697526$+,0.49
chr22:41801400-41803000,ENSG00000100403.10$ZC3H7B$chr22$41697526$+,0.54
chr22:41862000-41864200,ENSG00000100403.10$ZC3H7B$chr22$41697526$+,0.37
chr22:41599400-41601200,ENSG00000100410.3$PHF5A$chr22$41864729$-,0.37
chr22:41801400-41803000,ENSG00000100410.3$PHF5A$chr22$41864729$-,0.55
chr22:41844600-41845800,ENSG00000100410.3$PHF5A$chr22$41864729$-,0.63
chr22:41940600-41942200,ENSG00000100410.3$PHF5A$chr22$41864729$-,0.52
chr22:41983200-41985200,ENSG00000100410.3$PHF5A$chr22$41864729$-,0.39
chr22:42044200-42044800,ENSG00000100410.3$PHF5A$chr22$41864729$-,0.38
chr22:41599400-41601200,ENSG00000100412.11$ACO2$chr22$41865129$+,0.4
chr22:41696200-41697800,ENSG00000100412.11$ACO2$chr22$41865129$+,0.36
chr22:41801400-41803000,ENSG00000100412.11$ACO2$chr22$41865129$+,0.57
chr22:41844600-41845800,ENSG00000100412.11$ACO2$chr22$41865129$+,0.69
chr22:41862000-41864200,ENSG00000100412.11$ACO2$chr22$41865129$+,0.35
chr22:41940600-41942200,ENSG00000100412.11$ACO2$chr22$41865129$+,0.58
chr22:41983200-41985200,ENSG00000100412.11$ACO2$chr22$41865129$+,0.46
chr22:41801400-41803000,ENSG00000100413.12$POLR3H$chr22$41940610$-,0.45
chr22:41844600-41845800,ENSG00000100413.12$POLR3H$chr22$41940610$-,0.53
chr22:41862000-41864200,ENSG00000100413.12$POLR3H$chr22$41940610$-,0.43
chr22:41983200-41985200,ENSG00000100413.12$POLR3H$chr22$41940610$-,0.6
chr22:42044200-42044800,ENSG00000100413.12$POLR3H$chr22$41940610$-,0.52
chr22:42075600-42078000,ENSG00000100413.12$POLR3H$chr22$41940610$-,0.35
chr22:42078800-42081000,ENSG00000100413.12$POLR3H$chr22$41940610$-,0.35
chr22:46730200-46731200,ENSG00000100416.8$TRMU$chr22$46726772$+,0.41
chr22:46732400-46734800,ENSG00000100416.8$TRMU$chr22$46726772$+,0.43
chr22:41801400-41803000,ENSG00000100417.7$PMM1$chr22$41985894$-,0.41
chr22:41844600-41845800,ENSG00000100417.7$PMM1$chr22$41985894$-,0.4
chr22:41940600-41942200,ENSG00000100417.7$PMM1$chr22$41985894$-,0.63
chr22:41983200-41985200,ENSG00000100417.7$PMM1$chr22$41985894$-,0.42
chr22:42044200-42044800,ENSG00000100417.7$PMM1$chr22$41985894$-,0.49
chr22:42075600-42078000,ENSG00000100417.7$PMM1$chr22$41985894$-,0.44
chr22:42078800-42081000,ENSG00000100417.7$PMM1$chr22$41985894$-,0.47
chr22:42085400-42087200,ENSG00000100417.7$PMM1$chr22$41985894$-,0.48
chr22:42194800-42196200,ENSG00000100417.7$PMM1$chr22$41985894$-,0.39
chr22:41801400-41803000,ENSG00000100418.7$DESI1$chr22$42017100$-,0.41
chr22:41940600-41942200,ENSG00000100418.7$DESI1$chr22$42017100$-,0.55
chr22:41983200-41985200,ENSG00000100418.7$DESI1$chr22$42017100$-,0.63
chr22:42044200-42044800,ENSG00000100418.7$DESI1$chr22$42017100$-,0.58
chr22:42075600-42078000,ENSG00000100418.7$DESI1$chr22$42017100$-,0.51
chr22:42078800-42081000,ENSG00000100418.7$DESI1$chr22$42017100$-,0.51
chr22:42085400-42087200,ENSG00000100418.7$DESI1$chr22$42017100$-,0.49
chr22:50265200-50267600,ENSG00000100425.14$BRD1$chr22$50221160$-,0.48
chr22:50414800-50416400,ENSG00000100425.14$BRD1$chr22$50221160$-,0.36
chr22:50265200-50267600,ENSG00000100426.6$ZBED4$chr22$50247490$+,0.62
chr22:50414800-50416400,ENSG00000100426.6$ZBED4$chr22$50247490$+,0.38
chr22:50465600-50467200,ENSG00000100426.6$ZBED4$chr22$50247490$+,0.36
chr22:50414800-50416400,ENSG00000100427.11$MLC1$chr22$50524331$-,0.43
chr22:50465600-50467200,ENSG00000100427.11$MLC1$chr22$50524331$-,0.49
chr22:50763200-50765600,ENSG00000100429.13$HDAC10$chr22$50689834$-,0.52
chr22:50766000-50767000,ENSG00000100429.13$HDAC10$chr22$50689834$-,0.55
chr22:50779400-50781600,ENSG00000100429.13$HDAC10$chr22$50689834$-,0.45
chr14:23058800-23060000,ENSG00000100439.6$ABHD4$chr14$23067146$+,0.74
chr14:23181400-23183400,ENSG00000100439.6$ABHD4$chr14$23067146$+,0.45
chr14:23233600-23235600,ENSG00000100439.6$ABHD4$chr14$23067146$+,0.36
chr14:24682800-24684600,ENSG00000100441.5$KHNYN$chr14$24898492$+,0.41
chr14:24758400-24760200,ENSG00000100441.5$KHNYN$chr14$24898492$+,0.39
chr14:24769800-24771600,ENSG00000100441.5$KHNYN$chr14$24898492$+,0.39
chr14:24912400-24913600,ENSG00000100441.5$KHNYN$chr14$24898492$+,0.62
chr14:45550800-45553000,ENSG00000100442.6$FKBP3$chr14$45604522$-,0.72
chr14:24769800-24771600,ENSG00000100445.12$SDR39U1$chr14$24912111$-,0.4
chr14:24912400-24913600,ENSG00000100450.8$GZMH$chr14$25078905$-,0.4
chr14:25167600-25169800,ENSG00000100450.8$GZMH$chr14$25078905$-,0.45
chr14:25167600-25169800,ENSG00000100453.8$GZMB$chr14$25103473$-,0.54
chr14:23233600-23235600,ENSG00000100461.13$RBM23$chr14$23388393$-,0.4
chr14:23297400-23299000,ENSG00000100461.13$RBM23$chr14$23388393$-,0.43
chr14:23299600-23301600,ENSG00000100461.13$RBM23$chr14$23388393$-,0.47
chr14:23326400-23328800,ENSG00000100461.13$RBM23$chr14$23388393$-,0.47
chr14:23334400-23336200,ENSG00000100461.13$RBM23$chr14$23388393$-,0.48
chr14:23423200-23425600,ENSG00000100461.13$RBM23$chr14$23388393$-,0.52
chr14:23426600-23427400,ENSG00000100461.13$RBM23$chr14$23388393$-,0.53
chr14:23473600-23475800,ENSG00000100461.13$RBM23$chr14$23388393$-,0.52
chr14:23496800-23499000,ENSG00000100461.13$RBM23$chr14$23388393$-,0.35
chr14:23297400-23299000,ENSG00000100462.11$PRMT5$chr14$23398794$-,0.47
chr14:23299600-23301600,ENSG00000100462.11$PRMT5$chr14$23398794$-,0.52
chr14:23326400-23328800,ENSG00000100462.11$PRMT5$chr14$23398794$-,0.41
chr14:23334400-23336200,ENSG00000100462.11$PRMT5$chr14$23398794$-,0.47
chr14:23423200-23425600,ENSG00000100462.11$PRMT5$chr14$23398794$-,0.76
chr14:23426600-23427400,ENSG00000100462.11$PRMT5$chr14$23398794$-,0.62
chr14:23473600-23475800,ENSG00000100462.11$PRMT5$chr14$23398794$-,0.57
chr14:23496800-23499000,ENSG00000100462.11$PRMT5$chr14$23398794$-,0.46
chr14:23504400-23505400,ENSG00000100462.11$PRMT5$chr14$23398794$-,0.4
chr14:23540800-23542800,ENSG00000100462.11$PRMT5$chr14$23398794$-,0.43
chr14:50157200-50159400,ENSG00000100479.8$POLE2$chr14$50155140$-,0.49
chr14:50160400-50162600,ENSG00000100479.8$POLE2$chr14$50155140$-,0.56
chr14:50233000-50234200,ENSG00000100479.8$POLE2$chr14$50155140$-,0.48
chr14:50699000-50701200,ENSG00000100483.9$VCPKMT$chr14$50583318$-,0.37
chr14:50583400-50585600,ENSG00000100485.7$SOS2$chr14$50698276$-,0.46
chr14:50699000-50701200,ENSG00000100485.7$SOS2$chr14$50698276$-,0.39
chr14:50776600-50778400,ENSG00000100485.7$SOS2$chr14$50698276$-,0.56
chr14:50779800-50781400,ENSG00000100485.7$SOS2$chr14$50698276$-,0.45
chr14:51282600-51284600,ENSG00000100503.19$NIN$chr14$51297839$-,0.63
chr14:53020600-53022800,ENSG00000100519.7$PSMC6$chr14$53173890$+,0.43
chr14:53229200-53231400,ENSG00000100519.7$PSMC6$chr14$53173890$+,0.63
chr14:53229200-53231400,ENSG00000100522.4$GNPNAT1$chr14$53258386$-,0.64
chr14:53583800-53585400,ENSG00000100523.10$DDHD1$chr14$53620000$-,0.58
chr14:53605400-53606400,ENSG00000100523.10$DDHD1$chr14$53620000$-,0.71
chr14:53610800-53613200,ENSG00000100523.10$DDHD1$chr14$53620000$-,0.59
chr14:53684800-53685800,ENSG00000100523.10$DDHD1$chr14$53620000$-,0.47
chr14:54908200-54909800,ENSG00000100526.15$CDKN3$chr14$54863567$+,0.57
chr14:54975400-54976200,ENSG00000100526.15$CDKN3$chr14$54863567$+,0.42
chr14:54980800-54981400,ENSG00000100526.15$CDKN3$chr14$54863567$+,0.45
chr14:54975400-54976200,ENSG00000100528.7$CNIH1$chr14$54908149$-,0.53
chr14:54980800-54981400,ENSG00000100528.7$CNIH1$chr14$54908149$-,0.42
chr14:54908200-54909800,ENSG00000100532.7$CGRRF1$chr14$54976530$+,0.41
chr14:54980800-54981400,ENSG00000100532.7$CGRRF1$chr14$54976530$+,0.58
chr14:68085200-68086200,ENSG00000100564.4$PIGH$chr14$68067004$-,0.6
chr14:68108200-68109400,ENSG00000100564.4$PIGH$chr14$68067004$-,0.61
chr14:68142000-68142800,ENSG00000100564.4$PIGH$chr14$68067004$-,0.55
chr14:68162400-68164400,ENSG00000100564.4$PIGH$chr14$68067004$-,0.44
chr14:58664200-58666200,ENSG00000100567.8$PSMA3$chr14$58711549$+,0.45
chr14:58667800-58669400,ENSG00000100567.8$PSMA3$chr14$58711549$+,0.49
chr14:58735000-58735600,ENSG00000100567.8$PSMA3$chr14$58711549$+,0.54
chr14:58766800-58769200,ENSG00000100567.8$PSMA3$chr14$58711549$+,0.59
chr14:58769800-58770800,ENSG00000100567.8$PSMA3$chr14$58711549$+,0.59
chr14:68085200-68086200,ENSG00000100568.6$VTI1B$chr14$68141548$-,0.55
chr14:68108200-68109400,ENSG00000100568.6$VTI1B$chr14$68141548$-,0.61
chr14:68162400-68164400,ENSG00000100568.6$VTI1B$chr14$68141548$-,0.7
chr14:68280200-68282600,ENSG00000100568.6$VTI1B$chr14$68141548$-,0.42
chr14:58766800-58769200,ENSG00000100575.9$TIMM9$chr14$58894332$-,0.36
chr14:58769800-58770800,ENSG00000100575.9$TIMM9$chr14$58894332$-,0.35
chr14:58885000-58886800,ENSG00000100575.9$TIMM9$chr14$58894332$-,0.46
chr14:58895400-58897800,ENSG00000100575.9$TIMM9$chr14$58894332$-,0.38
chr14:59062200-59063600,ENSG00000100575.9$TIMM9$chr14$58894332$-,0.36
chr14:58766800-58769200,ENSG00000100578.10$KIAA0586$chr14$58894103$+,0.38
chr14:58769800-58770800,ENSG00000100578.10$KIAA0586$chr14$58894103$+,0.36
chr14:58885000-58886800,ENSG00000100578.10$KIAA0586$chr14$58894103$+,0.43
chr14:58895400-58897800,ENSG00000100578.10$KIAA0586$chr14$58894103$+,0.41
chr14:59062200-59063600,ENSG00000100578.10$KIAA0586$chr14$58894103$+,0.39
chr14:77921400-77923400,ENSG00000100580.7$TMED8$chr14$77843452$-,0.79
chr14:78083200-78085600,ENSG00000100580.7$TMED8$chr14$77843452$-,0.4
chr14:77921400-77923400,ENSG00000100583.4$SAMD15$chr14$77843032$+,0.68
chr14:78083200-78085600,ENSG00000100583.4$SAMD15$chr14$77843032$+,0.36
chr14:78083200-78085600,ENSG00000100591.3$AHSA1$chr14$77924213$+,0.36
chr14:59638600-59639600,ENSG00000100592.11$DAAM1$chr14$59655364$+,0.78
chr14:77921400-77923400,ENSG00000100593.13$ISM2$chr14$77965210$-,0.49
chr14:77921400-77923400,ENSG00000100596.2$SPTLC2$chr14$78083116$-,0.5
chr14:78204400-78206000,ENSG00000100596.2$SPTLC2$chr14$78083116$-,0.44
chr14:78206600-78208800,ENSG00000100596.2$SPTLC2$chr14$78083116$-,0.42
chr14:78217800-78220200,ENSG00000100596.2$SPTLC2$chr14$78083116$-,0.35
chr14:93259200-93260600,ENSG00000100600.10$LGMN$chr14$93215047$-,0.59
chr14:93318400-93320200,ENSG00000100600.10$LGMN$chr14$93215047$-,0.35
chr14:78083200-78085600,ENSG00000100601.5$ALKBH1$chr14$78174363$-,0.45
chr14:78204400-78206000,ENSG00000100601.5$ALKBH1$chr14$78174363$-,0.54
chr14:78206600-78208800,ENSG00000100601.5$ALKBH1$chr14$78174363$-,0.54
chr14:78217800-78220200,ENSG00000100601.5$ALKBH1$chr14$78174363$-,0.45
chr14:78083200-78085600,ENSG00000100603.9$SNW1$chr14$78227550$-,0.4
chr14:78204400-78206000,ENSG00000100603.9$SNW1$chr14$78227550$-,0.61
chr14:78206600-78208800,ENSG00000100603.9$SNW1$chr14$78227550$-,0.5
chr14:78217800-78220200,ENSG00000100603.9$SNW1$chr14$78227550$-,0.56
chr14:93652000-93654200,ENSG00000100605.12$ITPK1$chr14$93582665$-,0.49
chr14:60517200-60519400,ENSG00000100612.9$DHRS7$chr14$60636574$-,0.4
chr14:60632200-60633600,ENSG00000100612.9$DHRS7$chr14$60636574$-,0.62
chr14:60730800-60732800,ENSG00000100612.9$DHRS7$chr14$60636574$-,0.37
chr14:60730800-60732800,ENSG00000100614.13$PPM1A$chr14$60712470$+,0.43
chr14:61200800-61201400,ENSG00000100625.8$SIX4$chr14$61191066$-,0.51
chr14:94535400-94536800,ENSG00000100628.7$ASB2$chr14$94443137$-,0.39
chr14:81406000-81407600,ENSG00000100629.12$CEP128$chr14$81425861$-,0.59
chr14:69886200-69886600,ENSG00000100632.6$ERH$chr14$69865344$-,0.56
chr14:70009400-70011600,ENSG00000100632.6$ERH$chr14$69865344$-,0.46
chr14:62121800-62123800,ENSG00000100644.12$HIF1A$chr14$62162231$+,0.65
chr14:62190000-62192400,ENSG00000100644.12$HIF1A$chr14$62162231$+,0.81
chr14:62227800-62229000,ENSG00000100644.12$HIF1A$chr14$62162231$+,0.58
chr14:62264400-62266200,ENSG00000100644.12$HIF1A$chr14$62162231$+,0.54
chr14:69886200-69886600,ENSG00000100647.7$KIAA0247$chr14$70078313$+,0.37
chr14:70009400-70011600,ENSG00000100647.7$KIAA0247$chr14$70078313$+,0.51
chr14:70212800-70214200,ENSG00000100647.7$KIAA0247$chr14$70078313$+,0.42
chr14:70212800-70214200,ENSG00000100650.11$SRSF5$chr14$70193617$+,0.57
chr14:70232200-70233400,ENSG00000100650.11$SRSF5$chr14$70193617$+,0.63
chr14:64802400-64804600,ENSG00000100714.11$MTHFD1$chr14$64854749$+,0.53
chr14:64852200-64854000,ENSG00000100714.11$MTHFD1$chr14$64854749$+,0.41
chr14:64916000-64917600,ENSG00000100714.11$MTHFD1$chr14$64854749$+,0.43
chr14:88852400-88854200,ENSG00000100722.14$ZC3H14$chr14$89029253$+,0.41
chr16:1462000-1464400,ENSG00000100726.10$TELO2$chr16$1543345$+,0.56
chr16:1471400-1473000,ENSG00000100726.10$TELO2$chr16$1543345$+,0.64
chr16:1612600-1613200,ENSG00000100726.10$TELO2$chr16$1543345$+,0.41
chr14:71106200-71108400,ENSG00000100731.11$PCNX$chr14$71374122$+,0.36
chr14:71283000-71285200,ENSG00000100731.11$PCNX$chr14$71374122$+,0.49
chr14:71405000-71406800,ENSG00000100731.11$PCNX$chr14$71374122$+,0.74
chr14:71411800-71413400,ENSG00000100731.11$PCNX$chr14$71374122$+,0.69
chr14:71424200-71425600,ENSG00000100731.11$PCNX$chr14$71374122$+,0.62
chr14:71432400-71433400,ENSG00000100731.11$PCNX$chr14$71374122$+,0.63
chr14:71437200-71437800,ENSG00000100731.11$PCNX$chr14$71374122$+,0.59
chr14:71488000-71490400,ENSG00000100731.11$PCNX$chr14$71374122$+,0.62
chr14:96787600-96788000,ENSG00000100744.10$GSKIP$chr14$96829814$+,0.71
chr14:96856600-96857400,ENSG00000100744.10$GSKIP$chr14$96829814$+,0.64
chr14:96967000-96967800,ENSG00000100744.10$GSKIP$chr14$96829814$+,0.42
chr14:97175800-97177400,ENSG00000100749.3$VRK1$chr14$97263641$+,0.44
chr14:97228800-97229400,ENSG00000100749.3$VRK1$chr14$97263641$+,0.63
chr14:97411200-97412800,ENSG00000100749.3$VRK1$chr14$97263641$+,0.35
chr14:97431800-97433400,ENSG00000100749.3$VRK1$chr14$97263641$+,0.42
chr14:90729200-90731400,ENSG00000100764.9$PSMC1$chr14$90722839$+,0.54
chr14:90861400-90862800,ENSG00000100764.9$PSMC1$chr14$90722839$+,0.36
chr14:91726200-91728600,ENSG00000100796.13$SMEK1$chr14$91976898$-,0.36
chr14:91884400-91886200,ENSG00000100796.13$SMEK1$chr14$91976898$-,0.4
chr14:91893400-91894200,ENSG00000100796.13$SMEK1$chr14$91976898$-,0.44
chr14:91953600-91954800,ENSG00000100796.13$SMEK1$chr14$91976898$-,0.62
chr14:92185200-92187200,ENSG00000100796.13$SMEK1$chr14$91976898$-,0.46
chr14:23326400-23328800,ENSG00000100802.10$C14orf93$chr14$23479375$-,0.38
chr14:23334400-23336200,ENSG00000100802.10$C14orf93$chr14$23479375$-,0.4
chr14:23423200-23425600,ENSG00000100802.10$C14orf93$chr14$23479375$-,0.44
chr14:23426600-23427400,ENSG00000100802.10$C14orf93$chr14$23479375$-,0.52
chr14:23473600-23475800,ENSG00000100802.10$C14orf93$chr14$23479375$-,0.64
chr14:23496800-23499000,ENSG00000100802.10$C14orf93$chr14$23479375$-,0.54
chr14:23504400-23505400,ENSG00000100802.10$C14orf93$chr14$23479375$-,0.5
chr14:23540800-23542800,ENSG00000100802.10$C14orf93$chr14$23479375$-,0.51
chr14:23334400-23336200,ENSG00000100804.14$PSMB5$chr14$23504439$-,0.35
chr14:23423200-23425600,ENSG00000100804.14$PSMB5$chr14$23504439$-,0.52
chr14:23426600-23427400,ENSG00000100804.14$PSMB5$chr14$23504439$-,0.5
chr14:23473600-23475800,ENSG00000100804.14$PSMB5$chr14$23504439$-,0.59
chr14:23496800-23499000,ENSG00000100804.14$PSMB5$chr14$23504439$-,0.56
chr14:23540800-23542800,ENSG00000100804.14$PSMB5$chr14$23504439$-,0.62
chr14:100556000-100556400,ENSG00000100811.6$YY1$chr14$100704635$+,0.38
chr14:100557400-100558200,ENSG00000100811.6$YY1$chr14$100704635$+,0.38
chr14:100783600-100785800,ENSG00000100811.6$YY1$chr14$100704635$+,0.4
chr14:23473600-23475800,ENSG00000100813.10$ACIN1$chr14$23564823$-,0.5
chr14:23496800-23499000,ENSG00000100813.10$ACIN1$chr14$23564823$-,0.53
chr14:23504400-23505400,ENSG00000100813.10$ACIN1$chr14$23564823$-,0.53
chr14:23540800-23542800,ENSG00000100813.10$ACIN1$chr14$23564823$-,0.66
chr14:23706200-23708000,ENSG00000100813.10$ACIN1$chr14$23564823$-,0.46
chr14:20812200-20814200,ENSG00000100814.13$CCNB1IP1$chr14$20801471$-,0.5
chr14:20878800-20880800,ENSG00000100814.13$CCNB1IP1$chr14$20801471$-,0.45
chr14:92268800-92269200,ENSG00000100815.8$TRIP11$chr14$92507240$-,0.4
chr14:92293400-92294800,ENSG00000100815.8$TRIP11$chr14$92507240$-,0.42
chr14:92376600-92378800,ENSG00000100815.8$TRIP11$chr14$92507240$-,0.36
chr14:92434200-92436200,ENSG00000100815.8$TRIP11$chr14$92507240$-,0.49
chr14:92585000-92587400,ENSG00000100815.8$TRIP11$chr14$92507240$-,0.46
chr14:20812200-20814200,ENSG00000100823.7$APEX1$chr14$20923350$+,0.44
chr14:20878800-20880800,ENSG00000100823.7$APEX1$chr14$20923350$+,0.6
chr14:20929600-20931600,ENSG00000100823.7$APEX1$chr14$20923350$+,0.57
chr14:20936600-20937600,ENSG00000100823.7$APEX1$chr14$20923350$+,0.48
chr14:20998800-20999600,ENSG00000100823.7$APEX1$chr14$20923350$+,0.43
chr14:21055600-21056800,ENSG00000100823.7$APEX1$chr14$20923350$+,0.4
chr14:21082200-21084000,ENSG00000100823.7$APEX1$chr14$20923350$+,0.37
chr14:23706200-23708000,ENSG00000100836.6$PABPN1$chr14$23790498$+,0.48
chr14:23753200-23754400,ENSG00000100836.6$PABPN1$chr14$23790498$+,0.51
chr14:23756000-23757400,ENSG00000100836.6$PABPN1$chr14$23790498$+,0.62
chr14:23937400-23938600,ENSG00000100836.6$PABPN1$chr14$23790498$+,0.35
chr14:23939400-23941000,ENSG00000100836.6$PABPN1$chr14$23790498$+,0.43
chr14:23947200-23949000,ENSG00000100836.6$PABPN1$chr14$23790498$+,0.36
chr14:102771800-102772800,ENSG00000100865.10$CINP$chr14$102829253$-,0.57
chr14:102783800-102785600,ENSG00000100865.10$CINP$chr14$102829253$-,0.66
chr14:102988800-102991200,ENSG00000100865.10$CINP$chr14$102829253$-,0.49
chr14:35345000-35345800,ENSG00000100883.7$SRP54$chr14$35451163$+,0.39
chr14:35360000-35360600,ENSG00000100883.7$SRP54$chr14$35451163$+,0.42
chr14:35418000-35418200,ENSG00000100883.7$SRP54$chr14$35451163$+,0.57
chr14:35446000-35446600,ENSG00000100883.7$SRP54$chr14$35451163$+,0.56
chr14:35447000-35447200,ENSG00000100883.7$SRP54$chr14$35451163$+,0.63
chr14:35448800-35450800,ENSG00000100883.7$SRP54$chr14$35451163$+,0.39
chr14:35458000-35459800,ENSG00000100883.7$SRP54$chr14$35451163$+,0.42
chr14:35463200-35465600,ENSG00000100883.7$SRP54$chr14$35451163$+,0.4
chr14:35529600-35532000,ENSG00000100883.7$SRP54$chr14$35451163$+,0.47
chr14:35609800-35610600,ENSG00000100883.7$SRP54$chr14$35451163$+,0.37
chr14:21853000-21854400,ENSG00000100888.8$CHD8$chr14$21924285$-,0.48
chr14:21901200-21902000,ENSG00000100888.8$CHD8$chr14$21924285$-,0.52
chr14:21943000-21944400,ENSG00000100888.8$CHD8$chr14$21924285$-,0.67
chr14:21946000-21948400,ENSG00000100888.8$CHD8$chr14$21924285$-,0.45
chr14:21951200-21951800,ENSG00000100888.8$CHD8$chr14$21924285$-,0.44
chr14:21970600-21972200,ENSG00000100888.8$CHD8$chr14$21924285$-,0.51
chr14:21972800-21974400,ENSG00000100888.8$CHD8$chr14$21924285$-,0.5
chr14:24564200-24566400,ENSG00000100889.7$PCK2$chr14$24563262$+,0.4
chr14:24582400-24582800,ENSG00000100889.7$PCK2$chr14$24563262$+,0.41
chr14:24603400-24604800,ENSG00000100889.7$PCK2$chr14$24563262$+,0.35
chr14:35446000-35446600,ENSG00000100890.11$KIAA0391$chr14$35591052$+,0.38
chr14:35448800-35450800,ENSG00000100890.11$KIAA0391$chr14$35591052$+,0.46
chr14:35458000-35459800,ENSG00000100890.11$KIAA0391$chr14$35591052$+,0.43
chr14:35463200-35465600,ENSG00000100890.11$KIAA0391$chr14$35591052$+,0.46
chr14:35513600-35515000,ENSG00000100890.11$KIAA0391$chr14$35591052$+,0.41
chr14:35529600-35532000,ENSG00000100890.11$KIAA0391$chr14$35591052$+,0.5
chr14:35609800-35610600,ENSG00000100890.11$KIAA0391$chr14$35591052$+,0.54
chr14:35678800-35680400,ENSG00000100890.11$KIAA0391$chr14$35591052$+,0.45
chr14:24423400-24425400,ENSG00000100897.13$DCAF11$chr14$24583404$+,0.53
chr14:24474800-24475800,ENSG00000100897.13$DCAF11$chr14$24583404$+,0.45
chr14:24564200-24566400,ENSG00000100897.13$DCAF11$chr14$24583404$+,0.64
chr14:24603400-24604800,ENSG00000100897.13$DCAF11$chr14$24583404$+,0.55
chr14:24628800-24630600,ENSG00000100897.13$DCAF11$chr14$24583404$+,0.49
chr14:24682800-24684600,ENSG00000100897.13$DCAF11$chr14$24583404$+,0.47
chr14:24685200-24686400,ENSG00000100897.13$DCAF11$chr14$24583404$+,0.5
chr14:24712400-24714800,ENSG00000100897.13$DCAF11$chr14$24583404$+,0.5
chr14:24715000-24717400,ENSG00000100897.13$DCAF11$chr14$24583404$+,0.53
chr14:24738000-24740200,ENSG00000100897.13$DCAF11$chr14$24583404$+,0.49
chr14:24758400-24760200,ENSG00000100897.13$DCAF11$chr14$24583404$+,0.38
chr14:35609800-35610600,ENSG00000100902.6$PSMA6$chr14$35747839$+,0.37
chr14:35678800-35680400,ENSG00000100902.6$PSMA6$chr14$35747839$+,0.45
chr14:35864400-35865600,ENSG00000100902.6$PSMA6$chr14$35747839$+,0.37
chr14:35864400-35865600,ENSG00000100906.6$NFKBIA$chr14$35873955$-,0.67
chr14:24564200-24566400,ENSG00000100908.9$EMC9$chr14$24610797$-,0.47
chr14:24582400-24582800,ENSG00000100908.9$EMC9$chr14$24610797$-,0.56
chr14:24603400-24604800,ENSG00000100908.9$EMC9$chr14$24610797$-,0.54
chr14:24628800-24630600,ENSG00000100908.9$EMC9$chr14$24610797$-,0.5
chr14:24682800-24684600,ENSG00000100908.9$EMC9$chr14$24610797$-,0.36
chr14:24474800-24475800,ENSG00000100911.9$PSME2$chr14$24616779$-,0.52
chr14:24564200-24566400,ENSG00000100911.9$PSME2$chr14$24616779$-,0.55
chr14:24582400-24582800,ENSG00000100911.9$PSME2$chr14$24616779$-,0.6
chr14:24603400-24604800,ENSG00000100911.9$PSME2$chr14$24616779$-,0.59
chr14:24628800-24630600,ENSG00000100911.9$PSME2$chr14$24616779$-,0.51
chr14:24682800-24684600,ENSG00000100911.9$PSME2$chr14$24616779$-,0.52
chr14:24685200-24686400,ENSG00000100911.9$PSME2$chr14$24616779$-,0.5
chr14:24712400-24714800,ENSG00000100911.9$PSME2$chr14$24616779$-,0.55
chr14:24715000-24717400,ENSG00000100911.9$PSME2$chr14$24616779$-,0.43
chr14:24738000-24740200,ENSG00000100911.9$PSME2$chr14$24616779$-,0.45
chr14:24758400-24760200,ENSG00000100911.9$PSME2$chr14$24616779$-,0.5
chr14:24769800-24771600,ENSG00000100911.9$PSME2$chr14$24616779$-,0.44
chr14:36235000-36236800,ENSG00000100916.9$BRMS1L$chr14$36295524$+,0.39
chr14:36278600-36280600,ENSG00000100916.9$BRMS1L$chr14$36295524$+,0.69
chr14:24474800-24475800,ENSG00000100918.8$REC8$chr14$24641062$+,0.39
chr14:24564200-24566400,ENSG00000100918.8$REC8$chr14$24641062$+,0.56
chr14:24582400-24582800,ENSG00000100918.8$REC8$chr14$24641062$+,0.54
chr14:24603400-24604800,ENSG00000100918.8$REC8$chr14$24641062$+,0.51
chr14:24628800-24630600,ENSG00000100918.8$REC8$chr14$24641062$+,0.49
chr14:24682800-24684600,ENSG00000100918.8$REC8$chr14$24641062$+,0.5
chr14:24685200-24686400,ENSG00000100918.8$REC8$chr14$24641062$+,0.52
chr14:24712400-24714800,ENSG00000100918.8$REC8$chr14$24641062$+,0.49
chr14:24715000-24717400,ENSG00000100918.8$REC8$chr14$24641062$+,0.46
chr14:24738000-24740200,ENSG00000100918.8$REC8$chr14$24641062$+,0.45
chr14:24758400-24760200,ENSG00000100918.8$REC8$chr14$24641062$+,0.49
chr14:24769800-24771600,ENSG00000100918.8$REC8$chr14$24641062$+,0.53
chr14:24564200-24566400,ENSG00000100926.10$TM9SF1$chr14$24682679$-,0.47
chr14:24582400-24582800,ENSG00000100926.10$TM9SF1$chr14$24682679$-,0.49
chr14:24603400-24604800,ENSG00000100926.10$TM9SF1$chr14$24682679$-,0.51
chr14:24628800-24630600,ENSG00000100926.10$TM9SF1$chr14$24682679$-,0.43
chr14:24685200-24686400,ENSG00000100926.10$TM9SF1$chr14$24682679$-,0.48
chr14:24712400-24714800,ENSG00000100926.10$TM9SF1$chr14$24682679$-,0.44
chr14:24715000-24717400,ENSG00000100926.10$TM9SF1$chr14$24682679$-,0.4
chr14:24738000-24740200,ENSG00000100926.10$TM9SF1$chr14$24682679$-,0.39
chr14:24758400-24760200,ENSG00000100926.10$TM9SF1$chr14$24682679$-,0.53
chr14:24769800-24771600,ENSG00000100926.10$TM9SF1$chr14$24682679$-,0.51
chr14:39576200-39578000,ENSG00000100934.10$SEC23A$chr14$39578850$-,0.38
chr14:39582400-39583200,ENSG00000100934.10$SEC23A$chr14$39578850$-,0.54
chr14:24474800-24475800,ENSG00000100938.13$GMPR2$chr14$24701628$+,0.39
chr14:24564200-24566400,ENSG00000100938.13$GMPR2$chr14$24701628$+,0.41
chr14:24582400-24582800,ENSG00000100938.13$GMPR2$chr14$24701628$+,0.51
chr14:24603400-24604800,ENSG00000100938.13$GMPR2$chr14$24701628$+,0.53
chr14:24628800-24630600,ENSG00000100938.13$GMPR2$chr14$24701628$+,0.44
chr14:24682800-24684600,ENSG00000100938.13$GMPR2$chr14$24701628$+,0.5
chr14:24685200-24686400,ENSG00000100938.13$GMPR2$chr14$24701628$+,0.53
chr14:24712400-24714800,ENSG00000100938.13$GMPR2$chr14$24701628$+,0.65
chr14:24715000-24717400,ENSG00000100938.13$GMPR2$chr14$24701628$+,0.53
chr14:24738000-24740200,ENSG00000100938.13$GMPR2$chr14$24701628$+,0.45
chr14:24758400-24760200,ENSG00000100938.13$GMPR2$chr14$24701628$+,0.48
chr14:24769800-24771600,ENSG00000100938.13$GMPR2$chr14$24701628$+,0.42
chr14:39573200-39575000,ENSG00000100941.4$PNN$chr14$39644387$+,0.49
chr14:39576200-39578000,ENSG00000100941.4$PNN$chr14$39644387$+,0.5
chr14:39582400-39583200,ENSG00000100941.4$PNN$chr14$39644387$+,0.5
chr14:39629200-39630600,ENSG00000100941.4$PNN$chr14$39644387$+,0.57
chr14:39640000-39641400,ENSG00000100941.4$PNN$chr14$39644387$+,0.5
chr14:39676600-39677400,ENSG00000100941.4$PNN$chr14$39644387$+,0.5
chr14:39733800-39735600,ENSG00000100941.4$PNN$chr14$39644387$+,0.36
chr14:24582400-24582800,ENSG00000100949.10$RABGGTA$chr14$24740945$-,0.41
chr14:24603400-24604800,ENSG00000100949.10$RABGGTA$chr14$24740945$-,0.37
chr14:24682800-24684600,ENSG00000100949.10$RABGGTA$chr14$24740945$-,0.46
chr14:24685200-24686400,ENSG00000100949.10$RABGGTA$chr14$24740945$-,0.44
chr14:24712400-24714800,ENSG00000100949.10$RABGGTA$chr14$24740945$-,0.58
chr14:24715000-24717400,ENSG00000100949.10$RABGGTA$chr14$24740945$-,0.64
chr14:24738000-24740200,ENSG00000100949.10$RABGGTA$chr14$24740945$-,0.39
chr14:24758400-24760200,ENSG00000100949.10$RABGGTA$chr14$24740945$-,0.73
chr14:24769800-24771600,ENSG00000100949.10$RABGGTA$chr14$24740945$-,0.48
chr14:24912400-24913600,ENSG00000100968.9$NFATC4$chr14$24834879$+,0.36
chr20:44508800-44509800,ENSG00000100979.10$PLTP$chr20$44540794$-,0.35
chr20:44560800-44562600,ENSG00000100979.10$PLTP$chr20$44540794$-,0.44
chr20:44421400-44422800,ENSG00000100982.7$PCIF1$chr20$44563267$+,0.46
chr20:44427000-44428800,ENSG00000100982.7$PCIF1$chr20$44563267$+,0.47
chr20:44508800-44509800,ENSG00000100982.7$PCIF1$chr20$44563267$+,0.57
chr20:44601000-44602400,ENSG00000100982.7$PCIF1$chr20$44563267$+,0.57
chr20:44615400-44616600,ENSG00000100982.7$PCIF1$chr20$44563267$+,0.58
chr20:33413000-33414400,ENSG00000100983.5$GSS$chr20$33543620$-,0.4
chr20:44508800-44509800,ENSG00000100985.7$MMP9$chr20$44637547$+,0.37
chr20:44560800-44562600,ENSG00000100985.7$MMP9$chr20$44637547$+,0.51
chr20:44601000-44602400,ENSG00000100985.7$MMP9$chr20$44637547$+,0.59
chr20:44615400-44616600,ENSG00000100985.7$MMP9$chr20$44637547$+,0.54
chr20:44802600-44804000,ENSG00000100985.7$MMP9$chr20$44637547$+,0.4
chr20:25174200-25176600,ENSG00000100987.10$VSX1$chr20$25062996$-,0.45
chr20:25225800-25228200,ENSG00000100987.10$VSX1$chr20$25062996$-,0.44
chr20:25174200-25176600,ENSG00000100994.7$PYGB$chr20$25228705$+,0.63
chr20:25225800-25228200,ENSG00000100994.7$PYGB$chr20$25228705$+,0.39
chr20:25326400-25328800,ENSG00000100994.7$PYGB$chr20$25228705$+,0.36
chr20:25371800-25372800,ENSG00000100994.7$PYGB$chr20$25228705$+,0.36
chr20:25225800-25228200,ENSG00000100997.14$ABHD12$chr20$25371619$-,0.37
chr20:25326400-25328800,ENSG00000100997.14$ABHD12$chr20$25371619$-,0.51
chr20:25225800-25228200,ENSG00000101003.8$GINS1$chr20$25388363$+,0.37
chr20:25326400-25328800,ENSG00000101003.8$GINS1$chr20$25388363$+,0.52
chr20:25371800-25372800,ENSG00000101003.8$GINS1$chr20$25388363$+,0.58
chr20:44601000-44602400,ENSG00000101017.9$CD40$chr20$44746911$+,0.35
chr20:44615400-44616600,ENSG00000101017.9$CD40$chr20$44746911$+,0.36
chr20:44802600-44804000,ENSG00000101017.9$CD40$chr20$44746911$+,0.53
chr20:44875000-44876000,ENSG00000101017.9$CD40$chr20$44746911$+,0.35
chr20:33992200-33993600,ENSG00000101019.17$UQCC1$chr20$33999944$-,0.62
chr20:45921600-45922800,ENSG00000101040.15$ZMYND8$chr20$45985567$-,0.38
chr20:46129000-46130400,ENSG00000101040.15$ZMYND8$chr20$45985567$-,0.4
chr20:42217800-42219000,ENSG00000101049.10$SGK2$chr20$42187608$+,0.38
chr20:42084600-42085800,ENSG00000101052.8$IFT52$chr20$42219571$+,0.36
chr20:42141400-42142600,ENSG00000101052.8$IFT52$chr20$42219571$+,0.56
chr20:42284600-42285600,ENSG00000101052.8$IFT52$chr20$42219571$+,0.54
chr20:42286600-42287800,ENSG00000101052.8$IFT52$chr20$42219571$+,0.52
chr20:42409600-42411800,ENSG00000101052.8$IFT52$chr20$42219571$+,0.4
chr20:42141400-42142600,ENSG00000101057.11$MYBL2$chr20$42295754$+,0.36
chr20:42217800-42219000,ENSG00000101057.11$MYBL2$chr20$42295754$+,0.41
chr20:42220000-42222000,ENSG00000101057.11$MYBL2$chr20$42295754$+,0.45
chr20:42284600-42285600,ENSG00000101057.11$MYBL2$chr20$42295754$+,0.5
chr20:42286600-42287800,ENSG00000101057.11$MYBL2$chr20$42295754$+,0.67
chr20:42409600-42411800,ENSG00000101057.11$MYBL2$chr20$42295754$+,0.37
chr20:42416000-42417400,ENSG00000101057.11$MYBL2$chr20$42295754$+,0.38
chr20:35235200-35237600,ENSG00000101079.16$NDRG3$chr20$35374481$-,0.36
chr20:35514800-35516800,ENSG00000101079.16$NDRG3$chr20$35374481$-,0.37
chr20:35532600-35534400,ENSG00000101079.16$NDRG3$chr20$35374481$-,0.36
chr20:35129600-35130400,ENSG00000101082.9$SLA2$chr20$35274619$-,0.35
chr20:35184400-35185600,ENSG00000101082.9$SLA2$chr20$35274619$-,0.47
chr20:35203400-35205600,ENSG00000101082.9$SLA2$chr20$35274619$-,0.49
chr20:35232000-35234000,ENSG00000101082.9$SLA2$chr20$35274619$-,0.55
chr20:35235200-35237600,ENSG00000101082.9$SLA2$chr20$35274619$-,0.62
chr20:35372200-35373800,ENSG00000101082.9$SLA2$chr20$35274619$-,0.42
chr20:35088600-35090200,ENSG00000101084.12$C20orf24$chr20$35234137$+,0.36
chr20:35129600-35130400,ENSG00000101084.12$C20orf24$chr20$35234137$+,0.46
chr20:35184400-35185600,ENSG00000101084.12$C20orf24$chr20$35234137$+,0.52
chr20:35203400-35205600,ENSG00000101084.12$C20orf24$chr20$35234137$+,0.54
chr20:35235200-35237600,ENSG00000101084.12$C20orf24$chr20$35234137$+,0.46
chr20:35372200-35373800,ENSG00000101084.12$C20orf24$chr20$35234137$+,0.38
chr20:43495200-43497400,ENSG00000101104.8$PABPC1L$chr20$43538703$+,0.64
chr20:43543000-43544200,ENSG00000101104.8$PABPC1L$chr20$43538703$+,0.65
chr20:43593400-43594800,ENSG00000101104.8$PABPC1L$chr20$43538703$+,0.47
chr20:43611600-43613600,ENSG00000101104.8$PABPC1L$chr20$43538703$+,0.38
chr20:43625600-43627200,ENSG00000101104.8$PABPC1L$chr20$43538703$+,0.42
chr20:43634000-43636000,ENSG00000101104.8$PABPC1L$chr20$43538703$+,0.44
chr20:43637600-43638200,ENSG00000101104.8$PABPC1L$chr20$43538703$+,0.44
chr20:43647400-43649600,ENSG00000101104.8$PABPC1L$chr20$43538703$+,0.43
chr20:43649800-43651000,ENSG00000101104.8$PABPC1L$chr20$43538703$+,0.36
chr20:43651600-43652200,ENSG00000101104.8$PABPC1L$chr20$43538703$+,0.42
chr20:43495200-43497400,ENSG00000101109.7$STK4$chr20$43595115$+,0.39
chr20:43543000-43544200,ENSG00000101109.7$STK4$chr20$43595115$+,0.47
chr20:43611600-43613600,ENSG00000101109.7$STK4$chr20$43595115$+,0.73
chr20:43625600-43627200,ENSG00000101109.7$STK4$chr20$43595115$+,0.64
chr20:43634000-43636000,ENSG00000101109.7$STK4$chr20$43595115$+,0.67
chr20:43637600-43638200,ENSG00000101109.7$STK4$chr20$43595115$+,0.59
chr20:43647400-43649600,ENSG00000101109.7$STK4$chr20$43595115$+,0.61
chr20:43649800-43651000,ENSG00000101109.7$STK4$chr20$43595115$+,0.67
chr20:43651600-43652200,ENSG00000101109.7$STK4$chr20$43595115$+,0.55
chr20:54933000-54934200,ENSG00000101138.7$CSTF1$chr20$54967427$+,0.65
chr20:54974000-54976400,ENSG00000101138.7$CSTF1$chr20$54967427$+,0.49
chr20:55037600-55040000,ENSG00000101138.7$CSTF1$chr20$54967427$+,0.48
chr20:55096800-55099200,ENSG00000101138.7$CSTF1$chr20$54967427$+,0.39
chr20:55979400-55980400,ENSG00000101146.8$RAE1$chr20$55926066$+,0.46
chr20:62344800-62347000,ENSG00000101150.13$TPD52L2$chr20$62496596$+,0.38
chr20:62412400-62414400,ENSG00000101150.13$TPD52L2$chr20$62496596$+,0.52
chr20:62525000-62526200,ENSG00000101150.13$TPD52L2$chr20$62496596$+,0.63
chr20:62554600-62556800,ENSG00000101150.13$TPD52L2$chr20$62496596$+,0.49
chr20:62750600-62752600,ENSG00000101150.13$TPD52L2$chr20$62496596$+,0.37
chr20:62412400-62414400,ENSG00000101152.6$DNAJC5$chr20$62526518$+,0.35
chr20:62554600-62556800,ENSG00000101152.6$DNAJC5$chr20$62526518$+,0.44
chr20:57608000-57609400,ENSG00000101158.8$NELFCD$chr20$57556263$+,0.54
chr20:57691800-57694200,ENSG00000101158.8$NELFCD$chr20$57556263$+,0.35
chr20:57608000-57609400,ENSG00000101160.9$CTSZ$chr20$57582302$-,0.47
chr20:62525000-62526200,ENSG00000101161.6$PRPF6$chr20$62612488$+,0.46
chr20:62554600-62556800,ENSG00000101161.6$PRPF6$chr20$62612488$+,0.53
chr20:57809400-57811600,ENSG00000101162.3$TUBB1$chr20$57594309$+,0.36
chr20:57832000-57832200,ENSG00000101162.3$TUBB1$chr20$57594309$+,0.35
chr20:57848200-57850400,ENSG00000101162.3$TUBB1$chr20$57594309$+,0.35
chr20:57608000-57609400,ENSG00000101166.11$SLMO2$chr20$57617964$-,0.55
chr20:57691800-57694200,ENSG00000101166.11$SLMO2$chr20$57617964$-,0.49
chr20:57809400-57811600,ENSG00000101166.11$SLMO2$chr20$57617964$-,0.41
chr20:57832000-57832200,ENSG00000101166.11$SLMO2$chr20$57617964$-,0.39
chr20:57838200-57838600,ENSG00000101166.11$SLMO2$chr20$57617964$-,0.41
chr20:57848200-57850400,ENSG00000101166.11$SLMO2$chr20$57617964$-,0.41
chr20:60559000-60561000,ENSG00000101181.13$MTG2$chr20$60758085$+,0.41
chr20:60561400-60562800,ENSG00000101181.13$MTG2$chr20$60758085$+,0.41
chr20:60559000-60561000,ENSG00000101182.10$PSMA7$chr20$60718496$-,0.45
chr20:60561400-60562800,ENSG00000101182.10$PSMA7$chr20$60718496$-,0.45
chr20:60585600-60587600,ENSG00000101182.10$PSMA7$chr20$60718496$-,0.35
chr20:61521800-61523600,ENSG00000101189.5$MRGBP$chr20$61427805$+,0.44
chr20:61523800-61524600,ENSG00000101189.5$MRGBP$chr20$61427805$+,0.48
chr20:61521800-61523600,ENSG00000101191.12$DIDO1$chr20$61569304$-,0.46
chr20:61523800-61524600,ENSG00000101191.12$DIDO1$chr20$61569304$-,0.58
chr20:61521800-61523600,ENSG00000101193.6$GID8$chr20$61569471$+,0.43
chr20:61523800-61524600,ENSG00000101193.6$GID8$chr20$61569471$+,0.47
chr20:61521800-61523600,ENSG00000101194.13$SLC17A9$chr20$61584052$+,0.39
chr20:61523800-61524600,ENSG00000101194.13$SLC17A9$chr20$61584052$+,0.4
chr20:61848000-61849800,ENSG00000101197.8$BIRC7$chr20$61867235$+,0.52
chr20:61848000-61849800,ENSG00000101198.10$NKAIN4$chr20$61904046$-,0.48
chr20:61848000-61849800,ENSG00000101199.8$ARFGAP1$chr20$61904137$+,0.49
chr20:62153000-62155400,ENSG00000101210.6$EEF1A2$chr20$62130505$-,0.53
chr20:62211800-62213200,ENSG00000101210.6$EEF1A2$chr20$62130505$-,0.45
chr20:62153000-62155400,ENSG00000101213.5$PTK6$chr20$62168723$-,0.58
chr20:62211800-62213200,ENSG00000101213.5$PTK6$chr20$62168723$-,0.51
chr20:62344800-62347000,ENSG00000101213.5$PTK6$chr20$62168723$-,0.43
chr20:62153000-62155400,ENSG00000101216.6$GMEB2$chr20$62258394$-,0.5
chr20:62211800-62213200,ENSG00000101216.6$GMEB2$chr20$62258394$-,0.58
chr20:62344800-62347000,ENSG00000101216.6$GMEB2$chr20$62258394$-,0.37
chr20:62412400-62414400,ENSG00000101216.6$GMEB2$chr20$62258394$-,0.36
chr20:3775000-3776400,ENSG00000101220.13$C20orf27$chr20$3749034$-,0.69
chr20:3828200-3830600,ENSG00000101220.13$C20orf27$chr20$3749034$-,0.47
chr20:3867600-3869400,ENSG00000101220.13$C20orf27$chr20$3749034$-,0.38
chr20:3948800-3950400,ENSG00000101220.13$C20orf27$chr20$3749034$-,0.36
chr20:3749400-3751200,ENSG00000101222.8$SPEF1$chr20$3762095$-,0.39
chr20:3775000-3776400,ENSG00000101222.8$SPEF1$chr20$3762095$-,0.48
chr20:3749400-3751200,ENSG00000101224.13$CDC25B$chr20$3767578$+,0.6
chr20:3775000-3776400,ENSG00000101224.13$CDC25B$chr20$3767578$+,0.45
chr20:3828200-3830600,ENSG00000101224.13$CDC25B$chr20$3767578$+,0.48
chr20:3867600-3869400,ENSG00000101224.13$CDC25B$chr20$3767578$+,0.4
chr20:3950600-3953000,ENSG00000101224.13$CDC25B$chr20$3767578$+,0.36
chr20:3828200-3830600,ENSG00000101236.12$RNF24$chr20$3996229$-,0.38
chr20:3867600-3869400,ENSG00000101236.12$RNF24$chr20$3996229$-,0.54
chr20:3896400-3898200,ENSG00000101236.12$RNF24$chr20$3996229$-,0.5
chr20:3898800-3900800,ENSG00000101236.12$RNF24$chr20$3996229$-,0.51
chr20:3948800-3950400,ENSG00000101236.12$RNF24$chr20$3996229$-,0.66
chr20:3950600-3953000,ENSG00000101236.12$RNF24$chr20$3996229$-,0.55
chr20:62153000-62155400,ENSG00000101246.15$ARFRP1$chr20$62339377$-,0.42
chr20:62211800-62213200,ENSG00000101246.15$ARFRP1$chr20$62339377$-,0.51
chr20:62344800-62347000,ENSG00000101246.15$ARFRP1$chr20$62339377$-,0.62
chr20:62412400-62414400,ENSG00000101246.15$ARFRP1$chr20$62339377$-,0.55
chr20:13617400-13619000,ENSG00000101247.13$NDUFAF5$chr20$13765596$+,0.42
chr20:325600-328000,ENSG00000101255.6$TRIB3$chr20$361261$+,0.56
chr20:329000-330600,ENSG00000101255.6$TRIB3$chr20$361261$+,0.49
chr20:386400-388400,ENSG00000101255.6$TRIB3$chr20$361261$+,0.52
chr20:386400-388400,ENSG00000101266.12$CSNK2A1$chr20$524465$-,0.42
chr20:442600-444800,ENSG00000101266.12$CSNK2A1$chr20$524465$-,0.43
chr20:623000-624400,ENSG00000101266.12$CSNK2A1$chr20$524465$-,0.51
chr20:4982400-4983600,ENSG00000101290.9$CDS2$chr20$5107432$+,0.42
chr20:5080800-5082800,ENSG00000101290.9$CDS2$chr20$5107432$+,0.47
chr20:5091600-5093000,ENSG00000101290.9$CDS2$chr20$5107432$+,0.62
chr20:5105400-5107000,ENSG00000101290.9$CDS2$chr20$5107432$+,0.39
chr20:5186000-5188000,ENSG00000101290.9$CDS2$chr20$5107432$+,0.54
chr20:30229200-30231600,ENSG00000101294.12$HM13$chr20$30102231$+,0.42
chr20:1097400-1099000,ENSG00000101298.9$SNPH$chr20$1246960$+,0.36
chr20:1293000-1295000,ENSG00000101298.9$SNPH$chr20$1246960$+,0.54
chr20:1333800-1334000,ENSG00000101298.9$SNPH$chr20$1246960$+,0.4
chr20:1338200-1340000,ENSG00000101298.9$SNPH$chr20$1246960$+,0.39
chr20:1620400-1622200,ENSG00000101307.11$SIRPB1$chr20$1600707$-,0.48
chr20:1660200-1660400,ENSG00000101307.11$SIRPB1$chr20$1600707$-,0.42
chr20:1660800-1662600,ENSG00000101307.11$SIRPB1$chr20$1600707$-,0.52
chr20:1670400-1671600,ENSG00000101307.11$SIRPB1$chr20$1600707$-,0.41
chr20:18445800-18447200,ENSG00000101310.10$SEC23B$chr20$18488137$+,0.5
chr20:18476200-18477400,ENSG00000101310.10$SEC23B$chr20$18488137$+,0.6
chr20:18478000-18480000,ENSG00000101310.10$SEC23B$chr20$18488137$+,0.58
chr20:18546600-18547400,ENSG00000101310.10$SEC23B$chr20$18488137$+,0.46
chr20:18548800-18549800,ENSG00000101310.10$SEC23B$chr20$18488137$+,0.43
chr20:18567400-18568400,ENSG00000101310.10$SEC23B$chr20$18488137$+,0.44
chr20:35184400-35185600,ENSG00000101335.5$MYL9$chr20$35169887$+,0.38
chr20:35514800-35516800,ENSG00000101342.5$TLDC2$chr20$35504524$+,0.41
chr20:20033600-20034400,ENSG00000101343.10$CRNKL1$chr20$20036690$-,0.37
chr20:30864000-30865000,ENSG00000101346.7$POFUT1$chr20$30795683$+,0.57
chr20:30883400-30885800,ENSG00000101346.7$POFUT1$chr20$30795683$+,0.5
chr20:35514800-35516800,ENSG00000101347.7$SAMHD1$chr20$35580246$-,0.46
chr20:35532600-35534400,ENSG00000101347.7$SAMHD1$chr20$35580246$-,0.49
chr20:35543600-35544200,ENSG00000101347.7$SAMHD1$chr20$35580246$-,0.57
chr20:35563400-35563600,ENSG00000101347.7$SAMHD1$chr20$35580246$-,0.68
chr20:35602000-35604200,ENSG00000101347.7$SAMHD1$chr20$35580246$-,0.47
chr20:35606200-35608000,ENSG00000101347.7$SAMHD1$chr20$35580246$-,0.52
chr20:35708600-35711000,ENSG00000101347.7$SAMHD1$chr20$35580246$-,0.36
chr20:35717400-35719400,ENSG00000101347.7$SAMHD1$chr20$35580246$-,0.4
chr20:30883400-30885800,ENSG00000101350.6$KIF3B$chr20$30865467$+,0.58
chr20:35704200-35705600,ENSG00000101353.10$MROH8$chr20$35807991$-,0.37
chr20:35708600-35711000,ENSG00000101353.10$MROH8$chr20$35807991$-,0.4
chr20:35717400-35719400,ENSG00000101353.10$MROH8$chr20$35807991$-,0.4
chr20:35813600-35815400,ENSG00000101353.10$MROH8$chr20$35807991$-,0.58
chr20:2488000-2489000,ENSG00000101361.10$NOP56$chr20$2632791$+,0.38
chr20:2503200-2505400,ENSG00000101361.10$NOP56$chr20$2632791$+,0.49
chr20:2642200-2644200,ENSG00000101361.10$NOP56$chr20$2632791$+,0.63
chr20:2667800-2670200,ENSG00000101361.10$NOP56$chr20$2632791$+,0.53
chr20:35707200-35708200,ENSG00000101363.8$MANBAL$chr20$35918041$+,0.35
chr20:35805400-35806600,ENSG00000101363.8$MANBAL$chr20$35918041$+,0.42
chr20:35813600-35815400,ENSG00000101363.8$MANBAL$chr20$35918041$+,0.41
chr20:2488000-2489000,ENSG00000101365.16$IDH3B$chr20$2644865$-,0.46
chr20:2501600-2503000,ENSG00000101365.16$IDH3B$chr20$2644865$-,0.35
chr20:2503200-2505400,ENSG00000101365.16$IDH3B$chr20$2644865$-,0.39
chr20:2630400-2632400,ENSG00000101365.16$IDH3B$chr20$2644865$-,0.52
chr20:2667800-2670200,ENSG00000101365.16$IDH3B$chr20$2644865$-,0.63
chr20:2806200-2808000,ENSG00000101365.16$IDH3B$chr20$2644865$-,0.35
chr20:31490200-31491600,ENSG00000101367.8$MAPRE1$chr20$31407699$+,0.44
chr20:31533000-31535000,ENSG00000101367.8$MAPRE1$chr20$31407699$+,0.35
chr20:31537600-31540000,ENSG00000101367.8$MAPRE1$chr20$31407699$+,0.47
chr20:31964600-31966800,ENSG00000101391.16$CDK5RAP1$chr20$31989367$-,0.49
chr20:32076000-32078000,ENSG00000101391.16$CDK5RAP1$chr20$31989367$-,0.49
chr20:32083400-32085400,ENSG00000101391.16$CDK5RAP1$chr20$31989367$-,0.59
chr20:31964600-31966800,ENSG00000101400.5$SNTA1$chr20$32031698$-,0.42
chr20:31989600-31990800,ENSG00000101400.5$SNTA1$chr20$32031698$-,0.53
chr20:32076000-32078000,ENSG00000101400.5$SNTA1$chr20$32031698$-,0.59
chr20:32083400-32085400,ENSG00000101400.5$SNTA1$chr20$32031698$-,0.55
chr20:32176400-32178600,ENSG00000101400.5$SNTA1$chr20$32031698$-,0.39
chr20:3188600-3189600,ENSG00000101405.3$OXT$chr20$3052266$+,0.38
chr20:3198800-3199800,ENSG00000101405.3$OXT$chr20$3052266$+,0.38
chr20:32176400-32178600,ENSG00000101412.9$E2F1$chr20$32274210$-,0.39
chr20:32220400-32222400,ENSG00000101412.9$E2F1$chr20$32274210$-,0.55
chr20:32249600-32251800,ENSG00000101412.9$E2F1$chr20$32274210$-,0.46
chr20:32305800-32307600,ENSG00000101412.9$E2F1$chr20$32274210$-,0.56
chr20:32318200-32320400,ENSG00000101412.9$E2F1$chr20$32274210$-,0.48
chr20:32083400-32085400,ENSG00000101417.7$PXMP4$chr20$32308125$-,0.37
chr20:32176400-32178600,ENSG00000101417.7$PXMP4$chr20$32308125$-,0.35
chr20:32220400-32222400,ENSG00000101417.7$PXMP4$chr20$32308125$-,0.45
chr20:32249600-32251800,ENSG00000101417.7$PXMP4$chr20$32308125$-,0.52
chr20:32318200-32320400,ENSG00000101417.7$PXMP4$chr20$32308125$-,0.78
chr20:32502000-32504400,ENSG00000101417.7$PXMP4$chr20$32308125$-,0.41
chr20:37374600-37374800,ENSG00000101438.3$SLC32A1$chr20$37353105$+,0.36
chr20:32803000-32805000,ENSG00000101440.5$ASIP$chr20$32782375$+,0.6
chr20:32949000-32951200,ENSG00000101440.5$ASIP$chr20$32782375$+,0.38
chr20:37176400-37177200,ENSG00000101442.8$ACTR5$chr20$37377085$+,0.35
chr20:37374600-37374800,ENSG00000101442.8$ACTR5$chr20$37377085$+,0.5
chr20:37417600-37419600,ENSG00000101442.8$ACTR5$chr20$37377085$+,0.48
chr20:37421600-37423400,ENSG00000101442.8$ACTR5$chr20$37377085$+,0.46
chr20:32949000-32951200,ENSG00000101444.8$AHCY$chr20$32899608$-,0.46
chr20:37374600-37374800,ENSG00000101445.5$PPP1R16B$chr20$37434348$+,0.51
chr20:37375600-37376800,ENSG00000101445.5$PPP1R16B$chr20$37434348$+,0.5
chr20:37417600-37419600,ENSG00000101445.5$PPP1R16B$chr20$37434348$+,0.48
chr20:37421600-37423400,ENSG00000101445.5$PPP1R16B$chr20$37434348$+,0.49
chr20:37589000-37590600,ENSG00000101445.5$PPP1R16B$chr20$37434348$+,0.36
chr20:37676200-37678600,ENSG00000101445.5$PPP1R16B$chr20$37434348$+,0.39
chr20:37678800-37680000,ENSG00000101445.5$PPP1R16B$chr20$37434348$+,0.38
chr20:44064000-44066200,ENSG00000101446.7$SPINT3$chr20$44144264$-,0.36
chr20:37374600-37374800,ENSG00000101447.9$FAM83D$chr20$37554955$+,0.38
chr20:37417600-37419600,ENSG00000101447.9$FAM83D$chr20$37554955$+,0.35
chr20:37421600-37423400,ENSG00000101447.9$FAM83D$chr20$37554955$+,0.39
chr20:37589000-37590600,ENSG00000101447.9$FAM83D$chr20$37554955$+,0.64
chr20:37626000-37627200,ENSG00000101447.9$FAM83D$chr20$37554955$+,0.52
chr20:37653400-37655600,ENSG00000101447.9$FAM83D$chr20$37554955$+,0.49
chr20:37676200-37678600,ENSG00000101447.9$FAM83D$chr20$37554955$+,0.45
chr20:37678800-37680000,ENSG00000101447.9$FAM83D$chr20$37554955$+,0.4
chr20:44064000-44066200,ENSG00000101448.9$EPPIN$chr20$44176391$-,0.4
chr20:37375600-37376800,ENSG00000101452.10$DHX35$chr20$37590942$+,0.37
chr20:37553200-37555000,ENSG00000101452.10$DHX35$chr20$37590942$+,0.64
chr20:37626000-37627200,ENSG00000101452.10$DHX35$chr20$37590942$+,0.64
chr20:37653400-37655600,ENSG00000101452.10$DHX35$chr20$37590942$+,0.55
chr20:37676200-37678600,ENSG00000101452.10$DHX35$chr20$37590942$+,0.37
chr20:37678800-37680000,ENSG00000101452.10$DHX35$chr20$37590942$+,0.46
chr20:44427000-44428800,ENSG00000101457.8$DNTTIP1$chr20$44420576$+,0.56
chr20:44508800-44509800,ENSG00000101457.8$DNTTIP1$chr20$44420576$+,0.56
chr20:44560800-44562600,ENSG00000101457.8$DNTTIP1$chr20$44420576$+,0.59
chr20:44601000-44602400,ENSG00000101457.8$DNTTIP1$chr20$44420576$+,0.37
chr20:44615400-44616600,ENSG00000101457.8$DNTTIP1$chr20$44420576$+,0.36
chr20:33063800-33065200,ENSG00000101460.8$MAP1LC3A$chr20$33134658$+,0.41
chr20:33144400-33146200,ENSG00000101460.8$MAP1LC3A$chr20$33134658$+,0.45
chr20:33125000-33127400,ENSG00000101464.6$PIGU$chr20$33264910$-,0.4
chr20:33249000-33251400,ENSG00000101464.6$PIGU$chr20$33264910$-,0.6
chr20:33262200-33264200,ENSG00000101464.6$PIGU$chr20$33264910$-,0.37
chr20:33387800-33389800,ENSG00000101464.6$PIGU$chr20$33264910$-,0.37
chr20:33413000-33414400,ENSG00000101464.6$PIGU$chr20$33264910$-,0.36
chr20:44421400-44422800,ENSG00000101473.12$ACOT8$chr20$44486045$-,0.52
chr20:44427000-44428800,ENSG00000101473.12$ACOT8$chr20$44486045$-,0.44
chr20:44508800-44509800,ENSG00000101473.12$ACOT8$chr20$44486045$-,0.65
chr20:44560800-44562600,ENSG00000101473.12$ACOT8$chr20$44486045$-,0.47
chr20:44601000-44602400,ENSG00000101473.12$ACOT8$chr20$44486045$-,0.4
chr18:77749200-77750600,ENSG00000101544.4$ADNP2$chr18$77866915$+,0.43
chr18:77792000-77793200,ENSG00000101544.4$ADNP2$chr18$77866915$+,0.51
chr18:77795000-77796800,ENSG00000101544.4$ADNP2$chr18$77866915$+,0.59
chr18:77883800-77886200,ENSG00000101544.4$ADNP2$chr18$77866915$+,0.7
chr18:77749200-77750600,ENSG00000101546.8$RBFA$chr18$77794358$+,0.63
chr18:77792000-77793200,ENSG00000101546.8$RBFA$chr18$77794358$+,0.43
chr18:77795000-77796800,ENSG00000101546.8$RBFA$chr18$77794358$+,0.44
chr18:77883800-77886200,ENSG00000101546.8$RBFA$chr18$77794358$+,0.51
chr18:188000-190400,ENSG00000101557.10$USP14$chr18$158383$+,0.78
chr18:265600-267400,ENSG00000101557.10$USP14$chr18$158383$+,0.49
chr18:269000-271000,ENSG00000101557.10$USP14$chr18$158383$+,0.48
chr18:9965400-9966800,ENSG00000101558.9$VAPA$chr18$9913999$+,0.48
chr18:2547200-2548200,ENSG00000101574.10$METTL4$chr18$2571508$-,0.68
chr18:2577200-2579600,ENSG00000101574.10$METTL4$chr18$2571508$-,0.65
chr18:2601600-2603400,ENSG00000101574.10$METTL4$chr18$2571508$-,0.71
chr18:2612800-2613600,ENSG00000101574.10$METTL4$chr18$2571508$-,0.69
chr18:2652800-2655000,ENSG00000101574.10$METTL4$chr18$2571508$-,0.42
chr18:2668200-2670400,ENSG00000101574.10$METTL4$chr18$2571508$-,0.41
chr18:2671800-2674000,ENSG00000101574.10$METTL4$chr18$2571508$-,0.39
chr18:2674800-2676600,ENSG00000101574.10$METTL4$chr18$2571508$-,0.36
chr18:2691000-2692800,ENSG00000101574.10$METTL4$chr18$2571508$-,0.38
chr18:2792400-2792600,ENSG00000101574.10$METTL4$chr18$2571508$-,0.36
chr18:2887600-2889000,ENSG00000101577.5$LPIN2$chr18$3013313$-,0.48
chr18:2942200-2943200,ENSG00000101577.5$LPIN2$chr18$3013313$-,0.54
chr18:2952800-2953200,ENSG00000101577.5$LPIN2$chr18$3013313$-,0.58
chr18:3002000-3003600,ENSG00000101577.5$LPIN2$chr18$3013313$-,0.49
chr18:2547200-2548200,ENSG00000101596.10$SMCHD1$chr18$2655737$+,0.41
chr18:2577200-2579600,ENSG00000101596.10$SMCHD1$chr18$2655737$+,0.44
chr18:2601600-2603400,ENSG00000101596.10$SMCHD1$chr18$2655737$+,0.49
chr18:2612800-2613600,ENSG00000101596.10$SMCHD1$chr18$2655737$+,0.5
chr18:2652800-2655000,ENSG00000101596.10$SMCHD1$chr18$2655737$+,0.35
chr18:2668200-2670400,ENSG00000101596.10$SMCHD1$chr18$2655737$+,0.52
chr18:2671800-2674000,ENSG00000101596.10$SMCHD1$chr18$2655737$+,0.5
chr18:2674800-2676600,ENSG00000101596.10$SMCHD1$chr18$2655737$+,0.48
chr18:2678000-2678200,ENSG00000101596.10$SMCHD1$chr18$2655737$+,0.53
chr18:2691000-2692800,ENSG00000101596.10$SMCHD1$chr18$2655737$+,0.63
chr18:2748600-2749800,ENSG00000101596.10$SMCHD1$chr18$2655737$+,0.56
chr18:2752400-2753200,ENSG00000101596.10$SMCHD1$chr18$2655737$+,0.59
chr18:2757200-2759200,ENSG00000101596.10$SMCHD1$chr18$2655737$+,0.5
chr18:2792400-2792600,ENSG00000101596.10$SMCHD1$chr18$2655737$+,0.4
chr18:3356000-3357000,ENSG00000101608.8$MYL12A$chr18$3247479$+,0.4
chr18:3405200-3407400,ENSG00000101608.8$MYL12A$chr18$3247479$+,0.39
chr18:12654800-12657000,ENSG00000101624.6$CEP76$chr18$12702776$-,0.44
chr18:12678800-12680200,ENSG00000101624.6$CEP76$chr18$12702776$-,0.65
chr18:12773000-12774800,ENSG00000101624.6$CEP76$chr18$12702776$-,0.59
chr18:12802200-12804600,ENSG00000101624.6$CEP76$chr18$12702776$-,0.43
chr18:13823400-13825600,ENSG00000101654.13$RNMT$chr18$13726659$+,0.57
chr18:46502200-46504600,ENSG00000101665.4$SMAD7$chr18$46477081$-,0.52
chr18:29589200-29591200,ENSG00000101695.4$RNF125$chr18$29598335$+,0.64
chr18:29651800-29652800,ENSG00000101695.4$RNF125$chr18$29598335$+,0.6
chr18:29670600-29671600,ENSG00000101695.4$RNF125$chr18$29598335$+,0.5
chr18:29697000-29698400,ENSG00000101695.4$RNF125$chr18$29598335$+,0.43
chr18:9010000-9010200,ENSG00000101745.11$ANKRD12$chr18$9136226$+,0.52
chr18:9065200-9067200,ENSG00000101745.11$ANKRD12$chr18$9136226$+,0.59
chr18:9086400-9087200,ENSG00000101745.11$ANKRD12$chr18$9136226$+,0.57
chr18:9155800-9156200,ENSG00000101745.11$ANKRD12$chr18$9136226$+,0.66
chr18:9159800-9161200,ENSG00000101745.11$ANKRD12$chr18$9136226$+,0.74
chr18:9167600-9168600,ENSG00000101745.11$ANKRD12$chr18$9136226$+,0.7
chr18:9169000-9169600,ENSG00000101745.11$ANKRD12$chr18$9136226$+,0.59
chr18:9170400-9170800,ENSG00000101745.11$ANKRD12$chr18$9136226$+,0.6
chr18:9204200-9205000,ENSG00000101745.11$ANKRD12$chr18$9136226$+,0.62
chr18:9225800-9227200,ENSG00000101745.11$ANKRD12$chr18$9136226$+,0.35
chr18:9227800-9228400,ENSG00000101745.11$ANKRD12$chr18$9136226$+,0.43
chr18:51750800-51751800,ENSG00000101751.6$POLI$chr18$51795774$+,0.52
chr18:51796800-51799200,ENSG00000101751.6$POLI$chr18$51795774$+,0.41
chr18:51810600-51813000,ENSG00000101751.6$POLI$chr18$51795774$+,0.59
chr18:51883000-51884000,ENSG00000101751.6$POLI$chr18$51795774$+,0.56
chr18:19173600-19175200,ENSG00000101752.7$MIB1$chr18$19284918$+,0.41
chr18:19181000-19183400,ENSG00000101752.7$MIB1$chr18$19284918$+,0.37
chr18:19184600-19185800,ENSG00000101752.7$MIB1$chr18$19284918$+,0.42
chr18:19191200-19192200,ENSG00000101752.7$MIB1$chr18$19284918$+,0.4
chr18:19196200-19198400,ENSG00000101752.7$MIB1$chr18$19284918$+,0.43
chr18:19257800-19259600,ENSG00000101752.7$MIB1$chr18$19284918$+,0.7
chr18:19314200-19316400,ENSG00000101752.7$MIB1$chr18$19284918$+,0.65
chr18:19319400-19320600,ENSG00000101752.7$MIB1$chr18$19284918$+,0.57
chr18:21015400-21017400,ENSG00000101782.10$RIOK3$chr18$21032787$+,0.49
chr18:21018000-21019200,ENSG00000101782.10$RIOK3$chr18$21032787$+,0.58
chr18:21082000-21083000,ENSG00000101782.10$RIOK3$chr18$21032787$+,0.45
chr18:21091600-21093600,ENSG00000101782.10$RIOK3$chr18$21032787$+,0.43
chr18:21094600-21096600,ENSG00000101782.10$RIOK3$chr18$21032787$+,0.4
chrX:100302200-100302600,ENSG00000101811.9$CSTF2$chrX$100075384$+,0.4
chrX:100307200-100307800,ENSG00000101811.9$CSTF2$chrX$100075384$+,0.45
chrX:107266800-107267400,ENSG00000101842.9$VSIG1$chrX$107288200$+,0.44
chrX:107283400-107283800,ENSG00000101842.9$VSIG1$chrX$107288200$+,0.52
chrX:107335400-107336600,ENSG00000101842.9$VSIG1$chrX$107288200$+,0.47
chrX:107266800-107267400,ENSG00000101843.14$PSMD10$chrX$107334848$-,0.49
chrX:107283400-107283800,ENSG00000101843.14$PSMD10$chrX$107334848$-,0.51
chrX:107266800-107267400,ENSG00000101844.13$ATG4A$chrX$107334898$+,0.4
chrX:107283400-107283800,ENSG00000101844.13$ATG4A$chrX$107334898$+,0.49
chrX:9281000-9282400,ENSG00000101849.11$TBL1X$chrX$9431335$+,0.43
chrX:9611600-9613400,ENSG00000101849.11$TBL1X$chrX$9431335$+,0.36
chrX:9660800-9662000,ENSG00000101849.11$TBL1X$chrX$9431335$+,0.35
chrX:118406800-118408600,ENSG00000101856.8$PGRMC1$chrX$118370216$+,0.44
chrX:118926400-118927800,ENSG00000101882.5$NKAP$chrX$119077735$-,0.53
chrX:118955000-118956800,ENSG00000101882.5$NKAP$chrX$119077735$-,0.5
chrX:118984600-118986200,ENSG00000101882.5$NKAP$chrX$119077735$-,0.52
chrX:119002200-119004400,ENSG00000101882.5$NKAP$chrX$119077735$-,0.47
chrX:119013600-119015400,ENSG00000101882.5$NKAP$chrX$119077735$-,0.44
chrX:119133200-119135600,ENSG00000101882.5$NKAP$chrX$119077735$-,0.57
chrX:119148600-119150600,ENSG00000101882.5$NKAP$chrX$119077735$-,0.44
chrX:119478200-119479400,ENSG00000101892.7$ATP1B4$chrX$119495967$+,0.43
chrX:110923400-110924400,ENSG00000101901.6$ALG13$chrX$110909043$+,0.44
chrX:12788000-12790200,ENSG00000101911.8$PRPS2$chrX$12809474$+,0.7
chrX:13010800-13013000,ENSG00000101911.8$PRPS2$chrX$12809474$+,0.42
chrX:13059800-13062000,ENSG00000101911.8$PRPS2$chrX$12809474$+,0.36
chrX:133940400-133941200,ENSG00000101928.8$MOSPD1$chrX$134049297$-,0.42
chrX:133961200-133963200,ENSG00000101928.8$MOSPD1$chrX$134049297$-,0.5
chrX:134137400-134139000,ENSG00000101928.8$MOSPD1$chrX$134049297$-,0.46
chrX:134164000-134166000,ENSG00000101928.8$MOSPD1$chrX$134049297$-,0.37
chrX:134166800-134168400,ENSG00000101928.8$MOSPD1$chrX$134049297$-,0.35
chrX:48398600-48400400,ENSG00000101940.13$WDR13$chrX$48448430$+,0.43
chrX:48456600-48458800,ENSG00000101940.13$WDR13$chrX$48448430$+,0.56
chrX:48489400-48491200,ENSG00000101940.13$WDR13$chrX$48448430$+,0.55
chrX:48519200-48520400,ENSG00000101940.13$WDR13$chrX$48448430$+,0.43
chrX:48533000-48534400,ENSG00000101940.13$WDR13$chrX$48448430$+,0.41
chrX:48398600-48400400,ENSG00000101945.12$SUV39H1$chrX$48553945$+,0.44
chrX:48456600-48458800,ENSG00000101945.12$SUV39H1$chrX$48553945$+,0.4
chrX:48489400-48491200,ENSG00000101945.12$SUV39H1$chrX$48553945$+,0.51
chrX:48519200-48520400,ENSG00000101945.12$SUV39H1$chrX$48553945$+,0.59
chrX:48533000-48534400,ENSG00000101945.12$SUV39H1$chrX$48553945$+,0.66
chrX:48555600-48558000,ENSG00000101945.12$SUV39H1$chrX$48553945$+,0.54
chrX:48568000-48568400,ENSG00000101945.12$SUV39H1$chrX$48553945$+,0.61
chrX:48586400-48587200,ENSG00000101945.12$SUV39H1$chrX$48553945$+,0.45
chrX:48596400-48597600,ENSG00000101945.12$SUV39H1$chrX$48553945$+,0.45
chrX:48706800-48708400,ENSG00000101945.12$SUV39H1$chrX$48553945$+,0.35
chrX:122851600-122852800,ENSG00000101966.8$XIAP$chrX$122993574$+,0.38
chrX:122867200-122867600,ENSG00000101966.8$XIAP$chrX$122993574$+,0.43
chrX:123006000-123008200,ENSG00000101966.8$XIAP$chrX$122993574$+,0.6
chrX:123156600-123159000,ENSG00000101966.8$XIAP$chrX$122993574$+,0.35
chrX:122867200-122867600,ENSG00000101972.14$STAG2$chrX$123094062$+,0.41
chrX:122992400-122993600,ENSG00000101972.14$STAG2$chrX$123094062$+,0.41
chrX:123006000-123008200,ENSG00000101972.14$STAG2$chrX$123094062$+,0.6
chrX:123135400-123136400,ENSG00000101972.14$STAG2$chrX$123094062$+,0.6
chrX:123153200-123154800,ENSG00000101972.14$STAG2$chrX$123094062$+,0.48
chrX:123156600-123159000,ENSG00000101972.14$STAG2$chrX$123094062$+,0.52
chrX:152865400-152867800,ENSG00000101986.8$ABCD1$chrX$152990323$+,0.42
chrX:152868200-152870200,ENSG00000101986.8$ABCD1$chrX$152990323$+,0.46
chrX:152879800-152881000,ENSG00000101986.8$ABCD1$chrX$152990323$+,0.4
chrX:152932800-152935200,ENSG00000101986.8$ABCD1$chrX$152990323$+,0.53
chrX:152984200-152986600,ENSG00000101986.8$ABCD1$chrX$152990323$+,0.65
chrX:152987200-152989200,ENSG00000101986.8$ABCD1$chrX$152990323$+,0.41
chrX:48868800-48870200,ENSG00000101997.8$CCDC22$chrX$49091927$+,0.38
chrX:48931600-48933000,ENSG00000101997.8$CCDC22$chrX$49091927$+,0.44
chrX:48955600-48957800,ENSG00000101997.8$CCDC22$chrX$49091927$+,0.45
chrX:48977800-48979400,ENSG00000101997.8$CCDC22$chrX$49091927$+,0.5
chrX:49048400-49050800,ENSG00000101997.8$CCDC22$chrX$49091927$+,0.51
chrX:49116400-49117200,ENSG00000101997.8$CCDC22$chrX$49091927$+,0.44
chrX:49148000-49150000,ENSG00000101997.8$CCDC22$chrX$49091927$+,0.51
chrX:48868800-48870200,ENSG00000102001.8$CACNA1F$chrX$49089833$-,0.36
chrX:48931600-48933000,ENSG00000102001.8$CACNA1F$chrX$49089833$-,0.48
chrX:48955600-48957800,ENSG00000102001.8$CACNA1F$chrX$49089833$-,0.43
chrX:48977800-48979400,ENSG00000102001.8$CACNA1F$chrX$49089833$-,0.45
chrX:49048400-49050800,ENSG00000102001.8$CACNA1F$chrX$49089833$-,0.57
chrX:49116400-49117200,ENSG00000102001.8$CACNA1F$chrX$49089833$-,0.45
chrX:49148000-49150000,ENSG00000102001.8$CACNA1F$chrX$49089833$-,0.49
chrX:48901200-48902200,ENSG00000102003.6$SYP$chrX$49056718$-,0.39
chrX:48931600-48933000,ENSG00000102003.6$SYP$chrX$49056718$-,0.35
chrX:48955600-48957800,ENSG00000102003.6$SYP$chrX$49056718$-,0.47
chrX:48977800-48979400,ENSG00000102003.6$SYP$chrX$49056718$-,0.45
chrX:49048400-49050800,ENSG00000102003.6$SYP$chrX$49056718$-,0.7
chrX:49116400-49117200,ENSG00000102003.6$SYP$chrX$49056718$-,0.52
chrX:48859400-48860600,ENSG00000102007.6$PLP2$chrX$49028273$+,0.44
chrX:48868800-48870200,ENSG00000102007.6$PLP2$chrX$49028273$+,0.4
chrX:48955600-48957800,ENSG00000102007.6$PLP2$chrX$49028273$+,0.39
chrX:48977800-48979400,ENSG00000102007.6$PLP2$chrX$49028273$+,0.45
chrX:49048400-49050800,ENSG00000102007.6$PLP2$chrX$49028273$+,0.67
chrX:153352400-153353800,ENSG00000102030.11$NAA10$chrX$153200676$-,0.38
chrX:153363400-153365200,ENSG00000102030.11$NAA10$chrX$153200676$-,0.37
chrX:129293000-129295400,ENSG00000102034.12$ELF4$chrX$129244691$-,0.44
chrX:129300600-129301800,ENSG00000102034.12$ELF4$chrX$129244691$-,0.44
chrX:63426400-63428800,ENSG00000102043.11$MTMR8$chrX$63615333$-,0.4
chrX:16728400-16730600,ENSG00000102054.13$RBBP7$chrX$16888537$-,0.46
chrX:16736400-16737200,ENSG00000102054.13$RBBP7$chrX$16888537$-,0.5
chrX:16803000-16804200,ENSG00000102054.13$RBBP7$chrX$16888537$-,0.55
chrX:16899800-16901200,ENSG00000102054.13$RBBP7$chrX$16888537$-,0.63
chrX:16906400-16907800,ENSG00000102054.13$RBBP7$chrX$16888537$-,0.7
chrX:16910600-16911600,ENSG00000102054.13$RBBP7$chrX$16888537$-,0.61
chrX:17021200-17021600,ENSG00000102054.13$RBBP7$chrX$16888537$-,0.42
chrX:48749200-48751000,ENSG00000102057.5$KCND1$chrX$48827976$-,0.36
chrX:48752000-48754400,ENSG00000102057.5$KCND1$chrX$48827976$-,0.39
chrX:48805600-48806600,ENSG00000102057.5$KCND1$chrX$48827976$-,0.48
chrX:48859400-48860600,ENSG00000102057.5$KCND1$chrX$48827976$-,0.48
chrX:48868800-48870200,ENSG00000102057.5$KCND1$chrX$48827976$-,0.49
chrX:48901200-48902200,ENSG00000102057.5$KCND1$chrX$48827976$-,0.38
chrX:48931600-48933000,ENSG00000102057.5$KCND1$chrX$48827976$-,0.39
chrX:153437400-153437800,ENSG00000102076.5$OPN1LW$chrX$153409698$+,0.41
chrX:129536600-129539000,ENSG00000102078.11$SLC25A14$chrX$129473874$+,0.56
chrX:153437400-153437800,ENSG00000102080.8$TEX28P2$chrX$153445634$-,0.5
chrX:48519200-48520400,ENSG00000102096.9$PIM2$chrX$48776301$-,0.37
chrX:48568000-48568400,ENSG00000102096.9$PIM2$chrX$48776301$-,0.35
chrX:48657600-48659600,ENSG00000102096.9$PIM2$chrX$48776301$-,0.35
chrX:48706800-48708400,ENSG00000102096.9$PIM2$chrX$48776301$-,0.4
chrX:48747400-48749000,ENSG00000102096.9$PIM2$chrX$48776301$-,0.49
chrX:48749200-48751000,ENSG00000102096.9$PIM2$chrX$48776301$-,0.5
chrX:48752000-48754400,ENSG00000102096.9$PIM2$chrX$48776301$-,0.52
chrX:48755800-48757800,ENSG00000102096.9$PIM2$chrX$48776301$-,0.51
chrX:48805600-48806600,ENSG00000102096.9$PIM2$chrX$48776301$-,0.58
chrX:48859400-48860600,ENSG00000102096.9$PIM2$chrX$48776301$-,0.38
chrX:48931600-48933000,ENSG00000102096.9$PIM2$chrX$48776301$-,0.35
chrX:48657600-48659600,ENSG00000102100.10$SLC35A2$chrX$48769235$-,0.47
chrX:48660600-48662800,ENSG00000102100.10$SLC35A2$chrX$48769235$-,0.44
chrX:48706800-48708400,ENSG00000102100.10$SLC35A2$chrX$48769235$-,0.5
chrX:48747400-48749000,ENSG00000102100.10$SLC35A2$chrX$48769235$-,0.52
chrX:48749200-48751000,ENSG00000102100.10$SLC35A2$chrX$48769235$-,0.5
chrX:48752000-48754400,ENSG00000102100.10$SLC35A2$chrX$48769235$-,0.49
chrX:48755800-48757800,ENSG00000102100.10$SLC35A2$chrX$48769235$-,0.5
chrX:48805600-48806600,ENSG00000102100.10$SLC35A2$chrX$48769235$-,0.54
chrX:48859400-48860600,ENSG00000102100.10$SLC35A2$chrX$48769235$-,0.35
chrX:48868800-48870200,ENSG00000102100.10$SLC35A2$chrX$48769235$-,0.38
chrX:48555600-48558000,ENSG00000102103.11$PQBP1$chrX$48755195$+,0.36
chrX:48596400-48597600,ENSG00000102103.11$PQBP1$chrX$48755195$+,0.44
chrX:48657600-48659600,ENSG00000102103.11$PQBP1$chrX$48755195$+,0.48
chrX:48660600-48662800,ENSG00000102103.11$PQBP1$chrX$48755195$+,0.5
chrX:48706800-48708400,ENSG00000102103.11$PQBP1$chrX$48755195$+,0.45
chrX:48747400-48749000,ENSG00000102103.11$PQBP1$chrX$48755195$+,0.53
chrX:48749200-48751000,ENSG00000102103.11$PQBP1$chrX$48755195$+,0.56
chrX:48805600-48806600,ENSG00000102103.11$PQBP1$chrX$48755195$+,0.48
chrX:48859400-48860600,ENSG00000102103.11$PQBP1$chrX$48755195$+,0.42
chrX:48868800-48870200,ENSG00000102103.11$PQBP1$chrX$48755195$+,0.4
chrX:48901200-48902200,ENSG00000102103.11$PQBP1$chrX$48755195$+,0.42
chrX:48931600-48933000,ENSG00000102103.11$PQBP1$chrX$48755195$+,0.35
chrX:48657600-48659600,ENSG00000102109.7$PCSK1N$chrX$48694035$-,0.44
chrX:48660600-48662800,ENSG00000102109.7$PCSK1N$chrX$48694035$-,0.53
chrX:48706800-48708400,ENSG00000102109.7$PCSK1N$chrX$48694035$-,0.59
chrX:48747400-48749000,ENSG00000102109.7$PCSK1N$chrX$48694035$-,0.49
chrX:48749200-48751000,ENSG00000102109.7$PCSK1N$chrX$48694035$-,0.44
chrX:48752000-48754400,ENSG00000102109.7$PCSK1N$chrX$48694035$-,0.49
chrX:48755800-48757800,ENSG00000102109.7$PCSK1N$chrX$48694035$-,0.45
chrX:153352400-153353800,ENSG00000102119.6$EMD$chrX$153607557$+,0.36
chrX:153363400-153365200,ENSG00000102119.6$EMD$chrX$153607557$+,0.38
chrX:153505400-153505800,ENSG00000102119.6$EMD$chrX$153607557$+,0.42
chrX:153514000-153514800,ENSG00000102119.6$EMD$chrX$153607557$+,0.44
chrX:153544800-153546800,ENSG00000102119.6$EMD$chrX$153607557$+,0.52
chrX:153548400-153550600,ENSG00000102119.6$EMD$chrX$153607557$+,0.5
chrX:153561600-153563800,ENSG00000102119.6$EMD$chrX$153607557$+,0.53
chrX:153640600-153642600,ENSG00000102119.6$EMD$chrX$153607557$+,0.59
chrX:153655000-153657400,ENSG00000102119.6$EMD$chrX$153607557$+,0.52
chrX:153663600-153665200,ENSG00000102119.6$EMD$chrX$153607557$+,0.48
chrX:153655000-153657400,ENSG00000102125.11$TAZ$chrX$153639854$+,0.63
chrX:153663600-153665200,ENSG00000102125.11$TAZ$chrX$153639854$+,0.62
chrX:102155000-102155800,ENSG00000102128.6$RAB40AL$chrX$102192200$+,0.36
chrX:48398600-48400400,ENSG00000102145.9$GATA1$chrX$48644962$+,0.35
chrX:48456600-48458800,ENSG00000102145.9$GATA1$chrX$48644962$+,0.35
chrX:48568000-48568400,ENSG00000102145.9$GATA1$chrX$48644962$+,0.36
chrX:48586400-48587200,ENSG00000102145.9$GATA1$chrX$48644962$+,0.54
chrX:48596400-48597600,ENSG00000102145.9$GATA1$chrX$48644962$+,0.54
chrX:48657600-48659600,ENSG00000102145.9$GATA1$chrX$48644962$+,0.57
chrX:48660600-48662800,ENSG00000102145.9$GATA1$chrX$48644962$+,0.57
chrX:48706800-48708400,ENSG00000102145.9$GATA1$chrX$48644962$+,0.53
chrX:48747400-48749000,ENSG00000102145.9$GATA1$chrX$48644962$+,0.42
chrX:48749200-48751000,ENSG00000102145.9$GATA1$chrX$48644962$+,0.41
chrX:48752000-48754400,ENSG00000102145.9$GATA1$chrX$48644962$+,0.42
chrX:48868800-48870200,ENSG00000102145.9$GATA1$chrX$48644962$+,0.36
chrX:48901200-48902200,ENSG00000102145.9$GATA1$chrX$48644962$+,0.37
chrX:76927400-76928000,ENSG00000102158.15$MAGT1$chrX$77151090$-,0.42
chrX:76986600-76989000,ENSG00000102158.15$MAGT1$chrX$77151090$-,0.36
chrX:76995600-76997000,ENSG00000102158.15$MAGT1$chrX$77151090$-,0.44
chrX:77023200-77025600,ENSG00000102158.15$MAGT1$chrX$77151090$-,0.37
chrX:77025800-77026000,ENSG00000102158.15$MAGT1$chrX$77151090$-,0.35
chrX:77026200-77027600,ENSG00000102158.15$MAGT1$chrX$77151090$-,0.35
chrX:77146000-77147400,ENSG00000102158.15$MAGT1$chrX$77151090$-,0.64
chrX:77165000-77165600,ENSG00000102158.15$MAGT1$chrX$77151090$-,0.65
chrX:77392400-77394600,ENSG00000102158.15$MAGT1$chrX$77151090$-,0.35
chrX:21878400-21878800,ENSG00000102174.7$PHEX$chrX$22050559$+,0.39
chrX:21916400-21916800,ENSG00000102174.7$PHEX$chrX$22050559$+,0.5
chrX:153514000-153514800,ENSG00000102178.8$UBL4A$chrX$153715009$-,0.36
chrX:153640600-153642600,ENSG00000102178.8$UBL4A$chrX$153715009$-,0.5
chrX:153655000-153657400,ENSG00000102178.8$UBL4A$chrX$153715009$-,0.44
chrX:153663600-153665200,ENSG00000102178.8$UBL4A$chrX$153715009$-,0.47
chrX:150048400-150050800,ENSG00000102181.15$CD99L2$chrX$150067289$-,0.6
chrX:150065000-150066800,ENSG00000102181.15$CD99L2$chrX$150067289$-,0.38
chrX:150153000-150154600,ENSG00000102181.15$CD99L2$chrX$150067289$-,0.49
chrX:46618800-46620200,ENSG00000102218.5$RP2$chrX$46696375$+,0.42
chrX:47049000-47050200,ENSG00000102225.11$CDK16$chrX$47077259$+,0.7
chrX:47217200-47219400,ENSG00000102225.11$CDK16$chrX$47077259$+,0.46
chrX:47225000-47227000,ENSG00000102225.11$CDK16$chrX$47077259$+,0.42
chrX:47243200-47244400,ENSG00000102225.11$CDK16$chrX$47077259$+,0.48
chrX:47249400-47251000,ENSG00000102225.11$CDK16$chrX$47077259$+,0.43
chrX:47338000-47339000,ENSG00000102225.11$CDK16$chrX$47077259$+,0.36
chrX:47381800-47383200,ENSG00000102225.11$CDK16$chrX$47077259$+,0.39
chrX:47049000-47050200,ENSG00000102226.5$USP11$chrX$47092089$+,0.76
chrX:47217200-47219400,ENSG00000102226.5$USP11$chrX$47092089$+,0.43
chrX:47225000-47227000,ENSG00000102226.5$USP11$chrX$47092089$+,0.36
chrX:47243200-47244400,ENSG00000102226.5$USP11$chrX$47092089$+,0.48
chrX:47249400-47251000,ENSG00000102226.5$USP11$chrX$47092089$+,0.52
chrX:47338000-47339000,ENSG00000102226.5$USP11$chrX$47092089$+,0.39
chrX:47340000-47341800,ENSG00000102226.5$USP11$chrX$47092089$+,0.38
chrX:47343200-47345400,ENSG00000102226.5$USP11$chrX$47092089$+,0.41
chrX:135580400-135582000,ENSG00000102239.4$BRS3$chrX$135570046$+,0.58
chrX:135626800-135627200,ENSG00000102239.4$BRS3$chrX$135570046$+,0.46
chrX:135627400-135629800,ENSG00000102239.4$BRS3$chrX$135570046$+,0.44
chrX:135654000-135655400,ENSG00000102239.4$BRS3$chrX$135570046$+,0.35
chrX:135734600-135737000,ENSG00000102239.4$BRS3$chrX$135570046$+,0.37
chrX:135764600-135764800,ENSG00000102239.4$BRS3$chrX$135570046$+,0.4
chrX:135801600-135803000,ENSG00000102239.4$BRS3$chrX$135570046$+,0.38
chrX:135817200-135819400,ENSG00000102239.4$BRS3$chrX$135570046$+,0.43
chrX:135626800-135627200,ENSG00000102241.7$HTATSF1$chrX$135579238$+,0.44
chrX:135627400-135629800,ENSG00000102241.7$HTATSF1$chrX$135579238$+,0.41
chrX:135654000-135655400,ENSG00000102241.7$HTATSF1$chrX$135579238$+,0.41
chrX:135677800-135679200,ENSG00000102241.7$HTATSF1$chrX$135579238$+,0.4
chrX:135679400-135679600,ENSG00000102241.7$HTATSF1$chrX$135579238$+,0.42
chrX:135685200-135687400,ENSG00000102241.7$HTATSF1$chrX$135579238$+,0.38
chrX:135693200-135694200,ENSG00000102241.7$HTATSF1$chrX$135579238$+,0.35
chrX:135710600-135713000,ENSG00000102241.7$HTATSF1$chrX$135579238$+,0.36
chrX:135715200-135715600,ENSG00000102241.7$HTATSF1$chrX$135579238$+,0.41
chrX:135734600-135737000,ENSG00000102241.7$HTATSF1$chrX$135579238$+,0.42
chrX:135764600-135764800,ENSG00000102241.7$HTATSF1$chrX$135579238$+,0.45
chrX:135801600-135803000,ENSG00000102241.7$HTATSF1$chrX$135579238$+,0.39
chrX:135817200-135819400,ENSG00000102241.7$HTATSF1$chrX$135579238$+,0.46
chrX:135580400-135582000,ENSG00000102245.3$CD40LG$chrX$135730352$+,0.38
chrX:135626800-135627200,ENSG00000102245.3$CD40LG$chrX$135730352$+,0.35
chrX:135627400-135629800,ENSG00000102245.3$CD40LG$chrX$135730352$+,0.44
chrX:135654000-135655400,ENSG00000102245.3$CD40LG$chrX$135730352$+,0.47
chrX:135677800-135679200,ENSG00000102245.3$CD40LG$chrX$135730352$+,0.51
chrX:135679400-135679600,ENSG00000102245.3$CD40LG$chrX$135730352$+,0.5
chrX:135685200-135687400,ENSG00000102245.3$CD40LG$chrX$135730352$+,0.55
chrX:135693200-135694200,ENSG00000102245.3$CD40LG$chrX$135730352$+,0.55
chrX:135710600-135713000,ENSG00000102245.3$CD40LG$chrX$135730352$+,0.61
chrX:135715200-135715600,ENSG00000102245.3$CD40LG$chrX$135730352$+,0.6
chrX:135734600-135737000,ENSG00000102245.3$CD40LG$chrX$135730352$+,0.58
chrX:135764600-135764800,ENSG00000102245.3$CD40LG$chrX$135730352$+,0.53
chrX:135801600-135803000,ENSG00000102245.3$CD40LG$chrX$135730352$+,0.51
chrX:135817200-135819400,ENSG00000102245.3$CD40LG$chrX$135730352$+,0.43
chrX:47217200-47219400,ENSG00000102265.7$TIMP1$chrX$47441712$+,0.4
chrX:47225000-47227000,ENSG00000102265.7$TIMP1$chrX$47441712$+,0.36
chrX:47243200-47244400,ENSG00000102265.7$TIMP1$chrX$47441712$+,0.37
chrX:47249400-47251000,ENSG00000102265.7$TIMP1$chrX$47441712$+,0.48
chrX:47338000-47339000,ENSG00000102265.7$TIMP1$chrX$47441712$+,0.49
chrX:47340000-47341800,ENSG00000102265.7$TIMP1$chrX$47441712$+,0.52
chrX:47343200-47345400,ENSG00000102265.7$TIMP1$chrX$47441712$+,0.63
chrX:47381800-47383200,ENSG00000102265.7$TIMP1$chrX$47441712$+,0.62
chrX:47418800-47420400,ENSG00000102265.7$TIMP1$chrX$47441712$+,0.51
chrX:47454400-47456600,ENSG00000102265.7$TIMP1$chrX$47441712$+,0.64
chrX:47478200-47480400,ENSG00000102265.7$TIMP1$chrX$47441712$+,0.63
chrX:47515600-47517800,ENSG00000102265.7$TIMP1$chrX$47441712$+,0.52
chrX:47518800-47519800,ENSG00000102265.7$TIMP1$chrX$47441712$+,0.53
chrX:71388400-71389200,ENSG00000102309.8$PIN4$chrX$71401203$+,0.64
chrX:48291200-48293000,ENSG00000102312.16$PORCN$chrX$48367350$+,0.52
chrX:48365400-48366800,ENSG00000102312.16$PORCN$chrX$48367350$+,0.44
chrX:48398600-48400400,ENSG00000102312.16$PORCN$chrX$48367350$+,0.57
chrX:48456600-48458800,ENSG00000102312.16$PORCN$chrX$48367350$+,0.42
chrX:48489400-48491200,ENSG00000102312.16$PORCN$chrX$48367350$+,0.56
chrX:48519200-48520400,ENSG00000102312.16$PORCN$chrX$48367350$+,0.4
chrX:48533000-48534400,ENSG00000102312.16$PORCN$chrX$48367350$+,0.52
chrX:48555600-48558000,ENSG00000102312.16$PORCN$chrX$48367350$+,0.42
chrX:54665000-54665800,ENSG00000102316.12$MAGED2$chrX$54834032$+,0.36
chrX:54666400-54668600,ENSG00000102316.12$MAGED2$chrX$54834032$+,0.37
chrX:54992400-54993600,ENSG00000102316.12$MAGED2$chrX$54834032$+,0.39
chrX:48365400-48366800,ENSG00000102317.13$RBM3$chrX$48432837$+,0.5
chrX:48398600-48400400,ENSG00000102317.13$RBM3$chrX$48432837$+,0.68
chrX:48456600-48458800,ENSG00000102317.13$RBM3$chrX$48432837$+,0.68
chrX:48489400-48491200,ENSG00000102317.13$RBM3$chrX$48432837$+,0.58
chrX:48519200-48520400,ENSG00000102317.13$RBM3$chrX$48432837$+,0.43
chrX:48533000-48534400,ENSG00000102317.13$RBM3$chrX$48432837$+,0.41
chrX:48552800-48554400,ENSG00000102317.13$RBM3$chrX$48432837$+,0.52
chrX:48555600-48558000,ENSG00000102317.13$RBM3$chrX$48432837$+,0.54
chrX:48568000-48568400,ENSG00000102317.13$RBM3$chrX$48432837$+,0.41
chrX:56308400-56309000,ENSG00000102349.10$KLF8$chrX$56258854$+,0.57
chrX:56340000-56341000,ENSG00000102349.10$KLF8$chrX$56258854$+,0.59
chrX:100302200-100302600,ENSG00000102384.9$CENPI$chrX$100353178$+,0.64
chrX:100307200-100307800,ENSG00000102384.9$CENPI$chrX$100353178$+,0.58
chrX:100604000-100605000,ENSG00000102384.9$CENPI$chrX$100353178$+,0.42
chrX:75315400-75316200,ENSG00000102390.6$PBDC1$chrX$75392771$+,0.4
chrX:75539000-75540600,ENSG00000102390.6$PBDC1$chrX$75392771$+,0.48
chrX:100604000-100605000,ENSG00000102393.5$GLA$chrX$100662913$-,0.57
chrX:100660200-100662400,ENSG00000102393.5$GLA$chrX$100662913$-,0.4
chrX:100673600-100676000,ENSG00000102393.5$GLA$chrX$100662913$-,0.66
chrX:100871200-100872200,ENSG00000102393.5$GLA$chrX$100662913$-,0.43
chrX:100877000-100878000,ENSG00000102393.5$GLA$chrX$100662913$-,0.41
chrX:100604000-100605000,ENSG00000102401.15$ARMCX3$chrX$100877787$+,0.45
chrX:100660200-100662400,ENSG00000102401.15$ARMCX3$chrX$100877787$+,0.37
chrX:100673600-100676000,ENSG00000102401.15$ARMCX3$chrX$100877787$+,0.44
chrX:100871200-100872200,ENSG00000102401.15$ARMCX3$chrX$100877787$+,0.67
chrX:102563800-102565400,ENSG00000102409.9$BEX4$chrX$102470020$+,0.4
chrX:102610600-102611800,ENSG00000102409.9$BEX4$chrX$102470020$+,0.43
chr13:103047400-103049400,ENSG00000102466.11$FGF14$chr13$103054124$-,0.62
chr13:108997400-108997600,ENSG00000102524.7$TNFSF13B$chr13$108903588$+,0.37
chr13:49453400-49454600,ENSG00000102531.12$FNDC3A$chr13$49550048$+,0.41
chr13:49619600-49621600,ENSG00000102531.12$FNDC3A$chr13$49550048$+,0.55
chr13:49820600-49821600,ENSG00000102539.4$MLNR$chr13$49794474$+,0.46
chr13:49619600-49621600,ENSG00000102543.10$CDADC1$chr13$49822047$+,0.42
chr13:49714200-49716200,ENSG00000102543.10$CDADC1$chr13$49822047$+,0.37
chr13:49724000-49724200,ENSG00000102543.10$CDADC1$chr13$49822047$+,0.39
chr13:50015600-50017600,ENSG00000102547.14$CAB39L$chr13$50018262$-,0.4
chr13:50075400-50075800,ENSG00000102547.14$CAB39L$chr13$50018262$-,0.59
chr13:50081600-50082000,ENSG00000102547.14$CAB39L$chr13$50018262$-,0.58
chr19:11544800-11546400,ENSG00000102575.6$ACP5$chr19$11689823$-,0.45
chr19:11547000-11549400,ENSG00000102575.6$ACP5$chr19$11689823$-,0.47
chr19:11614800-11616800,ENSG00000102575.6$ACP5$chr19$11689823$-,0.54
chr19:11617000-11618800,ENSG00000102575.6$ACP5$chr19$11689823$-,0.54
chr19:11637000-11639400,ENSG00000102575.6$ACP5$chr19$11689823$-,0.56
chr19:11697000-11699400,ENSG00000102575.6$ACP5$chr19$11689823$-,0.71
chr19:11749400-11750600,ENSG00000102575.6$ACP5$chr19$11689823$-,0.51
chr19:11850200-11851000,ENSG00000102575.6$ACP5$chr19$11689823$-,0.45
chr13:96340400-96342200,ENSG00000102580.10$DNAJC3$chr13$96329393$+,0.66
chr13:22106800-22107200,ENSG00000102678.6$FGF9$chr13$22245522$+,0.37
chr13:22118400-22119600,ENSG00000102678.6$FGF9$chr13$22245522$+,0.43
chr13:22178400-22180200,ENSG00000102678.6$FGF9$chr13$22245522$+,0.64
chr13:22242400-22244400,ENSG00000102678.6$FGF9$chr13$22245522$+,0.41
chr13:25035600-25037800,ENSG00000102699.5$PARP4$chr13$25086948$-,0.58
chr13:25154800-25156600,ENSG00000102699.5$PARP4$chr13$25086948$-,0.51
chr13:25206000-25208200,ENSG00000102699.5$PARP4$chr13$25086948$-,0.36
chr13:37575600-37576800,ENSG00000102710.15$SUPT20H$chr13$37633850$-,0.67
chr13:37624400-37626800,ENSG00000102710.15$SUPT20H$chr13$37633850$-,0.59
chr13:41207200-41207400,ENSG00000102743.10$SLC25A15$chr13$41363548$+,0.38
chr13:41241600-41243600,ENSG00000102743.10$SLC25A15$chr13$41363548$+,0.36
chr13:41315400-41316200,ENSG00000102743.10$SLC25A15$chr13$41363548$+,0.46
chr13:41492200-41492800,ENSG00000102743.10$SLC25A15$chr13$41363548$+,0.48
chr13:41493400-41495200,ENSG00000102743.10$SLC25A15$chr13$41363548$+,0.51
chr13:50333000-50335200,ENSG00000102753.5$KPNA3$chr13$50367057$-,0.6
chr13:50337600-50339400,ENSG00000102753.5$KPNA3$chr13$50367057$-,0.62
chr13:50420600-50423000,ENSG00000102753.5$KPNA3$chr13$50367057$-,0.66
chr13:41954200-41955400,ENSG00000102760.12$RGCC$chr13$42031695$+,0.41
chr13:42001400-42003000,ENSG00000102760.12$RGCC$chr13$42031695$+,0.49
chr13:42479600-42480600,ENSG00000102763.11$VWA8$chr13$42535256$-,0.62
chr13:42502000-42504400,ENSG00000102763.11$VWA8$chr13$42535256$-,0.65
chr13:42629200-42631000,ENSG00000102763.11$VWA8$chr13$42535256$-,0.52
chr13:42648800-42651200,ENSG00000102763.11$VWA8$chr13$42535256$-,0.55
chr13:42479600-42480600,ENSG00000102780.12$DGKH$chr13$42614176$+,0.35
chr13:42535600-42538000,ENSG00000102780.12$DGKH$chr13$42614176$+,0.51
chr13:42629200-42631000,ENSG00000102780.12$DGKH$chr13$42614176$+,0.52
chr13:42648800-42651200,ENSG00000102780.12$DGKH$chr13$42614176$+,0.45
chr13:30833200-30834600,ENSG00000102781.9$KATNAL1$chr13$30881621$-,0.57
chr13:51967600-51968000,ENSG00000102786.10$INTS6$chr13$52028400$-,0.51
chr13:51983800-51984800,ENSG00000102786.10$INTS6$chr13$52028400$-,0.56
chr13:51985000-51985200,ENSG00000102786.10$INTS6$chr13$52028400$-,0.49
chr13:51987800-51989400,ENSG00000102786.10$INTS6$chr13$52028400$-,0.49
chr13:77549800-77552000,ENSG00000102794.5$IRG1$chr13$77522632$+,0.43
chr13:52483200-52484400,ENSG00000102796.6$DHRS12$chr13$52378293$-,0.4
chr13:52524200-52526000,ENSG00000102796.6$DHRS12$chr13$52378293$-,0.4
chr13:45110400-45112200,ENSG00000102804.10$TSC22D1$chr13$45151283$-,0.61
chr13:77549800-77552000,ENSG00000102805.9$CLN5$chr13$77564795$+,0.47
chr13:77578200-77578800,ENSG00000102805.9$CLN5$chr13$77564795$+,0.48
chr13:77579600-77579800,ENSG00000102805.9$CLN5$chr13$77564795$+,0.49
chr13:77601800-77603800,ENSG00000102805.9$CLN5$chr13$77564795$+,0.47
chr16:4598000-4599400,ENSG00000102858.8$MGRN1$chr16$4666494$+,0.52
chr16:4672400-4674600,ENSG00000102858.8$MGRN1$chr16$4666494$+,0.6
chr16:4782000-4783600,ENSG00000102858.8$MGRN1$chr16$4666494$+,0.36
chr16:4785000-4786600,ENSG00000102858.8$MGRN1$chr16$4666494$+,0.36
chr16:4817600-4820000,ENSG00000102858.8$MGRN1$chr16$4666494$+,0.45
chr16:30757800-30759600,ENSG00000102870.4$ZNF629$chr16$30798523$-,0.44
chr16:30760000-30762400,ENSG00000102870.4$ZNF629$chr16$30798523$-,0.53
chr16:30816000-30816600,ENSG00000102870.4$ZNF629$chr16$30798523$-,0.46
chr16:67060200-67062600,ENSG00000102871.11$TRADD$chr16$67194201$-,0.38
chr16:67141800-67143400,ENSG00000102871.11$TRADD$chr16$67194201$-,0.48
chr16:67261800-67263600,ENSG00000102871.11$TRADD$chr16$67194201$-,0.43
chr16:67015600-67017000,ENSG00000102878.11$HSF4$chr16$67197288$+,0.39
chr16:67017400-67019800,ENSG00000102878.11$HSF4$chr16$67197288$+,0.49
chr16:67060200-67062600,ENSG00000102878.11$HSF4$chr16$67197288$+,0.53
chr16:67141800-67143400,ENSG00000102878.11$HSF4$chr16$67197288$+,0.5
chr16:67261800-67263600,ENSG00000102878.11$HSF4$chr16$67197288$+,0.5
chr16:30031600-30033600,ENSG00000102879.11$CORO1A$chr16$30194148$+,0.42
chr16:30085200-30087000,ENSG00000102879.11$CORO1A$chr16$30194148$+,0.4
chr16:30174600-30175200,ENSG00000102879.11$CORO1A$chr16$30194148$+,0.59
chr16:30319600-30321000,ENSG00000102879.11$CORO1A$chr16$30194148$+,0.48
chr16:30338800-30339000,ENSG00000102879.11$CORO1A$chr16$30194148$+,0.44
chr16:30343800-30345800,ENSG00000102879.11$CORO1A$chr16$30194148$+,0.46
chr16:30438800-30440800,ENSG00000102879.11$CORO1A$chr16$30194148$+,0.37
chr16:30441200-30443000,ENSG00000102879.11$CORO1A$chr16$30194148$+,0.35
chr16:30085200-30087000,ENSG00000102882.7$MAPK3$chr16$30134827$-,0.35
chr16:30174600-30175200,ENSG00000102882.7$MAPK3$chr16$30134827$-,0.38
chr16:29972000-29973000,ENSG00000102886.10$GDPD3$chr16$30125177$-,0.39
chr16:29983800-29985200,ENSG00000102886.10$GDPD3$chr16$30125177$-,0.4
chr16:30008200-30009800,ENSG00000102886.10$GDPD3$chr16$30125177$-,0.37
chr16:30031600-30033600,ENSG00000102886.10$GDPD3$chr16$30125177$-,0.4
chr16:30085200-30087000,ENSG00000102886.10$GDPD3$chr16$30125177$-,0.47
chr16:30174600-30175200,ENSG00000102886.10$GDPD3$chr16$30125177$-,0.54
chr16:30192200-30194600,ENSG00000102886.10$GDPD3$chr16$30125177$-,0.46
chr16:47517600-47518800,ENSG00000102893.11$PHKB$chr16$47495034$+,0.69
chr16:47556600-47558800,ENSG00000102893.11$PHKB$chr16$47495034$+,0.56
chr16:47571000-47573400,ENSG00000102893.11$PHKB$chr16$47495034$+,0.54
chr16:20818600-20820400,ENSG00000102897.5$LYRM1$chr16$20911190$+,0.37
chr16:21034600-21036200,ENSG00000102897.5$LYRM1$chr16$20911190$+,0.38
chr16:67613200-67614400,ENSG00000102898.7$NUTF2$chr16$67880635$+,0.41
chr16:67618600-67620000,ENSG00000102898.7$NUTF2$chr16$67880635$+,0.37
chr16:67620800-67622000,ENSG00000102898.7$NUTF2$chr16$67880635$+,0.37
chr16:67753800-67756000,ENSG00000102898.7$NUTF2$chr16$67880635$+,0.46
chr16:67841200-67842000,ENSG00000102898.7$NUTF2$chr16$67880635$+,0.48
chr16:67850200-67851000,ENSG00000102898.7$NUTF2$chr16$67880635$+,0.57
chr16:67874400-67876200,ENSG00000102898.7$NUTF2$chr16$67880635$+,0.48
chr16:67884400-67886200,ENSG00000102898.7$NUTF2$chr16$67880635$+,0.56
chr16:67926200-67926800,ENSG00000102898.7$NUTF2$chr16$67880635$+,0.45
chr16:67970800-67972200,ENSG00000102898.7$NUTF2$chr16$67880635$+,0.54
chr16:68003000-68005000,ENSG00000102898.7$NUTF2$chr16$67880635$+,0.49
chr16:68054800-68056200,ENSG00000102898.7$NUTF2$chr16$67880635$+,0.4
chr16:68057600-68059400,ENSG00000102898.7$NUTF2$chr16$67880635$+,0.37
chr16:56634200-56636200,ENSG00000102900.8$NUP93$chr16$56764017$+,0.43
chr16:56676400-56678800,ENSG00000102900.8$NUP93$chr16$56764017$+,0.51
chr16:56735200-56737200,ENSG00000102900.8$NUP93$chr16$56764017$+,0.6
chr16:56859800-56861600,ENSG00000102900.8$NUP93$chr16$56764017$+,0.47
chr16:67841200-67842000,ENSG00000102901.8$CENPT$chr16$67881714$-,0.36
chr16:67850200-67851000,ENSG00000102901.8$CENPT$chr16$67881714$-,0.42
chr16:67874400-67876200,ENSG00000102901.8$CENPT$chr16$67881714$-,0.46
chr16:67884400-67886200,ENSG00000102901.8$CENPT$chr16$67881714$-,0.51
chr16:67926200-67926800,ENSG00000102901.8$CENPT$chr16$67881714$-,0.46
chr16:67691800-67693800,ENSG00000102904.10$TSNAXIP1$chr16$67840668$+,0.38
chr16:67753800-67756000,ENSG00000102904.10$TSNAXIP1$chr16$67840668$+,0.46
chr16:67850200-67851000,ENSG00000102904.10$TSNAXIP1$chr16$67840668$+,0.6
chr16:67874400-67876200,ENSG00000102904.10$TSNAXIP1$chr16$67840668$+,0.58
chr16:67881600-67884000,ENSG00000102904.10$TSNAXIP1$chr16$67840668$+,0.52
chr16:67884400-67886200,ENSG00000102904.10$TSNAXIP1$chr16$67840668$+,0.53
chr16:67926200-67926800,ENSG00000102904.10$TSNAXIP1$chr16$67840668$+,0.52
chr16:67970800-67972200,ENSG00000102904.10$TSNAXIP1$chr16$67840668$+,0.37
chr16:68003000-68005000,ENSG00000102904.10$TSNAXIP1$chr16$67840668$+,0.43
chr16:69608000-69608200,ENSG00000102908.16$NFAT5$chr16$69598997$+,0.58
chr16:48400200-48402600,ENSG00000102910.9$LONP2$chr16$48278207$+,0.38
chr16:48420000-48421800,ENSG00000102910.9$LONP2$chr16$48278207$+,0.35
chr16:57379000-57380000,ENSG00000102931.3$ARL2BP$chr16$57279010$+,0.46
chr16:57277800-57278600,ENSG00000102934.5$PLLP$chr16$57318599$-,0.63
chr16:57379000-57380000,ENSG00000102934.5$PLLP$chr16$57318599$-,0.55
chr16:57379000-57380000,ENSG00000102962.4$CCL22$chr16$57392684$+,0.4
chr16:71918600-71920000,ENSG00000102967.7$DHODH$chr16$72042487$+,0.42
chr16:71927600-71928200,ENSG00000102967.7$DHODH$chr16$72042487$+,0.48
chr16:71989800-71991200,ENSG00000102967.7$DHODH$chr16$72042487$+,0.49
chr16:72128400-72130800,ENSG00000102967.7$DHODH$chr16$72042487$+,0.57
chr16:67542600-67544400,ENSG00000102974.10$CTCF$chr16$67596310$+,0.54
chr16:67604600-67606800,ENSG00000102974.10$CTCF$chr16$67596310$+,0.69
chr16:67613200-67614400,ENSG00000102974.10$CTCF$chr16$67596310$+,0.66
chr16:67618600-67620000,ENSG00000102974.10$CTCF$chr16$67596310$+,0.62
chr16:67620800-67622000,ENSG00000102974.10$CTCF$chr16$67596310$+,0.63
chr16:67631600-67633400,ENSG00000102974.10$CTCF$chr16$67596310$+,0.58
chr16:67691800-67693800,ENSG00000102974.10$CTCF$chr16$67596310$+,0.4
chr16:67753800-67756000,ENSG00000102974.10$CTCF$chr16$67596310$+,0.42
chr16:67841200-67842000,ENSG00000102974.10$CTCF$chr16$67596310$+,0.39
chr16:67850200-67851000,ENSG00000102974.10$CTCF$chr16$67596310$+,0.36
chr16:67542600-67544400,ENSG00000102977.9$ACD$chr16$67694713$-,0.38
chr16:67604600-67606800,ENSG00000102977.9$ACD$chr16$67694713$-,0.43
chr16:67613200-67614400,ENSG00000102977.9$ACD$chr16$67694713$-,0.42
chr16:67618600-67620000,ENSG00000102977.9$ACD$chr16$67694713$-,0.49
chr16:67620800-67622000,ENSG00000102977.9$ACD$chr16$67694713$-,0.55
chr16:67631600-67633400,ENSG00000102977.9$ACD$chr16$67694713$-,0.64
chr16:67753800-67756000,ENSG00000102977.9$ACD$chr16$67694713$-,0.48
chr16:67841200-67842000,ENSG00000102977.9$ACD$chr16$67694713$-,0.43
chr16:67850200-67851000,ENSG00000102977.9$ACD$chr16$67694713$-,0.43
chr16:57277800-57278600,ENSG00000102978.8$POLR2C$chr16$57496299$+,0.38
chr16:57379000-57380000,ENSG00000102978.8$POLR2C$chr16$57496299$+,0.46
chr16:67542600-67544400,ENSG00000102981.5$PARD6A$chr16$67694849$+,0.37
chr16:67604600-67606800,ENSG00000102981.5$PARD6A$chr16$67694849$+,0.39
chr16:67613200-67614400,ENSG00000102981.5$PARD6A$chr16$67694849$+,0.35
chr16:67618600-67620000,ENSG00000102981.5$PARD6A$chr16$67694849$+,0.42
chr16:67620800-67622000,ENSG00000102981.5$PARD6A$chr16$67694849$+,0.51
chr16:67631600-67633400,ENSG00000102981.5$PARD6A$chr16$67694849$+,0.61
chr16:67691800-67693800,ENSG00000102981.5$PARD6A$chr16$67694849$+,0.35
chr16:67753800-67756000,ENSG00000102981.5$PARD6A$chr16$67694849$+,0.45
chr16:67841200-67842000,ENSG00000102981.5$PARD6A$chr16$67694849$+,0.39
chr16:67850200-67851000,ENSG00000102981.5$PARD6A$chr16$67694849$+,0.44
chr16:71822600-71823800,ENSG00000102984.10$ZNF821$chr16$71929239$-,0.44
chr16:71878000-71879400,ENSG00000102984.10$ZNF821$chr16$71929239$-,0.55
chr16:71918600-71920000,ENSG00000102984.10$ZNF821$chr16$71929239$-,0.6
chr16:71989800-71991200,ENSG00000102984.10$ZNF821$chr16$71929239$-,0.65
chr16:69286200-69286800,ENSG00000103018.12$CYB5B$chr16$69458428$+,0.4
chr16:69370200-69372600,ENSG00000103018.12$CYB5B$chr16$69458428$+,0.56
chr16:69608000-69608200,ENSG00000103018.12$CYB5B$chr16$69458428$+,0.36
chr16:58282200-58283800,ENSG00000103021.5$CCDC113$chr16$58265061$+,0.39
chr16:58370400-58372800,ENSG00000103023.7$PRSS54$chr16$58328951$-,0.37
chr16:1753200-1755400,ENSG00000103024.3$NME3$chr16$1821731$-,0.57
chr16:1904400-1906400,ENSG00000103024.3$NME3$chr16$1821731$-,0.51
chr16:2008200-2009600,ENSG00000103024.3$NME3$chr16$1821731$-,0.38
chr16:2020000-2021600,ENSG00000103024.3$NME3$chr16$1821731$-,0.43
chr16:74402600-74405000,ENSG00000103035.6$PSMD7$chr16$74330673$+,0.59
chr16:58664600-58665800,ENSG00000103042.4$SLC38A7$chr16$58719008$-,0.56
chr16:58789200-58791200,ENSG00000103042.4$SLC38A7$chr16$58719008$-,0.41
chr16:71077200-71079400,ENSG00000103043.10$VAC14$chr16$70835064$-,0.44
chr16:68890000-68890600,ENSG00000103047.3$TANGO6$chr16$68877507$+,0.61
chr16:70412200-70414400,ENSG00000103051.14$COG4$chr16$70557468$-,0.47
chr16:70415000-70417000,ENSG00000103051.14$COG4$chr16$70557468$-,0.41
chr16:70473600-70476000,ENSG00000103051.14$COG4$chr16$70557468$-,0.47
chr16:70486800-70487800,ENSG00000103051.14$COG4$chr16$70557468$-,0.58
chr16:70489000-70491200,ENSG00000103051.14$COG4$chr16$70557468$-,0.59
chr16:70542200-70543600,ENSG00000103051.14$COG4$chr16$70557468$-,0.56
chr16:70574200-70575200,ENSG00000103051.14$COG4$chr16$70557468$-,0.49
chr16:68328600-68329200,ENSG00000103056.7$SMPD3$chr16$68482591$-,0.38
chr16:68458600-68461000,ENSG00000103056.7$SMPD3$chr16$68482591$-,0.59
chr16:68467800-68470200,ENSG00000103056.7$SMPD3$chr16$68482591$-,0.59
chr16:68554200-68555400,ENSG00000103056.7$SMPD3$chr16$68482591$-,0.45
chr16:68561800-68564200,ENSG00000103056.7$SMPD3$chr16$68482591$-,0.46
chr16:68564400-68565600,ENSG00000103056.7$SMPD3$chr16$68482591$-,0.57
chr16:68572200-68573000,ENSG00000103056.7$SMPD3$chr16$68482591$-,0.49
chr16:68573800-68574600,ENSG00000103056.7$SMPD3$chr16$68482591$-,0.4
chr16:68582600-68584000,ENSG00000103056.7$SMPD3$chr16$68482591$-,0.4
chr16:68276800-68278600,ENSG00000103061.7$SLC7A6OS$chr16$68344849$-,0.5
chr16:68328600-68329200,ENSG00000103061.7$SLC7A6OS$chr16$68344849$-,0.55
chr16:68153000-68154800,ENSG00000103064.9$SLC7A6$chr16$68298433$+,0.37
chr16:68276800-68278600,ENSG00000103064.9$SLC7A6$chr16$68298433$+,0.76
chr16:68328600-68329200,ENSG00000103064.9$SLC7A6$chr16$68298433$+,0.49
chr16:67970800-67972200,ENSG00000103066.8$PLA2G15$chr16$68279207$+,0.35
chr16:68003000-68005000,ENSG00000103066.8$PLA2G15$chr16$68279207$+,0.36
chr16:68054800-68056200,ENSG00000103066.8$PLA2G15$chr16$68279207$+,0.36
chr16:68057600-68059400,ENSG00000103066.8$PLA2G15$chr16$68279207$+,0.35
chr16:68153000-68154800,ENSG00000103066.8$PLA2G15$chr16$68279207$+,0.39
chr16:68328600-68329200,ENSG00000103066.8$PLA2G15$chr16$68279207$+,0.55
chr16:68276800-68278600,ENSG00000103067.7$ESRP2$chr16$68272005$-,0.39
chr16:75016200-75018400,ENSG00000103091.10$WDR59$chr16$75034071$-,0.65
chr16:75030400-75032600,ENSG00000103091.10$WDR59$chr16$75034071$-,0.38
chr16:81068800-81070000,ENSG00000103121.4$CMC2$chr16$81053875$-,0.37
chr16:204200-205400,ENSG00000103126.10$AXIN1$chr16$402673$-,0.37
chr16:283400-284400,ENSG00000103126.10$AXIN1$chr16$402673$-,0.42
chr16:285600-286800,ENSG00000103126.10$AXIN1$chr16$402673$-,0.41
chr16:2916400-2918000,ENSG00000103145.6$HCFC1R1$chr16$3074287$-,0.36
chr16:2918600-2920000,ENSG00000103145.6$HCFC1R1$chr16$3074287$-,0.44
chr16:2933800-2934600,ENSG00000103145.6$HCFC1R1$chr16$3074287$-,0.5
chr16:2953600-2954600,ENSG00000103145.6$HCFC1R1$chr16$3074287$-,0.46
chr16:2955400-2957800,ENSG00000103145.6$HCFC1R1$chr16$3074287$-,0.54
chr16:2960000-2961600,ENSG00000103145.6$HCFC1R1$chr16$3074287$-,0.5
chr16:2968600-2970400,ENSG00000103145.6$HCFC1R1$chr16$3074287$-,0.44
chr16:3207000-3207800,ENSG00000103145.6$HCFC1R1$chr16$3074287$-,0.39
chr16:204200-205400,ENSG00000103148.11$NPRL3$chr16$188859$-,0.63
chr16:283400-284400,ENSG00000103148.11$NPRL3$chr16$188859$-,0.4
chr16:285600-286800,ENSG00000103148.11$NPRL3$chr16$188859$-,0.43
chr16:84046800-84049000,ENSG00000103160.7$HSDL1$chr16$84178797$-,0.41
chr16:84220600-84221200,ENSG00000103160.7$HSDL1$chr16$84178797$-,0.5
chr16:84178200-84180000,ENSG00000103168.12$TAF1C$chr16$84220669$-,0.52
chr16:4817600-4820000,ENSG00000103174.7$NAGPA$chr16$5084142$-,0.36
chr16:5120200-5121800,ENSG00000103174.7$NAGPA$chr16$5084142$-,0.63
chr16:5122400-5124800,ENSG00000103174.7$NAGPA$chr16$5084142$-,0.67
chr16:5141800-5142600,ENSG00000103174.7$NAGPA$chr16$5084142$-,0.49
chr16:5166400-5168600,ENSG00000103174.7$NAGPA$chr16$5084142$-,0.49
chr16:5081600-5083400,ENSG00000103184.7$SEC14L5$chr16$5008318$+,0.35
chr16:84705600-84707600,ENSG00000103194.11$USP10$chr16$84733584$+,0.57
chr16:2060200-2062400,ENSG00000103197.12$TSC2$chr16$2097466$+,0.46
chr16:2069000-2071200,ENSG00000103197.12$TSC2$chr16$2097466$+,0.54
chr16:2186000-2187000,ENSG00000103197.12$TSC2$chr16$2097466$+,0.36
chr16:4598000-4599400,ENSG00000103199.9$ZNF500$chr16$4817625$-,0.36
chr16:4672400-4674600,ENSG00000103199.9$ZNF500$chr16$4817625$-,0.35
chr16:4782000-4783600,ENSG00000103199.9$ZNF500$chr16$4817625$-,0.63
chr16:4785000-4786600,ENSG00000103199.9$ZNF500$chr16$4817625$-,0.55
chr16:15982600-15983400,ENSG00000103222.14$ABCC1$chr16$16043434$+,0.55
chr16:16005600-16007400,ENSG00000103222.14$ABCC1$chr16$16043434$+,0.6
chr16:858200-859800,ENSG00000103245.9$NARFL$chr16$791329$-,0.47
chr16:1462000-1464400,ENSG00000103249.13$CLCN7$chr16$1525581$-,0.6
chr16:1471400-1473000,ENSG00000103249.13$CLCN7$chr16$1525581$-,0.54
chr16:1612600-1613200,ENSG00000103249.13$CLCN7$chr16$1525581$-,0.42
chr16:858200-859800,ENSG00000103253.13$HAGHL$chr16$776936$+,0.51
chr16:858200-859800,ENSG00000103254.5$FAM173A$chr16$770581$+,0.38
chr16:858200-859800,ENSG00000103260.4$METRN$chr16$765115$+,0.39
chr16:87430000-87431000,ENSG00000103264.11$FBXO31$chr16$87425748$-,0.64
chr16:858200-859800,ENSG00000103266.6$STUB1$chr16$730224$+,0.48
chr16:10945200-10947200,ENSG00000103274.6$NUBP1$chr16$10837643$+,0.48
chr16:1462000-1464400,ENSG00000103275.14$UBE2I$chr16$1355548$+,0.43
chr16:1471400-1473000,ENSG00000103275.14$UBE2I$chr16$1355548$+,0.47
chr16:3285600-3287200,ENSG00000103313.7$MEFV$chr16$3306627$-,0.36
chr16:22307200-22308000,ENSG00000103319.7$EEF2K$chr16$22217603$+,0.38
chr16:858200-859800,ENSG00000103326.6$CAPN15$chr16$577717$+,0.35
chr16:88635000-88636200,ENSG00000103335.15$PIEZO1$chr16$88851619$-,0.36
chr16:88924400-88926800,ENSG00000103335.15$PIEZO1$chr16$88851619$-,0.39
chr16:12071400-12073400,ENSG00000103342.8$GSPT1$chr16$12009939$-,0.46
chr16:12161400-12163600,ENSG00000103342.8$GSPT1$chr16$12009939$-,0.37
chr16:3285600-3287200,ENSG00000103343.8$ZNF174$chr16$3451235$+,0.35
chr16:3334600-3336600,ENSG00000103343.8$ZNF174$chr16$3451235$+,0.36
chr16:3353200-3355000,ENSG00000103343.8$ZNF174$chr16$3451235$+,0.49
chr16:3415800-3416600,ENSG00000103343.8$ZNF174$chr16$3451235$+,0.63
chr16:3481200-3483200,ENSG00000103343.8$ZNF174$chr16$3451235$+,0.65
chr16:3494200-3496400,ENSG00000103343.8$ZNF174$chr16$3451235$+,0.51
chr16:3500600-3502000,ENSG00000103343.8$ZNF174$chr16$3451235$+,0.6
chr16:3549000-3551000,ENSG00000103343.8$ZNF174$chr16$3451235$+,0.46
chr16:3415800-3416600,ENSG00000103351.8$CLUAP1$chr16$3550924$+,0.36
chr16:3448200-3450600,ENSG00000103351.8$CLUAP1$chr16$3550924$+,0.36
chr16:3481200-3483200,ENSG00000103351.8$CLUAP1$chr16$3550924$+,0.44
chr16:3494200-3496400,ENSG00000103351.8$CLUAP1$chr16$3550924$+,0.48
chr16:3500600-3502000,ENSG00000103351.8$CLUAP1$chr16$3550924$+,0.63
chr16:23376600-23378000,ENSG00000103353.11$UBFD1$chr16$23568392$+,0.42
chr16:23607800-23609200,ENSG00000103353.11$UBFD1$chr16$23568392$+,0.53
chr16:2706000-2707800,ENSG00000103355.8$PRSS33$chr16$2837949$-,0.36
chr16:2771400-2773800,ENSG00000103355.8$PRSS33$chr16$2837949$-,0.35
chr16:2800400-2802200,ENSG00000103355.8$PRSS33$chr16$2837949$-,0.45
chr16:2916400-2918000,ENSG00000103355.8$PRSS33$chr16$2837949$-,0.35
chr16:2918600-2920000,ENSG00000103355.8$PRSS33$chr16$2837949$-,0.41
chr16:23376600-23378000,ENSG00000103356.11$EARS2$chr16$23569052$-,0.36
chr16:23461400-23463600,ENSG00000103356.11$EARS2$chr16$23569052$-,0.39
chr16:23607800-23609200,ENSG00000103356.11$EARS2$chr16$23569052$-,0.57
chr16:23653600-23655800,ENSG00000103356.11$EARS2$chr16$23569052$-,0.53
chr16:23656800-23659200,ENSG00000103356.11$EARS2$chr16$23569052$-,0.47
chr16:2595000-2597400,ENSG00000103363.10$TCEB2$chr16$2827298$-,0.38
chr16:2706000-2707800,ENSG00000103363.10$TCEB2$chr16$2827298$-,0.52
chr16:2771400-2773800,ENSG00000103363.10$TCEB2$chr16$2827298$-,0.51
chr16:2800400-2802200,ENSG00000103363.10$TCEB2$chr16$2827298$-,0.67
chr16:2916400-2918000,ENSG00000103363.10$TCEB2$chr16$2827298$-,0.51
chr16:2918600-2920000,ENSG00000103363.10$TCEB2$chr16$2827298$-,0.48
chr16:2933800-2934600,ENSG00000103363.10$TCEB2$chr16$2827298$-,0.5
chr16:2953600-2954600,ENSG00000103363.10$TCEB2$chr16$2827298$-,0.45
chr16:2955400-2957800,ENSG00000103363.10$TCEB2$chr16$2827298$-,0.47
chr16:2960000-2961600,ENSG00000103363.10$TCEB2$chr16$2827298$-,0.4
chr16:2968600-2970400,ENSG00000103363.10$TCEB2$chr16$2827298$-,0.4
chr16:12874600-12876600,ENSG00000103381.7$CPPED1$chr16$12897874$-,0.7
chr16:4474200-4475200,ENSG00000103415.7$HMOX2$chr16$4524691$+,0.49
chr16:4476600-4478800,ENSG00000103415.7$HMOX2$chr16$4524691$+,0.39
chr16:4483800-4484200,ENSG00000103415.7$HMOX2$chr16$4524691$+,0.55
chr16:4598000-4599400,ENSG00000103415.7$HMOX2$chr16$4524691$+,0.43
chr16:4672400-4674600,ENSG00000103415.7$HMOX2$chr16$4524691$+,0.39
chr16:4302000-4303400,ENSG00000103423.9$DNAJA3$chr16$4475806$+,0.35
chr16:4319600-4321600,ENSG00000103423.9$DNAJA3$chr16$4475806$+,0.44
chr16:4476600-4478800,ENSG00000103423.9$DNAJA3$chr16$4475806$+,0.35
chr16:4483800-4484200,ENSG00000103423.9$DNAJA3$chr16$4475806$+,0.65
chr16:4524600-4527000,ENSG00000103423.9$DNAJA3$chr16$4475806$+,0.51
chr16:4598000-4599400,ENSG00000103423.9$DNAJA3$chr16$4475806$+,0.42
chr16:4672400-4674600,ENSG00000103423.9$DNAJA3$chr16$4475806$+,0.42
chr16:4474200-4475200,ENSG00000103426.8$CORO7-PAM16$chr16$4470495$-,0.4
chr16:4476600-4478800,ENSG00000103426.8$CORO7-PAM16$chr16$4470495$-,0.37
chr16:14765800-14767400,ENSG00000103429.6$BFAR$chr16$14726672$+,0.65
chr16:14997200-14997800,ENSG00000103429.6$BFAR$chr16$14726672$+,0.38
chr16:53495000-53495400,ENSG00000103479.10$RBL2$chr16$53467889$+,0.66
chr16:53526000-53527000,ENSG00000103479.10$RBL2$chr16$53467889$+,0.44
chr16:53570800-53572400,ENSG00000103479.10$RBL2$chr16$53467889$+,0.43
chr16:53583200-53585400,ENSG00000103479.10$RBL2$chr16$53467889$+,0.39
chr16:29580000-29581400,ENSG00000103485.13$QPRT$chr16$29674600$+,0.43
chr16:29669600-29671400,ENSG00000103485.13$QPRT$chr16$29674600$+,0.56
chr16:31082000-31084000,ENSG00000103490.13$PYCARD$chr16$31214771$-,0.58
chr16:31106400-31108000,ENSG00000103490.13$PYCARD$chr16$31214771$-,0.42
chr16:31296400-31298400,ENSG00000103490.13$PYCARD$chr16$31214771$-,0.48
chr16:31348600-31350400,ENSG00000103490.13$PYCARD$chr16$31214771$-,0.54
chr16:53526000-53527000,ENSG00000103494.8$RPGRIP1L$chr16$53737850$-,0.42
chr16:53583200-53585400,ENSG00000103494.8$RPGRIP1L$chr16$53737850$-,0.36
chr16:53827400-53829800,ENSG00000103494.8$RPGRIP1L$chr16$53737850$-,0.5
chr16:29669600-29671400,ENSG00000103495.9$MAZ$chr16$29817427$+,0.4
chr16:29800200-29801600,ENSG00000103495.9$MAZ$chr16$29817427$+,0.55
chr16:29874800-29877000,ENSG00000103495.9$MAZ$chr16$29817427$+,0.54
chr16:29938000-29939800,ENSG00000103495.9$MAZ$chr16$29817427$+,0.36
chr16:29972000-29973000,ENSG00000103495.9$MAZ$chr16$29817427$+,0.4
chr16:30816000-30816600,ENSG00000103496.10$STX4$chr16$31044210$+,0.42
chr16:30902600-30904800,ENSG00000103496.10$STX4$chr16$31044210$+,0.48
chr16:30931600-30933400,ENSG00000103496.10$STX4$chr16$31044210$+,0.53
chr16:30945800-30947800,ENSG00000103496.10$STX4$chr16$31044210$+,0.44
chr16:31082000-31084000,ENSG00000103496.10$STX4$chr16$31044210$+,0.66
chr16:31106400-31108000,ENSG00000103496.10$STX4$chr16$31044210$+,0.5
chr16:29669600-29671400,ENSG00000103502.9$CDIPT$chr16$29875057$-,0.39
chr16:29800200-29801600,ENSG00000103502.9$CDIPT$chr16$29875057$-,0.54
chr16:29938000-29939800,ENSG00000103502.9$CDIPT$chr16$29875057$-,0.51
chr16:29972000-29973000,ENSG00000103502.9$CDIPT$chr16$29875057$-,0.43
chr16:29983800-29985200,ENSG00000103502.9$CDIPT$chr16$29875057$-,0.35
chr16:30008200-30009800,ENSG00000103502.9$CDIPT$chr16$29875057$-,0.36
chr16:30031600-30033600,ENSG00000103502.9$CDIPT$chr16$29875057$-,0.45
chr16:31082000-31084000,ENSG00000103507.9$BCKDK$chr16$31117428$+,0.52
chr16:31106400-31108000,ENSG00000103507.9$BCKDK$chr16$31117428$+,0.61
chr16:27280400-27282200,ENSG00000103522.11$IL21R$chr16$27413483$+,0.43
chr16:19504600-19506000,ENSG00000103540.12$CCP110$chr16$19535133$+,0.7
chr16:19565000-19566400,ENSG00000103540.12$CCP110$chr16$19535133$+,0.73
chr16:19567400-19568800,ENSG00000103540.12$CCP110$chr16$19535133$+,0.65
chr16:19504600-19506000,ENSG00000103544.10$C16orf62$chr16$19566562$+,0.63
chr16:19533200-19535200,ENSG00000103544.10$C16orf62$chr16$19566562$+,0.66
chr16:30597800-30599600,ENSG00000103549.17$RNF40$chr16$30773066$+,0.37
chr16:30618800-30620800,ENSG00000103549.17$RNF40$chr16$30773066$+,0.41
chr16:30639400-30641000,ENSG00000103549.17$RNF40$chr16$30773066$+,0.39
chr16:30711000-30713200,ENSG00000103549.17$RNF40$chr16$30773066$+,0.56
chr16:30757800-30759600,ENSG00000103549.17$RNF40$chr16$30773066$+,0.64
chr16:30760000-30762400,ENSG00000103549.17$RNF40$chr16$30773066$+,0.72
chr16:30816000-30816600,ENSG00000103549.17$RNF40$chr16$30773066$+,0.63
chr16:30902600-30904800,ENSG00000103549.17$RNF40$chr16$30773066$+,0.38
chr16:30931600-30933400,ENSG00000103549.17$RNF40$chr16$30773066$+,0.38
chr16:19565000-19566400,ENSG00000103550.9$KNOP1$chr16$19729557$-,0.38
chr16:19567400-19568800,ENSG00000103550.9$KNOP1$chr16$19729557$-,0.37
chr15:58400800-58402800,ENSG00000103569.5$AQP9$chr15$58430368$+,0.46
chr15:67519600-67522000,ENSG00000103591.8$AAGAB$chr15$67547533$-,0.77
chr15:67540000-67541400,ENSG00000103591.8$AAGAB$chr15$67547533$-,0.8
chr15:67519600-67522000,ENSG00000103599.15$IQCH$chr15$67547138$+,0.71
chr15:67540000-67541400,ENSG00000103599.15$IQCH$chr15$67547138$+,0.63
chr15:63415000-63417000,ENSG00000103642.7$LACTB$chr15$63413999$+,0.37
chr15:74905200-74907200,ENSG00000103653.12$CSK$chr15$75074398$+,0.45
chr15:74972800-74973000,ENSG00000103653.12$CSK$chr15$75074398$+,0.36
chr15:75180600-75182400,ENSG00000103653.12$CSK$chr15$75074398$+,0.48
chr15:75199600-75200400,ENSG00000103653.12$CSK$chr15$75074398$+,0.38
chr15:64019600-64022000,ENSG00000103657.9$HERC1$chr15$64126141$-,0.41
chr15:64061400-64061600,ENSG00000103657.9$HERC1$chr15$64126141$-,0.49
chr15:64101000-64102400,ENSG00000103657.9$HERC1$chr15$64126141$-,0.63
chr15:64116800-64117600,ENSG00000103657.9$HERC1$chr15$64126141$-,0.58
chr15:64646200-64647400,ENSG00000103671.5$TRIP4$chr15$64679947$+,0.61
chr15:64648800-64650000,ENSG00000103671.5$TRIP4$chr15$64679947$+,0.67
chr15:64839200-64841200,ENSG00000103671.5$TRIP4$chr15$64679947$+,0.35
chr15:65282800-65285000,ENSG00000103707.5$MTFMT$chr15$65321977$-,0.53
chr15:65422600-65425000,ENSG00000103707.5$MTFMT$chr15$65321977$-,0.43
chr15:65426400-65427400,ENSG00000103707.5$MTFMT$chr15$65321977$-,0.44
chr15:83348200-83350600,ENSG00000103723.8$AP3B2$chr15$83378666$-,0.47
chr15:83417800-83418800,ENSG00000103723.8$AP3B2$chr15$83378666$-,0.4
chr15:78514800-78516800,ENSG00000103740.5$ACSBG1$chr15$78538030$-,0.43
chr15:41693200-41694200,ENSG00000103932.7$RPAP1$chr15$41836467$-,0.46
chr15:41707400-41708600,ENSG00000103932.7$RPAP1$chr15$41836467$-,0.39
chr15:41720600-41723000,ENSG00000103932.7$RPAP1$chr15$41836467$-,0.4
chr15:41726600-41729000,ENSG00000103932.7$RPAP1$chr15$41836467$-,0.4
chr15:41734800-41736000,ENSG00000103932.7$RPAP1$chr15$41836467$-,0.39
chr15:41845600-41847600,ENSG00000103932.7$RPAP1$chr15$41836467$-,0.66
chr15:41963000-41965200,ENSG00000103932.7$RPAP1$chr15$41836467$-,0.61
chr15:83668000-83670000,ENSG00000103942.8$HOMER2$chr15$83654661$-,0.45
chr15:83704400-83705400,ENSG00000103942.8$HOMER2$chr15$83654661$-,0.55
chr15:83708200-83709000,ENSG00000103942.8$HOMER2$chr15$83654661$-,0.39
chr15:83736200-83737800,ENSG00000103942.8$HOMER2$chr15$83654661$-,0.39
chr15:42064800-42066200,ENSG00000103966.5$EHD4$chr15$42264776$-,0.37
chr15:42195800-42198200,ENSG00000103966.5$EHD4$chr15$42264776$-,0.54
chr15:42265200-42267200,ENSG00000103966.5$EHD4$chr15$42264776$-,0.43
chr15:42763200-42765200,ENSG00000103994.12$ZNF106$chr15$42783321$-,0.57
chr15:49169000-49169800,ENSG00000103995.9$CEP152$chr15$49103343$-,0.72
chr15:50610200-50611800,ENSG00000104043.10$ATP8B4$chr15$50475014$-,0.43
chr15:50613400-50615200,ENSG00000104043.10$ATP8B4$chr15$50475014$-,0.39
chr15:43545000-43547200,ENSG00000104055.10$TGM5$chr15$43559055$-,0.42
chr15:50610200-50611800,ENSG00000104064.12$GABPB1$chr15$50647605$-,0.54
chr15:50613400-50615200,ENSG00000104064.12$GABPB1$chr15$50647605$-,0.52
chr15:50714400-50716400,ENSG00000104064.12$GABPB1$chr15$50647605$-,0.45
chr15:40452200-40453200,ENSG00000104081.9$BMF$chr15$40401093$-,0.41
chr15:40470200-40472200,ENSG00000104081.9$BMF$chr15$40401093$-,0.38
chr15:40985400-40986600,ENSG00000104129.5$DNAJC17$chr15$41099675$-,0.47
chr15:41047800-41050200,ENSG00000104129.5$DNAJC17$chr15$41099675$-,0.62
chr15:41175800-41177800,ENSG00000104129.5$DNAJC17$chr15$41099675$-,0.47
chr15:41187400-41189000,ENSG00000104129.5$DNAJC17$chr15$41099675$-,0.47
chr15:44717400-44718800,ENSG00000104131.8$EIF3J$chr15$44829255$+,0.4
chr15:44736000-44736400,ENSG00000104131.8$EIF3J$chr15$44829255$+,0.46
chr15:44749000-44751000,ENSG00000104131.8$EIF3J$chr15$44829255$+,0.55
chr15:44759200-44759600,ENSG00000104131.8$EIF3J$chr15$44829255$+,0.52
chr15:44760600-44761600,ENSG00000104131.8$EIF3J$chr15$44829255$+,0.58
chr15:44841600-44843600,ENSG00000104131.8$EIF3J$chr15$44829255$+,0.61
chr15:44870400-44872400,ENSG00000104131.8$EIF3J$chr15$44829255$+,0.51
chr15:44885400-44886200,ENSG00000104131.8$EIF3J$chr15$44829255$+,0.46
chr15:44889600-44892000,ENSG00000104131.8$EIF3J$chr15$44829255$+,0.49
chr15:44943600-44944800,ENSG00000104131.8$EIF3J$chr15$44829255$+,0.41
chr15:44948200-44950200,ENSG00000104131.8$EIF3J$chr15$44829255$+,0.36
chr15:44982000-44983600,ENSG00000104131.8$EIF3J$chr15$44829255$+,0.38
chr15:44841600-44843600,ENSG00000104133.10$SPG11$chr15$44955876$-,0.35
chr15:44870400-44872400,ENSG00000104133.10$SPG11$chr15$44955876$-,0.44
chr15:44885400-44886200,ENSG00000104133.10$SPG11$chr15$44955876$-,0.43
chr15:44889600-44892000,ENSG00000104133.10$SPG11$chr15$44955876$-,0.54
chr15:44943600-44944800,ENSG00000104133.10$SPG11$chr15$44955876$-,0.62
chr15:44948200-44950200,ENSG00000104133.10$SPG11$chr15$44955876$-,0.57
chr15:44982000-44983600,ENSG00000104133.10$SPG11$chr15$44955876$-,0.6
chr15:40985400-40986600,ENSG00000104140.6$RHOV$chr15$41166487$-,0.35
chr15:41047800-41050200,ENSG00000104140.6$RHOV$chr15$41166487$-,0.43
chr15:41097800-41099200,ENSG00000104140.6$RHOV$chr15$41166487$-,0.54
chr15:41175800-41177800,ENSG00000104140.6$RHOV$chr15$41166487$-,0.66
chr15:41187400-41189000,ENSG00000104140.6$RHOV$chr15$41166487$-,0.57
chr15:41047800-41050200,ENSG00000104142.6$VPS18$chr15$41186628$+,0.43
chr15:41097800-41099200,ENSG00000104142.6$VPS18$chr15$41186628$+,0.39
chr15:41175800-41177800,ENSG00000104142.6$VPS18$chr15$41186628$+,0.64
chr15:41625600-41627400,ENSG00000104147.4$OIP5$chr15$41624819$-,0.35
chr15:41693200-41694200,ENSG00000104147.4$OIP5$chr15$41624819$-,0.52
chr15:41707400-41708600,ENSG00000104147.4$OIP5$chr15$41624819$-,0.55
chr15:41720600-41723000,ENSG00000104147.4$OIP5$chr15$41624819$-,0.41
chr15:41726600-41729000,ENSG00000104147.4$OIP5$chr15$41624819$-,0.4
chr15:41734800-41736000,ENSG00000104147.4$OIP5$chr15$41624819$-,0.37
chr15:45815200-45816000,ENSG00000104164.6$BLOC1S6$chr15$45879321$+,0.55
chr15:45998000-45998800,ENSG00000104164.6$BLOC1S6$chr15$45879321$+,0.35
chr15:46006400-46008400,ENSG00000104164.6$BLOC1S6$chr15$45879321$+,0.43
chr15:48577000-48579400,ENSG00000104177.13$MYEF2$chr15$48470714$-,0.44
chr15:48644600-48645000,ENSG00000104177.13$MYEF2$chr15$48470714$-,0.36
chr8:67585800-67587800,ENSG00000104205.8$SGK3$chr8$67624653$+,0.41
chr8:67594800-67595600,ENSG00000104205.8$SGK3$chr8$67624653$+,0.55
chr8:67601000-67603000,ENSG00000104205.8$SGK3$chr8$67624653$+,0.52
chr8:67622800-67624600,ENSG00000104205.8$SGK3$chr8$67624653$+,0.41
chr8:67685200-67687000,ENSG00000104205.8$SGK3$chr8$67624653$+,0.36
chr8:67971200-67973600,ENSG00000104218.9$CSPP1$chr8$67974661$+,0.42
chr8:67987200-67988800,ENSG00000104218.9$CSPP1$chr8$67974661$+,0.8
chr8:16883400-16884200,ENSG00000104219.8$ZDHHC2$chr8$17013538$+,0.37
chr8:17115600-17117600,ENSG00000104219.8$ZDHHC2$chr8$17013538$+,0.37
chr8:37606000-37608200,ENSG00000104221.8$BRF2$chr8$37707422$-,0.63
chr8:37619200-37619600,ENSG00000104221.8$BRF2$chr8$37707422$-,0.55
chr8:37886600-37887600,ENSG00000104221.8$BRF2$chr8$37707422$-,0.42
chr8:27135000-27135200,ENSG00000104228.8$TRIM35$chr8$27168836$-,0.42
chr8:82619200-82621400,ENSG00000104231.6$ZFAND1$chr8$82645138$-,0.44
chr8:28451400-28452400,ENSG00000104290.6$FZD3$chr8$28351729$+,0.39
chr8:28465000-28467400,ENSG00000104290.6$FZD3$chr8$28351729$+,0.41
chr8:28877000-28878800,ENSG00000104299.10$INTS9$chr8$28747759$-,0.44
chr8:90751200-90752200,ENSG00000104312.6$RIPK2$chr8$90769975$+,0.67
chr8:90860000-90861800,ENSG00000104312.6$RIPK2$chr8$90769975$+,0.56
chr8:90918400-90919000,ENSG00000104312.6$RIPK2$chr8$90769975$+,0.44
chr8:90919800-90921600,ENSG00000104312.6$RIPK2$chr8$90769975$+,0.48
chr8:90860000-90861800,ENSG00000104320.9$NBN$chr8$91015456$-,0.39
chr8:90918400-90919000,ENSG00000104320.9$NBN$chr8$91015456$-,0.38
chr8:90996800-90997800,ENSG00000104320.9$NBN$chr8$91015456$-,0.54
chr8:91012000-91013200,ENSG00000104320.9$NBN$chr8$91015456$-,0.42
chr8:90860000-90861800,ENSG00000104325.2$DECR1$chr8$91013633$+,0.45
chr8:90918400-90919000,ENSG00000104325.2$DECR1$chr8$91013633$+,0.37
chr8:90919800-90921600,ENSG00000104325.2$DECR1$chr8$91013633$+,0.38
chr8:90928600-90929800,ENSG00000104325.2$DECR1$chr8$91013633$+,0.45
chr8:90996800-90997800,ENSG00000104325.2$DECR1$chr8$91013633$+,0.75
chr8:98683800-98685400,ENSG00000104341.12$LAPTM4B$chr8$98787285$+,0.38
chr8:74791800-74793600,ENSG00000104343.15$UBE2W$chr8$74791145$-,0.4
chr8:74885200-74886000,ENSG00000104343.15$UBE2W$chr8$74791145$-,0.41
chr8:74887000-74888000,ENSG00000104343.15$UBE2W$chr8$74791145$-,0.36
chr8:74889200-74891200,ENSG00000104343.15$UBE2W$chr8$74791145$-,0.43
chr8:99058800-99060000,ENSG00000104356.6$POP1$chr8$99129525$+,0.53
chr8:99097400-99098400,ENSG00000104356.6$POP1$chr8$99129525$+,0.64
chr8:99127000-99129000,ENSG00000104356.6$POP1$chr8$99129525$+,0.35
chr8:41910200-41912600,ENSG00000104365.9$IKBKB$chr8$42128820$+,0.38
chr8:42194600-42195400,ENSG00000104365.9$IKBKB$chr8$42128820$+,0.48
chr8:42207200-42208200,ENSG00000104365.9$IKBKB$chr8$42128820$+,0.57
chr8:42248200-42249800,ENSG00000104365.9$IKBKB$chr8$42128820$+,0.35
chr8:75233600-75235800,ENSG00000104369.4$JPH1$chr8$75233563$-,0.42
chr8:99985600-99987800,ENSG00000104375.11$STK3$chr8$99955055$-,0.47
chr8:75233600-75235800,ENSG00000104381.8$GDAP1$chr8$75233365$+,0.36
chr8:61479400-61481800,ENSG00000104388.10$RAB2A$chr8$61429416$+,0.59
chr8:61488400-61490000,ENSG00000104388.10$RAB2A$chr8$61429416$+,0.61
chr8:66543800-66546000,ENSG00000104442.5$ARMC1$chr8$66546442$-,0.42
chr8:66555200-66556400,ENSG00000104442.5$ARMC1$chr8$66546442$-,0.62
chr8:66557600-66560000,ENSG00000104442.5$ARMC1$chr8$66546442$-,0.63
chr8:66579800-66582000,ENSG00000104442.5$ARMC1$chr8$66546442$-,0.68
chr8:66675800-66678000,ENSG00000104442.5$ARMC1$chr8$66546442$-,0.5
chr8:66723000-66724000,ENSG00000104442.5$ARMC1$chr8$66546442$-,0.43
chr8:66724400-66726200,ENSG00000104442.5$ARMC1$chr8$66546442$-,0.43
chr8:66727400-66729000,ENSG00000104442.5$ARMC1$chr8$66546442$-,0.4
chr8:66755000-66756600,ENSG00000104442.5$ARMC1$chr8$66546442$-,0.38
chr8:101161200-101162200,ENSG00000104450.8$SPAG1$chr8$101170134$+,0.52
chr8:101163400-101165600,ENSG00000104450.8$SPAG1$chr8$101170134$+,0.53
chr8:101193600-101194200,ENSG00000104450.8$SPAG1$chr8$101170134$+,0.49
chr8:101226000-101227800,ENSG00000104450.8$SPAG1$chr8$101170134$+,0.4
chr8:141430600-141432400,ENSG00000104472.5$CHRAC1$chr8$141521397$+,0.63
chr8:141465200-141467400,ENSG00000104472.5$CHRAC1$chr8$141521397$+,0.5
chr8:141472200-141474200,ENSG00000104472.5$CHRAC1$chr8$141521397$+,0.58
chr8:141615400-141617000,ENSG00000104472.5$CHRAC1$chr8$141521397$+,0.42
chr8:82619200-82621400,ENSG00000104497.9$SNX16$chr8$82755101$-,0.42
chr8:82740400-82741400,ENSG00000104497.9$SNX16$chr8$82755101$-,0.69
chr8:143929800-143931600,ENSG00000104499.2$GML$chr8$143915663$+,0.38
chr8:103364800-103366000,ENSG00000104517.8$UBR5$chr8$103425069$-,0.57
chr8:144624000-144624800,ENSG00000104518.6$GSDMD$chr8$144635377$+,0.49
chr8:144700400-144701600,ENSG00000104518.6$GSDMD$chr8$144635377$+,0.44
chr8:144704600-144706000,ENSG00000104518.6$GSDMD$chr8$144635377$+,0.52
chr8:144718800-144720600,ENSG00000104518.6$GSDMD$chr8$144635377$+,0.43
chr8:144767200-144769000,ENSG00000104518.6$GSDMD$chr8$144635377$+,0.35
chr8:144624000-144624800,ENSG00000104522.11$TSTA3$chr8$144700218$-,0.57
chr8:144704600-144706000,ENSG00000104522.11$TSTA3$chr8$144700218$-,0.73
chr8:144718800-144720600,ENSG00000104522.11$TSTA3$chr8$144700218$-,0.59
chr8:144767200-144769000,ENSG00000104522.11$TSTA3$chr8$144700218$-,0.51
chr8:144845600-144847000,ENSG00000104522.11$TSTA3$chr8$144700218$-,0.37
chr8:144448200-144450600,ENSG00000104524.9$PYCRL$chr8$144691943$-,0.35
chr8:144624000-144624800,ENSG00000104524.9$PYCRL$chr8$144691943$-,0.47
chr8:144700400-144701600,ENSG00000104524.9$PYCRL$chr8$144691943$-,0.71
chr8:144704600-144706000,ENSG00000104524.9$PYCRL$chr8$144691943$-,0.67
chr8:144718800-144720600,ENSG00000104524.9$PYCRL$chr8$144691943$-,0.66
chr8:144767200-144769000,ENSG00000104524.9$PYCRL$chr8$144691943$-,0.52
chr8:144845600-144847000,ENSG00000104524.9$PYCRL$chr8$144691943$-,0.42
chr8:144700400-144701600,ENSG00000104529.13$EEF1D$chr8$144681711$-,0.42
chr8:124778000-124780200,ENSG00000104537.12$ANXA13$chr8$124749647$-,0.44
chr8:125984000-125985400,ENSG00000104549.7$SQLE$chr8$126010739$+,0.65
chr8:125986200-125987400,ENSG00000104549.7$SQLE$chr8$126010739$+,0.65
chr8:126104400-126106400,ENSG00000104549.7$SQLE$chr8$126010739$+,0.45
chr8:19615000-19616600,ENSG00000104613.7$INTS10$chr8$19674651$+,0.63
chr8:8635000-8636400,ENSG00000104626.10$ERI1$chr8$8859657$+,0.37
chr8:8689800-8690600,ENSG00000104626.10$ERI1$chr8$8859657$+,0.41
chr8:8751400-8753400,ENSG00000104626.10$ERI1$chr8$8859657$+,0.5
chr8:8887000-8887800,ENSG00000104626.10$ERI1$chr8$8859657$+,0.54
chr8:22103400-22104800,ENSG00000104635.9$SLC39A14$chr8$22224762$+,0.35
chr8:22286000-22288400,ENSG00000104635.9$SLC39A14$chr8$22224762$+,0.5
chr8:22296400-22298000,ENSG00000104635.9$SLC39A14$chr8$22224762$+,0.5
chr8:10973800-10975800,ENSG00000104643.5$MTMR9$chr8$11141925$+,0.37
chr8:11024400-11025200,ENSG00000104643.5$MTMR9$chr8$11141925$+,0.45
chr8:11025400-11027200,ENSG00000104643.5$MTMR9$chr8$11141925$+,0.48
chr8:11042000-11042800,ENSG00000104643.5$MTMR9$chr8$11141925$+,0.4
chr8:29885000-29887400,ENSG00000104660.13$LEPROTL1$chr8$29952914$+,0.42
chr8:29889400-29890200,ENSG00000104660.13$LEPROTL1$chr8$29952914$+,0.53
chr8:29921600-29921800,ENSG00000104660.13$LEPROTL1$chr8$29952914$+,0.56
chr8:29978200-29978800,ENSG00000104660.13$LEPROTL1$chr8$29952914$+,0.59
chr8:29987400-29988400,ENSG00000104660.13$LEPROTL1$chr8$29952914$+,0.48
chr8:30011400-30013200,ENSG00000104660.13$LEPROTL1$chr8$29952914$+,0.56
chr8:29873200-29874200,ENSG00000104671.3$DCTN6$chr8$30013813$+,0.37
chr8:29885000-29887400,ENSG00000104671.3$DCTN6$chr8$30013813$+,0.39
chr8:29889400-29890200,ENSG00000104671.3$DCTN6$chr8$30013813$+,0.36
chr8:29921600-29921800,ENSG00000104671.3$DCTN6$chr8$30013813$+,0.38
chr8:29978200-29978800,ENSG00000104671.3$DCTN6$chr8$30013813$+,0.57
chr8:29987400-29988400,ENSG00000104671.3$DCTN6$chr8$30013813$+,0.57
chr8:30011400-30013200,ENSG00000104671.3$DCTN6$chr8$30013813$+,0.35
chr8:23112200-23114200,ENSG00000104679.6$R3HCC1$chr8$23127633$+,0.49
chr8:23144200-23145600,ENSG00000104679.6$R3HCC1$chr8$23127633$+,0.58
chr8:30516200-30518400,ENSG00000104687.8$GSR$chr8$30585443$-,0.41
chr8:30602000-30603600,ENSG00000104687.8$GSR$chr8$30585443$-,0.56
chr8:22912600-22913000,ENSG00000104689.5$TNFRSF10A$chr8$23082639$-,0.37
chr8:23061800-23062800,ENSG00000104689.5$TNFRSF10A$chr8$23082639$-,0.63
chr8:23063600-23065600,ENSG00000104689.5$TNFRSF10A$chr8$23082639$-,0.66
chr8:23066400-23068000,ENSG00000104689.5$TNFRSF10A$chr8$23082639$-,0.64
chr8:23112200-23114200,ENSG00000104689.5$TNFRSF10A$chr8$23082639$-,0.65
chr8:23144200-23145600,ENSG00000104689.5$TNFRSF10A$chr8$23082639$-,0.57
chr8:30602000-30603600,ENSG00000104695.8$PPP2CB$chr8$30671830$-,0.43
chr8:24833400-24835600,ENSG00000104722.9$NEFM$chr8$24770525$+,0.49
chr16:87802200-87803200,ENSG00000104731.9$KLHDC4$chr16$87799598$-,0.47
chr8:48863600-48866000,ENSG00000104738.12$MCM4$chr8$48872745$+,0.57
chr8:48869800-48872200,ENSG00000104738.12$MCM4$chr8$48872745$+,0.42
chr8:48874000-48876400,ENSG00000104738.12$MCM4$chr8$48872745$+,0.5
chr8:17819000-17821200,ENSG00000104760.12$FGL1$chr8$17767874$-,0.4
chr8:17797400-17799800,ENSG00000104763.13$ASAH1$chr8$17942494$-,0.42
chr8:17819000-17821200,ENSG00000104763.13$ASAH1$chr8$17942494$-,0.4
chr8:18065800-18067600,ENSG00000104763.13$ASAH1$chr8$17942494$-,0.43
chr8:26147200-26149200,ENSG00000104765.10$BNIP3L$chr8$26240414$+,0.55
chr8:26409600-26410400,ENSG00000104765.10$BNIP3L$chr8$26240414$+,0.46
chr19:12588600-12590800,ENSG00000104774.8$MAN2B1$chr19$12777556$-,0.38
chr19:12662800-12664800,ENSG00000104774.8$MAN2B1$chr19$12777556$-,0.46
chr19:12713800-12715600,ENSG00000104774.8$MAN2B1$chr19$12777556$-,0.47
chr19:12745800-12747400,ENSG00000104774.8$MAN2B1$chr19$12777556$-,0.53
chr19:12750400-12752400,ENSG00000104774.8$MAN2B1$chr19$12777556$-,0.62
chr19:12790200-12791800,ENSG00000104774.8$MAN2B1$chr19$12777556$-,0.65
chr19:12805200-12807200,ENSG00000104774.8$MAN2B1$chr19$12777556$-,0.57
chr19:12848800-12850600,ENSG00000104774.8$MAN2B1$chr19$12777556$-,0.47
chr19:12886800-12888600,ENSG00000104774.8$MAN2B1$chr19$12777556$-,0.43
chr19:12910200-12912200,ENSG00000104774.8$MAN2B1$chr19$12777556$-,0.41
chr19:12912800-12914400,ENSG00000104774.8$MAN2B1$chr19$12777556$-,0.41
chr19:12916000-12917600,ENSG00000104774.8$MAN2B1$chr19$12777556$-,0.39
chr19:12935600-12937200,ENSG00000104774.8$MAN2B1$chr19$12777556$-,0.43
chr19:44080000-44081600,ENSG00000104783.7$KCNN4$chr19$44285409$-,0.44
chr19:44313400-44314400,ENSG00000104783.7$KCNN4$chr19$44285409$-,0.55
chr19:44315600-44317800,ENSG00000104783.7$KCNN4$chr19$44285409$-,0.53
chr19:44330200-44331800,ENSG00000104783.7$KCNN4$chr19$44285409$-,0.47
chr19:44404400-44405800,ENSG00000104783.7$KCNN4$chr19$44285409$-,0.46
chr19:44436800-44439000,ENSG00000104783.7$KCNN4$chr19$44285409$-,0.53
chr19:44455800-44457000,ENSG00000104783.7$KCNN4$chr19$44285409$-,0.36
chr19:49262400-49264800,ENSG00000104804.3$TULP2$chr19$49401990$-,0.43
chr19:49318000-49320400,ENSG00000104804.3$TULP2$chr19$49401990$-,0.49
chr19:49402400-49403400,ENSG00000104804.3$TULP2$chr19$49401990$-,0.35
chr19:49404400-49406600,ENSG00000104804.3$TULP2$chr19$49401990$-,0.45
chr19:49318000-49320400,ENSG00000104805.11$NUCB1$chr19$49403307$+,0.53
chr19:49402400-49403400,ENSG00000104808.3$DHDH$chr19$49436939$+,0.67
chr19:49404400-49406600,ENSG00000104808.3$DHDH$chr19$49436939$+,0.52
chr19:49402400-49403400,ENSG00000104812.10$GYS1$chr19$49496567$-,0.5
chr19:49404400-49406600,ENSG00000104812.10$GYS1$chr19$49496567$-,0.49
chr19:38864200-38865400,ENSG00000104814.8$MAP4K1$chr19$39109522$-,0.43
chr19:38894400-38896400,ENSG00000104814.8$MAP4K1$chr19$39109522$-,0.42
chr19:38919200-38920600,ENSG00000104814.8$MAP4K1$chr19$39109522$-,0.47
chr19:39031600-39032000,ENSG00000104814.8$MAP4K1$chr19$39109522$-,0.49
chr19:39069200-39071600,ENSG00000104814.8$MAP4K1$chr19$39109522$-,0.61
chr19:39110600-39113000,ENSG00000104814.8$MAP4K1$chr19$39109522$-,0.4
chr19:39137600-39138600,ENSG00000104814.8$MAP4K1$chr19$39109522$-,0.59
chr19:39259400-39261200,ENSG00000104814.8$MAP4K1$chr19$39109522$-,0.44
chr19:39259400-39261200,ENSG00000104823.4$ECH1$chr19$39322645$-,0.51
chr19:39343400-39345600,ENSG00000104823.4$ECH1$chr19$39322645$-,0.41
chr19:39391000-39392800,ENSG00000104823.4$ECH1$chr19$39322645$-,0.43
chr19:39259400-39261200,ENSG00000104824.12$HNRNPL$chr19$39342987$-,0.55
chr19:39322400-39324200,ENSG00000104824.12$HNRNPL$chr19$39342987$-,0.56
chr19:39391000-39392800,ENSG00000104824.12$HNRNPL$chr19$39342987$-,0.61
chr19:39418600-39420800,ENSG00000104824.12$HNRNPL$chr19$39342987$-,0.47
chr19:39431800-39433800,ENSG00000104824.12$HNRNPL$chr19$39342987$-,0.43
chr19:39440000-39441600,ENSG00000104824.12$HNRNPL$chr19$39342987$-,0.53
chr19:39259400-39261200,ENSG00000104825.12$NFKBIB$chr19$39390340$+,0.42
chr19:39322400-39324200,ENSG00000104825.12$NFKBIB$chr19$39390340$+,0.49
chr19:39343400-39345600,ENSG00000104825.12$NFKBIB$chr19$39390340$+,0.36
chr19:39418600-39420800,ENSG00000104825.12$NFKBIB$chr19$39390340$+,0.57
chr19:39431800-39433800,ENSG00000104825.12$NFKBIB$chr19$39390340$+,0.49
chr19:39440000-39441600,ENSG00000104825.12$NFKBIB$chr19$39390340$+,0.47
chr19:49402400-49403400,ENSG00000104826.7$LHB$chr19$49520338$-,0.49
chr19:49404400-49406600,ENSG00000104826.7$LHB$chr19$49520338$-,0.5
chr19:6457400-6459800,ENSG00000104833.6$TUBB4A$chr19$6502859$-,0.38
chr19:6489200-6490400,ENSG00000104833.6$TUBB4A$chr19$6502859$-,0.72
chr19:6649000-6649600,ENSG00000104833.6$TUBB4A$chr19$6502859$-,0.37
chr19:39322400-39324200,ENSG00000104835.10$SARS2$chr19$39440495$-,0.35
chr19:39343400-39345600,ENSG00000104835.10$SARS2$chr19$39440495$-,0.39
chr19:39391000-39392800,ENSG00000104835.10$SARS2$chr19$39440495$-,0.56
chr19:39418600-39420800,ENSG00000104835.10$SARS2$chr19$39440495$-,0.6
chr19:39431800-39433800,ENSG00000104835.10$SARS2$chr19$39440495$-,0.59
chr19:39614200-39616400,ENSG00000104835.10$SARS2$chr19$39440495$-,0.38
chr19:49402400-49403400,ENSG00000104852.10$SNRNP70$chr19$49588676$+,0.4
chr19:49404400-49406600,ENSG00000104852.10$SNRNP70$chr19$49588676$+,0.43
chr19:45344200-45345400,ENSG00000104853.11$CLPTM1$chr19$45457842$+,0.42
chr19:45392200-45393600,ENSG00000104853.11$CLPTM1$chr19$45457842$+,0.49
chr19:45505200-45507000,ENSG00000104853.11$CLPTM1$chr19$45457842$+,0.51
chr19:45540800-45542200,ENSG00000104853.11$CLPTM1$chr19$45457842$+,0.48
chr19:45456200-45457600,ENSG00000104856.9$RELB$chr19$45504688$+,0.51
chr19:45540800-45542200,ENSG00000104856.9$RELB$chr19$45504688$+,0.58
chr19:45392200-45393600,ENSG00000104859.10$CLASRP$chr19$45542298$+,0.52
chr19:45456200-45457600,ENSG00000104859.10$CLASRP$chr19$45542298$+,0.54
chr19:45505200-45507000,ENSG00000104859.10$CLASRP$chr19$45542298$+,0.53
chr19:49402400-49403400,ENSG00000104863.7$LIN7B$chr19$49617581$+,0.35
chr19:49404400-49406600,ENSG00000104863.7$LIN7B$chr19$49617581$+,0.39
chr19:49734200-49736400,ENSG00000104863.7$LIN7B$chr19$49617581$+,0.42
chr19:49955200-49956200,ENSG00000104870.8$FCGRT$chr19$50010073$+,0.5
chr19:50046400-50048200,ENSG00000104870.8$FCGRT$chr19$50010073$+,0.63
chr19:50049400-50051200,ENSG00000104870.8$FCGRT$chr19$50010073$+,0.53
chr19:50051600-50053200,ENSG00000104870.8$FCGRT$chr19$50010073$+,0.54
chr19:50053800-50054000,ENSG00000104870.8$FCGRT$chr19$50010073$+,0.52
chr19:50083800-50085400,ENSG00000104870.8$FCGRT$chr19$50010073$+,0.5
chr19:50091400-50093600,ENSG00000104870.8$FCGRT$chr19$50010073$+,0.46
chr19:50123400-50124200,ENSG00000104870.8$FCGRT$chr19$50010073$+,0.37
chr19:50144000-50145600,ENSG00000104870.8$FCGRT$chr19$50010073$+,0.41
chr19:50169000-50171400,ENSG00000104870.8$FCGRT$chr19$50010073$+,0.43
chr19:50177600-50179600,ENSG00000104870.8$FCGRT$chr19$50010073$+,0.37
chr19:50046400-50048200,ENSG00000104872.6$PIH1D1$chr19$49956754$-,0.4
chr19:50049400-50051200,ENSG00000104872.6$PIH1D1$chr19$49956754$-,0.36
chr19:50051600-50053200,ENSG00000104872.6$PIH1D1$chr19$49956754$-,0.42
chr19:50053800-50054000,ENSG00000104872.6$PIH1D1$chr19$49956754$-,0.36
chr19:50083800-50085400,ENSG00000104872.6$PIH1D1$chr19$49956754$-,0.39
chr19:50091400-50093600,ENSG00000104872.6$PIH1D1$chr19$49956754$-,0.36
chr19:50144000-50145600,ENSG00000104872.6$PIH1D1$chr19$49956754$-,0.37
chr19:50169000-50171400,ENSG00000104872.6$PIH1D1$chr19$49956754$-,0.35
chr19:50177600-50179600,ENSG00000104872.6$PIH1D1$chr19$49956754$-,0.35
chr19:45841600-45842800,ENSG00000104879.4$CKM$chr19$45826235$-,0.52
chr19:7425200-7426600,ENSG00000104880.13$ARHGEF18$chr19$7459999$+,0.45
chr19:7427200-7429000,ENSG00000104880.13$ARHGEF18$chr19$7459999$+,0.45
chr19:7479800-7481400,ENSG00000104880.13$ARHGEF18$chr19$7459999$+,0.47
chr19:7597600-7599000,ENSG00000104880.13$ARHGEF18$chr19$7459999$+,0.42
chr19:45841600-45842800,ENSG00000104881.10$PPP1R13L$chr19$45909607$-,0.45
chr19:45871200-45873400,ENSG00000104881.10$PPP1R13L$chr19$45909607$-,0.56
chr19:45841600-45842800,ENSG00000104884.10$ERCC2$chr19$45874176$-,0.55
chr19:1938800-1940400,ENSG00000104885.13$DOT1L$chr19$2164148$+,0.44
chr19:49955200-49956200,ENSG00000104888.5$SLC17A7$chr19$49945617$-,0.58
chr19:50049400-50051200,ENSG00000104888.5$SLC17A7$chr19$49945617$-,0.36
chr19:50051600-50053200,ENSG00000104888.5$SLC17A7$chr19$49945617$-,0.36
chr19:12662800-12664800,ENSG00000104889.4$RNASEH2A$chr19$12917394$+,0.36
chr19:12745800-12747400,ENSG00000104889.4$RNASEH2A$chr19$12917394$+,0.38
chr19:12750400-12752400,ENSG00000104889.4$RNASEH2A$chr19$12917394$+,0.38
chr19:12778000-12779600,ENSG00000104889.4$RNASEH2A$chr19$12917394$+,0.39
chr19:12790200-12791800,ENSG00000104889.4$RNASEH2A$chr19$12917394$+,0.41
chr19:12805200-12807200,ENSG00000104889.4$RNASEH2A$chr19$12917394$+,0.38
chr19:12848800-12850600,ENSG00000104889.4$RNASEH2A$chr19$12917394$+,0.44
chr19:12886800-12888600,ENSG00000104889.4$RNASEH2A$chr19$12917394$+,0.61
chr19:12910200-12912200,ENSG00000104889.4$RNASEH2A$chr19$12917394$+,0.66
chr19:12912800-12914400,ENSG00000104889.4$RNASEH2A$chr19$12917394$+,0.41
chr19:12935600-12937200,ENSG00000104889.4$RNASEH2A$chr19$12917394$+,0.55
chr19:12957800-12959200,ENSG00000104889.4$RNASEH2A$chr19$12917394$+,0.54
chr19:12990400-12992200,ENSG00000104889.4$RNASEH2A$chr19$12917394$+,0.45
chr19:13002600-13004800,ENSG00000104889.4$RNASEH2A$chr19$12917394$+,0.45
chr19:13068400-13069000,ENSG00000104889.4$RNASEH2A$chr19$12917394$+,0.41
chr19:45841600-45842800,ENSG00000104892.12$KLC3$chr19$45836692$+,0.5
chr19:49728800-49730000,ENSG00000104894.7$CD37$chr19$49838428$+,0.43
chr19:49734200-49736400,ENSG00000104894.7$CD37$chr19$49838428$+,0.41
chr19:49804200-49805800,ENSG00000104894.7$CD37$chr19$49838428$+,0.55
chr19:49955200-49956200,ENSG00000104894.7$CD37$chr19$49838428$+,0.38
chr19:2506400-2508800,ENSG00000104897.5$SF3A2$chr19$2236520$+,0.35
chr19:13068400-13069000,ENSG00000104903.4$LYL1$chr19$13213975$-,0.4
chr19:13345000-13346600,ENSG00000104903.4$LYL1$chr19$13213975$-,0.39
chr19:2506400-2508800,ENSG00000104904.8$OAZ1$chr19$2269485$+,0.35
chr19:13345000-13346600,ENSG00000104907.8$TRMT1$chr19$13228381$-,0.35
chr19:7597600-7599000,ENSG00000104918.4$RETN$chr19$7733930$+,0.41
chr19:7600800-7602600,ENSG00000104918.4$RETN$chr19$7733930$+,0.38
chr19:7746200-7748600,ENSG00000104918.4$RETN$chr19$7733930$+,0.52
chr19:7815400-7817200,ENSG00000104918.4$RETN$chr19$7733930$+,0.42
chr19:7746200-7748600,ENSG00000104921.10$FCER2$chr19$7767032$-,0.61
chr19:7815400-7817200,ENSG00000104921.10$FCER2$chr19$7767032$-,0.43
chr19:7597600-7599000,ENSG00000104938.12$CLEC4M$chr19$7828035$+,0.38
chr19:7600800-7602600,ENSG00000104938.12$CLEC4M$chr19$7828035$+,0.36
chr19:7815400-7817200,ENSG00000104938.12$CLEC4M$chr19$7828035$+,0.5
chr19:7871400-7873600,ENSG00000104938.12$CLEC4M$chr19$7828035$+,0.54
chr19:50267800-50269600,ENSG00000104946.6$TBC1D17$chr19$50380682$+,0.43
chr19:50317000-50318200,ENSG00000104946.6$TBC1D17$chr19$50380682$+,0.52
chr19:50319600-50320800,ENSG00000104946.6$TBC1D17$chr19$50380682$+,0.5
chr19:50529600-50531400,ENSG00000104946.6$TBC1D17$chr19$50380682$+,0.53
chr19:50267800-50269600,ENSG00000104951.11$IL4I1$chr19$50432796$-,0.51
chr19:50317000-50318200,ENSG00000104951.11$IL4I1$chr19$50432796$-,0.49
chr19:50319600-50320800,ENSG00000104951.11$IL4I1$chr19$50432796$-,0.56
chr19:50529600-50531400,ENSG00000104951.11$IL4I1$chr19$50432796$-,0.53
chr19:50553000-50555400,ENSG00000104951.11$IL4I1$chr19$50432796$-,0.46
chr19:50650000-50651200,ENSG00000104951.11$IL4I1$chr19$50432796$-,0.5
chr19:50651400-50652000,ENSG00000104951.11$IL4I1$chr19$50432796$-,0.53
chr19:2783400-2785400,ENSG00000104953.14$TLE6$chr19$2977444$+,0.46
chr19:2820400-2822600,ENSG00000104953.14$TLE6$chr19$2977444$+,0.44
chr19:2842000-2843800,ENSG00000104953.14$TLE6$chr19$2977444$+,0.45
chr19:2848600-2850800,ENSG00000104953.14$TLE6$chr19$2977444$+,0.54
chr19:3024200-3026400,ENSG00000104953.14$TLE6$chr19$2977444$+,0.58
chr19:3075000-3077000,ENSG00000104953.14$TLE6$chr19$2977444$+,0.41
chr19:13699200-13700600,ENSG00000104957.9$CCDC130$chr19$13842574$+,0.38
chr19:13763000-13764400,ENSG00000104957.9$CCDC130$chr19$13842574$+,0.38
chr19:13857600-13858400,ENSG00000104957.9$CCDC130$chr19$13842574$+,0.72
chr19:13884200-13885200,ENSG00000104957.9$CCDC130$chr19$13842574$+,0.4
chr19:50267800-50269600,ENSG00000104960.11$PTOV1$chr19$50353992$+,0.5
chr19:50317000-50318200,ENSG00000104960.11$PTOV1$chr19$50353992$+,0.59
chr19:50319600-50320800,ENSG00000104960.11$PTOV1$chr19$50353992$+,0.58
chr19:50529600-50531400,ENSG00000104960.11$PTOV1$chr19$50353992$+,0.37
chr19:3024200-3026400,ENSG00000104964.10$AES$chr19$3063105$-,0.57
chr19:3075000-3077000,ENSG00000104964.10$AES$chr19$3063105$-,0.56
chr19:2740000-2740800,ENSG00000104969.5$SGTA$chr19$2783369$-,0.57
chr19:2820400-2822600,ENSG00000104969.5$SGTA$chr19$2783369$-,0.68
chr19:2842000-2843800,ENSG00000104969.5$SGTA$chr19$2783369$-,0.61
chr19:2848600-2850800,ENSG00000104969.5$SGTA$chr19$2783369$-,0.52
chr19:54895000-54896000,ENSG00000104970.6$KIR3DX1$chr19$55043909$+,0.36
chr19:50169000-50171400,ENSG00000104973.10$MED25$chr19$50321539$+,0.36
chr19:50177600-50179600,ENSG00000104973.10$MED25$chr19$50321539$+,0.36
chr19:50267800-50269600,ENSG00000104973.10$MED25$chr19$50321539$+,0.6
chr19:50317000-50318200,ENSG00000104973.10$MED25$chr19$50321539$+,0.51
chr19:50529600-50531400,ENSG00000104973.10$MED25$chr19$50321539$+,0.47
chr19:50553000-50555400,ENSG00000104973.10$MED25$chr19$50321539$+,0.48
chr19:7746200-7748600,ENSG00000104976.7$SNAPC2$chr19$7985201$+,0.36
chr19:7815400-7817200,ENSG00000104976.7$SNAPC2$chr19$7985201$+,0.37
chr19:7871400-7873600,ENSG00000104976.7$SNAPC2$chr19$7985201$+,0.42
chr19:8009200-8010400,ENSG00000104976.7$SNAPC2$chr19$7985201$+,0.57
chr19:13763000-13764400,ENSG00000104979.4$C19orf53$chr19$13884982$+,0.53
chr19:13857600-13858400,ENSG00000104979.4$C19orf53$chr19$13884982$+,0.61
chr19:14013600-14015000,ENSG00000104979.4$C19orf53$chr19$13884982$+,0.38
chr19:14015200-14017400,ENSG00000104979.4$C19orf53$chr19$13884982$+,0.4
chr19:14064200-14065800,ENSG00000104979.4$C19orf53$chr19$13884982$+,0.36
chr19:7871400-7873600,ENSG00000104980.3$TIMM44$chr19$8008805$-,0.42
chr19:46406600-46407200,ENSG00000104983.4$CCDC61$chr19$46498339$+,0.53
chr19:14037000-14039400,ENSG00000104998.2$IL27RA$chr19$14142560$+,0.35
chr19:14062200-14063200,ENSG00000104998.2$IL27RA$chr19$14142560$+,0.42
chr19:14064200-14065800,ENSG00000104998.2$IL27RA$chr19$14142560$+,0.38
chr19:14199000-14200800,ENSG00000104998.2$IL27RA$chr19$14142560$+,0.54
chr19:14202200-14203800,ENSG00000104998.2$IL27RA$chr19$14142560$+,0.59
chr19:14199000-14200800,ENSG00000105011.4$ASF1B$chr19$14247768$-,0.58
chr19:14202200-14203800,ENSG00000105011.4$ASF1B$chr19$14247768$-,0.51
chr19:14285800-14286800,ENSG00000105011.4$ASF1B$chr19$14247768$-,0.44
chr19:14306000-14308200,ENSG00000105011.4$ASF1B$chr19$14247768$-,0.44
chr19:14347600-14349000,ENSG00000105011.4$ASF1B$chr19$14247768$-,0.62
chr19:14384800-14386800,ENSG00000105011.4$ASF1B$chr19$14247768$-,0.5
chr19:14777800-14780200,ENSG00000105011.4$ASF1B$chr19$14247768$-,0.35
chr19:50317000-50318200,ENSG00000105053.6$VRK3$chr19$50529203$-,0.41
chr19:50319600-50320800,ENSG00000105053.6$VRK3$chr19$50529203$-,0.49
chr19:50529600-50531400,ENSG00000105053.6$VRK3$chr19$50529203$-,0.37
chr19:50553000-50555400,ENSG00000105053.6$VRK3$chr19$50529203$-,0.57
chr19:50650000-50651200,ENSG00000105053.6$VRK3$chr19$50529203$-,0.48
chr19:50651400-50652000,ENSG00000105053.6$VRK3$chr19$50529203$-,0.44
chr19:16221400-16222600,ENSG00000105058.7$FAM32A$chr19$16296191$+,0.61
chr19:16317600-16320000,ENSG00000105058.7$FAM32A$chr19$16296191$+,0.58
chr19:16354000-16356400,ENSG00000105058.7$FAM32A$chr19$16296191$+,0.52
chr19:16455800-16457000,ENSG00000105058.7$FAM32A$chr19$16296191$+,0.45
chr19:55802800-55803800,ENSG00000105063.14$PPP6R1$chr19$55770363$-,0.59
chr19:55919200-55920600,ENSG00000105063.14$PPP6R1$chr19$55770363$-,0.44
chr19:16354000-16356400,ENSG00000105072.4$C19orf44$chr19$16607122$+,0.35
chr19:16539400-16541800,ENSG00000105072.4$C19orf44$chr19$16607122$+,0.51
chr19:16607600-16610000,ENSG00000105085.6$MED26$chr19$16739873$-,0.35
chr19:15624600-15627000,ENSG00000105122.8$RASAL3$chr19$15575382$-,0.55
chr19:15661200-15663400,ENSG00000105122.8$RASAL3$chr19$15575382$-,0.43
chr19:15624600-15627000,ENSG00000105127.4$AKAP8$chr19$15490609$-,0.36
chr19:15661200-15663400,ENSG00000105127.4$AKAP8$chr19$15490609$-,0.37
chr19:15739200-15741000,ENSG00000105127.4$AKAP8$chr19$15490609$-,0.36
chr19:57872200-57874400,ENSG00000105136.15$ZNF419$chr19$57999079$+,0.38
chr19:57900000-57901200,ENSG00000105136.15$ZNF419$chr19$57999079$+,0.36
chr19:57921400-57922400,ENSG00000105136.15$ZNF419$chr19$57999079$+,0.55
chr19:57944600-57946400,ENSG00000105136.15$ZNF419$chr19$57999079$+,0.53
chr19:58037800-58038600,ENSG00000105136.15$ZNF419$chr19$57999079$+,0.61
chr19:58039400-58040600,ENSG00000105136.15$ZNF419$chr19$57999079$+,0.66
chr19:58088800-58089800,ENSG00000105136.15$ZNF419$chr19$57999079$+,0.46
chr19:58090200-58091400,ENSG00000105136.15$ZNF419$chr19$57999079$+,0.38
chr19:58110200-58111200,ENSG00000105136.15$ZNF419$chr19$57999079$+,0.36
chr19:57703800-57705600,ENSG00000105146.8$AURKC$chr19$57742377$+,0.35
chr19:57751000-57751600,ENSG00000105146.8$AURKC$chr19$57742377$+,0.6
chr19:30077200-30079200,ENSG00000105171.5$POP4$chr19$30094924$+,0.64
chr19:30097800-30098600,ENSG00000105171.5$POP4$chr19$30094924$+,0.39
chr19:30100800-30103000,ENSG00000105171.5$POP4$chr19$30094924$+,0.53
chr19:30141000-30143200,ENSG00000105171.5$POP4$chr19$30094924$+,0.42
chr19:30077200-30079200,ENSG00000105173.9$CCNE1$chr19$30302805$+,0.35
chr19:30095200-30096600,ENSG00000105173.9$CCNE1$chr19$30302805$+,0.35
chr19:30141000-30143200,ENSG00000105173.9$CCNE1$chr19$30302805$+,0.41
chr19:30181400-30182400,ENSG00000105173.9$CCNE1$chr19$30302805$+,0.44
chr19:30206600-30208400,ENSG00000105173.9$CCNE1$chr19$30302805$+,0.49
chr19:30250800-30252000,ENSG00000105173.9$CCNE1$chr19$30302805$+,0.63
chr19:30336600-30337400,ENSG00000105173.9$CCNE1$chr19$30302805$+,0.6
chr19:30431600-30433000,ENSG00000105173.9$CCNE1$chr19$30302805$+,0.4
chr19:32948800-32951000,ENSG00000105185.7$PDCD5$chr19$33071974$+,0.4
chr19:33063600-33065000,ENSG00000105185.7$PDCD5$chr19$33071974$+,0.63
chr19:33090400-33091200,ENSG00000105185.7$PDCD5$chr19$33071974$+,0.55
chr19:33063600-33065000,ENSG00000105186.10$ANKRD27$chr19$33167503$-,0.37
chr19:33071000-33071600,ENSG00000105186.10$ANKRD27$chr19$33167503$-,0.35
chr19:33090400-33091200,ENSG00000105186.10$ANKRD27$chr19$33167503$-,0.35
chr19:39934000-39935800,ENSG00000105197.6$TIMM50$chr19$39971052$+,0.44
chr19:39972000-39974400,ENSG00000105197.6$TIMM50$chr19$39971052$+,0.41
chr19:40028000-40029800,ENSG00000105197.6$TIMM50$chr19$39971052$+,0.55
chr19:40313200-40314800,ENSG00000105202.3$FBL$chr19$40337054$-,0.44
chr19:40315200-40317200,ENSG00000105202.3$FBL$chr19$40337054$-,0.58
chr19:40324800-40326000,ENSG00000105202.3$FBL$chr19$40337054$-,0.53
chr19:40372200-40373000,ENSG00000105202.3$FBL$chr19$40337054$-,0.62
chr19:40469400-40470200,ENSG00000105202.3$FBL$chr19$40337054$-,0.39
chr19:40503400-40505400,ENSG00000105202.3$FBL$chr19$40337054$-,0.36
chr19:40562600-40563600,ENSG00000105202.3$FBL$chr19$40337054$-,0.39
chr19:40313200-40314800,ENSG00000105204.9$DYRK1B$chr19$40324841$-,0.63
chr19:40315200-40317200,ENSG00000105204.9$DYRK1B$chr19$40324841$-,0.63
chr19:40372200-40373000,ENSG00000105204.9$DYRK1B$chr19$40324841$-,0.48
chr19:40469400-40470200,ENSG00000105204.9$DYRK1B$chr19$40324841$-,0.37
chr19:40503400-40505400,ENSG00000105204.9$DYRK1B$chr19$40324841$-,0.39
chr19:40562600-40563600,ENSG00000105204.9$DYRK1B$chr19$40324841$-,0.4
chr19:40597400-40597800,ENSG00000105204.9$DYRK1B$chr19$40324841$-,0.36
chr19:40313200-40314800,ENSG00000105205.6$CLC$chr19$40228668$-,0.51
chr19:40315200-40317200,ENSG00000105205.6$CLC$chr19$40228668$-,0.5
chr19:40324800-40326000,ENSG00000105205.6$CLC$chr19$40228668$-,0.57
chr19:40372200-40373000,ENSG00000105205.6$CLC$chr19$40228668$-,0.45
chr19:40469400-40470200,ENSG00000105205.6$CLC$chr19$40228668$-,0.37
chr19:34778200-34779800,ENSG00000105220.10$GPI$chr19$34850385$+,0.4
chr19:34793400-34794400,ENSG00000105220.10$GPI$chr19$34850385$+,0.39
chr19:40695400-40696600,ENSG00000105221.12$AKT2$chr19$40791443$-,0.48
chr19:40820200-40822400,ENSG00000105221.12$AKT2$chr19$40791443$-,0.71
chr19:40852600-40853800,ENSG00000105221.12$AKT2$chr19$40791443$-,0.55
chr19:40903600-40905800,ENSG00000105221.12$AKT2$chr19$40791443$-,0.48
chr19:40951000-40953200,ENSG00000105221.12$AKT2$chr19$40791443$-,0.46
chr19:40820200-40822400,ENSG00000105223.14$PLD3$chr19$40854363$+,0.58
chr19:40903600-40905800,ENSG00000105223.14$PLD3$chr19$40854363$+,0.57
chr19:40951000-40953200,ENSG00000105223.14$PLD3$chr19$40854363$+,0.55
chr19:40974400-40975400,ENSG00000105223.14$PLD3$chr19$40854363$+,0.41
chr19:40903600-40905800,ENSG00000105227.10$PRX$chr19$40919273$-,0.39
chr19:40951000-40953200,ENSG00000105227.10$PRX$chr19$40919273$-,0.38
chr19:3971000-3971800,ENSG00000105229.2$PIAS4$chr19$4007644$+,0.55
chr19:4124400-4125000,ENSG00000105229.2$PIAS4$chr19$4007644$+,0.41
chr19:41253600-41256000,ENSG00000105245.5$NUMBL$chr19$41196877$-,0.43
chr19:4245600-4247000,ENSG00000105246.5$EBI3$chr19$4229495$+,0.42
chr19:4247400-4249400,ENSG00000105246.5$EBI3$chr19$4229495$+,0.4
chr19:4179600-4182000,ENSG00000105248.11$CCDC94$chr19$4247076$+,0.62
chr19:4183000-4185000,ENSG00000105248.11$CCDC94$chr19$4247076$+,0.63
chr19:4400400-4402000,ENSG00000105248.11$CCDC94$chr19$4247076$+,0.45
chr19:4469800-4471400,ENSG00000105248.11$CCDC94$chr19$4247076$+,0.35
chr19:36460400-36461000,ENSG00000105254.7$TBCB$chr19$36605191$+,0.44
chr19:36483600-36485800,ENSG00000105254.7$TBCB$chr19$36605191$+,0.6
chr19:36505600-36507200,ENSG00000105254.7$TBCB$chr19$36605191$+,0.58
chr19:36632000-36634000,ENSG00000105254.7$TBCB$chr19$36605191$+,0.7
chr19:36703600-36705000,ENSG00000105254.7$TBCB$chr19$36605191$+,0.6
chr19:36867600-36869400,ENSG00000105254.7$TBCB$chr19$36605191$+,0.36
chr19:4124400-4125000,ENSG00000105255.6$FSD1$chr19$4304597$+,0.36
chr19:4179600-4182000,ENSG00000105255.6$FSD1$chr19$4304597$+,0.41
chr19:4183000-4185000,ENSG00000105255.6$FSD1$chr19$4304597$+,0.54
chr19:4245600-4247000,ENSG00000105255.6$FSD1$chr19$4304597$+,0.52
chr19:4247400-4249400,ENSG00000105255.6$FSD1$chr19$4304597$+,0.54
chr19:4400400-4402000,ENSG00000105255.6$FSD1$chr19$4304597$+,0.49
chr19:4469800-4471400,ENSG00000105255.6$FSD1$chr19$4304597$+,0.43
chr19:36460400-36461000,ENSG00000105258.4$POLR2I$chr19$36606248$-,0.36
chr19:36483600-36485800,ENSG00000105258.4$POLR2I$chr19$36606248$-,0.41
chr19:36505600-36507200,ENSG00000105258.4$POLR2I$chr19$36606248$-,0.5
chr19:36632000-36634000,ENSG00000105258.4$POLR2I$chr19$36606248$-,0.68
chr19:36703600-36705000,ENSG00000105258.4$POLR2I$chr19$36606248$-,0.46
chr19:36505600-36507200,ENSG00000105270.10$CLIP3$chr19$36524245$-,0.5
chr19:3820600-3822800,ENSG00000105278.6$ZFR2$chr19$3869030$-,0.46
chr19:47102400-47103600,ENSG00000105281.8$SLC1A5$chr19$47291851$-,0.37
chr19:47151000-47152800,ENSG00000105281.8$SLC1A5$chr19$47291851$-,0.49
chr19:47207400-47208600,ENSG00000105281.8$SLC1A5$chr19$47291851$-,0.49
chr19:47250000-47252400,ENSG00000105281.8$SLC1A5$chr19$47291851$-,0.57
chr19:47362000-47363600,ENSG00000105281.8$SLC1A5$chr19$47291851$-,0.53
chr19:47535000-47536200,ENSG00000105281.8$SLC1A5$chr19$47291851$-,0.4
chr19:47102400-47103600,ENSG00000105287.8$PRKD2$chr19$47220384$-,0.42
chr19:47151000-47152800,ENSG00000105287.8$PRKD2$chr19$47220384$-,0.54
chr19:47207400-47208600,ENSG00000105287.8$PRKD2$chr19$47220384$-,0.49
chr19:47250000-47252400,ENSG00000105287.8$PRKD2$chr19$47220384$-,0.61
chr19:47291600-47293600,ENSG00000105287.8$PRKD2$chr19$47220384$-,0.47
chr19:47362000-47363600,ENSG00000105287.8$PRKD2$chr19$47220384$-,0.52
chr19:36369000-36371400,ENSG00000105290.7$APLP1$chr19$36358801$+,0.49
chr19:36372800-36373800,ENSG00000105290.7$APLP1$chr19$36358801$+,0.52
chr19:36383600-36385200,ENSG00000105290.7$APLP1$chr19$36358801$+,0.42
chr19:3493800-3495400,ENSG00000105298.9$CACTIN$chr19$3626813$-,0.43
chr19:3500800-3502000,ENSG00000105298.9$CACTIN$chr19$3626813$-,0.46
chr19:47695800-47698000,ENSG00000105321.8$CCDC9$chr19$47759237$+,0.46
chr19:47750400-47751400,ENSG00000105321.8$CCDC9$chr19$47759237$+,0.54
chr19:47799200-47800200,ENSG00000105321.8$CCDC9$chr19$47759237$+,0.48
chr19:41793800-41795600,ENSG00000105323.12$HNRNPUL1$chr19$41768401$+,0.58
chr19:41898200-41900600,ENSG00000105323.12$HNRNPUL1$chr19$41768401$+,0.41
chr19:41901000-41903000,ENSG00000105323.12$HNRNPUL1$chr19$41768401$+,0.37
chr19:41904400-41906000,ENSG00000105323.12$HNRNPUL1$chr19$41768401$+,0.36
chr19:3493800-3495400,ENSG00000105325.9$FZR1$chr19$3506271$+,0.52
chr19:3500800-3502000,ENSG00000105325.9$FZR1$chr19$3506271$+,0.56
chr19:41767000-41769200,ENSG00000105329.5$TGFB1$chr19$41859816$-,0.4
chr19:41793800-41795600,ENSG00000105329.5$TGFB1$chr19$41859816$-,0.5
chr19:41898200-41900600,ENSG00000105329.5$TGFB1$chr19$41859816$-,0.52
chr19:41901000-41903000,ENSG00000105329.5$TGFB1$chr19$41859816$-,0.47
chr19:41904400-41906000,ENSG00000105329.5$TGFB1$chr19$41859816$-,0.49
chr19:41898200-41900600,ENSG00000105341.14$ATP5SL$chr19$41946622$-,0.45
chr19:41901000-41903000,ENSG00000105341.14$ATP5SL$chr19$41946622$-,0.44
chr19:41904400-41906000,ENSG00000105341.14$ATP5SL$chr19$41946622$-,0.41
chr19:42100800-42102400,ENSG00000105352.6$CEACAM4$chr19$42133442$-,0.49
chr19:42160400-42162000,ENSG00000105352.6$CEACAM4$chr19$42133442$-,0.46
chr19:4724800-4726000,ENSG00000105355.4$PLIN3$chr19$4867780$-,0.37
chr19:4732600-4733400,ENSG00000105355.4$PLIN3$chr19$4867780$-,0.39
chr19:50650000-50651200,ENSG00000105357.11$MYH14$chr19$50691443$+,0.38
chr19:51950800-51952800,ENSG00000105366.11$SIGLEC8$chr19$51961710$-,0.59
chr19:52073400-52074200,ENSG00000105366.11$SIGLEC8$chr19$51961710$-,0.37
chr19:42363000-42364000,ENSG00000105369.5$CD79A$chr19$42381190$+,0.47
chr19:42395000-42397400,ENSG00000105369.5$CD79A$chr19$42381190$+,0.46
chr19:42455400-42456600,ENSG00000105369.5$CD79A$chr19$42381190$+,0.39
chr19:51950800-51952800,ENSG00000105370.3$LIM2$chr19$51891214$-,0.39
chr19:10178000-10180200,ENSG00000105371.8$ICAM4$chr19$10397643$+,0.38
chr19:10206000-10208400,ENSG00000105371.8$ICAM4$chr19$10397643$+,0.37
chr19:10306000-10306800,ENSG00000105371.8$ICAM4$chr19$10397643$+,0.51
chr19:10341400-10343600,ENSG00000105371.8$ICAM4$chr19$10397643$+,0.37
chr19:10360600-10362400,ENSG00000105371.8$ICAM4$chr19$10397643$+,0.47
chr19:10424800-10426200,ENSG00000105371.8$ICAM4$chr19$10397643$+,0.59
chr19:10426600-10428000,ENSG00000105371.8$ICAM4$chr19$10397643$+,0.55
chr19:10488800-10490600,ENSG00000105371.8$ICAM4$chr19$10397643$+,0.55
chr19:10499200-10501600,ENSG00000105371.8$ICAM4$chr19$10397643$+,0.43
chr19:48098600-48100800,ENSG00000105373.14$GLTSCR2$chr19$48248779$+,0.53
chr19:48101200-48103400,ENSG00000105373.14$GLTSCR2$chr19$48248779$+,0.37
chr19:51950800-51952800,ENSG00000105374.5$NKG7$chr19$51875969$-,0.4
chr19:10178000-10180200,ENSG00000105376.4$ICAM5$chr19$10400657$+,0.36
chr19:10206000-10208400,ENSG00000105376.4$ICAM5$chr19$10400657$+,0.37
chr19:10306000-10306800,ENSG00000105376.4$ICAM5$chr19$10400657$+,0.55
chr19:10341400-10343600,ENSG00000105376.4$ICAM5$chr19$10400657$+,0.44
chr19:10360600-10362400,ENSG00000105376.4$ICAM5$chr19$10400657$+,0.56
chr19:10424800-10426200,ENSG00000105376.4$ICAM5$chr19$10400657$+,0.57
chr19:10426600-10428000,ENSG00000105376.4$ICAM5$chr19$10400657$+,0.57
chr19:10488800-10490600,ENSG00000105376.4$ICAM5$chr19$10400657$+,0.57
chr19:10499200-10501600,ENSG00000105376.4$ICAM5$chr19$10400657$+,0.51
chr19:10589000-10590800,ENSG00000105376.4$ICAM5$chr19$10400657$+,0.37
chr19:51950800-51952800,ENSG00000105379.5$ETFB$chr19$51869672$-,0.36
chr19:42160400-42162000,ENSG00000105388.10$CEACAM5$chr19$42212504$+,0.44
chr19:17334200-17336600,ENSG00000105393.11$BABAM1$chr19$17378159$+,0.61
chr19:17443000-17445200,ENSG00000105393.11$BABAM1$chr19$17378159$+,0.49
chr19:17445400-17447400,ENSG00000105393.11$BABAM1$chr19$17378159$+,0.51
chr19:17520200-17521200,ENSG00000105393.11$BABAM1$chr19$17378159$+,0.47
chr19:17531400-17532000,ENSG00000105393.11$BABAM1$chr19$17378159$+,0.65
chr19:17558200-17560200,ENSG00000105393.11$BABAM1$chr19$17378159$+,0.36
chr19:10341400-10343600,ENSG00000105397.9$TYK2$chr19$10491352$-,0.39
chr19:10360600-10362400,ENSG00000105397.9$TYK2$chr19$10491352$-,0.48
chr19:10424800-10426200,ENSG00000105397.9$TYK2$chr19$10491352$-,0.52
chr19:10426600-10428000,ENSG00000105397.9$TYK2$chr19$10491352$-,0.54
chr19:10499200-10501600,ENSG00000105397.9$TYK2$chr19$10491352$-,0.67
chr19:10589000-10590800,ENSG00000105397.9$TYK2$chr19$10491352$-,0.43
chr19:10616000-10617600,ENSG00000105397.9$TYK2$chr19$10491352$-,0.43
chr19:10360600-10362400,ENSG00000105401.2$CDC37$chr19$10530797$-,0.42
chr19:10424800-10426200,ENSG00000105401.2$CDC37$chr19$10530797$-,0.44
chr19:10426600-10428000,ENSG00000105401.2$CDC37$chr19$10530797$-,0.35
chr19:10488800-10490600,ENSG00000105401.2$CDC37$chr19$10530797$-,0.48
chr19:10499200-10501600,ENSG00000105401.2$CDC37$chr19$10530797$-,0.49
chr19:10589000-10590800,ENSG00000105401.2$CDC37$chr19$10530797$-,0.59
chr19:10616000-10617600,ENSG00000105401.2$CDC37$chr19$10530797$-,0.5
chr19:10682600-10683800,ENSG00000105401.2$CDC37$chr19$10530797$-,0.38
chr19:10691400-10692600,ENSG00000105401.2$CDC37$chr19$10530797$-,0.35
chr19:47986400-47987400,ENSG00000105402.3$NAPA$chr19$48018497$-,0.64
chr19:48098600-48100800,ENSG00000105402.3$NAPA$chr19$48018497$-,0.54
chr19:48101200-48103400,ENSG00000105402.3$NAPA$chr19$48018497$-,0.47
chr19:42363000-42364000,ENSG00000105404.6$RABAC1$chr19$42463542$-,0.45
chr19:42395000-42397400,ENSG00000105404.6$RABAC1$chr19$42463542$-,0.5
chr19:42455400-42456600,ENSG00000105404.6$RABAC1$chr19$42463542$-,0.67
chr19:42578800-42579600,ENSG00000105404.6$RABAC1$chr19$42463542$-,0.54
chr19:42692800-42694400,ENSG00000105404.6$RABAC1$chr19$42463542$-,0.37
chr19:42455400-42456600,ENSG00000105409.11$ATP1A3$chr19$42501649$-,0.39
chr19:42463800-42465600,ENSG00000105409.11$ATP1A3$chr19$42501649$-,0.46
chr19:47986400-47987400,ENSG00000105419.13$MEIS3$chr19$47922780$-,0.36
chr19:42890800-42892200,ENSG00000105427.5$CNFN$chr19$42894439$-,0.48
chr19:42899000-42901200,ENSG00000105427.5$CNFN$chr19$42894439$-,0.5
chr19:42578800-42579600,ENSG00000105429.8$MEGF8$chr19$42829761$+,0.35
chr19:42692800-42694400,ENSG00000105429.8$MEGF8$chr19$42829761$+,0.4
chr19:42722000-42724400,ENSG00000105429.8$MEGF8$chr19$42829761$+,0.49
chr19:42771400-42772600,ENSG00000105429.8$MEGF8$chr19$42829761$+,0.53
chr19:42799600-42801200,ENSG00000105429.8$MEGF8$chr19$42829761$+,0.77
chr19:42803800-42806200,ENSG00000105429.8$MEGF8$chr19$42829761$+,0.76
chr19:42806600-42808400,ENSG00000105429.8$MEGF8$chr19$42829761$+,0.71
chr19:42890800-42892200,ENSG00000105429.8$MEGF8$chr19$42829761$+,0.51
chr19:42899000-42901200,ENSG00000105429.8$MEGF8$chr19$42829761$+,0.58
chr19:48671000-48673200,ENSG00000105438.4$KDELR1$chr19$48894810$-,0.4
chr19:48705200-48707000,ENSG00000105438.4$KDELR1$chr19$48894810$-,0.44
chr19:48853000-48855000,ENSG00000105438.4$KDELR1$chr19$48894810$-,0.58
chr19:48865400-48866800,ENSG00000105438.4$KDELR1$chr19$48894810$-,0.6
chr19:48867200-48869200,ENSG00000105438.4$KDELR1$chr19$48894810$-,0.73
chr19:48906000-48907600,ENSG00000105438.4$KDELR1$chr19$48894810$-,0.73
chr19:48949800-48952200,ENSG00000105438.4$KDELR1$chr19$48894810$-,0.52
chr19:49017200-49018400,ENSG00000105438.4$KDELR1$chr19$48894810$-,0.37
chr19:48865400-48866800,ENSG00000105443.9$CYTH2$chr19$48972289$+,0.38
chr19:48867200-48869200,ENSG00000105443.9$CYTH2$chr19$48972289$+,0.48
chr19:48906000-48907600,ENSG00000105443.9$CYTH2$chr19$48972289$+,0.56
chr19:48949800-48952200,ENSG00000105443.9$CYTH2$chr19$48972289$+,0.62
chr19:49017200-49018400,ENSG00000105443.9$CYTH2$chr19$48972289$+,0.57
chr19:49091800-49093200,ENSG00000105443.9$CYTH2$chr19$48972289$+,0.43
chr19:49094600-49096400,ENSG00000105443.9$CYTH2$chr19$48972289$+,0.37
chr19:49111800-49113000,ENSG00000105443.9$CYTH2$chr19$48972289$+,0.41
chr19:48853000-48855000,ENSG00000105447.8$GRWD1$chr19$48949030$+,0.42
chr19:48865400-48866800,ENSG00000105447.8$GRWD1$chr19$48949030$+,0.53
chr19:48867200-48869200,ENSG00000105447.8$GRWD1$chr19$48949030$+,0.47
chr19:48906000-48907600,ENSG00000105447.8$GRWD1$chr19$48949030$+,0.63
chr19:49017200-49018400,ENSG00000105447.8$GRWD1$chr19$48949030$+,0.49
chr19:49091800-49093200,ENSG00000105447.8$GRWD1$chr19$48949030$+,0.46
chr19:49094600-49096400,ENSG00000105447.8$GRWD1$chr19$48949030$+,0.42
chr19:49111800-49113000,ENSG00000105447.8$GRWD1$chr19$48949030$+,0.35
chr19:48853000-48855000,ENSG00000105464.3$GRIN2D$chr19$48898132$+,0.47
chr19:48865400-48866800,ENSG00000105464.3$GRIN2D$chr19$48898132$+,0.56
chr19:48867200-48869200,ENSG00000105464.3$GRIN2D$chr19$48898132$+,0.65
chr19:48906000-48907600,ENSG00000105464.3$GRIN2D$chr19$48898132$+,0.65
chr19:48949800-48952200,ENSG00000105464.3$GRIN2D$chr19$48898132$+,0.57
chr19:49017200-49018400,ENSG00000105464.3$GRIN2D$chr19$48898132$+,0.35
chr19:49091800-49093200,ENSG00000105464.3$GRIN2D$chr19$48898132$+,0.38
chr19:49094600-49096400,ENSG00000105464.3$GRIN2D$chr19$48898132$+,0.35
chr19:48705200-48707000,ENSG00000105467.4$SYNGR4$chr19$48867652$+,0.39
chr19:48853000-48855000,ENSG00000105467.4$SYNGR4$chr19$48867652$+,0.67
chr19:48906000-48907600,ENSG00000105467.4$SYNGR4$chr19$48867652$+,0.59
chr19:48949800-48952200,ENSG00000105467.4$SYNGR4$chr19$48867652$+,0.53
chr19:48705200-48707000,ENSG00000105479.11$CCDC114$chr19$48825151$-,0.38
chr19:48853000-48855000,ENSG00000105479.11$CCDC114$chr19$48825151$-,0.52
chr19:48865400-48866800,ENSG00000105479.11$CCDC114$chr19$48825151$-,0.45
chr19:48867200-48869200,ENSG00000105479.11$CCDC114$chr19$48825151$-,0.44
chr19:48906000-48907600,ENSG00000105479.11$CCDC114$chr19$48825151$-,0.49
chr19:48949800-48952200,ENSG00000105479.11$CCDC114$chr19$48825151$-,0.36
chr19:48671000-48673200,ENSG00000105483.12$CARD8$chr19$48759203$-,0.35
chr19:48674600-48675600,ENSG00000105483.12$CARD8$chr19$48759203$-,0.35
chr19:48705200-48707000,ENSG00000105483.12$CARD8$chr19$48759203$-,0.49
chr19:48853000-48855000,ENSG00000105483.12$CARD8$chr19$48759203$-,0.42
chr19:48865400-48866800,ENSG00000105483.12$CARD8$chr19$48759203$-,0.4
chr19:48867200-48869200,ENSG00000105483.12$CARD8$chr19$48759203$-,0.39
chr19:48906000-48907600,ENSG00000105483.12$CARD8$chr19$48759203$-,0.36
chr19:48671000-48673200,ENSG00000105486.9$LIG1$chr19$48673860$-,0.38
chr19:48674600-48675600,ENSG00000105486.9$LIG1$chr19$48673860$-,0.44
chr19:48705200-48707000,ENSG00000105486.9$LIG1$chr19$48673860$-,0.64
chr19:48867200-48869200,ENSG00000105486.9$LIG1$chr19$48673860$-,0.35
chr19:51950800-51952800,ENSG00000105492.11$SIGLEC6$chr19$52035110$-,0.51
chr19:52073400-52074200,ENSG00000105492.11$SIGLEC6$chr19$52035110$-,0.64
chr19:52095800-52097200,ENSG00000105492.11$SIGLEC6$chr19$52035110$-,0.52
chr19:52179200-52181400,ENSG00000105492.11$SIGLEC6$chr19$52035110$-,0.42
chr19:51950800-51952800,ENSG00000105497.3$ZNF175$chr19$52074551$+,0.38
chr19:52095800-52097200,ENSG00000105497.3$ZNF175$chr19$52074551$+,0.59
chr19:52179200-52181400,ENSG00000105497.3$ZNF175$chr19$52074551$+,0.38
chr19:48671000-48673200,ENSG00000105499.9$PLA2G4C$chr19$48614074$-,0.49
chr19:48674600-48675600,ENSG00000105499.9$PLA2G4C$chr19$48614074$-,0.4
chr19:48705200-48707000,ENSG00000105499.9$PLA2G4C$chr19$48614074$-,0.38
chr19:52179200-52181400,ENSG00000105501.7$SIGLEC5$chr19$52150151$-,0.46
chr19:48671000-48673200,ENSG00000105507.2$CABP5$chr19$48547310$-,0.37
chr19:11497000-11498800,ENSG00000105514.3$RAB3D$chr19$11456946$-,0.63
chr19:11544800-11546400,ENSG00000105514.3$RAB3D$chr19$11456946$-,0.5
chr19:11547000-11549400,ENSG00000105514.3$RAB3D$chr19$11456946$-,0.56
chr19:48949800-48952200,ENSG00000105516.6$DBP$chr19$49140695$-,0.36
chr19:49091800-49093200,ENSG00000105516.6$DBP$chr19$49140695$-,0.71
chr19:49094600-49096400,ENSG00000105516.6$DBP$chr19$49140695$-,0.63
chr19:49111800-49113000,ENSG00000105516.6$DBP$chr19$49140695$-,0.73
chr19:49215400-49217000,ENSG00000105516.6$DBP$chr19$49140695$-,0.45
chr19:49224200-49226200,ENSG00000105516.6$DBP$chr19$49140695$-,0.56
chr19:49262400-49264800,ENSG00000105516.6$DBP$chr19$49140695$-,0.39
chr19:11497000-11498800,ENSG00000105518.9$TMEM205$chr19$11457194$-,0.61
chr19:11544800-11546400,ENSG00000105518.9$TMEM205$chr19$11457194$-,0.5
chr19:11547000-11549400,ENSG00000105518.9$TMEM205$chr19$11457194$-,0.57
chr19:11614800-11616800,ENSG00000105518.9$TMEM205$chr19$11457194$-,0.35
chr19:11617000-11618800,ENSG00000105518.9$TMEM205$chr19$11457194$-,0.35
chr19:11637000-11639400,ENSG00000105518.9$TMEM205$chr19$11457194$-,0.36
chr19:11497000-11498800,ENSG00000105520.6$DKFZP761J1410$chr19$11466062$+,0.5
chr19:11544800-11546400,ENSG00000105520.6$DKFZP761J1410$chr19$11466062$+,0.44
chr19:11547000-11549400,ENSG00000105520.6$DKFZP761J1410$chr19$11466062$+,0.38
chr19:11614800-11616800,ENSG00000105520.6$DKFZP761J1410$chr19$11466062$+,0.36
chr19:49094600-49096400,ENSG00000105523.3$FAM83E$chr19$49118111$-,0.41
chr19:49111800-49113000,ENSG00000105523.3$FAM83E$chr19$49118111$-,0.68
chr19:49091800-49093200,ENSG00000105538.4$RASIP1$chr19$49243978$-,0.47
chr19:49094600-49096400,ENSG00000105538.4$RASIP1$chr19$49243978$-,0.46
chr19:49111800-49113000,ENSG00000105538.4$RASIP1$chr19$49243978$-,0.4
chr19:49215400-49217000,ENSG00000105538.4$RASIP1$chr19$49243978$-,0.55
chr19:49224200-49226200,ENSG00000105538.4$RASIP1$chr19$49243978$-,0.59
chr19:49262400-49264800,ENSG00000105538.4$RASIP1$chr19$49243978$-,0.61
chr19:49091800-49093200,ENSG00000105550.4$FGF21$chr19$49258816$+,0.39
chr19:49111800-49113000,ENSG00000105550.4$FGF21$chr19$49258816$+,0.47
chr19:49215400-49217000,ENSG00000105550.4$FGF21$chr19$49258816$+,0.51
chr19:49224200-49226200,ENSG00000105550.4$FGF21$chr19$49258816$+,0.55
chr19:49262400-49264800,ENSG00000105550.4$FGF21$chr19$49258816$+,0.69
chr19:49318000-49320400,ENSG00000105550.4$FGF21$chr19$49258816$+,0.47
chr19:49402400-49403400,ENSG00000105550.4$FGF21$chr19$49258816$+,0.37
chr19:49404400-49406600,ENSG00000105550.4$FGF21$chr19$49258816$+,0.37
chr19:49262400-49264800,ENSG00000105552.10$BCAT2$chr19$49314286$-,0.35
chr19:49318000-49320400,ENSG00000105552.10$BCAT2$chr19$49314286$-,0.59
chr19:266600-268600,ENSG00000105556.6$MIER2$chr19$344798$-,0.51
chr19:489600-491800,ENSG00000105556.6$MIER2$chr19$344798$-,0.44
chr19:52549200-52551400,ENSG00000105568.13$PPP2R1A$chr19$52693292$+,0.41
chr19:52596400-52598200,ENSG00000105568.13$PPP2R1A$chr19$52693292$+,0.49
chr19:52640000-52642400,ENSG00000105568.13$PPP2R1A$chr19$52693292$+,0.47
chr19:52672800-52674000,ENSG00000105568.13$PPP2R1A$chr19$52693292$+,0.6
chr19:52675000-52676400,ENSG00000105568.13$PPP2R1A$chr19$52693292$+,0.71
chr19:52771800-52772800,ENSG00000105568.13$PPP2R1A$chr19$52693292$+,0.5
chr19:52799000-52800000,ENSG00000105568.13$PPP2R1A$chr19$52693292$+,0.52
chr19:52801000-52802800,ENSG00000105568.13$PPP2R1A$chr19$52693292$+,0.49
chr19:52840200-52841600,ENSG00000105568.13$PPP2R1A$chr19$52693292$+,0.35
chr19:12662800-12664800,ENSG00000105576.11$TNPO2$chr19$12834825$-,0.4
chr19:12790200-12791800,ENSG00000105576.11$TNPO2$chr19$12834825$-,0.49
chr19:12805200-12807200,ENSG00000105576.11$TNPO2$chr19$12834825$-,0.46
chr19:12848800-12850600,ENSG00000105576.11$TNPO2$chr19$12834825$-,0.41
chr19:12910200-12912200,ENSG00000105576.11$TNPO2$chr19$12834825$-,0.37
chr19:12957800-12959200,ENSG00000105576.11$TNPO2$chr19$12834825$-,0.35
chr19:12990400-12992200,ENSG00000105576.11$TNPO2$chr19$12834825$-,0.37
chr19:12713800-12715600,ENSG00000105583.5$WDR83OS$chr19$12782170$-,0.4
chr19:12745800-12747400,ENSG00000105583.5$WDR83OS$chr19$12782170$-,0.49
chr19:12750400-12752400,ENSG00000105583.5$WDR83OS$chr19$12782170$-,0.54
chr19:12778000-12779600,ENSG00000105583.5$WDR83OS$chr19$12782170$-,0.63
chr19:12790200-12791800,ENSG00000105583.5$WDR83OS$chr19$12782170$-,0.63
chr19:12805200-12807200,ENSG00000105583.5$WDR83OS$chr19$12782170$-,0.66
chr19:12848800-12850600,ENSG00000105583.5$WDR83OS$chr19$12782170$-,0.5
chr19:12886800-12888600,ENSG00000105583.5$WDR83OS$chr19$12782170$-,0.47
chr19:12910200-12912200,ENSG00000105583.5$WDR83OS$chr19$12782170$-,0.42
chr19:12912800-12914400,ENSG00000105583.5$WDR83OS$chr19$12782170$-,0.41
chr19:12916000-12917600,ENSG00000105583.5$WDR83OS$chr19$12782170$-,0.4
chr19:12935600-12937200,ENSG00000105583.5$WDR83OS$chr19$12782170$-,0.41
chr19:12848800-12850600,ENSG00000105607.8$GCDH$chr19$13001840$+,0.36
chr19:12886800-12888600,ENSG00000105607.8$GCDH$chr19$13001840$+,0.48
chr19:12910200-12912200,ENSG00000105607.8$GCDH$chr19$13001840$+,0.38
chr19:12912800-12914400,ENSG00000105607.8$GCDH$chr19$13001840$+,0.48
chr19:12916000-12917600,ENSG00000105607.8$GCDH$chr19$13001840$+,0.46
chr19:12935600-12937200,ENSG00000105607.8$GCDH$chr19$13001840$+,0.55
chr19:12957800-12959200,ENSG00000105607.8$GCDH$chr19$13001840$+,0.55
chr19:12990400-12992200,ENSG00000105607.8$GCDH$chr19$13001840$+,0.59
chr19:13002600-13004800,ENSG00000105607.8$GCDH$chr19$13001840$+,0.38
chr19:13068400-13069000,ENSG00000105607.8$GCDH$chr19$13001840$+,0.5
chr19:12910200-12912200,ENSG00000105610.4$KLF1$chr19$12997995$-,0.43
chr19:12912800-12914400,ENSG00000105610.4$KLF1$chr19$12997995$-,0.37
chr19:12916000-12917600,ENSG00000105610.4$KLF1$chr19$12997995$-,0.41
chr19:12935600-12937200,ENSG00000105610.4$KLF1$chr19$12997995$-,0.48
chr19:12957800-12959200,ENSG00000105610.4$KLF1$chr19$12997995$-,0.49
chr19:12990400-12992200,ENSG00000105610.4$KLF1$chr19$12997995$-,0.59
chr19:13002600-13004800,ENSG00000105610.4$KLF1$chr19$12997995$-,0.48
chr19:13068400-13069000,ENSG00000105610.4$KLF1$chr19$12997995$-,0.56
chr19:12910200-12912200,ENSG00000105612.4$DNASE2$chr19$12992282$-,0.48
chr19:12912800-12914400,ENSG00000105612.4$DNASE2$chr19$12992282$-,0.35
chr19:12916000-12917600,ENSG00000105612.4$DNASE2$chr19$12992282$-,0.46
chr19:12935600-12937200,ENSG00000105612.4$DNASE2$chr19$12992282$-,0.43
chr19:12957800-12959200,ENSG00000105612.4$DNASE2$chr19$12992282$-,0.48
chr19:13002600-13004800,ENSG00000105612.4$DNASE2$chr19$12992282$-,0.55
chr19:13068400-13069000,ENSG00000105612.4$DNASE2$chr19$12992282$-,0.51
chr19:12790200-12791800,ENSG00000105613.5$MAST1$chr19$12944765$+,0.35
chr19:12805200-12807200,ENSG00000105613.5$MAST1$chr19$12944765$+,0.41
chr19:12848800-12850600,ENSG00000105613.5$MAST1$chr19$12944765$+,0.43
chr19:12886800-12888600,ENSG00000105613.5$MAST1$chr19$12944765$+,0.53
chr19:12910200-12912200,ENSG00000105613.5$MAST1$chr19$12944765$+,0.72
chr19:12912800-12914400,ENSG00000105613.5$MAST1$chr19$12944765$+,0.65
chr19:12916000-12917600,ENSG00000105613.5$MAST1$chr19$12944765$+,0.72
chr19:12935600-12937200,ENSG00000105613.5$MAST1$chr19$12944765$+,0.72
chr19:12957800-12959200,ENSG00000105613.5$MAST1$chr19$12944765$+,0.67
chr19:12990400-12992200,ENSG00000105613.5$MAST1$chr19$12944765$+,0.55
chr19:13002600-13004800,ENSG00000105613.5$MAST1$chr19$12944765$+,0.56
chr19:13068400-13069000,ENSG00000105613.5$MAST1$chr19$12944765$+,0.41
chr19:54616600-54618400,ENSG00000105617.3$LENG1$chr19$54663620$-,0.4
chr19:54619600-54621200,ENSG00000105617.3$LENG1$chr19$54663620$-,0.49
chr19:54670200-54672600,ENSG00000105617.3$LENG1$chr19$54663620$-,0.6
chr19:54695800-54698000,ENSG00000105617.3$LENG1$chr19$54663620$-,0.59
chr19:54703000-54704400,ENSG00000105617.3$LENG1$chr19$54663620$-,0.55
chr19:54895000-54896000,ENSG00000105617.3$LENG1$chr19$54663620$-,0.35
chr19:54670200-54672600,ENSG00000105618.9$PRPF31$chr19$54618837$+,0.57
chr19:54695800-54698000,ENSG00000105618.9$PRPF31$chr19$54618837$+,0.52
chr19:54703000-54704400,ENSG00000105618.9$PRPF31$chr19$54618837$+,0.56
chr19:54616600-54618400,ENSG00000105619.9$TFPT$chr19$54619055$-,0.4
chr19:54619600-54621200,ENSG00000105619.9$TFPT$chr19$54619055$-,0.38
chr19:54670200-54672600,ENSG00000105619.9$TFPT$chr19$54619055$-,0.57
chr19:54695800-54698000,ENSG00000105619.9$TFPT$chr19$54619055$-,0.5
chr19:54703000-54704400,ENSG00000105619.9$TFPT$chr19$54619055$-,0.57
chr19:54895000-54896000,ENSG00000105619.9$TFPT$chr19$54619055$-,0.35
chr19:17894600-17895800,ENSG00000105639.14$JAK3$chr19$17958880$-,0.61
chr19:17964600-17967000,ENSG00000105639.14$JAK3$chr19$17958880$-,0.48
chr19:17969400-17970600,ENSG00000105639.14$JAK3$chr19$17958880$-,0.54
chr19:18040800-18043200,ENSG00000105639.14$JAK3$chr19$17958880$-,0.42
chr19:18044200-18046200,ENSG00000105639.14$JAK3$chr19$17958880$-,0.35
chr19:17894600-17895800,ENSG00000105641.3$SLC5A5$chr19$17982782$+,0.42
chr19:17964600-17967000,ENSG00000105641.3$SLC5A5$chr19$17982782$+,0.63
chr19:17969400-17970600,ENSG00000105641.3$SLC5A5$chr19$17982782$+,0.71
chr19:18040800-18043200,ENSG00000105641.3$SLC5A5$chr19$17982782$+,0.55
chr19:18044200-18046200,ENSG00000105641.3$SLC5A5$chr19$17982782$+,0.51
chr19:17894600-17895800,ENSG00000105642.11$KCNN1$chr19$18062102$+,0.38
chr19:17964600-17967000,ENSG00000105642.11$KCNN1$chr19$18062102$+,0.44
chr19:17969400-17970600,ENSG00000105642.11$KCNN1$chr19$18062102$+,0.42
chr19:18040800-18043200,ENSG00000105642.11$KCNN1$chr19$18062102$+,0.64
chr19:18044200-18046200,ENSG00000105642.11$KCNN1$chr19$18062102$+,0.67
chr19:18183800-18185400,ENSG00000105642.11$KCNN1$chr19$18062102$+,0.35
chr19:17964600-17967000,ENSG00000105643.5$ARRDC2$chr19$18111941$+,0.36
chr19:17969400-17970600,ENSG00000105643.5$ARRDC2$chr19$18111941$+,0.35
chr19:18040800-18043200,ENSG00000105643.5$ARRDC2$chr19$18111941$+,0.45
chr19:18044200-18046200,ENSG00000105643.5$ARRDC2$chr19$18111941$+,0.42
chr19:18183800-18185400,ENSG00000105643.5$ARRDC2$chr19$18111941$+,0.38
chr19:18040800-18043200,ENSG00000105647.10$PIK3R2$chr19$18263928$+,0.35
chr19:18044200-18046200,ENSG00000105647.10$PIK3R2$chr19$18263928$+,0.35
chr19:18183800-18185400,ENSG00000105647.10$PIK3R2$chr19$18263928$+,0.35
chr19:18312800-18314200,ENSG00000105647.10$PIK3R2$chr19$18263928$+,0.61
chr19:18183800-18185400,ENSG00000105649.5$RAB3A$chr19$18314884$-,0.36
chr19:18651800-18653600,ENSG00000105656.8$ELL$chr19$18632937$-,0.71
chr19:18667400-18668800,ENSG00000105656.8$ELL$chr19$18632937$-,0.49
chr19:18669400-18671600,ENSG00000105656.8$ELL$chr19$18632937$-,0.57
chr19:18681000-18682200,ENSG00000105656.8$ELL$chr19$18632937$-,0.4
chr19:18633000-18634000,ENSG00000105662.11$CRTC1$chr19$18794487$+,0.38
chr19:18651800-18653600,ENSG00000105662.11$CRTC1$chr19$18794487$+,0.47
chr19:18667400-18668800,ENSG00000105662.11$CRTC1$chr19$18794487$+,0.4
chr19:18681000-18682200,ENSG00000105662.11$CRTC1$chr19$18794487$+,0.41
chr19:18941400-18943600,ENSG00000105662.11$CRTC1$chr19$18794487$+,0.41
chr19:18941400-18943600,ENSG00000105664.6$COMP$chr19$18902123$-,0.53
chr19:36104000-36105200,ENSG00000105668.3$UPK1A$chr19$36157715$+,0.35
chr19:36192400-36193400,ENSG00000105668.3$UPK1A$chr19$36157715$+,0.39
chr19:18941400-18943600,ENSG00000105669.8$COPE$chr19$19030206$-,0.44
chr19:19057200-19058200,ENSG00000105669.8$COPE$chr19$19030206$-,0.62
chr19:18941400-18943600,ENSG00000105671.7$DDX49$chr19$19030484$+,0.48
chr19:19057200-19058200,ENSG00000105671.7$DDX49$chr19$19030484$+,0.7
chr19:35945400-35947200,ENSG00000105672.10$ETV2$chr19$36132647$+,0.38
chr19:36104000-36105200,ENSG00000105672.10$ETV2$chr19$36132647$+,0.57
chr19:36192400-36193400,ENSG00000105672.10$ETV2$chr19$36132647$+,0.51
chr19:36237000-36239400,ENSG00000105672.10$ETV2$chr19$36132647$+,0.5
chr19:36239800-36242000,ENSG00000105672.10$ETV2$chr19$36132647$+,0.48
chr19:19057200-19058200,ENSG00000105676.9$ARMC6$chr19$19144384$+,0.46
chr19:35823400-35825000,ENSG00000105677.7$TMEM147$chr19$36036497$+,0.35
chr19:35945400-35947200,ENSG00000105677.7$TMEM147$chr19$36036497$+,0.46
chr19:35984800-35987200,ENSG00000105677.7$TMEM147$chr19$36036497$+,0.57
chr19:36104000-36105200,ENSG00000105677.7$TMEM147$chr19$36036497$+,0.36
chr19:36192400-36193400,ENSG00000105677.7$TMEM147$chr19$36036497$+,0.49
chr19:36237000-36239400,ENSG00000105677.7$TMEM147$chr19$36036497$+,0.35
chr19:35842600-35845000,ENSG00000105679.4$GAPDHS$chr19$36024314$+,0.35
chr19:35945400-35947200,ENSG00000105679.4$GAPDHS$chr19$36024314$+,0.58
chr19:35984800-35987200,ENSG00000105679.4$GAPDHS$chr19$36024314$+,0.65
chr19:36104000-36105200,ENSG00000105679.4$GAPDHS$chr19$36024314$+,0.4
chr19:36192400-36193400,ENSG00000105679.4$GAPDHS$chr19$36024314$+,0.35
chr19:36237000-36239400,ENSG00000105679.4$GAPDHS$chr19$36024314$+,0.39
chr19:36239800-36242000,ENSG00000105679.4$GAPDHS$chr19$36024314$+,0.38
chr19:35684400-35685800,ENSG00000105698.11$USF2$chr19$35759881$+,0.38
chr19:35727600-35728200,ENSG00000105698.11$USF2$chr19$35759881$+,0.66
chr19:35823400-35825000,ENSG00000105698.11$USF2$chr19$35759881$+,0.58
chr19:35842600-35845000,ENSG00000105698.11$USF2$chr19$35759881$+,0.57
chr19:35848200-35850000,ENSG00000105698.11$USF2$chr19$35759881$+,0.5
chr19:35684400-35685800,ENSG00000105699.12$LSR$chr19$35739233$+,0.47
chr19:35727600-35728200,ENSG00000105699.12$LSR$chr19$35739233$+,0.64
chr19:35823400-35825000,ENSG00000105699.12$LSR$chr19$35739233$+,0.5
chr19:35842600-35845000,ENSG00000105699.12$LSR$chr19$35739233$+,0.42
chr19:35848200-35850000,ENSG00000105699.12$LSR$chr19$35739233$+,0.39
chr19:35945400-35947200,ENSG00000105699.12$LSR$chr19$35739233$+,0.35
chr19:18633000-18634000,ENSG00000105700.6$KXD1$chr19$18668572$+,0.51
chr19:18651800-18653600,ENSG00000105700.6$KXD1$chr19$18668572$+,0.52
chr19:18681000-18682200,ENSG00000105700.6$KXD1$chr19$18668572$+,0.47
chr19:18633000-18634000,ENSG00000105701.11$FKBP8$chr19$18654887$-,0.58
chr19:18651800-18653600,ENSG00000105701.11$FKBP8$chr19$18654887$-,0.4
chr19:18667400-18668800,ENSG00000105701.11$FKBP8$chr19$18654887$-,0.47
chr19:18669400-18671600,ENSG00000105701.11$FKBP8$chr19$18654887$-,0.46
chr19:18681000-18682200,ENSG00000105701.11$FKBP8$chr19$18654887$-,0.43
chr19:19304200-19306600,ENSG00000105705.11$SUGP1$chr19$19431653$-,0.4
chr19:19468200-19470000,ENSG00000105705.11$SUGP1$chr19$19431653$-,0.55
chr19:19494600-19496000,ENSG00000105705.11$SUGP1$chr19$19431653$-,0.51
chr19:19509800-19512000,ENSG00000105705.11$SUGP1$chr19$19431653$-,0.45
chr19:35684400-35685800,ENSG00000105707.9$HPN$chr19$35531410$+,0.36
chr19:19715600-19715800,ENSG00000105708.8$ZNF14$chr19$19843906$-,0.43
chr19:19745200-19746600,ENSG00000105708.8$ZNF14$chr19$19843906$-,0.37
chr19:19840800-19843200,ENSG00000105708.8$ZNF14$chr19$19843906$-,0.43
chr19:19884400-19886800,ENSG00000105708.8$ZNF14$chr19$19843906$-,0.66
chr19:19913400-19914600,ENSG00000105708.8$ZNF14$chr19$19843906$-,0.44
chr19:19624600-19626600,ENSG00000105717.9$PBX4$chr19$19729725$-,0.41
chr19:19680800-19682600,ENSG00000105717.9$PBX4$chr19$19729725$-,0.62
chr19:19692000-19693800,ENSG00000105717.9$PBX4$chr19$19729725$-,0.53
chr19:19715600-19715800,ENSG00000105717.9$PBX4$chr19$19729725$-,0.68
chr19:19720800-19722000,ENSG00000105717.9$PBX4$chr19$19729725$-,0.67
chr19:19745200-19746600,ENSG00000105717.9$PBX4$chr19$19729725$-,0.47
chr19:19840800-19843200,ENSG00000105717.9$PBX4$chr19$19729725$-,0.39
chr19:19913400-19914600,ENSG00000105717.9$PBX4$chr19$19729725$-,0.35
chr19:42692800-42694400,ENSG00000105722.5$ERF$chr19$42759309$-,0.39
chr19:42722000-42724400,ENSG00000105722.5$ERF$chr19$42759309$-,0.66
chr19:42771400-42772600,ENSG00000105722.5$ERF$chr19$42759309$-,0.7
chr19:42799600-42801200,ENSG00000105722.5$ERF$chr19$42759309$-,0.65
chr19:42803800-42806200,ENSG00000105722.5$ERF$chr19$42759309$-,0.58
chr19:42806600-42808400,ENSG00000105722.5$ERF$chr19$42759309$-,0.6
chr19:42890800-42892200,ENSG00000105722.5$ERF$chr19$42759309$-,0.38
chr19:42899000-42901200,ENSG00000105722.5$ERF$chr19$42759309$-,0.36
chr19:42692800-42694400,ENSG00000105723.7$GSK3A$chr19$42746777$-,0.42
chr19:42722000-42724400,ENSG00000105723.7$GSK3A$chr19$42746777$-,0.47
chr19:42771400-42772600,ENSG00000105723.7$GSK3A$chr19$42746777$-,0.59
chr19:42799600-42801200,ENSG00000105723.7$GSK3A$chr19$42746777$-,0.52
chr19:42803800-42806200,ENSG00000105723.7$GSK3A$chr19$42746777$-,0.48
chr19:42806600-42808400,ENSG00000105723.7$GSK3A$chr19$42746777$-,0.58
chr19:42890800-42892200,ENSG00000105723.7$GSK3A$chr19$42746777$-,0.48
chr19:42899000-42901200,ENSG00000105723.7$GSK3A$chr19$42746777$-,0.45
chr19:19624600-19626600,ENSG00000105726.12$ATP13A1$chr19$19774502$-,0.43
chr19:19680800-19682600,ENSG00000105726.12$ATP13A1$chr19$19774502$-,0.37
chr19:19692000-19693800,ENSG00000105726.12$ATP13A1$chr19$19774502$-,0.41
chr19:19715600-19715800,ENSG00000105726.12$ATP13A1$chr19$19774502$-,0.51
chr19:19720800-19722000,ENSG00000105726.12$ATP13A1$chr19$19774502$-,0.52
chr19:19745200-19746600,ENSG00000105726.12$ATP13A1$chr19$19774502$-,0.51
chr19:19840800-19843200,ENSG00000105726.12$ATP13A1$chr19$19774502$-,0.42
chr19:19884400-19886800,ENSG00000105726.12$ATP13A1$chr19$19774502$-,0.35
chr19:19913400-19914600,ENSG00000105726.12$ATP13A1$chr19$19774502$-,0.44
chr19:42578800-42579600,ENSG00000105732.9$ZNF574$chr19$42572629$+,0.64
chr19:42578800-42579600,ENSG00000105737.5$GRIK5$chr19$42573650$-,0.77
chr19:20959600-20962000,ENSG00000105750.10$ZNF85$chr19$21106028$+,0.38
chr19:43929200-43931400,ENSG00000105755.3$ETHE1$chr19$44031396$-,0.36
chr19:44008600-44011000,ENSG00000105755.3$ETHE1$chr19$44031396$-,0.66
chr19:44035800-44037000,ENSG00000105755.3$ETHE1$chr19$44031396$-,0.66
chr19:44080000-44081600,ENSG00000105755.3$ETHE1$chr19$44031396$-,0.44
chr19:43950600-43952000,ENSG00000105767.2$CADM4$chr19$44143991$-,0.35
chr19:44080000-44081600,ENSG00000105767.2$CADM4$chr19$44143991$-,0.45
chr19:44124200-44126600,ENSG00000105767.2$CADM4$chr19$44143991$-,0.59
chr19:44313400-44314400,ENSG00000105767.2$CADM4$chr19$44143991$-,0.44
chr19:44315600-44317800,ENSG00000105767.2$CADM4$chr19$44143991$-,0.4
chr19:44080000-44081600,ENSG00000105771.9$SMG9$chr19$44259142$-,0.4
chr19:44313400-44314400,ENSG00000105771.9$SMG9$chr19$44259142$-,0.52
chr19:44315600-44317800,ENSG00000105771.9$SMG9$chr19$44259142$-,0.41
chr19:44330200-44331800,ENSG00000105771.9$SMG9$chr19$44259142$-,0.53
chr19:44404400-44405800,ENSG00000105771.9$SMG9$chr19$44259142$-,0.4
chr19:44455800-44457000,ENSG00000105771.9$SMG9$chr19$44259142$-,0.36
chr7:32530600-32531400,ENSG00000105778.13$AVL9$chr7$32535038$+,0.59
chr7:32532600-32534600,ENSG00000105778.13$AVL9$chr7$32535038$+,0.38
chr7:32568800-32569000,ENSG00000105778.13$AVL9$chr7$32535038$+,0.67
chr7:87258200-87259000,ENSG00000105784.11$RUNDC3B$chr7$87256864$+,0.43
chr7:89747600-89749800,ENSG00000105792.15$C7orf63$chr7$89874488$+,0.45
chr7:89974200-89975200,ENSG00000105792.15$C7orf63$chr7$89874488$+,0.5
chr7:89976800-89979200,ENSG00000105792.15$C7orf63$chr7$89874488$+,0.35
chr7:89974200-89975200,ENSG00000105793.11$GTPBP10$chr7$89964537$+,0.55
chr7:89976800-89979200,ENSG00000105793.11$GTPBP10$chr7$89964537$+,0.38
chr7:102117400-102118400,ENSG00000105808.13$RASA4$chr7$102257204$-,0.39
chr7:102388200-102389200,ENSG00000105808.13$RASA4$chr7$102257204$-,0.4
chr7:102390000-102391800,ENSG00000105808.13$RASA4$chr7$102257204$-,0.38
chr7:92307000-92309200,ENSG00000105810.5$CDK6$chr7$92465908$-,0.35
chr7:92316400-92316800,ENSG00000105810.5$CDK6$chr7$92465908$-,0.36
chr7:102947800-102948800,ENSG00000105819.9$PMPCB$chr7$102937869$+,0.71
chr7:102985600-102988000,ENSG00000105819.9$PMPCB$chr7$102937869$+,0.47
chr7:102995400-102997200,ENSG00000105819.9$PMPCB$chr7$102937869$+,0.49
chr7:103014400-103015000,ENSG00000105819.9$PMPCB$chr7$102937869$+,0.4
chr7:102936800-102937800,ENSG00000105821.10$DNAJC2$chr7$102985320$-,0.51
chr7:102947800-102948800,ENSG00000105821.10$DNAJC2$chr7$102985320$-,0.56
chr7:102995400-102997200,ENSG00000105821.10$DNAJC2$chr7$102985320$-,0.59
chr7:103014400-103015000,ENSG00000105821.10$DNAJC2$chr7$102985320$-,0.6
chr7:106376400-106378000,ENSG00000105851.6$PIK3CG$chr7$106505723$+,0.37
chr7:95064600-95066800,ENSG00000105852.6$PON3$chr7$95025680$-,0.36
chr7:95064600-95066800,ENSG00000105854.8$PON2$chr7$95064510$-,0.4
chr7:106683400-106684800,ENSG00000105856.9$HBP1$chr7$106809406$+,0.52
chr7:106765600-106766800,ENSG00000105856.9$HBP1$chr7$106809406$+,0.5
chr7:106767200-106768800,ENSG00000105856.9$HBP1$chr7$106809406$+,0.52
chr7:106972400-106974600,ENSG00000105856.9$HBP1$chr7$106809406$+,0.42
chr7:107126000-107127400,ENSG00000105865.6$DUS4L$chr7$107203929$+,0.48
chr7:107198200-107199000,ENSG00000105865.6$DUS4L$chr7$107203929$+,0.54
chr7:107318000-107319800,ENSG00000105865.6$DUS4L$chr7$107203929$+,0.39
chr7:21400400-21402000,ENSG00000105866.9$SP4$chr7$21467652$+,0.42
chr7:21464600-21466400,ENSG00000105866.9$SP4$chr7$21467652$+,0.41
chr7:21482200-21484600,ENSG00000105866.9$SP4$chr7$21467652$+,0.83
chr7:21486600-21487600,ENSG00000105866.9$SP4$chr7$21467652$+,0.81
chr7:21488000-21489000,ENSG00000105866.9$SP4$chr7$21467652$+,0.82
chr7:21489200-21489600,ENSG00000105866.9$SP4$chr7$21467652$+,0.71
chr7:21489800-21491600,ENSG00000105866.9$SP4$chr7$21467652$+,0.82
chr7:21501000-21503400,ENSG00000105866.9$SP4$chr7$21467652$+,0.81
chr7:21626400-21628600,ENSG00000105866.9$SP4$chr7$21467652$+,0.44
chr7:134855600-134857600,ENSG00000105875.9$WDR91$chr7$134896316$-,0.55
chr7:107318000-107319800,ENSG00000105879.7$CBLL1$chr7$107384142$+,0.52
chr7:107505600-107507600,ENSG00000105879.7$CBLL1$chr7$107384142$+,0.44
chr7:107509400-107510200,ENSG00000105879.7$CBLL1$chr7$107384142$+,0.38
chr7:107510400-107512400,ENSG00000105879.7$CBLL1$chr7$107384142$+,0.37
chr7:107530000-107531200,ENSG00000105879.7$CBLL1$chr7$107384142$+,0.38
chr7:135518000-135519800,ENSG00000105887.10$MTPN$chr7$135662101$-,0.48
chr7:135639800-135641800,ENSG00000105887.10$MTPN$chr7$135662101$-,0.7
chr7:135726600-135727000,ENSG00000105887.10$MTPN$chr7$135662101$-,0.67
chr7:24599600-24601800,ENSG00000105926.11$MPP6$chr7$24612887$+,0.69
chr7:24692000-24694000,ENSG00000105926.11$MPP6$chr7$24612887$+,0.58
chr7:24717400-24718600,ENSG00000105926.11$MPP6$chr7$24612887$+,0.45
chr7:24797000-24799000,ENSG00000105928.9$DFNA5$chr7$24809244$-,0.56
chr7:138748600-138749600,ENSG00000105939.8$ZC3HAV1$chr7$138794465$-,0.44
chr7:138751600-138752600,ENSG00000105939.8$ZC3HAV1$chr7$138794465$-,0.45
chr7:138753000-138754800,ENSG00000105939.8$ZC3HAV1$chr7$138794465$-,0.5
chr7:138768800-138770800,ENSG00000105939.8$ZC3HAV1$chr7$138794465$-,0.49
chr7:138751600-138752600,ENSG00000105948.9$TTC26$chr7$138818490$+,0.39
chr7:138753000-138754800,ENSG00000105948.9$TTC26$chr7$138818490$+,0.39
chr7:138768800-138770800,ENSG00000105948.9$TTC26$chr7$138818490$+,0.45
chr7:44519200-44521600,ENSG00000105953.10$OGDH$chr7$44646171$+,0.35
chr7:44530800-44532400,ENSG00000105953.10$OGDH$chr7$44646171$+,0.59
chr7:44614200-44616600,ENSG00000105953.10$OGDH$chr7$44646171$+,0.53
chr7:44622400-44623400,ENSG00000105953.10$OGDH$chr7$44646171$+,0.62
chr7:44627400-44628400,ENSG00000105953.10$OGDH$chr7$44646171$+,0.61
chr7:44651600-44652600,ENSG00000105953.10$OGDH$chr7$44646171$+,0.6
chr7:45083000-45085000,ENSG00000105953.10$OGDH$chr7$44646171$+,0.35
chr7:25171600-25173400,ENSG00000105954.2$NPVF$chr7$25268105$-,0.4
chr7:25218200-25219400,ENSG00000105954.2$NPVF$chr7$25268105$-,0.51
chr7:25219600-25221400,ENSG00000105954.2$NPVF$chr7$25268105$-,0.6
chr7:115782200-115783400,ENSG00000105967.11$TFEC$chr7$115799950$-,0.36
chr7:115784600-115786800,ENSG00000105967.11$TFEC$chr7$115799950$-,0.39
chr7:115820400-115821000,ENSG00000105967.11$TFEC$chr7$115799950$-,0.43
chr7:44787000-44787800,ENSG00000105968.14$H2AFV$chr7$44887682$-,0.42
chr7:44826000-44827600,ENSG00000105968.14$H2AFV$chr7$44887682$-,0.55
chr7:44961000-44962200,ENSG00000105968.14$H2AFV$chr7$44887682$-,0.52
chr7:45052200-45054000,ENSG00000105968.14$H2AFV$chr7$44887682$-,0.37
chr7:45107200-45109400,ENSG00000105968.14$H2AFV$chr7$44887682$-,0.37
chr7:156609800-156611800,ENSG00000105983.15$LMBR1$chr7$156685924$-,0.64
chr7:156641600-156641800,ENSG00000105983.15$LMBR1$chr7$156685924$-,0.65
chr7:156663800-156664600,ENSG00000105983.15$LMBR1$chr7$156685924$-,0.68
chr7:156673800-156675000,ENSG00000105983.15$LMBR1$chr7$156685924$-,0.72
chr7:156695800-156697400,ENSG00000105983.15$LMBR1$chr7$156685924$-,0.7
chr7:27127200-27128800,ENSG00000105991.7$HOXA1$chr7$27135615$-,0.55
chr7:27127200-27128800,ENSG00000105996.5$HOXA2$chr7$27142430$-,0.38
chr7:2386800-2388000,ENSG00000106003.8$LFNG$chr7$2552163$+,0.39
chr7:2392200-2393400,ENSG00000106003.8$LFNG$chr7$2552163$+,0.4
chr7:27127200-27128800,ENSG00000106006.6$HOXA6$chr7$27190222$-,0.52
chr7:27243800-27246000,ENSG00000106006.6$HOXA6$chr7$27190222$-,0.48
chr7:2386800-2388000,ENSG00000106009.11$BRAT1$chr7$2595361$-,0.37
chr7:2392200-2393400,ENSG00000106009.11$BRAT1$chr7$2595361$-,0.38
chr7:117822000-117823400,ENSG00000106013.8$ANKRD7$chr7$117854727$+,0.65
chr7:141354000-141355400,ENSG00000106028.6$SSBP1$chr7$141438121$+,0.48
chr7:27243800-27246000,ENSG00000106031.6$HOXA13$chr7$27239725$-,0.56
chr7:120588400-120590200,ENSG00000106034.13$CPED1$chr7$120628731$+,0.67
chr7:27243800-27246000,ENSG00000106038.8$EVX1$chr7$27282164$+,0.41
chr7:27684600-27685600,ENSG00000106049.4$HIBADH$chr7$27702614$-,0.62
chr7:27803000-27804600,ENSG00000106049.4$HIBADH$chr7$27702614$-,0.49
chr7:27684600-27685600,ENSG00000106052.9$TAX1BP1$chr7$27778950$+,0.4
chr7:27700000-27701800,ENSG00000106052.9$TAX1BP1$chr7$27778950$+,0.54
chr7:27703000-27705400,ENSG00000106052.9$TAX1BP1$chr7$27778950$+,0.59
chr7:27803000-27804600,ENSG00000106052.9$TAX1BP1$chr7$27778950$+,0.72
chr7:30029400-30031000,ENSG00000106080.6$FKBP14$chr7$30066300$-,0.65
chr7:30171800-30174200,ENSG00000106080.6$FKBP14$chr7$30066300$-,0.39
chr7:30029400-30031000,ENSG00000106086.14$PLEKHA8$chr7$30067020$+,0.6
chr7:30171800-30174200,ENSG00000106086.14$PLEKHA8$chr7$30067020$+,0.42
chr7:30525000-30526000,ENSG00000106100.6$NOD1$chr7$30518400$-,0.55
chr7:30545000-30545800,ENSG00000106100.6$NOD1$chr7$30518400$-,0.59
chr7:30631200-30633600,ENSG00000106100.6$NOD1$chr7$30518400$-,0.41
chr7:30518800-30520200,ENSG00000106105.9$GARS$chr7$30634297$+,0.37
chr7:30525000-30526000,ENSG00000106105.9$GARS$chr7$30634297$+,0.36
chr7:30545000-30545800,ENSG00000106105.9$GARS$chr7$30634297$+,0.4
chr7:30628400-30629000,ENSG00000106105.9$GARS$chr7$30634297$+,0.71
chr7:30631200-30633600,ENSG00000106105.9$GARS$chr7$30634297$+,0.39
chr7:30666800-30667400,ENSG00000106105.9$GARS$chr7$30634297$+,0.68
chr7:30808800-30811000,ENSG00000106105.9$GARS$chr7$30634297$+,0.37
chr7:142958800-142960400,ENSG00000106144.15$CASP2$chr7$142985308$+,0.67
chr7:142968400-142968800,ENSG00000106144.15$CASP2$chr7$142985308$+,0.61
chr7:143001800-143003200,ENSG00000106144.15$CASP2$chr7$142985308$+,0.62
chr7:143042000-143044000,ENSG00000106144.15$CASP2$chr7$142985308$+,0.57
chr7:55954400-55954800,ENSG00000106153.12$CHCHD2$chr7$56174269$-,0.38
chr7:56133000-56135400,ENSG00000106153.12$CHCHD2$chr7$56174269$-,0.5
chr7:56141400-56142800,ENSG00000106153.12$CHCHD2$chr7$56174269$-,0.65
chr7:75948200-75949800,ENSG00000106211.8$HSPB1$chr7$75931861$+,0.41
chr7:98921800-98923000,ENSG00000106244.8$PDAP1$chr7$99006452$-,0.37
chr7:99033800-99036000,ENSG00000106244.8$PDAP1$chr7$99006452$-,0.56
chr7:99098400-99099400,ENSG00000106244.8$PDAP1$chr7$99006452$-,0.44
chr7:99101400-99102000,ENSG00000106244.8$PDAP1$chr7$99006452$-,0.42
chr7:99147800-99149200,ENSG00000106244.8$PDAP1$chr7$99006452$-,0.41
chr7:99150000-99151600,ENSG00000106244.8$PDAP1$chr7$99006452$-,0.37
chr7:99212800-99214200,ENSG00000106244.8$PDAP1$chr7$99006452$-,0.4
chr7:98921800-98923000,ENSG00000106245.5$BUD31$chr7$99006264$+,0.41
chr7:99033800-99036000,ENSG00000106245.5$BUD31$chr7$99006264$+,0.54
chr7:99098400-99099400,ENSG00000106245.5$BUD31$chr7$99006264$+,0.51
chr7:99101400-99102000,ENSG00000106245.5$BUD31$chr7$99006264$+,0.47
chr7:99147800-99149200,ENSG00000106245.5$BUD31$chr7$99006264$+,0.44
chr7:99150000-99151600,ENSG00000106245.5$BUD31$chr7$99006264$+,0.41
chr7:99212800-99214200,ENSG00000106245.5$BUD31$chr7$99006264$+,0.36
chr7:99007400-99009600,ENSG00000106246.13$PTCD1$chr7$99063787$-,0.65
chr7:99033800-99036000,ENSG00000106246.13$PTCD1$chr7$99063787$-,0.62
chr7:99098400-99099400,ENSG00000106246.13$PTCD1$chr7$99063787$-,0.59
chr7:99101400-99102000,ENSG00000106246.13$PTCD1$chr7$99063787$-,0.54
chr7:99147800-99149200,ENSG00000106246.13$PTCD1$chr7$99063787$-,0.48
chr7:99150000-99151600,ENSG00000106246.13$PTCD1$chr7$99063787$-,0.4
chr7:99212800-99214200,ENSG00000106246.13$PTCD1$chr7$99063787$-,0.38
chr7:99517600-99518800,ENSG00000106261.12$ZKSCAN1$chr7$99613204$+,0.57
chr7:99531600-99533400,ENSG00000106261.12$ZKSCAN1$chr7$99613204$+,0.58
chr7:99646000-99647000,ENSG00000106261.12$ZKSCAN1$chr7$99613204$+,0.62
chr7:99679400-99681800,ENSG00000106261.12$ZKSCAN1$chr7$99613204$+,0.55
chr7:99699600-99702000,ENSG00000106261.12$ZKSCAN1$chr7$99613204$+,0.6
chr7:99715200-99716400,ENSG00000106261.12$ZKSCAN1$chr7$99613204$+,0.52
chr7:99721800-99724000,ENSG00000106261.12$ZKSCAN1$chr7$99613204$+,0.52
chr7:99725600-99727600,ENSG00000106261.12$ZKSCAN1$chr7$99613204$+,0.53
chr7:99735200-99736800,ENSG00000106261.12$ZKSCAN1$chr7$99613204$+,0.57
chr7:2386800-2388000,ENSG00000106263.13$EIF3B$chr7$2393721$+,0.56
chr7:2386800-2388000,ENSG00000106266.4$SNX8$chr7$2393953$-,0.56
chr7:2386800-2388000,ENSG00000106268.11$NUDT1$chr7$2281857$+,0.45
chr7:2392200-2393400,ENSG00000106268.11$NUDT1$chr7$2281857$+,0.52
chr7:99646000-99647000,ENSG00000106290.10$TAF6$chr7$99717464$-,0.44
chr7:99679400-99681800,ENSG00000106290.10$TAF6$chr7$99717464$-,0.54
chr7:99699600-99702000,ENSG00000106290.10$TAF6$chr7$99717464$-,0.54
chr7:99715200-99716400,ENSG00000106290.10$TAF6$chr7$99717464$-,0.45
chr7:99721800-99724000,ENSG00000106290.10$TAF6$chr7$99717464$-,0.52
chr7:99725600-99727600,ENSG00000106290.10$TAF6$chr7$99717464$-,0.57
chr7:99735200-99736800,ENSG00000106290.10$TAF6$chr7$99717464$-,0.48
chr7:123370800-123372000,ENSG00000106299.7$WASL$chr7$123389121$-,0.58
chr7:123370800-123372000,ENSG00000106302.5$HYAL4$chr7$123469037$+,0.41
chr7:5936800-5938400,ENSG00000106305.5$AIMP2$chr7$6048876$+,0.49
chr7:6046400-6048200,ENSG00000106305.5$AIMP2$chr7$6048876$+,0.37
chr7:6070800-6073200,ENSG00000106305.5$AIMP2$chr7$6048876$+,0.55
chr7:6142200-6144200,ENSG00000106305.5$AIMP2$chr7$6048876$+,0.46
chr7:6150400-6151200,ENSG00000106305.5$AIMP2$chr7$6048876$+,0.37
chr7:100156400-100158200,ENSG00000106327.8$TFR2$chr7$100240402$-,0.36
chr7:100269800-100271200,ENSG00000106327.8$TFR2$chr7$100240402$-,0.56
chr7:127090400-127092200,ENSG00000106328.8$FSCN3$chr7$127231463$+,0.43
chr7:127226000-127228200,ENSG00000106328.8$FSCN3$chr7$127231463$+,0.59
chr7:100024200-100026000,ENSG00000106330.7$MOSPD3$chr7$100209725$+,0.42
chr7:100077000-100078600,ENSG00000106330.7$MOSPD3$chr7$100209725$+,0.38
chr7:100135600-100136800,ENSG00000106330.7$MOSPD3$chr7$100209725$+,0.48
chr7:100156400-100158200,ENSG00000106330.7$MOSPD3$chr7$100209725$+,0.54
chr7:100269800-100271200,ENSG00000106330.7$MOSPD3$chr7$100209725$+,0.53
chr7:100301800-100303200,ENSG00000106330.7$MOSPD3$chr7$100209725$+,0.4
chr7:100448800-100450000,ENSG00000106330.7$MOSPD3$chr7$100209725$+,0.39
chr7:127229200-127231600,ENSG00000106331.10$PAX4$chr7$127255982$-,0.47
chr7:100077000-100078600,ENSG00000106336.8$FBXO24$chr7$100181605$+,0.45
chr7:100135600-100136800,ENSG00000106336.8$FBXO24$chr7$100181605$+,0.57
chr7:100156400-100158200,ENSG00000106336.8$FBXO24$chr7$100181605$+,0.54
chr7:100269800-100271200,ENSG00000106336.8$FBXO24$chr7$100181605$+,0.59
chr7:100301800-100303200,ENSG00000106336.8$FBXO24$chr7$100181605$+,0.54
chr7:128050400-128051600,ENSG00000106344.4$RBM28$chr7$127983962$-,0.54
chr7:128115800-128116800,ENSG00000106344.4$RBM28$chr7$127983962$-,0.48
chr7:128169000-128170600,ENSG00000106344.4$RBM28$chr7$127983962$-,0.4
chr7:5936800-5938400,ENSG00000106346.7$USP42$chr7$6144515$+,0.38
chr7:6046400-6048200,ENSG00000106346.7$USP42$chr7$6144515$+,0.44
chr7:6070800-6073200,ENSG00000106346.7$USP42$chr7$6144515$+,0.49
chr7:6142200-6144200,ENSG00000106346.7$USP42$chr7$6144515$+,0.35
chr7:6150400-6151200,ENSG00000106346.7$USP42$chr7$6144515$+,0.62
chr7:127984000-127984600,ENSG00000106348.12$IMPDH1$chr7$128050306$-,0.54
chr7:128115800-128116800,ENSG00000106348.12$IMPDH1$chr7$128050306$-,0.54
chr7:128169000-128170600,ENSG00000106348.12$IMPDH1$chr7$128050306$-,0.49
chr7:128182200-128184200,ENSG00000106348.12$IMPDH1$chr7$128050306$-,0.45
chr7:128200200-128201600,ENSG00000106348.12$IMPDH1$chr7$128050306$-,0.46
chr7:128248600-128249600,ENSG00000106348.12$IMPDH1$chr7$128050306$-,0.35
chr7:100024200-100026000,ENSG00000106351.8$AGFG2$chr7$100136834$+,0.46
chr7:100077000-100078600,ENSG00000106351.8$AGFG2$chr7$100136834$+,0.64
chr7:100156400-100158200,ENSG00000106351.8$AGFG2$chr7$100136834$+,0.64
chr7:100269800-100271200,ENSG00000106351.8$AGFG2$chr7$100136834$+,0.43
chr7:100301800-100303200,ENSG00000106351.8$AGFG2$chr7$100136834$+,0.41
chr7:99914200-99916200,ENSG00000106351.8$AGFG2$chr7$100136834$+,0.39
chr7:32530600-32531400,ENSG00000106355.5$LSM5$chr7$32534895$-,0.66
chr7:32532600-32534600,ENSG00000106355.5$LSM5$chr7$32534895$-,0.35
chr7:32568800-32569000,ENSG00000106355.5$LSM5$chr7$32534895$-,0.59
chr7:100965400-100966600,ENSG00000106367.9$AP1S1$chr7$100797678$+,0.35
chr7:7203800-7205800,ENSG00000106392.6$C1GALT1$chr7$7196565$+,0.58
chr7:100925800-100926600,ENSG00000106397.7$PLOD3$chr7$100861701$-,0.54
chr7:100932200-100934600,ENSG00000106397.7$PLOD3$chr7$100861701$-,0.51
chr7:100963600-100964600,ENSG00000106397.7$PLOD3$chr7$100861701$-,0.39
chr7:100965400-100966600,ENSG00000106397.7$PLOD3$chr7$100861701$-,0.42
chr7:100994800-100996600,ENSG00000106397.7$PLOD3$chr7$100861701$-,0.4
chr7:100925800-100926600,ENSG00000106400.7$ZNHIT1$chr7$100860949$+,0.55
chr7:100932200-100934600,ENSG00000106400.7$ZNHIT1$chr7$100860949$+,0.43
chr7:100965400-100966600,ENSG00000106400.7$ZNHIT1$chr7$100860949$+,0.39
chr7:7868600-7870600,ENSG00000106415.8$GLCCI1$chr7$8008425$+,0.38
chr7:7890800-7893000,ENSG00000106415.8$GLCCI1$chr7$8008425$+,0.44
chr7:8021200-8022800,ENSG00000106415.8$GLCCI1$chr7$8008425$+,0.78
chr7:8048600-8050400,ENSG00000106415.8$GLCCI1$chr7$8008425$+,0.59
chr7:8053400-8055800,ENSG00000106415.8$GLCCI1$chr7$8008425$+,0.61
chr7:8056600-8059000,ENSG00000106415.8$GLCCI1$chr7$8008425$+,0.64
chr7:8074200-8076000,ENSG00000106415.8$GLCCI1$chr7$8008425$+,0.61
chr7:8079400-8081400,ENSG00000106415.8$GLCCI1$chr7$8008425$+,0.48
chr7:8102800-8104200,ENSG00000106415.8$GLCCI1$chr7$8008425$+,0.47
chr7:8158000-8159200,ENSG00000106415.8$GLCCI1$chr7$8008425$+,0.35
chr7:8177000-8179000,ENSG00000106415.8$GLCCI1$chr7$8008425$+,0.36
chr7:8220200-8220400,ENSG00000106415.8$GLCCI1$chr7$8008425$+,0.39
chr7:10927800-10929400,ENSG00000106443.10$PHF14$chr7$11013499$+,0.53
chr7:10980600-10982400,ENSG00000106443.10$PHF14$chr7$11013499$+,0.67
chr7:11004800-11005800,ENSG00000106443.10$PHF14$chr7$11013499$+,0.74
chr7:11019800-11021800,ENSG00000106443.10$PHF14$chr7$11013499$+,0.77
chr7:11045000-11046800,ENSG00000106443.10$PHF14$chr7$11013499$+,0.57
chr7:129071600-129073800,ENSG00000106459.10$NRF1$chr7$129251555$+,0.42
chr7:129192600-129195000,ENSG00000106459.10$NRF1$chr7$129251555$+,0.46
chr7:129248400-129250800,ENSG00000106459.10$NRF1$chr7$129251555$+,0.38
chr7:129277800-129279200,ENSG00000106459.10$NRF1$chr7$129251555$+,0.44
chr7:129292800-129295000,ENSG00000106459.10$NRF1$chr7$129251555$+,0.47
chr7:12169600-12171400,ENSG00000106460.14$TMEM106B$chr7$12250867$+,0.56
chr7:12255400-12257400,ENSG00000106460.14$TMEM106B$chr7$12250867$+,0.67
chr7:12265800-12267000,ENSG00000106460.14$TMEM106B$chr7$12250867$+,0.61
chr7:12278800-12280000,ENSG00000106460.14$TMEM106B$chr7$12250867$+,0.57
chr7:148510400-148511200,ENSG00000106462.6$EZH2$chr7$148581413$-,0.6
chr7:148551600-148552800,ENSG00000106462.6$EZH2$chr7$148581413$-,0.75
chr7:148553000-148554600,ENSG00000106462.6$EZH2$chr7$148581413$-,0.66
chr7:148617200-148619200,ENSG00000106462.6$EZH2$chr7$148581413$-,0.58
chr7:148636200-148637800,ENSG00000106462.6$EZH2$chr7$148581413$-,0.52
chr7:148638800-148640400,ENSG00000106462.6$EZH2$chr7$148581413$-,0.49
chr7:148658000-148660200,ENSG00000106462.6$EZH2$chr7$148581413$-,0.5
chr7:148660400-148662400,ENSG00000106462.6$EZH2$chr7$148581413$-,0.53
chr7:148662800-148665000,ENSG00000106462.6$EZH2$chr7$148581413$-,0.47
chr7:148685000-148686200,ENSG00000106462.6$EZH2$chr7$148581413$-,0.43
chr7:148726400-148727600,ENSG00000106462.6$EZH2$chr7$148581413$-,0.36
chr7:148821600-148822800,ENSG00000106462.6$EZH2$chr7$148581413$-,0.35
chr7:148825000-148826000,ENSG00000106462.6$EZH2$chr7$148581413$-,0.42
chr7:130079000-130080600,ENSG00000106477.14$CEP41$chr7$130082274$-,0.45
chr7:130097400-130098800,ENSG00000106477.14$CEP41$chr7$130082274$-,0.37
chr7:149410200-149412200,ENSG00000106479.6$ZNF862$chr7$149535456$+,0.35
chr7:130079000-130080600,ENSG00000106484.10$MEST$chr7$130126012$+,0.57
chr7:130097400-130098800,ENSG00000106484.10$MEST$chr7$130126012$+,0.63
chr7:150117400-150118800,ENSG00000106526.6$ACTR3C$chr7$150020814$-,0.5
chr7:150136800-150138000,ENSG00000106526.6$ACTR3C$chr7$150020814$-,0.54
chr7:150266200-150268600,ENSG00000106526.6$ACTR3C$chr7$150020814$-,0.38
chr7:17198400-17200600,ENSG00000106546.8$AHR$chr7$17338246$+,0.39
chr7:17202200-17203200,ENSG00000106546.8$AHR$chr7$17338246$+,0.46
chr7:17206200-17208600,ENSG00000106546.8$AHR$chr7$17338246$+,0.42
chr7:17300200-17302000,ENSG00000106546.8$AHR$chr7$17338246$+,0.72
chr7:132713800-132716000,ENSG00000106554.7$CHCHD3$chr7$132766848$-,0.58
chr7:150252600-150254200,ENSG00000106560.6$GIMAP2$chr7$150382785$+,0.37
chr7:150254800-150256600,ENSG00000106560.6$GIMAP2$chr7$150382785$+,0.41
chr7:150306800-150308400,ENSG00000106560.6$GIMAP2$chr7$150382785$+,0.35
chr7:150332600-150335000,ENSG00000106560.6$GIMAP2$chr7$150382785$+,0.52
chr7:150341400-150343800,ENSG00000106560.6$GIMAP2$chr7$150382785$+,0.46
chr7:150411200-150413600,ENSG00000106560.6$GIMAP2$chr7$150382785$+,0.59
chr7:150449000-150449600,ENSG00000106560.6$GIMAP2$chr7$150382785$+,0.48
chr7:42925400-42927800,ENSG00000106588.6$PSMA2$chr7$42971822$-,0.56
chr7:42928000-42930200,ENSG00000106588.6$PSMA2$chr7$42971822$-,0.57
chr7:42980200-42981600,ENSG00000106588.6$PSMA2$chr7$42971822$-,0.59
chr7:43621000-43622600,ENSG00000106603.13$COA1$chr7$43769316$-,0.41
chr7:43643200-43644200,ENSG00000106603.13$COA1$chr7$43769316$-,0.51
chr7:43712600-43715000,ENSG00000106603.13$COA1$chr7$43769316$-,0.51
chr7:43728200-43729600,ENSG00000106603.13$COA1$chr7$43769316$-,0.59
chr7:43750200-43752200,ENSG00000106603.13$COA1$chr7$43769316$-,0.63
chr7:43756200-43757000,ENSG00000106603.13$COA1$chr7$43769316$-,0.59
chr7:43873200-43875000,ENSG00000106603.13$COA1$chr7$43769316$-,0.48
chr7:43877400-43879000,ENSG00000106603.13$COA1$chr7$43769316$-,0.43
chr7:43906800-43908600,ENSG00000106603.13$COA1$chr7$43769316$-,0.46
chr7:43643200-43644200,ENSG00000106605.6$BLVRA$chr7$43798279$+,0.37
chr7:43712600-43715000,ENSG00000106605.6$BLVRA$chr7$43798279$+,0.49
chr7:43728200-43729600,ENSG00000106605.6$BLVRA$chr7$43798279$+,0.57
chr7:43750200-43752200,ENSG00000106605.6$BLVRA$chr7$43798279$+,0.53
chr7:43756200-43757000,ENSG00000106605.6$BLVRA$chr7$43798279$+,0.36
chr7:43873200-43875000,ENSG00000106605.6$BLVRA$chr7$43798279$+,0.53
chr7:43877400-43879000,ENSG00000106605.6$BLVRA$chr7$43798279$+,0.51
chr7:43906800-43908600,ENSG00000106605.6$BLVRA$chr7$43798279$+,0.61
chr7:43945800-43947400,ENSG00000106605.6$BLVRA$chr7$43798279$+,0.4
chr7:44083000-44083800,ENSG00000106605.6$BLVRA$chr7$43798279$+,0.35
chr7:43873200-43875000,ENSG00000106608.12$URGCP$chr7$43966010$-,0.46
chr7:43877400-43879000,ENSG00000106608.12$URGCP$chr7$43966010$-,0.47
chr7:43906800-43908600,ENSG00000106608.12$URGCP$chr7$43966010$-,0.47
chr7:43945800-43947400,ENSG00000106608.12$URGCP$chr7$43966010$-,0.54
chr7:44056600-44058400,ENSG00000106608.12$URGCP$chr7$43966010$-,0.52
chr7:44058800-44061000,ENSG00000106608.12$URGCP$chr7$43966010$-,0.61
chr7:44083000-44083800,ENSG00000106608.12$URGCP$chr7$43966010$-,0.47
chr7:66307600-66309400,ENSG00000106609.12$TMEM248$chr7$66386212$+,0.46
chr7:66385000-66385800,ENSG00000106609.12$TMEM248$chr7$66386212$+,0.35
chr7:66399400-66401800,ENSG00000106609.12$TMEM248$chr7$66386212$+,0.75
chr7:66462400-66464400,ENSG00000106609.12$TMEM248$chr7$66386212$+,0.46
chr7:151146000-151147000,ENSG00000106615.5$RHEB$chr7$151217206$-,0.61
chr7:151329800-151331400,ENSG00000106615.5$RHEB$chr7$151217206$-,0.4
chr7:151485000-151486200,ENSG00000106617.9$PRKAG2$chr7$151574210$-,0.45
chr7:151530400-151532200,ENSG00000106617.9$PRKAG2$chr7$151574210$-,0.53
chr7:151762400-151763200,ENSG00000106617.9$PRKAG2$chr7$151574210$-,0.39
chr7:43873200-43875000,ENSG00000106628.6$POLD2$chr7$44163957$-,0.36
chr7:43877400-43879000,ENSG00000106628.6$POLD2$chr7$44163957$-,0.35
chr7:43945800-43947400,ENSG00000106628.6$POLD2$chr7$44163957$-,0.38
chr7:44056600-44058400,ENSG00000106628.6$POLD2$chr7$44163957$-,0.4
chr7:44058800-44061000,ENSG00000106628.6$POLD2$chr7$44163957$-,0.39
chr7:44083000-44083800,ENSG00000106628.6$POLD2$chr7$44163957$-,0.51
chr7:44058800-44061000,ENSG00000106636.3$YKT6$chr7$44240567$+,0.38
chr7:44083000-44083800,ENSG00000106636.3$YKT6$chr7$44240567$+,0.45
chr7:44163800-44165600,ENSG00000106636.3$YKT6$chr7$44240567$+,0.47
chr7:44480200-44482200,ENSG00000106636.3$YKT6$chr7$44240567$+,0.36
chr7:72972200-72973200,ENSG00000106638.11$TBL2$chr7$72993121$-,0.55
chr7:73586000-73588000,ENSG00000106665.11$CLIP2$chr7$73703805$+,0.43
chr7:73666800-73668400,ENSG00000106665.11$CLIP2$chr7$73703805$+,0.66
chr7:73666800-73668400,ENSG00000106682.10$EIF4H$chr7$73588575$+,0.53
chr9:4563200-4564800,ENSG00000106686.12$SPATA6L$chr9$4666674$-,0.36
chr9:4661000-4662200,ENSG00000106686.12$SPATA6L$chr9$4666674$-,0.68
chr9:4676800-4678800,ENSG00000106686.12$SPATA6L$chr9$4666674$-,0.6
chr9:4725800-4728000,ENSG00000106686.12$SPATA6L$chr9$4666674$-,0.59
chr9:4741800-4744200,ENSG00000106686.12$SPATA6L$chr9$4666674$-,0.59
chr9:4791400-4792200,ENSG00000106686.12$SPATA6L$chr9$4666674$-,0.43
chr9:4793800-4796000,ENSG00000106686.12$SPATA6L$chr9$4666674$-,0.38
chr9:4807600-4809200,ENSG00000106686.12$SPATA6L$chr9$4666674$-,0.44
chr9:4485400-4486800,ENSG00000106688.7$SLC1A1$chr9$4490444$+,0.44
chr9:90926400-90926600,ENSG00000106723.12$SPIN1$chr9$91003334$+,0.52
chr9:77625000-77627000,ENSG00000106733.16$NMRK1$chr9$77703133$-,0.43
chr9:77628000-77629600,ENSG00000106733.16$NMRK1$chr9$77703133$-,0.45
chr9:77643600-77644800,ENSG00000106733.16$NMRK1$chr9$77703133$-,0.54
chr9:77686200-77688400,ENSG00000106733.16$NMRK1$chr9$77703133$-,0.66
chr9:77730600-77733000,ENSG00000106733.16$NMRK1$chr9$77703133$-,0.47
chr9:77770400-77772400,ENSG00000106733.16$NMRK1$chr9$77703133$-,0.57
chr9:77781400-77783000,ENSG00000106733.16$NMRK1$chr9$77703133$-,0.54
chr9:111866600-111867200,ENSG00000106771.8$TMEM245$chr9$111882225$-,0.67
chr9:111867400-111867600,ENSG00000106771.8$TMEM245$chr9$111882225$-,0.73
chr9:100816200-100818600,ENSG00000106785.10$TRIM14$chr9$100881494$-,0.49
chr9:100890200-100892600,ENSG00000106785.10$TRIM14$chr9$100881494$-,0.61
chr9:100955400-100956800,ENSG00000106785.10$TRIM14$chr9$100881494$-,0.5
chr9:101019000-101020400,ENSG00000106785.10$TRIM14$chr9$100881494$-,0.43
chr9:100890200-100892600,ENSG00000106789.8$CORO2A$chr9$100954922$-,0.48
chr9:101019000-101020400,ENSG00000106789.8$CORO2A$chr9$100954922$-,0.5
chr9:101860600-101862400,ENSG00000106799.8$TGFBR1$chr9$101866320$+,0.67
chr9:101860600-101862400,ENSG00000106803.5$SEC61B$chr9$101984346$+,0.43
chr9:102027600-102029800,ENSG00000106803.5$SEC61B$chr9$101984346$+,0.68
chr9:123821400-123823000,ENSG00000106804.6$C5$chr9$123812554$-,0.61
chr9:95433200-95434400,ENSG00000106809.6$OGN$chr9$95166978$-,0.37
chr9:82053400-82053800,ENSG00000106829.14$TLE4$chr9$82186688$+,0.41
chr9:114405000-114407200,ENSG00000106853.12$PTGR1$chr9$114362135$-,0.36
chr9:114763600-114766000,ENSG00000106868.12$SUSD1$chr9$114937688$-,0.39
chr9:114766400-114767600,ENSG00000106868.12$SUSD1$chr9$114937688$-,0.44
chr9:115024600-115026200,ENSG00000106868.12$SUSD1$chr9$114937688$-,0.42
chr9:117280200-117281400,ENSG00000106948.12$AKNA$chr9$117156685$-,0.42
chr9:117471000-117473200,ENSG00000106952.3$TNFSF8$chr9$117692697$-,0.35
chr9:117606200-117608000,ENSG00000106952.3$TNFSF8$chr9$117692697$-,0.42
chr9:117629200-117629800,ENSG00000106952.3$TNFSF8$chr9$117692697$-,0.58
chr9:117730000-117732400,ENSG00000106952.3$TNFSF8$chr9$117692697$-,0.57
chr9:117762000-117763200,ENSG00000106952.3$TNFSF8$chr9$117692697$-,0.41
chr9:130847600-130849000,ENSG00000106976.14$DNM1$chr9$130965658$+,0.5
chr9:131083200-131084200,ENSG00000106976.14$DNM1$chr9$130965658$+,0.38
chr9:131101600-131102400,ENSG00000106976.14$DNM1$chr9$130965658$+,0.43
chr9:4563200-4564800,ENSG00000106993.7$CDC37L1$chr9$4679559$+,0.39
chr9:4661000-4662200,ENSG00000106993.7$CDC37L1$chr9$4679559$+,0.71
chr9:4725800-4728000,ENSG00000106993.7$CDC37L1$chr9$4679559$+,0.66
chr9:4741800-4744200,ENSG00000106993.7$CDC37L1$chr9$4679559$+,0.62
chr9:4791400-4792200,ENSG00000106993.7$CDC37L1$chr9$4679559$+,0.37
chr9:4793800-4796000,ENSG00000106993.7$CDC37L1$chr9$4679559$+,0.37
chr9:4807600-4809200,ENSG00000106993.7$CDC37L1$chr9$4679559$+,0.46
chr9:5177600-5179600,ENSG00000107014.7$RLN2$chr9$5304969$-,0.37
chr9:5300600-5302800,ENSG00000107014.7$RLN2$chr9$5304969$-,0.6
chr9:5306800-5308200,ENSG00000107014.7$RLN2$chr9$5304969$-,0.45
chr9:5325800-5328200,ENSG00000107014.7$RLN2$chr9$5304969$-,0.55
chr9:5333600-5334600,ENSG00000107014.7$RLN2$chr9$5304969$-,0.66
chr9:5339400-5340200,ENSG00000107014.7$RLN2$chr9$5304969$-,0.62
chr9:5402000-5403200,ENSG00000107014.7$RLN2$chr9$5304969$-,0.39
chr9:5300600-5302800,ENSG00000107018.6$RLN1$chr9$5339873$-,0.59
chr9:5304200-5305000,ENSG00000107018.6$RLN1$chr9$5339873$-,0.59
chr9:5306800-5308200,ENSG00000107018.6$RLN1$chr9$5339873$-,0.65
chr9:5325800-5328200,ENSG00000107018.6$RLN1$chr9$5339873$-,0.74
chr9:5333600-5334600,ENSG00000107018.6$RLN1$chr9$5339873$-,0.75
chr9:5402000-5403200,ENSG00000107018.6$RLN1$chr9$5339873$-,0.52
chr9:5435200-5437200,ENSG00000107018.6$RLN1$chr9$5339873$-,0.4
chr9:5300600-5302800,ENSG00000107020.5$PLGRKT$chr9$5437878$-,0.38
chr9:5304200-5305000,ENSG00000107020.5$PLGRKT$chr9$5437878$-,0.38
chr9:5306800-5308200,ENSG00000107020.5$PLGRKT$chr9$5437878$-,0.38
chr9:5333600-5334600,ENSG00000107020.5$PLGRKT$chr9$5437878$-,0.4
chr9:5402000-5403200,ENSG00000107020.5$PLGRKT$chr9$5437878$-,0.58
chr9:5582200-5584400,ENSG00000107020.5$PLGRKT$chr9$5437878$-,0.42
chr9:5600000-5601000,ENSG00000107020.5$PLGRKT$chr9$5437878$-,0.39
chr9:131419400-131420200,ENSG00000107021.11$TBC1D13$chr9$131549483$+,0.4
chr9:131484000-131486000,ENSG00000107021.11$TBC1D13$chr9$131549483$+,0.51
chr9:131579800-131580400,ENSG00000107021.11$TBC1D13$chr9$131549483$+,0.62
chr9:131592200-131593000,ENSG00000107021.11$TBC1D13$chr9$131549483$+,0.49
chr9:131689000-131691400,ENSG00000107021.11$TBC1D13$chr9$131549483$+,0.38
chr9:5582200-5584400,ENSG00000107036.7$KIAA1432$chr9$5629025$+,0.63
chr9:5600000-5601000,ENSG00000107036.7$KIAA1432$chr9$5629025$+,0.64
chr9:5655000-5655400,ENSG00000107036.7$KIAA1432$chr9$5629025$+,0.6
chr9:5656600-5658600,ENSG00000107036.7$KIAA1432$chr9$5629025$+,0.75
chr9:5749200-5749600,ENSG00000107036.7$KIAA1432$chr9$5629025$+,0.37
chr9:6702200-6703800,ENSG00000107077.13$KDM4C$chr9$6720863$+,0.39
chr9:6704600-6706800,ENSG00000107077.13$KDM4C$chr9$6720863$+,0.49
chr9:116400-118800,ENSG00000107099.11$DOCK8$chr9$214854$+,0.38
chr9:468200-470400,ENSG00000107099.11$DOCK8$chr9$214854$+,0.37
chr9:98000-98800,ENSG00000107099.11$DOCK8$chr9$214854$+,0.39
chr9:292800-294000,ENSG00000107104.14$KANK1$chr9$470291$+,0.37
chr9:502800-504000,ENSG00000107104.14$KANK1$chr9$470291$+,0.54
chr9:35602200-35603800,ENSG00000107140.11$TESK1$chr9$35605367$+,0.43
chr9:35655800-35657800,ENSG00000107140.11$TESK1$chr9$35605367$+,0.47
chr9:35741400-35742800,ENSG00000107140.11$TESK1$chr9$35605367$+,0.44
chr9:35749800-35751800,ENSG00000107140.11$TESK1$chr9$35605367$+,0.42
chr9:35812200-35814400,ENSG00000107140.11$TESK1$chr9$35605367$+,0.39
chr9:133586400-133588800,ENSG00000107164.15$FUBP3$chr9$133454352$+,0.42
chr9:35602200-35603800,ENSG00000107175.6$CREB3$chr9$35732332$+,0.35
chr9:35655800-35657800,ENSG00000107175.6$CREB3$chr9$35732332$+,0.53
chr9:35741400-35742800,ENSG00000107175.6$CREB3$chr9$35732332$+,0.52
chr9:35749800-35751800,ENSG00000107175.6$CREB3$chr9$35732332$+,0.51
chr9:35810000-35811800,ENSG00000107175.6$CREB3$chr9$35732332$+,0.56
chr9:35812200-35814400,ENSG00000107175.6$CREB3$chr9$35732332$+,0.55
chr9:35932800-35934400,ENSG00000107175.6$CREB3$chr9$35732332$+,0.37
chr9:35655800-35657800,ENSG00000107185.8$RGP1$chr9$35749203$+,0.49
chr9:35741400-35742800,ENSG00000107185.8$RGP1$chr9$35749203$+,0.67
chr9:35810000-35811800,ENSG00000107185.8$RGP1$chr9$35749203$+,0.6
chr9:35812200-35814400,ENSG00000107185.8$RGP1$chr9$35749203$+,0.52
chr9:32378600-32380200,ENSG00000107201.5$DDX58$chr9$32526322$-,0.43
chr9:32382000-32384200,ENSG00000107201.5$DDX58$chr9$32526322$-,0.41
chr9:32511000-32512200,ENSG00000107201.5$DDX58$chr9$32526322$-,0.57
chr9:32545400-32547600,ENSG00000107201.5$DDX58$chr9$32526322$-,0.59
chr9:32548400-32550400,ENSG00000107201.5$DDX58$chr9$32526322$-,0.61
chr9:32573600-32574200,ENSG00000107201.5$DDX58$chr9$32526322$-,0.44
chr9:33022200-33024400,ENSG00000107262.12$BAG1$chr9$33264761$-,0.35
chr9:33077000-33078200,ENSG00000107262.12$BAG1$chr9$33264761$-,0.4
chr9:33084000-33085000,ENSG00000107262.12$BAG1$chr9$33264761$-,0.36
chr9:33167400-33169600,ENSG00000107262.12$BAG1$chr9$33264761$-,0.53
chr9:33419600-33421000,ENSG00000107262.12$BAG1$chr9$33264761$-,0.4
chr9:134637400-134638600,ENSG00000107263.14$RAPGEF1$chr9$134615461$-,0.42
chr9:135168200-135170600,ENSG00000107290.9$SETX$chr9$135230372$-,0.59
chr9:135187600-135189600,ENSG00000107290.9$SETX$chr9$135230372$-,0.63
chr9:33674800-33677000,ENSG00000107341.4$UBE2R2$chr9$33817565$+,0.42
chr9:33721000-33722600,ENSG00000107341.4$UBE2R2$chr9$33817565$+,0.46
chr9:74490600-74493000,ENSG00000107362.9$ABHD17B$chr9$74525847$-,0.69
chr9:74531600-74532800,ENSG00000107362.9$ABHD17B$chr9$74525847$-,0.63
chr9:37752400-37753800,ENSG00000107371.8$EXOSC3$chr9$37801434$-,0.48
chr9:37754200-37756400,ENSG00000107371.8$EXOSC3$chr9$37801434$-,0.51
chr9:37785400-37787600,ENSG00000107371.8$EXOSC3$chr9$37801434$-,0.67
chr9:37806200-37807200,ENSG00000107371.8$EXOSC3$chr9$37801434$-,0.63
chr1:1311200-1313400,ENSG00000107404.13$DVL1$chr1$1284730$-,0.56
chr1:1407600-1410000,ENSG00000107404.13$DVL1$chr1$1284730$-,0.35
chr10:97666400-97666800,ENSG00000107443.11$CCNJ$chr10$97803151$+,0.35
chr10:97668000-97669800,ENSG00000107443.11$CCNJ$chr10$97803151$+,0.46
chr10:97847600-97849400,ENSG00000107443.11$CCNJ$chr10$97803151$+,0.6
chr10:97850200-97852600,ENSG00000107443.11$CCNJ$chr10$97803151$+,0.63
chr10:8366800-8369200,ENSG00000107485.11$GATA3$chr10$8095567$+,0.36
chr10:100120000-100122200,ENSG00000107521.14$HPS1$chr10$100206684$-,0.58
chr10:13140000-13141600,ENSG00000107537.9$PHYH$chr10$13344412$-,0.39
chr10:13329400-13330800,ENSG00000107537.9$PHYH$chr10$13344412$-,0.47
chr10:13341600-13344000,ENSG00000107537.9$PHYH$chr10$13344412$-,0.42
chr10:45503000-45504600,ENSG00000107551.16$RASSF4$chr10$45454855$+,0.53
chr10:119778800-119781200,ENSG00000107560.6$RAB11FIP2$chr10$119806114$-,0.62
chr10:119870000-119870600,ENSG00000107560.6$RAB11FIP2$chr10$119806114$-,0.58
chr10:101963600-101965200,ENSG00000107566.9$ERLIN1$chr10$101948091$-,0.67
chr10:101986200-101988600,ENSG00000107566.9$ERLIN1$chr10$101948091$-,0.51
chr10:101989600-101990800,ENSG00000107566.9$ERLIN1$chr10$101948091$-,0.65
chr10:120807000-120808600,ENSG00000107581.8$EIF3A$chr10$120840316$-,0.57
chr10:120820600-120822200,ENSG00000107581.8$EIF3A$chr10$120840316$-,0.57
chr10:120925600-120927800,ENSG00000107581.8$EIF3A$chr10$120840316$-,0.52
chr10:120938400-120940000,ENSG00000107581.8$EIF3A$chr10$120840316$-,0.55
chr10:120965200-120966400,ENSG00000107581.8$EIF3A$chr10$120840316$-,0.6
chr10:17216400-17218800,ENSG00000107611.10$CUBN$chr10$17171830$-,0.56
chr10:17216400-17218800,ENSG00000107614.17$TRDMT1$chr10$17244053$-,0.52
chr10:17332200-17333600,ENSG00000107614.17$TRDMT1$chr10$17244053$-,0.48
chr10:48471800-48472800,ENSG00000107623.4$GDF10$chr10$48438976$-,0.48
chr10:48507600-48509800,ENSG00000107623.4$GDF10$chr10$48438976$-,0.47
chr10:48521400-48523600,ENSG00000107623.4$GDF10$chr10$48438976$-,0.39
chr10:48524000-48525600,ENSG00000107623.4$GDF10$chr10$48438976$-,0.42
chr10:70585400-70586800,ENSG00000107625.8$DDX50$chr10$70661034$+,0.6
chr10:70714200-70715600,ENSG00000107625.8$DDX50$chr10$70661034$+,0.56
chr10:70728600-70730200,ENSG00000107625.8$DDX50$chr10$70661034$+,0.41
chr10:70747000-70748400,ENSG00000107625.8$DDX50$chr10$70661034$+,0.39
chr10:70756400-70758400,ENSG00000107625.8$DDX50$chr10$70661034$+,0.49
chr10:70786000-70788200,ENSG00000107625.8$DDX50$chr10$70661034$+,0.4
chr10:49519800-49521200,ENSG00000107643.11$MAPK8$chr10$49514698$+,0.56
chr10:49521800-49523800,ENSG00000107643.11$MAPK8$chr10$49514698$+,0.7
chr10:121409400-121410400,ENSG00000107651.8$SEC23IP$chr10$121652223$+,0.35
chr10:121593400-121594600,ENSG00000107651.8$SEC23IP$chr10$121652223$+,0.63
chr10:121633200-121634200,ENSG00000107651.8$SEC23IP$chr10$121652223$+,0.75
chr10:123734800-123736800,ENSG00000107669.13$ATE1$chr10$123688316$-,0.51
chr10:124271800-124273400,ENSG00000107679.10$PLEKHA1$chr10$124134212$+,0.41
chr10:72146800-72148000,ENSG00000107719.8$PALD1$chr10$72238577$+,0.45
chr10:72161400-72163800,ENSG00000107719.8$PALD1$chr10$72238577$+,0.59
chr10:72165200-72166800,ENSG00000107719.8$PALD1$chr10$72238577$+,0.62
chr10:73492600-73492800,ENSG00000107738.15$C10orf54$chr10$73533255$-,0.4
chr10:73967600-73970000,ENSG00000107742.8$SPOCK2$chr10$73848790$-,0.38
chr10:74382800-74385000,ENSG00000107745.12$MICU1$chr10$74385899$-,0.36
chr10:75116600-75118000,ENSG00000107758.11$PPP3CB$chr10$75255782$-,0.36
chr10:75118800-75119400,ENSG00000107758.11$PPP3CB$chr10$75255782$-,0.36
chr10:75174200-75175800,ENSG00000107758.11$PPP3CB$chr10$75255782$-,0.5
chr10:85950000-85952000,ENSG00000107771.11$CCSER2$chr10$86088342$+,0.39
chr10:88482800-88484000,ENSG00000107779.7$BMPR1A$chr10$88516407$+,0.35
chr10:90666800-90669200,ENSG00000107796.8$ACTA2$chr10$90751147$-,0.48
chr10:90869600-90871400,ENSG00000107796.8$ACTA2$chr10$90751147$-,0.51
chr10:91011800-91013000,ENSG00000107798.13$LIPA$chr10$91174314$-,0.36
chr10:91170200-91171800,ENSG00000107798.13$LIPA$chr10$91174314$-,0.65
chr10:102744200-102746600,ENSG00000107807.8$TLX1$chr10$102889257$+,0.4
chr10:102905200-102907600,ENSG00000107807.8$TLX1$chr10$102889257$+,0.58
chr10:102920600-102923000,ENSG00000107807.8$TLX1$chr10$102889257$+,0.54
chr10:103112800-103113800,ENSG00000107807.8$TLX1$chr10$102889257$+,0.39
chr10:102666800-102668600,ENSG00000107815.3$C10orf2$chr10$102747124$+,0.5
chr10:102702600-102704600,ENSG00000107815.3$C10orf2$chr10$102747124$+,0.49
chr10:102905200-102907600,ENSG00000107815.3$C10orf2$chr10$102747124$+,0.38
chr10:102920600-102923000,ENSG00000107815.3$C10orf2$chr10$102747124$+,0.47
chr10:102666800-102668600,ENSG00000107816.13$LZTS2$chr10$102756375$+,0.51
chr10:102702600-102704600,ENSG00000107816.13$LZTS2$chr10$102756375$+,0.57
chr10:102744200-102746600,ENSG00000107816.13$LZTS2$chr10$102756375$+,0.66
chr10:102905200-102907600,ENSG00000107816.13$LZTS2$chr10$102756375$+,0.54
chr10:102920600-102923000,ENSG00000107816.13$LZTS2$chr10$102756375$+,0.42
chr10:102666800-102668600,ENSG00000107819.9$SFXN3$chr10$102790991$+,0.39
chr10:102702600-102704600,ENSG00000107819.9$SFXN3$chr10$102790991$+,0.43
chr10:102744200-102746600,ENSG00000107819.9$SFXN3$chr10$102790991$+,0.54
chr10:102666800-102668600,ENSG00000107821.10$KAZALD1$chr10$102821598$+,0.39
chr10:102744200-102746600,ENSG00000107821.10$KAZALD1$chr10$102821598$+,0.46
chr10:102905200-102907600,ENSG00000107821.10$KAZALD1$chr10$102821598$+,0.42
chr10:102920600-102923000,ENSG00000107821.10$KAZALD1$chr10$102821598$+,0.42
chr10:103441600-103444000,ENSG00000107829.9$FBXW4$chr10$103455052$-,0.66
chr10:103556800-103559200,ENSG00000107829.9$FBXW4$chr10$103455052$-,0.46
chr10:103560600-103562400,ENSG00000107829.9$FBXW4$chr10$103455052$-,0.37
chr10:103566200-103568000,ENSG00000107829.9$FBXW4$chr10$103455052$-,0.36
chr10:103556800-103559200,ENSG00000107831.8$FGF8$chr10$103535854$-,0.52
chr10:103560600-103562400,ENSG00000107831.8$FGF8$chr10$103535854$-,0.52
chr10:103566200-103568000,ENSG00000107831.8$FGF8$chr10$103535854$-,0.52
chr10:103441600-103444000,ENSG00000107833.6$NPM3$chr10$103543170$-,0.46
chr10:103556800-103559200,ENSG00000107833.6$NPM3$chr10$103543170$-,0.65
chr10:103560600-103562400,ENSG00000107833.6$NPM3$chr10$103543170$-,0.71
chr10:103566200-103568000,ENSG00000107833.6$NPM3$chr10$103543170$-,0.74
chr10:103634200-103636400,ENSG00000107833.6$NPM3$chr10$103543170$-,0.41
chr10:93555400-93557600,ENSG00000107854.5$TNKS2$chr10$93558069$+,0.41
chr10:93665600-93668000,ENSG00000107854.5$TNKS2$chr10$93558069$+,0.42
chr10:93669000-93670600,ENSG00000107854.5$TNKS2$chr10$93558069$+,0.51
chr10:93681600-93683200,ENSG00000107854.5$TNKS2$chr10$93558069$+,0.37
chr10:104013000-104014800,ENSG00000107859.5$PITX3$chr10$104001231$-,0.69
chr10:104013000-104014800,ENSG00000107862.4$GBF1$chr10$104005289$+,0.36
chr10:104190200-104191800,ENSG00000107862.4$GBF1$chr10$104005289$+,0.36
chr10:94047600-94048000,ENSG00000107864.10$CPEB3$chr10$94050844$-,0.49
chr10:104190200-104191800,ENSG00000107872.8$FBXL15$chr10$104178946$+,0.53
chr10:104208800-104209800,ENSG00000107872.8$FBXL15$chr10$104178946$+,0.5
chr10:104232000-104234400,ENSG00000107872.8$FBXL15$chr10$104178946$+,0.4
chr10:104270800-104273000,ENSG00000107872.8$FBXL15$chr10$104178946$+,0.38
chr10:104013000-104014800,ENSG00000107874.6$CUEDC2$chr10$104192418$-,0.36
chr10:104208800-104209800,ENSG00000107874.6$CUEDC2$chr10$104192418$-,0.57
chr10:104232000-104234400,ENSG00000107874.6$CUEDC2$chr10$104192418$-,0.41
chr10:104270800-104273000,ENSG00000107874.6$CUEDC2$chr10$104192418$-,0.48
chr10:104190200-104191800,ENSG00000107882.7$SUFU$chr10$104263744$+,0.54
chr10:104208800-104209800,ENSG00000107882.7$SUFU$chr10$104263744$+,0.54
chr10:104232000-104234400,ENSG00000107882.7$SUFU$chr10$104263744$+,0.65
chr10:104270800-104273000,ENSG00000107882.7$SUFU$chr10$104263744$+,0.69
chr10:104401000-104401600,ENSG00000107882.7$SUFU$chr10$104263744$+,0.55
chr10:27389800-27392200,ENSG00000107890.12$ANKRD26$chr10$27389421$-,0.35
chr10:27393200-27394800,ENSG00000107890.12$ANKRD26$chr10$27389421$-,0.52
chr10:27434800-27437000,ENSG00000107890.12$ANKRD26$chr10$27389421$-,0.58
chr10:27532400-27533600,ENSG00000107890.12$ANKRD26$chr10$27389421$-,0.4
chr10:27540400-27541800,ENSG00000107890.12$ANKRD26$chr10$27389421$-,0.36
chr10:27542000-27542800,ENSG00000107890.12$ANKRD26$chr10$27389421$-,0.35
chr10:27393200-27394800,ENSG00000107897.14$ACBD5$chr10$27531059$-,0.37
chr10:27540400-27541800,ENSG00000107897.14$ACBD5$chr10$27531059$-,0.62
chr10:27542000-27542800,ENSG00000107897.14$ACBD5$chr10$27531059$-,0.63
chr10:27579600-27581200,ENSG00000107897.14$ACBD5$chr10$27531059$-,0.56
chr10:126091000-126093400,ENSG00000107902.9$LHPP$chr10$126150403$+,0.53
chr10:126217800-126220000,ENSG00000107902.9$LHPP$chr10$126150403$+,0.43
chr10:944200-946200,ENSG00000107929.10$LARP4B$chr10$977564$-,0.53
chr10:984600-985800,ENSG00000107929.10$LARP4B$chr10$977564$-,0.54
chr10:944200-946200,ENSG00000107937.14$GTPBP4$chr10$1034338$+,0.44
chr10:984600-985800,ENSG00000107937.14$GTPBP4$chr10$1034338$+,0.55
chr10:127406200-127407400,ENSG00000107949.12$BCCIP$chr10$127512115$+,0.49
chr10:30638200-30639400,ENSG00000107951.8$MTPAP$chr10$30663377$-,0.7
chr10:105514200-105514800,ENSG00000107960.6$OBFC1$chr10$105677963$-,0.44
chr10:105707000-105708400,ENSG00000107960.6$OBFC1$chr10$105677963$-,0.66
chr10:105755000-105755800,ENSG00000107960.6$OBFC1$chr10$105677963$-,0.47
chr10:105765200-105766200,ENSG00000107960.6$OBFC1$chr10$105677963$-,0.54
chr10:30638200-30639400,ENSG00000107968.5$MAP3K8$chr10$30722866$+,0.4
chr10:131888400-131889800,ENSG00000108010.7$GLRX3$chr10$131934663$+,0.6
chr10:131910200-131911800,ENSG00000108010.7$GLRX3$chr10$131934663$+,0.63
chr10:131987600-131990000,ENSG00000108010.7$GLRX3$chr10$131934663$+,0.63
chr10:132040200-132042600,ENSG00000108010.7$GLRX3$chr10$131934663$+,0.39
chr10:5498600-5500800,ENSG00000108021.15$FAM208B$chr10$5726801$+,0.35
chr10:5709000-5711000,ENSG00000108021.15$FAM208B$chr10$5726801$+,0.64
chr10:5743600-5744200,ENSG00000108021.15$FAM208B$chr10$5726801$+,0.85
chr10:5744400-5745200,ENSG00000108021.15$FAM208B$chr10$5726801$+,0.77
chr10:5756800-5758400,ENSG00000108021.15$FAM208B$chr10$5726801$+,0.72
chr10:5820200-5822200,ENSG00000108021.15$FAM208B$chr10$5726801$+,0.51
chr10:111611200-111613200,ENSG00000108039.13$XPNPEP1$chr10$111683311$-,0.6
chr10:111788800-111789800,ENSG00000108039.13$XPNPEP1$chr10$111683311$-,0.45
chr10:112316600-112319000,ENSG00000108055.9$SMC3$chr10$112327449$+,0.74
chr10:112338200-112338400,ENSG00000108055.9$SMC3$chr10$112327449$+,0.62
chr10:112708200-112709600,ENSG00000108061.7$SHOC2$chr10$112679301$+,0.58
chr10:112778000-112778600,ENSG00000108061.7$SHOC2$chr10$112679301$+,0.51
chr10:60012000-60013000,ENSG00000108064.6$TFAM$chr10$60144782$+,0.41
chr10:60029600-60032000,ENSG00000108064.6$TFAM$chr10$60144782$+,0.52
chr10:60081200-60083600,ENSG00000108064.6$TFAM$chr10$60144782$+,0.57
chr10:60142200-60144400,ENSG00000108064.6$TFAM$chr10$60144782$+,0.41
chr10:60151000-60152000,ENSG00000108064.6$TFAM$chr10$60144782$+,0.53
chr10:35367800-35370200,ENSG00000108094.10$CUL2$chr10$35379570$-,0.74
chr10:35370400-35371800,ENSG00000108094.10$CUL2$chr10$35379570$-,0.7
chr10:35372000-35373800,ENSG00000108094.10$CUL2$chr10$35379570$-,0.76
chr10:35485200-35486400,ENSG00000108094.10$CUL2$chr10$35379570$-,0.46
chr19:55771000-55772600,ENSG00000108106.9$UBE2S$chr19$55919145$-,0.49
chr19:55802800-55803800,ENSG00000108106.9$UBE2S$chr19$55919145$-,0.45
chr19:56027800-56029800,ENSG00000108106.9$UBE2S$chr19$55919145$-,0.47
chr19:56092600-56094400,ENSG00000108106.9$UBE2S$chr19$55919145$-,0.43
chr10:69610000-69611200,ENSG00000108176.10$DNAJC12$chr10$69597924$-,0.4
chr10:81090600-81093000,ENSG00000108179.9$PPIF$chr10$81107225$+,0.53
chr10:81101600-81104000,ENSG00000108179.9$PPIF$chr10$81107225$+,0.66
chr10:81120800-81122200,ENSG00000108179.9$PPIF$chr10$81107225$+,0.54
chr10:69991200-69992400,ENSG00000108187.11$PBLD$chr10$70092806$-,0.39
chr10:70101600-70101800,ENSG00000108187.11$PBLD$chr10$70092806$-,0.66
chr10:70108400-70109000,ENSG00000108187.11$PBLD$chr10$70092806$-,0.63
chr10:70284600-70286600,ENSG00000108187.11$PBLD$chr10$70092806$-,0.35
chr10:70287600-70289000,ENSG00000108187.11$PBLD$chr10$70092806$-,0.37
chr10:82142000-82143200,ENSG00000108219.10$TSPAN14$chr10$82213922$+,0.57
chr17:27545600-27548000,ENSG00000108256.4$NUFIP2$chr17$27621136$-,0.57
chr17:27596000-27597000,ENSG00000108256.4$NUFIP2$chr17$27621136$-,0.52
chr17:27598000-27600000,ENSG00000108256.4$NUFIP2$chr17$27621136$-,0.58
chr17:27628800-27631200,ENSG00000108256.4$NUFIP2$chr17$27621136$-,0.6
chr17:27715400-27716800,ENSG00000108256.4$NUFIP2$chr17$27621136$-,0.43
chr17:27728000-27729600,ENSG00000108256.4$NUFIP2$chr17$27621136$-,0.43
chr17:27748000-27748200,ENSG00000108256.4$NUFIP2$chr17$27621136$-,0.44
chr17:27755000-27756000,ENSG00000108256.4$NUFIP2$chr17$27621136$-,0.46
chr17:35639600-35641800,ENSG00000108264.12$TADA2A$chr17$35766965$+,0.52
chr17:35767800-35769000,ENSG00000108264.12$TADA2A$chr17$35766965$+,0.45
chr17:35870200-35871400,ENSG00000108264.12$TADA2A$chr17$35766965$+,0.47
chr17:35320600-35321800,ENSG00000108270.6$AATF$chr17$35306175$+,0.58
chr17:35328800-35331200,ENSG00000108270.6$AATF$chr17$35306175$+,0.55
chr17:35332800-35334800,ENSG00000108270.6$AATF$chr17$35306175$+,0.62
chr17:34898600-34900000,ENSG00000108272.9$DHRS11$chr17$34948228$+,0.42
chr17:34961600-34962800,ENSG00000108272.9$DHRS11$chr17$34948228$+,0.6
chr17:34837800-34839600,ENSG00000108278.7$ZNHIT3$chr17$34842473$+,0.69
chr17:34898600-34900000,ENSG00000108278.7$ZNHIT3$chr17$34842473$+,0.49
chr17:36956400-36957200,ENSG00000108292.12$MLLT6$chr17$36861795$+,0.4
chr17:36981800-36982600,ENSG00000108292.12$MLLT6$chr17$36861795$+,0.43
chr17:36996000-36998200,ENSG00000108292.12$MLLT6$chr17$36861795$+,0.51
chr17:36956400-36957200,ENSG00000108294.4$PSMB3$chr17$36908989$+,0.53
chr17:36981800-36982600,ENSG00000108294.4$PSMB3$chr17$36908989$+,0.46
chr17:36996000-36998200,ENSG00000108294.4$PSMB3$chr17$36908989$+,0.41
chr17:36956400-36957200,ENSG00000108296.7$CWC25$chr17$36981734$-,0.61
chr17:36996000-36998200,ENSG00000108296.7$CWC25$chr17$36981734$-,0.71
chr17:37131600-37133600,ENSG00000108296.7$CWC25$chr17$36981734$-,0.43
chr17:37529200-37530000,ENSG00000108306.7$FBXL20$chr17$37558776$-,0.56
chr17:42420800-42422600,ENSG00000108309.8$RUNDC3A$chr17$42385781$+,0.38
chr17:42502200-42503800,ENSG00000108309.8$RUNDC3A$chr17$42385781$+,0.39
chr17:38166000-38168000,ENSG00000108342.8$CSF3$chr17$38171614$+,0.45
chr17:38166000-38168000,ENSG00000108344.10$PSMD3$chr17$38137050$+,0.52
chr17:38208800-38210200,ENSG00000108344.10$PSMD3$chr17$38137050$+,0.6
chr17:38294400-38296000,ENSG00000108344.10$PSMD3$chr17$38137050$+,0.4
chr17:38166000-38168000,ENSG00000108349.10$CASC3$chr17$38296571$+,0.37
chr17:38208800-38210200,ENSG00000108349.10$CASC3$chr17$38296571$+,0.45
chr17:38374000-38375400,ENSG00000108349.10$CASC3$chr17$38296571$+,0.46
chr17:38406800-38409000,ENSG00000108349.10$CASC3$chr17$38296571$+,0.4
chr17:63092000-63092800,ENSG00000108370.11$RGS9$chr17$63133549$+,0.57
chr17:63159600-63162000,ENSG00000108370.11$RGS9$chr17$63133549$+,0.65
chr17:56564000-56566400,ENSG00000108375.8$RNF43$chr17$56494956$-,0.58
chr17:44918200-44919600,ENSG00000108379.5$WNT3$chr17$44910520$-,0.62
chr17:56564000-56566400,ENSG00000108384.10$RAD51C$chr17$56769934$+,0.38
chr17:56707600-56709200,ENSG00000108384.10$RAD51C$chr17$56769934$+,0.52
chr17:56734600-56736600,ENSG00000108384.10$RAD51C$chr17$56769934$+,0.56
chr17:56832200-56833200,ENSG00000108384.10$RAD51C$chr17$56769934$+,0.53
chr17:56564000-56566400,ENSG00000108389.5$MTMR4$chr17$56595266$-,0.64
chr17:56707600-56709200,ENSG00000108389.5$MTMR4$chr17$56595266$-,0.4
chr17:56734600-56736600,ENSG00000108389.5$MTMR4$chr17$56595266$-,0.38
chr17:56769200-56770000,ENSG00000108389.5$MTMR4$chr17$56595266$-,0.35
chr17:57179400-57180400,ENSG00000108395.9$TRIM37$chr17$57184282$-,0.56
chr17:57222800-57223400,ENSG00000108395.9$TRIM37$chr17$57184282$-,0.62
chr17:57297000-57297800,ENSG00000108395.9$TRIM37$chr17$57184282$-,0.43
chr17:57298800-57299600,ENSG00000108395.9$TRIM37$chr17$57184282$-,0.36
chr17:3671800-3673000,ENSG00000108405.3$P2RX1$chr17$3819794$-,0.45
chr17:3690800-3692600,ENSG00000108405.3$P2RX1$chr17$3819794$-,0.4
chr17:3749600-3750400,ENSG00000108405.3$P2RX1$chr17$3819794$-,0.48
chr17:57693400-57695800,ENSG00000108406.5$DHX40$chr17$57642886$+,0.57
chr17:57976000-57977600,ENSG00000108423.10$TUBD1$chr17$57970304$-,0.51
chr17:57985200-57985400,ENSG00000108423.10$TUBD1$chr17$57970304$-,0.52
chr17:58039600-58041200,ENSG00000108423.10$TUBD1$chr17$57970304$-,0.5
chr17:45609800-45611800,ENSG00000108424.5$KPNB1$chr17$45726842$+,0.5
chr17:45713000-45714600,ENSG00000108424.5$KPNB1$chr17$45726842$+,0.58
chr17:45839800-45841600,ENSG00000108424.5$KPNB1$chr17$45726842$+,0.45
chr17:45866200-45868400,ENSG00000108424.5$KPNB1$chr17$45726842$+,0.42
chr17:45899000-45900800,ENSG00000108424.5$KPNB1$chr17$45726842$+,0.38
chr17:45909200-45910800,ENSG00000108424.5$KPNB1$chr17$45726842$+,0.36
chr17:45970800-45972600,ENSG00000108424.5$KPNB1$chr17$45726842$+,0.37
chr17:44918200-44919600,ENSG00000108433.11$GOSR2$chr17$45000483$+,0.58
chr17:45039400-45040400,ENSG00000108433.11$GOSR2$chr17$45000483$+,0.64
chr17:45078000-45080000,ENSG00000108433.11$GOSR2$chr17$45000483$+,0.6
chr17:45089800-45091400,ENSG00000108433.11$GOSR2$chr17$45000483$+,0.56
chr17:45168600-45171000,ENSG00000108433.11$GOSR2$chr17$45000483$+,0.36
chr17:45177200-45179000,ENSG00000108433.11$GOSR2$chr17$45000483$+,0.39
chr17:45250000-45252000,ENSG00000108433.11$GOSR2$chr17$45000483$+,0.36
chr17:45713000-45714600,ENSG00000108439.5$PNPO$chr17$46018872$+,0.36
chr17:45866200-45868400,ENSG00000108439.5$PNPO$chr17$46018872$+,0.52
chr17:45899000-45900800,ENSG00000108439.5$PNPO$chr17$46018872$+,0.52
chr17:45909200-45910800,ENSG00000108439.5$PNPO$chr17$46018872$+,0.38
chr17:45970800-45972600,ENSG00000108439.5$PNPO$chr17$46018872$+,0.59
chr17:45994800-45996400,ENSG00000108439.5$PNPO$chr17$46018872$+,0.62
chr17:46049000-46051400,ENSG00000108439.5$PNPO$chr17$46018872$+,0.67
chr17:46162200-46164200,ENSG00000108439.5$PNPO$chr17$46018872$+,0.39
chr17:46273800-46274000,ENSG00000108439.5$PNPO$chr17$46018872$+,0.41
chr17:46282600-46283600,ENSG00000108439.5$PNPO$chr17$46018872$+,0.38
chr17:18466400-18468200,ENSG00000108448.16$TRIM16L$chr17$18601311$+,0.45
chr17:18586000-18587400,ENSG00000108448.16$TRIM16L$chr17$18601311$+,0.63
chr17:18615200-18616800,ENSG00000108448.16$TRIM16L$chr17$18601311$+,0.58
chr17:18682800-18684200,ENSG00000108448.16$TRIM16L$chr17$18601311$+,0.49
chr17:18757400-18759200,ENSG00000108448.16$TRIM16L$chr17$18601311$+,0.41
chr17:18759400-18761600,ENSG00000108448.16$TRIM16L$chr17$18601311$+,0.43
chr17:46049000-46051400,ENSG00000108465.10$CDK5RAP3$chr17$46045176$+,0.53
chr17:46049000-46051400,ENSG00000108468.10$CBX1$chr17$46178883$-,0.41
chr17:46162200-46164200,ENSG00000108468.10$CBX1$chr17$46178883$-,0.69
chr17:46273800-46274000,ENSG00000108468.10$CBX1$chr17$46178883$-,0.46
chr17:46282600-46283600,ENSG00000108468.10$CBX1$chr17$46178883$-,0.41
chr17:46378400-46380600,ENSG00000108468.10$CBX1$chr17$46178883$-,0.36
chr17:46428600-46430400,ENSG00000108468.10$CBX1$chr17$46178883$-,0.38
chr17:46445000-46446400,ENSG00000108468.10$CBX1$chr17$46178883$-,0.36
chr17:46466000-46468400,ENSG00000108468.10$CBX1$chr17$46178883$-,0.35
chr17:73431000-73433000,ENSG00000108469.10$RECQL5$chr17$73663269$-,0.37
chr17:73577400-73579000,ENSG00000108469.10$RECQL5$chr17$73663269$-,0.46
chr17:16086600-16088000,ENSG00000108474.12$PIGL$chr17$16120505$+,0.62
chr17:16089200-16091400,ENSG00000108474.12$PIGL$chr17$16120505$+,0.62
chr17:16097000-16099200,ENSG00000108474.12$PIGL$chr17$16120505$+,0.66
chr17:16121200-16123600,ENSG00000108474.12$PIGL$chr17$16120505$+,0.43
chr17:16213600-16215400,ENSG00000108474.12$PIGL$chr17$16120505$+,0.46
chr17:73661000-73662800,ENSG00000108479.7$GALK1$chr17$73761792$-,0.44
chr17:73899000-73900400,ENSG00000108479.7$GALK1$chr17$73761792$-,0.37
chr17:59941600-59942400,ENSG00000108506.7$INTS2$chr17$60005377$-,0.55
chr17:59981200-59982600,ENSG00000108506.7$INTS2$chr17$60005377$-,0.61
chr17:60085600-60087000,ENSG00000108506.7$INTS2$chr17$60005377$-,0.56
chr17:4643200-4644600,ENSG00000108509.16$CAMTA2$chr17$4890960$-,0.37
chr17:4700000-4701800,ENSG00000108509.16$CAMTA2$chr17$4890960$-,0.35
chr17:4943000-4944000,ENSG00000108509.16$CAMTA2$chr17$4890960$-,0.46
chr17:4980600-4981200,ENSG00000108509.16$CAMTA2$chr17$4890960$-,0.43
chr17:59981200-59982600,ENSG00000108510.5$MED13$chr17$60142643$-,0.37
chr17:60003400-60004600,ENSG00000108510.5$MED13$chr17$60142643$-,0.39
chr17:60085600-60087000,ENSG00000108510.5$MED13$chr17$60142643$-,0.56
chr17:60125800-60127000,ENSG00000108510.5$MED13$chr17$60142643$-,0.66
chr17:60202600-60204400,ENSG00000108510.5$MED13$chr17$60142643$-,0.57
chr17:4643200-4644600,ENSG00000108515.13$ENO3$chr17$4851387$+,0.38
chr17:4693800-4694800,ENSG00000108515.13$ENO3$chr17$4851387$+,0.49
chr17:4698600-4699400,ENSG00000108515.13$ENO3$chr17$4851387$+,0.46
chr17:4700000-4701800,ENSG00000108515.13$ENO3$chr17$4851387$+,0.57
chr17:4709400-4710600,ENSG00000108515.13$ENO3$chr17$4851387$+,0.44
chr17:4891600-4893600,ENSG00000108515.13$ENO3$chr17$4851387$+,0.68
chr17:4943000-4944000,ENSG00000108515.13$ENO3$chr17$4851387$+,0.35
chr17:4980600-4981200,ENSG00000108515.13$ENO3$chr17$4851387$+,0.41
chr17:4698600-4699400,ENSG00000108518.7$PFN1$chr17$4852356$-,0.36
chr17:4700000-4701800,ENSG00000108518.7$PFN1$chr17$4852356$-,0.41
chr17:4709400-4710600,ENSG00000108518.7$PFN1$chr17$4852356$-,0.35
chr17:4891600-4893600,ENSG00000108518.7$PFN1$chr17$4852356$-,0.65
chr17:4943000-4944000,ENSG00000108518.7$PFN1$chr17$4852356$-,0.43
chr17:4693800-4694800,ENSG00000108523.11$RNF167$chr17$4843303$+,0.44
chr17:4698600-4699400,ENSG00000108523.11$RNF167$chr17$4843303$+,0.4
chr17:4700000-4701800,ENSG00000108523.11$RNF167$chr17$4843303$+,0.42
chr17:4709400-4710600,ENSG00000108523.11$RNF167$chr17$4843303$+,0.46
chr17:4891600-4893600,ENSG00000108523.11$RNF167$chr17$4843303$+,0.58
chr17:4943000-4944000,ENSG00000108523.11$RNF167$chr17$4843303$+,0.42
chr17:4643200-4644600,ENSG00000108528.9$SLC25A11$chr17$4843546$-,0.35
chr17:4693800-4694800,ENSG00000108528.9$SLC25A11$chr17$4843546$-,0.45
chr17:4698600-4699400,ENSG00000108528.9$SLC25A11$chr17$4843546$-,0.4
chr17:4700000-4701800,ENSG00000108528.9$SLC25A11$chr17$4843546$-,0.47
chr17:4709400-4710600,ENSG00000108528.9$SLC25A11$chr17$4843546$-,0.41
chr17:4891600-4893600,ENSG00000108528.9$SLC25A11$chr17$4843546$-,0.49
chr17:4943000-4944000,ENSG00000108528.9$SLC25A11$chr17$4843546$-,0.49
chr17:5093600-5094600,ENSG00000108528.9$SLC25A11$chr17$4843546$-,0.35
chr17:17342800-17345000,ENSG00000108551.4$RASD1$chr17$17399709$-,0.47
chr17:17495800-17497200,ENSG00000108551.4$RASD1$chr17$17399709$-,0.37
chr17:17531400-17532800,ENSG00000108551.4$RASD1$chr17$17399709$-,0.37
chr17:4643200-4644600,ENSG00000108556.7$CHRNE$chr17$4806369$-,0.39
chr17:4693800-4694800,ENSG00000108556.7$CHRNE$chr17$4806369$-,0.46
chr17:4698600-4699400,ENSG00000108556.7$CHRNE$chr17$4806369$-,0.47
chr17:4700000-4701800,ENSG00000108556.7$CHRNE$chr17$4806369$-,0.54
chr17:4709400-4710600,ENSG00000108556.7$CHRNE$chr17$4806369$-,0.5
chr17:4891600-4893600,ENSG00000108556.7$CHRNE$chr17$4806369$-,0.46
chr17:17495800-17497200,ENSG00000108557.13$RAI1$chr17$17584787$+,0.38
chr17:17531400-17532800,ENSG00000108557.13$RAI1$chr17$17584787$+,0.48
chr17:5195000-5196400,ENSG00000108559.7$NUP88$chr17$5323480$-,0.37
chr17:5291800-5292800,ENSG00000108559.7$NUP88$chr17$5323480$-,0.5
chr17:5342400-5344400,ENSG00000108559.7$NUP88$chr17$5323480$-,0.52
chr17:5342400-5344400,ENSG00000108561.4$C1QBP$chr17$5352150$-,0.45
chr17:28484200-28486400,ENSG00000108578.10$BLMH$chr17$28619074$-,0.35
chr17:28655600-28655800,ENSG00000108578.10$BLMH$chr17$28619074$-,0.64
chr17:28616200-28618400,ENSG00000108582.7$CPD$chr17$28705923$+,0.4
chr17:28655600-28655800,ENSG00000108582.7$CPD$chr17$28705923$+,0.44
chr17:61816600-61818400,ENSG00000108588.9$CCDC47$chr17$61853711$-,0.61
chr17:61844400-61846800,ENSG00000108588.9$CCDC47$chr17$61853711$-,0.61
chr17:61901400-61903800,ENSG00000108588.9$CCDC47$chr17$61853711$-,0.43
chr17:6346400-6347000,ENSG00000108590.6$MED31$chr17$6554954$-,0.39
chr17:6734000-6736000,ENSG00000108590.6$MED31$chr17$6554954$-,0.38
chr17:18162400-18163800,ENSG00000108591.5$DRG2$chr17$17991200$+,0.4
chr17:61816600-61818400,ENSG00000108592.12$FTSJ3$chr17$61907372$-,0.43
chr17:61844400-61846800,ENSG00000108592.12$FTSJ3$chr17$61907372$-,0.44
chr17:61901400-61903800,ENSG00000108592.12$FTSJ3$chr17$61907372$-,0.51
chr17:19767800-19770200,ENSG00000108599.10$AKAP10$chr17$19881656$-,0.54
chr17:19851000-19853400,ENSG00000108599.10$AKAP10$chr17$19881656$-,0.64
chr17:19896200-19897000,ENSG00000108599.10$AKAP10$chr17$19881656$-,0.62
chr17:19911400-19912200,ENSG00000108599.10$AKAP10$chr17$19881656$-,0.58
chr17:61677000-61678000,ENSG00000108604.11$SMARCD2$chr17$61920425$-,0.36
chr17:61679000-61680200,ENSG00000108604.11$SMARCD2$chr17$61920425$-,0.35
chr17:61816600-61818400,ENSG00000108604.11$SMARCD2$chr17$61920425$-,0.47
chr17:61844400-61846800,ENSG00000108604.11$SMARCD2$chr17$61920425$-,0.46
chr17:61901400-61903800,ENSG00000108604.11$SMARCD2$chr17$61920425$-,0.57
chr17:62105800-62107000,ENSG00000108604.11$SMARCD2$chr17$61920425$-,0.35
chr17:61844400-61846800,ENSG00000108622.6$ICAM2$chr17$62097994$-,0.35
chr17:62105800-62107000,ENSG00000108622.6$ICAM2$chr17$62097994$-,0.67
chr17:75951800-75953800,ENSG00000108639.3$SYNGR2$chr17$76164639$+,0.42
chr17:75969200-75971600,ENSG00000108639.3$SYNGR2$chr17$76164639$+,0.46
chr17:75972000-75973000,ENSG00000108639.3$SYNGR2$chr17$76164639$+,0.42
chr17:75973800-75975200,ENSG00000108639.3$SYNGR2$chr17$76164639$+,0.42
chr17:75978800-75981000,ENSG00000108639.3$SYNGR2$chr17$76164639$+,0.38
chr17:76005800-76008200,ENSG00000108639.3$SYNGR2$chr17$76164639$+,0.47
chr17:76296200-76298600,ENSG00000108639.3$SYNGR2$chr17$76164639$+,0.42
chr17:19278800-19280800,ENSG00000108641.10$B9D1$chr17$19281495$-,0.42
chr17:30183400-30185600,ENSG00000108651.5$UTP6$chr17$30228784$-,0.49
chr17:30185800-30187600,ENSG00000108651.5$UTP6$chr17$30228784$-,0.61
chr17:30276400-30277000,ENSG00000108651.5$UTP6$chr17$30228784$-,0.63
chr17:30333400-30334200,ENSG00000108651.5$UTP6$chr17$30228784$-,0.51
chr17:30455000-30456800,ENSG00000108666.5$C17orf75$chr17$30677042$-,0.38
chr17:30463200-30464600,ENSG00000108666.5$C17orf75$chr17$30677042$-,0.41
chr17:30649600-30652000,ENSG00000108666.5$C17orf75$chr17$30677042$-,0.55
chr17:30667600-30669000,ENSG00000108666.5$C17orf75$chr17$30677042$-,0.57
chr17:30669400-30671400,ENSG00000108666.5$C17orf75$chr17$30677042$-,0.52
chr17:30699400-30700000,ENSG00000108666.5$C17orf75$chr17$30677042$-,0.4
chr17:30701400-30702600,ENSG00000108666.5$C17orf75$chr17$30677042$-,0.54
chr17:30775600-30777600,ENSG00000108666.5$C17orf75$chr17$30677042$-,0.41
chr17:30783800-30786000,ENSG00000108666.5$C17orf75$chr17$30677042$-,0.36
chr17:30788600-30789600,ENSG00000108666.5$C17orf75$chr17$30677042$-,0.39
chr17:30834200-30836400,ENSG00000108666.5$C17orf75$chr17$30677042$-,0.39
chr17:76808800-76810400,ENSG00000108669.12$CYTH1$chr17$76778379$-,0.45
chr17:30649600-30652000,ENSG00000108671.5$PSMD11$chr17$30771279$+,0.4
chr17:30667600-30669000,ENSG00000108671.5$PSMD11$chr17$30771279$+,0.4
chr17:30669400-30671400,ENSG00000108671.5$PSMD11$chr17$30771279$+,0.38
chr17:30675200-30676600,ENSG00000108671.5$PSMD11$chr17$30771279$+,0.45
chr17:30699400-30700000,ENSG00000108671.5$PSMD11$chr17$30771279$+,0.43
chr17:30701400-30702600,ENSG00000108671.5$PSMD11$chr17$30771279$+,0.49
chr17:30775600-30777600,ENSG00000108671.5$PSMD11$chr17$30771279$+,0.55
chr17:30783800-30786000,ENSG00000108671.5$PSMD11$chr17$30771279$+,0.56
chr17:30788600-30789600,ENSG00000108671.5$PSMD11$chr17$30771279$+,0.61
chr17:30834200-30836400,ENSG00000108671.5$PSMD11$chr17$30771279$+,0.5
chr17:33730800-33732600,ENSG00000108733.5$PEX12$chr17$33905882$-,0.41
chr17:33786600-33788800,ENSG00000108733.5$PEX12$chr17$33905882$-,0.35
chr17:33794000-33796200,ENSG00000108733.5$PEX12$chr17$33905882$-,0.39
chr17:33796600-33796800,ENSG00000108733.5$PEX12$chr17$33905882$-,0.37
chr17:33810800-33812200,ENSG00000108733.5$PEX12$chr17$33905882$-,0.39
chr17:33831200-33833200,ENSG00000108733.5$PEX12$chr17$33905882$-,0.43
chr17:33902600-33905000,ENSG00000108733.5$PEX12$chr17$33905882$-,0.4
chr17:33913200-33914000,ENSG00000108733.5$PEX12$chr17$33905882$-,0.57
chr17:33919400-33921200,ENSG00000108733.5$PEX12$chr17$33905882$-,0.57
chr17:40021800-40022400,ENSG00000108771.8$DHX58$chr17$40264751$-,0.37
chr17:40116200-40118200,ENSG00000108771.8$DHX58$chr17$40264751$-,0.48
chr17:40170000-40172400,ENSG00000108771.8$DHX58$chr17$40264751$-,0.48
chr17:40300200-40302600,ENSG00000108771.8$DHX58$chr17$40264751$-,0.57
chr17:40373600-40374800,ENSG00000108771.8$DHX58$chr17$40264751$-,0.5
chr17:40382000-40383800,ENSG00000108771.8$DHX58$chr17$40264751$-,0.43
chr17:40413800-40416200,ENSG00000108771.8$DHX58$chr17$40264751$-,0.46
chr17:40429000-40431400,ENSG00000108771.8$DHX58$chr17$40264751$-,0.37
chr17:40300200-40302600,ENSG00000108773.6$KAT2A$chr17$40273376$-,0.42
chr17:40116200-40118200,ENSG00000108774.10$RAB5C$chr17$40307035$-,0.37
chr17:40170000-40172400,ENSG00000108774.10$RAB5C$chr17$40307035$-,0.48
chr17:40300200-40302600,ENSG00000108774.10$RAB5C$chr17$40307035$-,0.44
chr17:40373600-40374800,ENSG00000108774.10$RAB5C$chr17$40307035$-,0.58
chr17:40382000-40383800,ENSG00000108774.10$RAB5C$chr17$40307035$-,0.47
chr17:40413800-40416200,ENSG00000108774.10$RAB5C$chr17$40307035$-,0.51
chr17:40429000-40431400,ENSG00000108774.10$RAB5C$chr17$40307035$-,0.42
chr17:40525800-40527800,ENSG00000108774.10$RAB5C$chr17$40307035$-,0.37
chr17:40727000-40729400,ENSG00000108784.5$NAGLU$chr17$40688190$+,0.5
chr17:40750200-40752600,ENSG00000108784.5$NAGLU$chr17$40688190$+,0.41
chr17:40727000-40729400,ENSG00000108786.6$HSD17B1$chr17$40701232$+,0.58
chr17:40750200-40752600,ENSG00000108786.6$HSD17B1$chr17$40701232$+,0.6
chr17:40809600-40811400,ENSG00000108786.6$HSD17B1$chr17$40701232$+,0.37
chr17:40727000-40729400,ENSG00000108788.7$MLX$chr17$40719086$+,0.6
chr17:40750200-40752600,ENSG00000108788.7$MLX$chr17$40719086$+,0.63
chr17:40809600-40811400,ENSG00000108788.7$MLX$chr17$40719086$+,0.41
chr17:40727000-40729400,ENSG00000108797.7$CNTNAP1$chr17$40834631$+,0.36
chr17:40750200-40752600,ENSG00000108797.7$CNTNAP1$chr17$40834631$+,0.38
chr17:40809600-40811400,ENSG00000108797.7$CNTNAP1$chr17$40834631$+,0.62
chr17:47267600-47269000,ENSG00000108798.4$ABI3$chr17$47287589$+,0.64
chr17:47270800-47272800,ENSG00000108798.4$ABI3$chr17$47287589$+,0.61
chr17:40727000-40729400,ENSG00000108799.8$EZH1$chr17$40897071$-,0.35
chr17:40750200-40752600,ENSG00000108799.8$EZH1$chr17$40897071$-,0.53
chr17:40809600-40811400,ENSG00000108799.8$EZH1$chr17$40897071$-,0.49
chr17:40924000-40925400,ENSG00000108799.8$EZH1$chr17$40897071$-,0.65
chr17:40926000-40928400,ENSG00000108799.8$EZH1$chr17$40897071$-,0.63
chr17:40976200-40977600,ENSG00000108799.8$EZH1$chr17$40897071$-,0.59
chr17:47755000-47756200,ENSG00000108813.9$DLX4$chr17$48046334$+,0.35
chr17:47785600-47787600,ENSG00000108813.9$DLX4$chr17$48046334$+,0.37
chr17:47863800-47865400,ENSG00000108813.9$DLX4$chr17$48046334$+,0.37
chr17:48234800-48236200,ENSG00000108823.11$SGCA$chr17$48241575$+,0.64
chr17:48474800-48476000,ENSG00000108823.11$SGCA$chr17$48241575$+,0.35
chr17:40926000-40928400,ENSG00000108825.13$PTGES3L-AARSD1$chr17$41132545$-,0.38
chr17:41114400-41116000,ENSG00000108825.13$PTGES3L-AARSD1$chr17$41132545$-,0.57
chr17:41149000-41150400,ENSG00000108825.13$PTGES3L-AARSD1$chr17$41132545$-,0.71
chr17:41114400-41116000,ENSG00000108828.11$VAT1$chr17$41177140$-,0.44
chr17:41130200-41132400,ENSG00000108828.11$VAT1$chr17$41177140$-,0.52
chr17:41149000-41150400,ENSG00000108828.11$VAT1$chr17$41177140$-,0.55
chr17:48450600-48451800,ENSG00000108829.9$LRRC59$chr17$48474914$-,0.61
chr17:48511400-48512000,ENSG00000108829.9$LRRC59$chr17$48474914$-,0.64
chr17:41114400-41116000,ENSG00000108830.7$RND2$chr17$41177258$+,0.45
chr17:41130200-41132400,ENSG00000108830.7$RND2$chr17$41177258$+,0.53
chr17:41149000-41150400,ENSG00000108830.7$RND2$chr17$41177258$+,0.56
chr17:6908000-6908800,ENSG00000108839.7$ALOX12$chr17$6899384$+,0.43
chr17:42071600-42073800,ENSG00000108840.11$HDAC5$chr17$42201070$-,0.46
chr17:42092400-42093400,ENSG00000108840.11$HDAC5$chr17$42201070$-,0.43
chr17:42110800-42112000,ENSG00000108840.11$HDAC5$chr17$42201070$-,0.49
chr17:42265000-42267000,ENSG00000108840.11$HDAC5$chr17$42201070$-,0.51
chr17:42274000-42276400,ENSG00000108840.11$HDAC5$chr17$42201070$-,0.46
chr17:48860000-48861200,ENSG00000108848.11$LUC7L3$chr17$48796905$+,0.5
chr17:41867600-41869800,ENSG00000108861.4$DUSP3$chr17$41856356$-,0.65
chr17:43129800-43130800,ENSG00000108883.8$EFTUD2$chr17$42977030$-,0.36
chr17:66185400-66186600,ENSG00000108932.7$SLC16A6$chr17$66287408$-,0.42
chr17:66200200-66201400,ENSG00000108932.7$SLC16A6$chr17$66287408$-,0.35
chr17:66241800-66243600,ENSG00000108932.7$SLC16A6$chr17$66287408$-,0.46
chr17:66280800-66281000,ENSG00000108932.7$SLC16A6$chr17$66287408$-,0.52
chr17:66281400-66281600,ENSG00000108932.7$SLC16A6$chr17$66287408$-,0.53
chr17:66355400-66357200,ENSG00000108932.7$SLC16A6$chr17$66287408$-,0.56
chr17:66426800-66429200,ENSG00000108932.7$SLC16A6$chr17$66287408$-,0.38
chr17:66426800-66429200,ENSG00000108946.10$PRKAR1A$chr17$66507921$+,0.45
chr17:7592200-7594200,ENSG00000108947.4$EFNB3$chr17$7608520$+,0.59
chr17:1303800-1306000,ENSG00000108953.12$YWHAE$chr17$1303672$-,0.37
chr17:8080000-8081600,ENSG00000108961.9$RANGRF$chr17$8191815$+,0.39
chr17:8098600-8100800,ENSG00000108961.9$RANGRF$chr17$8191815$+,0.41
chr17:8102400-8103600,ENSG00000108961.9$RANGRF$chr17$8191815$+,0.38
chr17:8103800-8105400,ENSG00000108961.9$RANGRF$chr17$8191815$+,0.41
chr17:8153000-8155200,ENSG00000108961.9$RANGRF$chr17$8191815$+,0.62
chr17:8278000-8279600,ENSG00000108961.9$RANGRF$chr17$8191815$+,0.59
chr17:8354800-8357000,ENSG00000108961.9$RANGRF$chr17$8191815$+,0.45
chr17:1793400-1795200,ENSG00000108963.13$DPH1$chr17$1933404$+,0.44
chr17:1951200-1953000,ENSG00000108963.13$DPH1$chr17$1933404$+,0.36
chr17:2048600-2050800,ENSG00000108963.13$DPH1$chr17$1933404$+,0.44
chr17:67251000-67251800,ENSG00000108984.9$MAP2K6$chr17$67410839$+,0.39
chr17:67324000-67324400,ENSG00000108984.9$MAP2K6$chr17$67410839$+,0.55
chr17:20947000-20948600,ENSG00000109016.13$DHRS7B$chr17$21026677$+,0.49
chr17:25687000-25689400,ENSG00000109046.10$WSB1$chr17$25621102$+,0.44
chr17:25781400-25783000,ENSG00000109046.10$WSB1$chr17$25621102$+,0.46
chr17:72489000-72490000,ENSG00000109062.5$SLC9A3R1$chr17$72744791$+,0.35
chr17:72978400-72980200,ENSG00000109065.7$NAT9$chr17$72772506$-,0.35
chr17:26682000-26684000,ENSG00000109072.9$VTN$chr17$26700110$-,0.58
chr17:26685000-26686600,ENSG00000109072.9$VTN$chr17$26700110$-,0.62
chr17:26682000-26684000,ENSG00000109079.5$TNFAIP1$chr17$26662628$+,0.67
chr17:26685000-26686600,ENSG00000109079.5$TNFAIP1$chr17$26662628$+,0.73
chr17:26682000-26684000,ENSG00000109083.9$IFT20$chr17$26662515$-,0.52
chr17:26685000-26686600,ENSG00000109083.9$IFT20$chr17$26662515$-,0.45
chr17:26682000-26684000,ENSG00000109084.9$TMEM97$chr17$26646121$+,0.52
chr17:26685000-26686600,ENSG00000109084.9$TMEM97$chr17$26646121$+,0.49
chr17:72978400-72980200,ENSG00000109089.7$CDR2L$chr17$72983727$+,0.67
chr17:73044200-73046200,ENSG00000109089.7$CDR2L$chr17$72983727$+,0.6
chr17:73104200-73105600,ENSG00000109089.7$CDR2L$chr17$72983727$+,0.52
chr17:73172600-73173200,ENSG00000109089.7$CDR2L$chr17$72983727$+,0.38
chr17:73179400-73181000,ENSG00000109089.7$CDR2L$chr17$72983727$+,0.35
chr17:26682000-26684000,ENSG00000109103.7$UNC119$chr17$26879686$-,0.5
chr17:26685000-26686600,ENSG00000109103.7$UNC119$chr17$26879686$-,0.41
chr17:26892000-26893000,ENSG00000109103.7$UNC119$chr17$26879686$-,0.69
chr17:26924400-26926200,ENSG00000109103.7$UNC119$chr17$26879686$-,0.49
chr17:26926800-26928200,ENSG00000109103.7$UNC119$chr17$26879686$-,0.41
chr17:26985800-26988200,ENSG00000109103.7$UNC119$chr17$26879686$-,0.47
chr17:27056000-27058000,ENSG00000109103.7$UNC119$chr17$26879686$-,0.36
chr17:26685000-26686600,ENSG00000109107.9$ALDOC$chr17$26904282$-,0.41
chr17:26892000-26893000,ENSG00000109107.9$ALDOC$chr17$26904282$-,0.67
chr17:26924400-26926200,ENSG00000109107.9$ALDOC$chr17$26904282$-,0.72
chr17:26926800-26928200,ENSG00000109107.9$ALDOC$chr17$26904282$-,0.59
chr17:26985800-26988200,ENSG00000109107.9$ALDOC$chr17$26904282$-,0.5
chr17:26892000-26893000,ENSG00000109111.10$SUPT6H$chr17$26989109$+,0.36
chr17:26924400-26926200,ENSG00000109111.10$SUPT6H$chr17$26989109$+,0.5
chr17:26926800-26928200,ENSG00000109111.10$SUPT6H$chr17$26989109$+,0.49
chr17:26985800-26988200,ENSG00000109111.10$SUPT6H$chr17$26989109$+,0.35
chr17:27056000-27058000,ENSG00000109111.10$SUPT6H$chr17$26989109$+,0.46
chr17:27118800-27121200,ENSG00000109111.10$SUPT6H$chr17$26989109$+,0.43
chr17:27140000-27141600,ENSG00000109111.10$SUPT6H$chr17$26989109$+,0.38
chr17:27056000-27058000,ENSG00000109113.13$RAB34$chr17$27045447$-,0.4
chr17:27118800-27121200,ENSG00000109118.9$PHF12$chr17$27278789$-,0.43
chr17:27140000-27141600,ENSG00000109118.9$PHF12$chr17$27278789$-,0.37
chr17:27180600-27181400,ENSG00000109118.9$PHF12$chr17$27278789$-,0.43
chr17:27182400-27183800,ENSG00000109118.9$PHF12$chr17$27278789$-,0.42
chr17:27256600-27258400,ENSG00000109118.9$PHF12$chr17$27278789$-,0.62
chr17:27279400-27281800,ENSG00000109118.9$PHF12$chr17$27278789$-,0.35
chr4:42017600-42018200,ENSG00000109133.8$TMEM33$chr4$41937137$+,0.5
chr4:47011600-47013800,ENSG00000109158.6$GABRA4$chr4$46996424$-,0.47
chr4:48831600-48833000,ENSG00000109180.10$OCIAD1$chr4$48807229$+,0.52
chr4:52706400-52708400,ENSG00000109184.10$DCUN1D4$chr4$52709166$+,0.37
chr4:53481600-53482200,ENSG00000109189.8$USP46$chr4$53525502$-,0.55
chr4:53487600-53488000,ENSG00000109189.8$USP46$chr4$53525502$-,0.61
chr4:53517200-53519600,ENSG00000109189.8$USP46$chr4$53525502$-,0.6
chr4:53577000-53578600,ENSG00000109189.8$USP46$chr4$53525502$-,0.49
chr4:53587200-53588200,ENSG00000109189.8$USP46$chr4$53525502$-,0.45
chr4:53589000-53590200,ENSG00000109189.8$USP46$chr4$53525502$-,0.47
chr4:56418800-56420800,ENSG00000109255.7$NMU$chr4$56502865$-,0.36
chr4:100836400-100838200,ENSG00000109270.8$LAMTOR3$chr4$100815647$-,0.67
chr4:100859400-100861600,ENSG00000109270.8$LAMTOR3$chr4$100815647$-,0.56
chr4:100868400-100870400,ENSG00000109270.8$LAMTOR3$chr4$100815647$-,0.67
chr4:103367800-103370000,ENSG00000109320.7$NFKB1$chr4$103422486$+,0.74
chr4:103371000-103371400,ENSG00000109320.7$NFKB1$chr4$103422486$+,0.62
chr4:103432600-103434400,ENSG00000109320.7$NFKB1$chr4$103422486$+,0.71
chr4:103502600-103504400,ENSG00000109320.7$NFKB1$chr4$103422486$+,0.56
chr4:103524600-103526800,ENSG00000109320.7$NFKB1$chr4$103422486$+,0.54
chr4:103567400-103569000,ENSG00000109320.7$NFKB1$chr4$103422486$+,0.59
chr4:103567400-103569000,ENSG00000109323.4$MANBA$chr4$103682151$-,0.44
chr4:103710000-103712000,ENSG00000109323.4$MANBA$chr4$103682151$-,0.62
chr4:103791200-103793600,ENSG00000109323.4$MANBA$chr4$103682151$-,0.46
chr4:103682800-103683800,ENSG00000109332.15$UBE2D3$chr4$103790053$-,0.45
chr4:103710000-103712000,ENSG00000109332.15$UBE2D3$chr4$103790053$-,0.62
chr4:103791200-103793600,ENSG00000109332.15$UBE2D3$chr4$103790053$-,0.41
chr4:103938400-103940600,ENSG00000109332.15$UBE2D3$chr4$103790053$-,0.41
chr4:140001200-140003600,ENSG00000109381.15$ELF2$chr4$140098372$-,0.39
chr4:140006000-140007600,ENSG00000109381.15$ELF2$chr4$140098372$-,0.51
chr4:140100000-140102000,ENSG00000109381.15$ELF2$chr4$140098372$-,0.57
chr4:140100000-140102000,ENSG00000109390.7$NDUFC1$chr4$140223705$-,0.42
chr4:140240000-140242200,ENSG00000109390.7$NDUFC1$chr4$140223705$-,0.71
chr4:143613600-143615200,ENSG00000109452.8$INPP4B$chr4$143768585$-,0.48
chr4:143722600-143724000,ENSG00000109452.8$INPP4B$chr4$143768585$-,0.64
chr4:166032200-166033200,ENSG00000109466.9$KLHL2$chr4$166128770$+,0.46
chr4:166034400-166035400,ENSG00000109466.9$KLHL2$chr4$166128770$+,0.45
chr4:123242400-123244800,ENSG00000109471.4$IL2$chr4$123377880$-,0.38
chr4:123387200-123388400,ENSG00000109471.4$IL2$chr4$123377880$-,0.59
chr4:123423800-123425800,ENSG00000109471.4$IL2$chr4$123377880$-,0.47
chr4:123428000-123430200,ENSG00000109471.4$IL2$chr4$123377880$-,0.52
chr4:123452800-123454800,ENSG00000109471.4$IL2$chr4$123377880$-,0.38
chr4:110589200-110591400,ENSG00000109534.12$GAR1$chr4$110736666$+,0.44
chr4:110625000-110626200,ENSG00000109534.12$GAR1$chr4$110736666$+,0.49
chr4:190868400-190870600,ENSG00000109536.7$FRG1$chr4$190861943$+,0.63
chr4:190870800-190871400,ENSG00000109536.7$FRG1$chr4$190861943$+,0.67
chr4:170613000-170614600,ENSG00000109572.9$CLCN3$chr4$170533784$+,0.53
chr4:170676600-170678600,ENSG00000109572.9$CLCN3$chr4$170533784$+,0.38
chr4:24563800-24564600,ENSG00000109606.8$DHX15$chr4$24586173$-,0.85
chr4:24564800-24565400,ENSG00000109606.8$DHX15$chr4$24586173$-,0.79
chr4:25159400-25161400,ENSG00000109618.7$SEPSECS$chr4$25162204$-,0.35
chr4:25234200-25235200,ENSG00000109618.7$SEPSECS$chr4$25162204$-,0.42
chr4:25240800-25243000,ENSG00000109618.7$SEPSECS$chr4$25162204$-,0.47
chr4:153351200-153353600,ENSG00000109670.9$FBXW7$chr4$153457253$-,0.41
chr4:153363200-153363800,ENSG00000109670.9$FBXW7$chr4$153457253$-,0.42
chr4:153391200-153392000,ENSG00000109670.9$FBXW7$chr4$153457253$-,0.45
chr4:153414600-153416000,ENSG00000109670.9$FBXW7$chr4$153457253$-,0.63
chr4:153416600-153418400,ENSG00000109670.9$FBXW7$chr4$153457253$-,0.72
chr4:153448000-153450400,ENSG00000109670.9$FBXW7$chr4$153457253$-,0.62
chr4:153465200-153467600,ENSG00000109670.9$FBXW7$chr4$153457253$-,0.68
chr4:178149200-178151600,ENSG00000109674.3$NEIL3$chr4$178230990$+,0.58
chr4:178248800-178251000,ENSG00000109674.3$NEIL3$chr4$178230990$+,0.81
chr4:178257400-178258600,ENSG00000109674.3$NEIL3$chr4$178230990$+,0.7
chr4:178260000-178262200,ENSG00000109674.3$NEIL3$chr4$178230990$+,0.68
chr4:178360800-178362800,ENSG00000109674.3$NEIL3$chr4$178230990$+,0.43
chr4:178364200-178365400,ENSG00000109674.3$NEIL3$chr4$178230990$+,0.41
chr4:178367000-178369000,ENSG00000109674.3$NEIL3$chr4$178230990$+,0.4
chr4:26583400-26585200,ENSG00000109680.6$TBC1D19$chr4$26578059$+,0.57
chr4:1732400-1733800,ENSG00000109685.13$WHSC1$chr4$1873151$+,0.42
chr4:26859800-26861800,ENSG00000109689.10$STIM2$chr4$26859300$+,0.37
chr4:26899400-26900400,ENSG00000109689.10$STIM2$chr4$26859300$+,0.63
chr4:26905600-26907600,ENSG00000109689.10$STIM2$chr4$26859300$+,0.63
chr4:26931400-26932000,ENSG00000109689.10$STIM2$chr4$26859300$+,0.49
chr4:26956800-26959200,ENSG00000109689.10$STIM2$chr4$26859300$+,0.38
chr4:26963000-26964400,ENSG00000109689.10$STIM2$chr4$26859300$+,0.4
chr4:26975000-26976800,ENSG00000109689.10$STIM2$chr4$26859300$+,0.39
chr4:26998000-26999800,ENSG00000109689.10$STIM2$chr4$26859300$+,0.39
chr4:2725000-2726800,ENSG00000109736.10$MFSD10$chr4$2936586$-,0.36
chr4:2765000-2766800,ENSG00000109736.10$MFSD10$chr4$2936586$-,0.35
chr4:2843000-2844800,ENSG00000109736.10$MFSD10$chr4$2936586$-,0.4
chr4:160022200-160024200,ENSG00000109756.4$RAPGEF2$chr4$160025330$+,0.38
chr4:186043400-186044600,ENSG00000109762.11$SNX25$chr4$186125391$+,0.38
chr4:186062200-186064000,ENSG00000109762.11$SNX25$chr4$186125391$+,0.51
chr4:186112600-186114400,ENSG00000109762.11$SNX25$chr4$186125391$+,0.64
chr4:186117600-186118200,ENSG00000109762.11$SNX25$chr4$186125391$+,0.6
chr4:186129600-186130800,ENSG00000109762.11$SNX25$chr4$186125391$+,0.73
chr4:186239000-186241000,ENSG00000109762.11$SNX25$chr4$186125391$+,0.39
chr4:186263200-186264000,ENSG00000109762.11$SNX25$chr4$186125391$+,0.37
chr4:186239000-186241000,ENSG00000109771.11$LRP2BP$chr4$186317053$-,0.5
chr4:186260600-186262800,ENSG00000109771.11$LRP2BP$chr4$186317053$-,0.62
chr4:186263200-186264000,ENSG00000109771.11$LRP2BP$chr4$186317053$-,0.69
chr4:186393200-186394000,ENSG00000109771.11$LRP2BP$chr4$186317053$-,0.57
chr4:186393200-186394000,ENSG00000109775.6$UFSP2$chr4$186347139$-,0.55
chr4:38709000-38710600,ENSG00000109787.8$KLF3$chr4$38665817$+,0.55
chr4:38731400-38733600,ENSG00000109787.8$KLF3$chr4$38665817$+,0.55
chr4:38916200-38917800,ENSG00000109790.12$KLHL5$chr4$39046659$+,0.49
chr4:39010000-39012200,ENSG00000109790.12$KLHL5$chr4$39046659$+,0.67
chr4:39058200-39059200,ENSG00000109790.12$KLHL5$chr4$39046659$+,0.77
chr4:39136000-39137600,ENSG00000109790.12$KLHL5$chr4$39046659$+,0.48
chr4:39182600-39183600,ENSG00000109790.12$KLHL5$chr4$39046659$+,0.47
chr4:39185000-39186400,ENSG00000109790.12$KLHL5$chr4$39046659$+,0.47
chr4:17787800-17790200,ENSG00000109805.5$NCAPG$chr4$17812525$+,0.72
chr4:17824400-17824800,ENSG00000109805.5$NCAPG$chr4$17812525$+,0.75
chr11:125755000-125757400,ENSG00000109832.8$DDX25$chr11$125773271$+,0.7
chr11:125808000-125810000,ENSG00000109832.8$DDX25$chr11$125773271$+,0.75
chr11:125933200-125934800,ENSG00000109832.8$DDX25$chr11$125773271$+,0.55
chr11:20407400-20408600,ENSG00000109854.9$HTATIP2$chr11$20385231$+,0.62
chr11:20410000-20412200,ENSG00000109854.9$HTATIP2$chr11$20385231$+,0.55
chr11:20418200-20419200,ENSG00000109854.9$HTATIP2$chr11$20385231$+,0.52
chr11:20472400-20474000,ENSG00000109854.9$HTATIP2$chr11$20385231$+,0.47
chr11:88052800-88054600,ENSG00000109861.11$CTSC$chr11$88070955$-,0.58
chr11:88096000-88098400,ENSG00000109861.11$CTSC$chr11$88070955$-,0.69
chr11:88100200-88102200,ENSG00000109861.11$CTSC$chr11$88070955$-,0.68
chr11:88157600-88159200,ENSG00000109861.11$CTSC$chr11$88070955$-,0.49
chr11:27517200-27519400,ENSG00000109881.12$CCDC34$chr11$27385415$-,0.52
chr11:27528800-27530000,ENSG00000109881.12$CCDC34$chr11$27385415$-,0.47
chr11:31390000-31391000,ENSG00000109911.13$ELP4$chr11$31531297$+,0.4
chr11:31521000-31523200,ENSG00000109911.13$ELP4$chr11$31531297$+,0.63
chr11:31550800-31551200,ENSG00000109911.13$ELP4$chr11$31531297$+,0.7
chr11:116644400-116646000,ENSG00000109917.6$ZNF259$chr11$116658766$-,0.55
chr11:47574800-47576200,ENSG00000109919.5$MTCH2$chr11$47664175$-,0.52
chr11:47585400-47586600,ENSG00000109919.5$MTCH2$chr11$47664175$-,0.55
chr11:47735400-47736400,ENSG00000109919.5$MTCH2$chr11$47664175$-,0.57
chr11:47785200-47787600,ENSG00000109919.5$MTCH2$chr11$47664175$-,0.54
chr11:47789800-47791400,ENSG00000109919.5$MTCH2$chr11$47664175$-,0.43
chr11:47574800-47576200,ENSG00000109920.8$FNBP4$chr11$47788995$-,0.37
chr11:47585400-47586600,ENSG00000109920.8$FNBP4$chr11$47788995$-,0.37
chr11:47735400-47736400,ENSG00000109920.8$FNBP4$chr11$47788995$-,0.47
chr11:47785200-47787600,ENSG00000109920.8$FNBP4$chr11$47788995$-,0.52
chr11:47949000-47951000,ENSG00000109920.8$FNBP4$chr11$47788995$-,0.35
chr11:47955000-47957200,ENSG00000109920.8$FNBP4$chr11$47788995$-,0.46
chr11:121065400-121066400,ENSG00000109929.5$SC5D$chr11$121163162$+,0.38
chr11:121267600-121267800,ENSG00000109929.5$SC5D$chr11$121163162$+,0.41
chr11:121362200-121362600,ENSG00000109929.5$SC5D$chr11$121163162$+,0.35
chr11:122757600-122758200,ENSG00000109943.4$CRTAM$chr11$122709208$+,0.48
chr11:122854200-122856000,ENSG00000109943.4$CRTAM$chr11$122709208$+,0.39
chr11:122757600-122758200,ENSG00000109944.6$C11orf63$chr11$122753391$+,0.61
chr11:122854200-122856000,ENSG00000109944.6$C11orf63$chr11$122753391$+,0.57
chr11:122893400-122894800,ENSG00000109944.6$C11orf63$chr11$122753391$+,0.35
chr11:122854200-122856000,ENSG00000109971.9$HSPA8$chr11$122933938$-,0.44
chr11:122893400-122894800,ENSG00000109971.9$HSPA8$chr11$122933938$-,0.5
chr11:123117400-123119000,ENSG00000109971.9$HSPA8$chr11$122933938$-,0.37
chr11:123982400-123983200,ENSG00000110002.11$VWA5A$chr11$123986069$+,0.46
chr11:63934000-63936200,ENSG00000110011.9$DNAJC4$chr11$63997750$+,0.55
chr11:63959400-63960800,ENSG00000110011.9$DNAJC4$chr11$63997750$+,0.48
chr11:64026600-64028000,ENSG00000110011.9$DNAJC4$chr11$63997750$+,0.71
chr11:64070600-64072000,ENSG00000110011.9$DNAJC4$chr11$63997750$+,0.5
chr11:64074000-64076000,ENSG00000110011.9$DNAJC4$chr11$63997750$+,0.57
chr11:64690600-64691800,ENSG00000110025.8$SNX15$chr11$64794880$+,0.37
chr11:64692800-64695200,ENSG00000110025.8$SNX15$chr11$64794880$+,0.36
chr11:64780200-64781400,ENSG00000110025.8$SNX15$chr11$64794880$+,0.47
chr11:64805800-64808200,ENSG00000110025.8$SNX15$chr11$64794880$+,0.49
chr11:58306600-58307600,ENSG00000110031.8$LPXN$chr11$58345693$-,0.66
chr11:58908600-58909800,ENSG00000110042.3$DTX4$chr11$58938903$+,0.59
chr11:58924400-58926400,ENSG00000110042.3$DTX4$chr11$58938903$+,0.59
chr11:64578000-64579000,ENSG00000110046.8$ATG2A$chr11$64684722$-,0.44
chr11:64690600-64691800,ENSG00000110046.8$ATG2A$chr11$64684722$-,0.68
chr11:64692800-64695200,ENSG00000110046.8$ATG2A$chr11$64684722$-,0.65
chr11:64780200-64781400,ENSG00000110046.8$ATG2A$chr11$64684722$-,0.51
chr11:64805800-64808200,ENSG00000110046.8$ATG2A$chr11$64684722$-,0.44
chr11:64578000-64579000,ENSG00000110047.13$EHD1$chr11$64655768$-,0.39
chr11:64690600-64691800,ENSG00000110047.13$EHD1$chr11$64655768$-,0.57
chr11:64692800-64695200,ENSG00000110047.13$EHD1$chr11$64655768$-,0.56
chr11:64780200-64781400,ENSG00000110047.13$EHD1$chr11$64655768$-,0.39
chr11:59303800-59304800,ENSG00000110048.7$OSBP$chr11$59383617$-,0.46
chr11:59305200-59306000,ENSG00000110048.7$OSBP$chr11$59383617$-,0.46
chr11:59328600-59330400,ENSG00000110048.7$OSBP$chr11$59383617$-,0.55
chr11:59333800-59336000,ENSG00000110048.7$OSBP$chr11$59383617$-,0.53
chr11:59437400-59439600,ENSG00000110048.7$OSBP$chr11$59383617$-,0.55
chr11:67573600-67575400,ENSG00000110057.3$UNC93B1$chr11$67772452$-,0.38
chr11:67644000-67646400,ENSG00000110057.3$UNC93B1$chr11$67772452$-,0.41
chr11:67687600-67689200,ENSG00000110057.3$UNC93B1$chr11$67772452$-,0.56
chr11:67721800-67724200,ENSG00000110057.3$UNC93B1$chr11$67772452$-,0.59
chr11:125755000-125757400,ENSG00000110060.4$PUS3$chr11$125773116$-,0.7
chr11:125808000-125810000,ENSG00000110060.4$PUS3$chr11$125773116$-,0.8
chr11:125933200-125934800,ENSG00000110060.4$PUS3$chr11$125773116$-,0.53
chr11:126139400-126141600,ENSG00000110063.4$DCPS$chr11$126173647$+,0.61
chr11:126171800-126173400,ENSG00000110074.6$FOXRED1$chr11$126138950$+,0.54
chr11:68250400-68251800,ENSG00000110075.10$PPP6R3$chr11$68228186$+,0.41
chr11:64578000-64579000,ENSG00000110076.14$NRXN2$chr11$64490660$-,0.42
chr11:64690600-64691800,ENSG00000110076.14$NRXN2$chr11$64490660$-,0.46
chr11:64692800-64695200,ENSG00000110076.14$NRXN2$chr11$64490660$-,0.38
chr11:59942800-59944600,ENSG00000110077.10$MS4A6A$chr11$59952139$-,0.68
chr11:68672200-68674000,ENSG00000110090.8$CPT1A$chr11$68611878$-,0.53
chr11:69490000-69491200,ENSG00000110092.3$CCND1$chr11$69455855$+,0.37
chr11:69499600-69502000,ENSG00000110092.3$CCND1$chr11$69455855$+,0.37
chr11:60865200-60867600,ENSG00000110107.4$PRPF19$chr11$60674060$-,0.43
chr11:60674400-60676200,ENSG00000110108.5$TMEM109$chr11$60681346$+,0.49
chr11:6256800-6257600,ENSG00000110148.5$CCKBR$chr11$6280966$+,0.59
chr11:6440800-6441800,ENSG00000110169.6$HPX$chr11$6463847$-,0.57
chr11:6503400-6505400,ENSG00000110169.6$HPX$chr11$6463847$-,0.57
chr11:6503400-6505400,ENSG00000110171.14$TRIM3$chr11$6495689$-,0.46
chr11:89935400-89936200,ENSG00000110172.7$CHORDC1$chr11$89956532$-,0.67
chr11:89983600-89985800,ENSG00000110172.7$CHORDC1$chr11$89956532$-,0.71
chr11:71814400-71815800,ENSG00000110200.4$ANAPC15$chr11$71823826$-,0.55
chr11:71814400-71815800,ENSG00000110203.4$FOLR3$chr11$71825915$+,0.63
chr11:71821000-71823000,ENSG00000110203.4$FOLR3$chr11$71825915$+,0.6
chr11:93897600-93897800,ENSG00000110218.4$PANX1$chr11$93862094$+,0.56
chr11:116644400-116646000,ENSG00000110243.7$APOA5$chr11$116663136$-,0.39
chr11:117197400-117198400,ENSG00000110274.10$CEP164$chr11$117185273$+,0.41
chr11:10494600-10496600,ENSG00000110315.2$RNF141$chr11$10562777$-,0.49
chr11:10649200-10651600,ENSG00000110315.2$RNF141$chr11$10562777$-,0.55
chr11:101981400-101983400,ENSG00000110318.9$KIAA1377$chr11$101785746$+,0.35
chr11:10822000-10822600,ENSG00000110321.11$EIF4G2$chr11$10830657$-,0.61
chr11:10880800-10882800,ENSG00000110321.11$EIF4G2$chr11$10830657$-,0.6
chr11:10899600-10901600,ENSG00000110321.11$EIF4G2$chr11$10830657$-,0.57
chr11:117789600-117791200,ENSG00000110324.5$IL10RA$chr11$117857063$+,0.49
chr11:117898800-117899000,ENSG00000110324.5$IL10RA$chr11$117857063$+,0.51
chr11:117899200-117900800,ENSG00000110324.5$IL10RA$chr11$117857063$+,0.48
chr11:117903600-117905000,ENSG00000110324.5$IL10RA$chr11$117857063$+,0.49
chr11:117912400-117914200,ENSG00000110324.5$IL10RA$chr11$117857063$+,0.52
chr11:117919200-117920000,ENSG00000110324.5$IL10RA$chr11$117857063$+,0.53
chr11:117920800-117921200,ENSG00000110324.5$IL10RA$chr11$117857063$+,0.53
chr11:101981400-101983400,ENSG00000110330.4$BIRC2$chr11$102217942$+,0.35
chr11:102227600-102230000,ENSG00000110330.4$BIRC2$chr11$102217942$+,0.63
chr11:102261000-102263000,ENSG00000110330.4$BIRC2$chr11$102217942$+,0.52
chr11:102313200-102315000,ENSG00000110330.4$BIRC2$chr11$102217942$+,0.56
chr11:118123400-118125400,ENSG00000110344.5$UBE4A$chr11$118230300$+,0.37
chr11:118161200-118163200,ENSG00000110344.5$UBE4A$chr11$118230300$+,0.48
chr11:118165800-118167800,ENSG00000110344.5$UBE4A$chr11$118230300$+,0.54
chr11:118223200-118224400,ENSG00000110344.5$UBE4A$chr11$118230300$+,0.57
chr11:118304400-118305600,ENSG00000110344.5$UBE4A$chr11$118230300$+,0.38
chr11:118323600-118326000,ENSG00000110344.5$UBE4A$chr11$118230300$+,0.42
chr11:118326400-118327000,ENSG00000110344.5$UBE4A$chr11$118230300$+,0.41
chr11:118567400-118568400,ENSG00000110367.7$DDX6$chr11$118661858$-,0.4
chr11:118633200-118635400,ENSG00000110367.7$DDX6$chr11$118661858$-,0.71
chr11:118800600-118802800,ENSG00000110367.7$DDX6$chr11$118661858$-,0.45
chr11:118990000-118992200,ENSG00000110395.4$CBL$chr11$119076752$+,0.5
chr11:118993000-118994400,ENSG00000110395.4$CBL$chr11$119076752$+,0.49
chr11:119047800-119050000,ENSG00000110395.4$CBL$chr11$119076752$+,0.51
chr11:119096800-119098200,ENSG00000110395.4$CBL$chr11$119076752$+,0.48
chr11:33183000-33185200,ENSG00000110422.7$HIPK3$chr11$33278218$+,0.49
chr11:33305400-33306600,ENSG00000110422.7$HIPK3$chr11$33278218$+,0.63
chr11:33383000-33384400,ENSG00000110422.7$HIPK3$chr11$33278218$+,0.37
chr11:33823000-33824800,ENSG00000110429.9$FBXO3$chr11$33796089$-,0.64
chr11:34841400-34842200,ENSG00000110435.7$PDHX$chr11$34937376$+,0.42
chr11:36308000-36310400,ENSG00000110442.7$COMMD9$chr11$36310999$-,0.35
chr11:60674400-60676200,ENSG00000110446.5$SLC15A3$chr11$60720002$-,0.41
chr11:60824000-60825200,ENSG00000110448.6$CD5$chr11$60869867$+,0.49
chr11:60865200-60867600,ENSG00000110448.6$CD5$chr11$60869867$+,0.65
chr11:44115200-44117400,ENSG00000110455.9$ACCS$chr11$44087475$+,0.69
chr11:46348000-46349800,ENSG00000110492.11$MDK$chr11$46402306$+,0.36
chr11:46569200-46570600,ENSG00000110497.10$AMBRA1$chr11$46615675$-,0.5
chr11:46600600-46602600,ENSG00000110497.10$AMBRA1$chr11$46615675$-,0.5
chr11:46603400-46604600,ENSG00000110497.10$AMBRA1$chr11$46615675$-,0.63
chr11:46636000-46638400,ENSG00000110497.10$AMBRA1$chr11$46615675$-,0.66
chr11:46645600-46648000,ENSG00000110497.10$AMBRA1$chr11$46615675$-,0.55
chr11:46723000-46725200,ENSG00000110497.10$AMBRA1$chr11$46615675$-,0.45
chr11:47234400-47236600,ENSG00000110514.14$MADD$chr11$47290712$+,0.55
chr11:47271000-47272400,ENSG00000110514.14$MADD$chr11$47290712$+,0.63
chr11:47574800-47576200,ENSG00000110536.9$PTPMT1$chr11$47586982$+,0.62
chr11:47664400-47665600,ENSG00000110536.9$PTPMT1$chr11$47586982$+,0.67
chr11:47735400-47736400,ENSG00000110536.9$PTPMT1$chr11$47586982$+,0.56
chr11:47785200-47787600,ENSG00000110536.9$PTPMT1$chr11$47586982$+,0.38
chr11:63737000-63739400,ENSG00000110583.8$NAA40$chr11$63706431$+,0.56
chr11:63754600-63756800,ENSG00000110583.8$NAA40$chr11$63706431$+,0.48
chr11:3013600-3015000,ENSG00000110619.12$CARS$chr11$3078843$-,0.48
chr11:3013600-3015000,ENSG00000110628.9$SLC22A18$chr11$2920951$+,0.45
chr11:107730200-107731600,ENSG00000110660.10$SLC35F2$chr11$107799019$-,0.51
chr11:107878800-107879600,ENSG00000110660.10$SLC35F2$chr11$107799019$-,0.52
chr11:2422600-2424400,ENSG00000110665.7$C11orf21$chr11$2324279$-,0.47
chr11:67156600-67158800,ENSG00000110697.8$PITPNM1$chr11$67273734$-,0.45
chr11:67194200-67195400,ENSG00000110697.8$PITPNM1$chr11$67273734$-,0.54
chr11:67375000-67377200,ENSG00000110697.8$PITPNM1$chr11$67273734$-,0.52
chr11:67498000-67500400,ENSG00000110697.8$PITPNM1$chr11$67273734$-,0.39
chr11:67156600-67158800,ENSG00000110711.5$AIP$chr11$67250512$+,0.39
chr11:67194200-67195400,ENSG00000110711.5$AIP$chr11$67250512$+,0.53
chr11:67375000-67377200,ENSG00000110711.5$AIP$chr11$67250512$+,0.49
chr11:3869400-3871000,ENSG00000110713.11$NUP98$chr11$3819022$-,0.4
chr11:67687600-67689200,ENSG00000110717.6$NDUFS8$chr11$67798084$+,0.36
chr11:67687600-67689200,ENSG00000110719.5$TCIRG1$chr11$67806483$+,0.37
chr11:67721800-67724200,ENSG00000110719.5$TCIRG1$chr11$67806483$+,0.49
chr11:108533400-108535600,ENSG00000110723.7$EXPH5$chr11$108464465$-,0.55
chr11:108609400-108609800,ENSG00000110723.7$EXPH5$chr11$108464465$-,0.38
chr11:18431800-18433000,ENSG00000110756.13$HPS5$chr11$18343745$-,0.36
chr11:18431800-18433000,ENSG00000110768.7$GTF2H1$chr11$18343842$+,0.39
chr12:122194200-122196200,ENSG00000110801.9$PSMD9$chr12$122326637$+,0.43
chr12:122346400-122347000,ENSG00000110801.9$PSMD9$chr12$122326637$+,0.59
chr12:122349400-122350800,ENSG00000110801.9$PSMD9$chr12$122326637$+,0.57
chr12:50014200-50016400,ENSG00000110844.9$PRPF40B$chr12$49962001$+,0.59
chr12:10041400-10042200,ENSG00000110848.4$CD69$chr12$9913497$-,0.44
chr12:9757800-9759600,ENSG00000110848.4$CD69$chr12$9913497$-,0.35
chr12:9759800-9761200,ENSG00000110848.4$CD69$chr12$9913497$-,0.36
chr12:9772000-9773600,ENSG00000110848.4$CD69$chr12$9913497$-,0.35
chr12:9779200-9780000,ENSG00000110848.4$CD69$chr12$9913497$-,0.39
chr12:9790000-9792400,ENSG00000110848.4$CD69$chr12$9913497$-,0.37
chr12:9812000-9813200,ENSG00000110848.4$CD69$chr12$9913497$-,0.49
chr12:9843400-9845800,ENSG00000110848.4$CD69$chr12$9913497$-,0.56
chr12:9931400-9932800,ENSG00000110848.4$CD69$chr12$9913497$-,0.7
chr12:107934200-107935600,ENSG00000110851.7$PRDM4$chr12$108155049$-,0.47
chr12:108077600-108079200,ENSG00000110851.7$PRDM4$chr12$108155049$-,0.48
chr12:108080200-108082000,ENSG00000110851.7$PRDM4$chr12$108155049$-,0.48
chr12:10041400-10042200,ENSG00000110852.4$CLEC2B$chr12$10022735$-,0.7
chr12:10113000-10115400,ENSG00000110852.4$CLEC2B$chr12$10022735$-,0.5
chr12:9931400-9932800,ENSG00000110852.4$CLEC2B$chr12$10022735$-,0.51
chr12:120874800-120875400,ENSG00000110871.10$COQ5$chr12$120972237$-,0.44
chr12:120876400-120878800,ENSG00000110871.10$COQ5$chr12$120972237$-,0.45
chr12:120881600-120883600,ENSG00000110871.10$COQ5$chr12$120972237$-,0.43
chr12:120932200-120933600,ENSG00000110871.10$COQ5$chr12$120972237$-,0.62
chr12:109018000-109018200,ENSG00000110876.8$SELPLG$chr12$109027735$-,0.39
chr12:109018000-109018200,ENSG00000110880.6$CORO1C$chr12$109125372$-,0.43
chr12:50407000-50408600,ENSG00000110881.7$ASIC1$chr12$50451331$+,0.44
chr12:50558000-50560400,ENSG00000110881.7$ASIC1$chr12$50451331$+,0.4
chr12:109982000-109984400,ENSG00000110906.8$KCTD10$chr12$109915349$-,0.62
chr12:110012000-110014200,ENSG00000110906.8$KCTD10$chr12$109915349$-,0.58
chr12:121146400-121148200,ENSG00000110917.3$MLEC$chr12$121124672$+,0.44
chr12:109982000-109984400,ENSG00000110921.7$MVK$chr12$110011060$+,0.62
chr12:110012000-110014200,ENSG00000110921.7$MVK$chr12$110011060$+,0.36
chr12:51440400-51441600,ENSG00000110925.2$CSRNP2$chr12$51477447$-,0.51
chr12:51442600-51444800,ENSG00000110925.2$CSRNP2$chr12$51477447$-,0.55
chr12:51557600-51558000,ENSG00000110925.2$CSRNP2$chr12$51477447$-,0.49
chr12:51594600-51595200,ENSG00000110925.2$CSRNP2$chr12$51477447$-,0.35
chr12:51609400-51611000,ENSG00000110925.2$CSRNP2$chr12$51477447$-,0.36
chr12:121751200-121753600,ENSG00000110931.14$CAMKK2$chr12$121736111$-,0.67
chr12:121771400-121772800,ENSG00000110931.14$CAMKK2$chr12$121736111$-,0.69
chr12:121790800-121791800,ENSG00000110931.14$CAMKK2$chr12$121736111$-,0.49
chr12:121828200-121830600,ENSG00000110931.14$CAMKK2$chr12$121736111$-,0.36
chr12:51442600-51444800,ENSG00000110934.6$BIN2$chr12$51718452$-,0.36
chr12:51557600-51558000,ENSG00000110934.6$BIN2$chr12$51718452$-,0.37
chr12:51594600-51595200,ENSG00000110934.6$BIN2$chr12$51718452$-,0.42
chr12:51609400-51611000,ENSG00000110934.6$BIN2$chr12$51718452$-,0.39
chr12:51612400-51614200,ENSG00000110934.6$BIN2$chr12$51718452$-,0.42
chr12:51832800-51834600,ENSG00000110934.6$BIN2$chr12$51718452$-,0.5
chr12:51834800-51837000,ENSG00000110934.6$BIN2$chr12$51718452$-,0.4
chr12:56596000-56597400,ENSG00000110944.4$IL23A$chr12$56732663$+,0.41
chr12:56612800-56615000,ENSG00000110944.4$IL23A$chr12$56732663$+,0.41
chr12:56616200-56618200,ENSG00000110944.4$IL23A$chr12$56732663$+,0.4
chr12:56618600-56620200,ENSG00000110944.4$IL23A$chr12$56732663$+,0.44
chr12:56659200-56660400,ENSG00000110944.4$IL23A$chr12$56732663$+,0.41
chr12:56661200-56662800,ENSG00000110944.4$IL23A$chr12$56732663$+,0.42
chr12:56708000-56709000,ENSG00000110944.4$IL23A$chr12$56732663$+,0.43
chr12:56710400-56711600,ENSG00000110944.4$IL23A$chr12$56732663$+,0.57
chr12:56726000-56727200,ENSG00000110944.4$IL23A$chr12$56732663$+,0.45
chr12:56754800-56756400,ENSG00000110944.4$IL23A$chr12$56732663$+,0.48
chr12:56818000-56820200,ENSG00000110944.4$IL23A$chr12$56732663$+,0.4
chr12:56843400-56845400,ENSG00000110944.4$IL23A$chr12$56732663$+,0.38
chr12:56818000-56820200,ENSG00000110955.4$ATP5B$chr12$57039798$-,0.38
chr12:56843400-56845400,ENSG00000110955.4$ATP5B$chr12$57039798$-,0.35
chr12:57061200-57063200,ENSG00000110955.4$ATP5B$chr12$57039798$-,0.53
chr12:57119600-57121600,ENSG00000110955.4$ATP5B$chr12$57039798$-,0.46
chr12:56843400-56845400,ENSG00000110958.11$PTGES3$chr12$57082159$-,0.41
chr12:57061200-57063200,ENSG00000110958.11$PTGES3$chr12$57082159$-,0.57
chr12:57119600-57121600,ENSG00000110958.11$PTGES3$chr12$57082159$-,0.61
chr12:122933000-122935400,ENSG00000111011.13$RSRC2$chr12$123011547$-,0.44
chr12:122954400-122956800,ENSG00000111011.13$RSRC2$chr12$123011547$-,0.57
chr12:122985600-122988000,ENSG00000111011.13$RSRC2$chr12$123011547$-,0.74
chr12:58139400-58141400,ENSG00000111012.5$CYP27B1$chr12$58162769$-,0.41
chr12:58150000-58152400,ENSG00000111012.5$CYP27B1$chr12$58162769$-,0.4
chr12:58152600-58154400,ENSG00000111012.5$CYP27B1$chr12$58162769$-,0.43
chr12:53397600-53399600,ENSG00000111077.13$TENC1$chr12$53440753$+,0.36
chr12:53431800-53434000,ENSG00000111077.13$TENC1$chr12$53440753$+,0.71
chr12:57748000-57748200,ENSG00000111087.5$GLI1$chr12$57853918$+,0.46
chr12:57821400-57823800,ENSG00000111087.5$GLI1$chr12$57853918$+,0.64
chr12:57825200-57827400,ENSG00000111087.5$GLI1$chr12$57853918$+,0.63
chr12:57881000-57881800,ENSG00000111087.5$GLI1$chr12$57853918$+,0.52
chr12:57914400-57916000,ENSG00000111087.5$GLI1$chr12$57853918$+,0.52
chr12:57999000-58001400,ENSG00000111087.5$GLI1$chr12$57853918$+,0.43
chr12:58086400-58088000,ENSG00000111087.5$GLI1$chr12$57853918$+,0.37
chr12:58088600-58090200,ENSG00000111087.5$GLI1$chr12$57853918$+,0.38
chr12:95821600-95823600,ENSG00000111142.9$METAP2$chr12$95867296$+,0.6
chr12:96429800-96432200,ENSG00000111144.5$LTA4H$chr12$96437298$-,0.48
chr12:96700800-96702200,ENSG00000111145.3$ELK3$chr12$96588160$+,0.41
chr12:10853600-10855200,ENSG00000111196.5$MAGOHB$chr12$10766222$-,0.38
chr12:2997800-2999600,ENSG00000111203.7$ITFG2$chr12$2921788$+,0.51
chr12:2920800-2921400,ENSG00000111206.8$FOXM1$chr12$2986206$-,0.63
chr12:2997800-2999600,ENSG00000111206.8$FOXM1$chr12$2986206$-,0.6
chr12:11261000-11263400,ENSG00000111215.7$PRR4$chr12$11324212$-,0.63
chr12:11316200-11317200,ENSG00000111215.7$PRR4$chr12$11324212$-,0.64
chr12:3975800-3976200,ENSG00000111224.9$PARP11$chr12$3982608$-,0.7
chr12:3998800-3999000,ENSG00000111224.9$PARP11$chr12$3982608$-,0.46
chr12:4059600-4061400,ENSG00000111224.9$PARP11$chr12$3982608$-,0.44
chr12:110822000-110823600,ENSG00000111229.11$ARPC3$chr12$110888227$-,0.56
chr12:110841800-110843400,ENSG00000111229.11$ARPC3$chr12$110888227$-,0.5
chr12:110867800-110869600,ENSG00000111229.11$ARPC3$chr12$110888227$-,0.51
chr12:110907200-110909600,ENSG00000111229.11$ARPC3$chr12$110888227$-,0.55
chr12:110940000-110941800,ENSG00000111229.11$ARPC3$chr12$110888227$-,0.45
chr12:110822000-110823600,ENSG00000111231.4$GPN3$chr12$110907073$-,0.53
chr12:110841800-110843400,ENSG00000111231.4$GPN3$chr12$110907073$-,0.52
chr12:110867800-110869600,ENSG00000111231.4$GPN3$chr12$110907073$-,0.58
chr12:110940000-110941800,ENSG00000111231.4$GPN3$chr12$110907073$-,0.44
chr12:110822000-110823600,ENSG00000111237.14$VPS29$chr12$110939922$-,0.53
chr12:110841800-110843400,ENSG00000111237.14$VPS29$chr12$110939922$-,0.56
chr12:110867800-110869600,ENSG00000111237.14$VPS29$chr12$110939922$-,0.51
chr12:110907200-110909600,ENSG00000111237.14$VPS29$chr12$110939922$-,0.51
chr12:4636400-4636800,ENSG00000111247.10$RAD51AP1$chr12$4647950$+,0.78
chr12:4639400-4641600,ENSG00000111247.10$RAD51AP1$chr12$4647950$+,0.72
chr12:4756400-4757600,ENSG00000111247.10$RAD51AP1$chr12$4647950$+,0.41
chr12:111751400-111753600,ENSG00000111252.6$SH2B3$chr12$111843752$+,0.54
chr12:111807000-111808400,ENSG00000111252.6$SH2B3$chr12$111843752$+,0.63
chr12:111943200-111944200,ENSG00000111252.6$SH2B3$chr12$111843752$+,0.42
chr12:111983600-111985200,ENSG00000111252.6$SH2B3$chr12$111843752$+,0.36
chr12:112037800-112039400,ENSG00000111252.6$SH2B3$chr12$111843752$+,0.42
chr12:4636400-4636800,ENSG00000111254.3$AKAP3$chr12$4758213$-,0.37
chr12:4639400-4641600,ENSG00000111254.3$AKAP3$chr12$4758213$-,0.4
chr12:12324200-12326600,ENSG00000111261.9$MANSC1$chr12$12503475$-,0.41
chr12:12480000-12481200,ENSG00000111261.9$MANSC1$chr12$12503475$-,0.65
chr12:12522200-12522600,ENSG00000111261.9$MANSC1$chr12$12503475$-,0.67
chr12:12529400-12530800,ENSG00000111261.9$MANSC1$chr12$12503475$-,0.64
chr12:12535000-12535800,ENSG00000111261.9$MANSC1$chr12$12503475$-,0.57
chr12:12546800-12548200,ENSG00000111261.9$MANSC1$chr12$12503475$-,0.61
chr12:12560600-12562400,ENSG00000111261.9$MANSC1$chr12$12503475$-,0.55
chr12:12568600-12570600,ENSG00000111261.9$MANSC1$chr12$12503475$-,0.45
chr12:12577800-12580000,ENSG00000111261.9$MANSC1$chr12$12503475$-,0.44
chr12:12560600-12562400,ENSG00000111266.4$DUSP16$chr12$12715317$-,0.5
chr12:12568600-12570600,ENSG00000111266.4$DUSP16$chr12$12715317$-,0.49
chr12:12577800-12580000,ENSG00000111266.4$DUSP16$chr12$12715317$-,0.43
chr12:12590000-12591200,ENSG00000111266.4$DUSP16$chr12$12715317$-,0.5
chr12:12716000-12718400,ENSG00000111266.4$DUSP16$chr12$12715317$-,0.38
chr12:12763200-12764600,ENSG00000111266.4$DUSP16$chr12$12715317$-,0.58
chr12:12848200-12849200,ENSG00000111266.4$DUSP16$chr12$12715317$-,0.38
chr12:12863400-12863800,ENSG00000111266.4$DUSP16$chr12$12715317$-,0.36
chr12:12590000-12591200,ENSG00000111269.2$CREBL2$chr12$12764761$+,0.46
chr12:12716000-12718400,ENSG00000111269.2$CREBL2$chr12$12764761$+,0.63
chr12:12842000-12843800,ENSG00000111269.2$CREBL2$chr12$12764761$+,0.52
chr12:12848200-12849200,ENSG00000111269.2$CREBL2$chr12$12764761$+,0.46
chr12:12863400-12863800,ENSG00000111269.2$CREBL2$chr12$12764761$+,0.44
chr12:111983600-111985200,ENSG00000111271.10$ACAD10$chr12$112123857$+,0.41
chr12:112037800-112039400,ENSG00000111271.10$ACAD10$chr12$112123857$+,0.56
chr12:112124400-112126400,ENSG00000111271.10$ACAD10$chr12$112123857$+,0.36
chr12:112250200-112251600,ENSG00000111271.10$ACAD10$chr12$112123857$+,0.38
chr12:112272200-112274400,ENSG00000111271.10$ACAD10$chr12$112123857$+,0.44
chr12:12716000-12718400,ENSG00000111276.6$CDKN1B$chr12$12867992$+,0.36
chr12:12763200-12764600,ENSG00000111276.6$CDKN1B$chr12$12867992$+,0.38
chr12:12842000-12843800,ENSG00000111276.6$CDKN1B$chr12$12867992$+,0.47
chr12:12848200-12849200,ENSG00000111276.6$CDKN1B$chr12$12867992$+,0.43
chr12:12863400-12863800,ENSG00000111276.6$CDKN1B$chr12$12867992$+,0.55
chr12:13042600-13044200,ENSG00000111291.4$GPRC5D$chr12$13105081$-,0.46
chr12:13195800-13197200,ENSG00000111291.4$GPRC5D$chr12$13105081$-,0.44
chr12:13198000-13199400,ENSG00000111291.4$GPRC5D$chr12$13105081$-,0.5
chr12:112463400-112465400,ENSG00000111300.5$NAA25$chr12$112546826$-,0.4
chr12:112595800-112597800,ENSG00000111300.5$NAA25$chr12$112546826$-,0.46
chr12:112608000-112609200,ENSG00000111300.5$NAA25$chr12$112546826$-,0.54
chr12:123310200-123312600,ENSG00000111325.12$OGFOD2$chr12$123459127$+,0.39
chr12:123317800-123319400,ENSG00000111325.12$OGFOD2$chr12$123459127$+,0.53
chr12:113371800-113373000,ENSG00000111331.8$OAS3$chr12$113376157$+,0.63
chr12:113486400-113488400,ENSG00000111331.8$OAS3$chr12$113376157$+,0.48
chr12:113540600-113542800,ENSG00000111331.8$OAS3$chr12$113376157$+,0.37
chr12:113547200-113548800,ENSG00000111331.8$OAS3$chr12$113376157$+,0.41
chr12:113624000-113626400,ENSG00000111331.8$OAS3$chr12$113376157$+,0.37
chr12:113371800-113373000,ENSG00000111335.8$OAS2$chr12$113416200$+,0.51
chr12:113486400-113488400,ENSG00000111335.8$OAS2$chr12$113416200$+,0.51
chr12:14957200-14959200,ENSG00000111339.6$ART4$chr12$14996429$-,0.49
chr12:14962800-14965000,ENSG00000111339.6$ART4$chr12$14996429$-,0.48
chr12:113371800-113373000,ENSG00000111344.7$RASAL1$chr12$113574044$-,0.38
chr12:113540600-113542800,ENSG00000111344.7$RASAL1$chr12$113574044$-,0.68
chr12:113547200-113548800,ENSG00000111344.7$RASAL1$chr12$113574044$-,0.68
chr12:113624000-113626400,ENSG00000111344.7$RASAL1$chr12$113574044$-,0.43
chr12:14953400-14955800,ENSG00000111348.4$ARHGDIB$chr12$15114662$-,0.39
chr12:14957200-14959200,ENSG00000111348.4$ARHGDIB$chr12$15114662$-,0.43
chr12:14962800-14965000,ENSG00000111348.4$ARHGDIB$chr12$15114662$-,0.39
chr12:15097400-15097800,ENSG00000111348.4$ARHGDIB$chr12$15114662$-,0.42
chr12:124084200-124086000,ENSG00000111358.9$GTF2H3$chr12$124118375$+,0.56
chr12:124155000-124155800,ENSG00000111358.9$GTF2H3$chr12$124118375$+,0.54
chr12:124156200-124158600,ENSG00000111358.9$GTF2H3$chr12$124118375$+,0.58
chr12:124195400-124196600,ENSG00000111358.9$GTF2H3$chr12$124118375$+,0.41
chr12:124084200-124086000,ENSG00000111361.8$EIF2B1$chr12$124118313$-,0.63
chr12:124155000-124155800,ENSG00000111361.8$EIF2B1$chr12$124118313$-,0.57
chr12:124156200-124158600,ENSG00000111361.8$EIF2B1$chr12$124118313$-,0.59
chr12:124195400-124196600,ENSG00000111361.8$EIF2B1$chr12$124118313$-,0.41
chr12:123921400-123922800,ENSG00000111364.11$DDX55$chr12$124086624$+,0.39
chr12:124116400-124117800,ENSG00000111364.11$DDX55$chr12$124086624$+,0.54
chr12:124118800-124120800,ENSG00000111364.11$DDX55$chr12$124086624$+,0.53
chr12:124155000-124155800,ENSG00000111364.11$DDX55$chr12$124086624$+,0.47
chr12:124156200-124158600,ENSG00000111364.11$DDX55$chr12$124086624$+,0.43
chr12:124195400-124196600,ENSG00000111364.11$DDX55$chr12$124086624$+,0.4
chr12:46634000-46635600,ENSG00000111371.11$SLC38A1$chr12$46663800$-,0.67
chr12:46642600-46644600,ENSG00000111371.11$SLC38A1$chr12$46663800$-,0.66
chr12:46743000-46744000,ENSG00000111371.11$SLC38A1$chr12$46663800$-,0.6
chr12:46767400-46769200,ENSG00000111371.11$SLC38A1$chr12$46663800$-,0.38
chr12:117255000-117256600,ENSG00000111412.4$C12orf49$chr12$117175875$-,0.57
chr12:118312600-118314600,ENSG00000111445.9$RFC5$chr12$118451393$+,0.42
chr12:118571400-118573600,ENSG00000111445.9$RFC5$chr12$118451393$+,0.41
chr12:131238600-131240200,ENSG00000111450.9$STX2$chr12$131323811$-,0.56
chr12:54600600-54602800,ENSG00000111481.5$COPZ1$chr12$54694986$+,0.35
chr12:54664000-54664800,ENSG00000111481.5$COPZ1$chr12$54694986$+,0.63
chr12:65153800-65156000,ENSG00000111490.8$TBC1D30$chr12$65174589$+,0.42
chr12:67661000-67662200,ENSG00000111530.8$CAND1$chr12$67663061$+,0.35
chr12:67682000-67683400,ENSG00000111530.8$CAND1$chr12$67663061$+,0.71
chr12:67683800-67686000,ENSG00000111530.8$CAND1$chr12$67663061$+,0.73
chr12:68572400-68573200,ENSG00000111536.4$IL26$chr12$68619601$-,0.36
chr12:68574200-68576400,ENSG00000111536.4$IL26$chr12$68619601$-,0.36
chr12:68582800-68585200,ENSG00000111536.4$IL26$chr12$68619601$-,0.42
chr12:68591600-68591800,ENSG00000111536.4$IL26$chr12$68619601$-,0.37
chr12:68596000-68597800,ENSG00000111536.4$IL26$chr12$68619601$-,0.54
chr12:68420800-68422600,ENSG00000111537.4$IFNG$chr12$68553527$-,0.42
chr12:68425000-68427000,ENSG00000111537.4$IFNG$chr12$68553527$-,0.39
chr12:68549600-68552000,ENSG00000111537.4$IFNG$chr12$68553527$-,0.56
chr12:68556000-68558200,ENSG00000111537.4$IFNG$chr12$68553527$-,0.67
chr12:68572400-68573200,ENSG00000111537.4$IFNG$chr12$68553527$-,0.56
chr12:68574200-68576400,ENSG00000111537.4$IFNG$chr12$68553527$-,0.57
chr12:68582800-68585200,ENSG00000111537.4$IFNG$chr12$68553527$-,0.6
chr12:68591600-68591800,ENSG00000111537.4$IFNG$chr12$68553527$-,0.58
chr12:68596000-68597800,ENSG00000111537.4$IFNG$chr12$68553527$-,0.52
chr12:56358600-56360400,ENSG00000111540.11$RAB5B$chr12$56367697$+,0.55
chr12:56372800-56373600,ENSG00000111540.11$RAB5B$chr12$56367697$+,0.65
chr12:56433800-56435200,ENSG00000111540.11$RAB5B$chr12$56367697$+,0.6
chr12:68572400-68573200,ENSG00000111554.10$MDM1$chr12$68726161$-,0.37
chr12:68574200-68576400,ENSG00000111554.10$MDM1$chr12$68726161$-,0.37
chr12:68776600-68779000,ENSG00000111554.10$MDM1$chr12$68726161$-,0.64
chr12:68855600-68856800,ENSG00000111554.10$MDM1$chr12$68726161$-,0.39
chr12:69203000-69203600,ENSG00000111581.5$NUP107$chr12$69080514$+,0.54
chr12:70654200-70655600,ENSG00000111596.7$CNOT2$chr12$70636774$+,0.64
chr12:70656800-70658600,ENSG00000111596.7$CNOT2$chr12$70636774$+,0.69
chr12:70675800-70676400,ENSG00000111596.7$CNOT2$chr12$70636774$+,0.7
chr12:70757400-70759600,ENSG00000111596.7$CNOT2$chr12$70636774$+,0.41
chr12:56754800-56756400,ENSG00000111602.7$TIMELESS$chr12$56843187$-,0.64
chr12:56818000-56820200,ENSG00000111602.7$TIMELESS$chr12$56843187$-,0.7
chr12:69549800-69551400,ENSG00000111605.12$CPSF6$chr12$69633317$+,0.51
chr12:69554600-69556600,ENSG00000111605.12$CPSF6$chr12$69633317$+,0.62
chr12:69647600-69649200,ENSG00000111605.12$CPSF6$chr12$69633317$+,0.55
chr12:69684400-69685600,ENSG00000111605.12$CPSF6$chr12$69633317$+,0.62
chr12:69718000-69719600,ENSG00000111605.12$CPSF6$chr12$69633317$+,0.47
chr12:69754200-69756400,ENSG00000111605.12$CPSF6$chr12$69633317$+,0.47
chr12:75785400-75787200,ENSG00000111615.8$KRR1$chr12$75905416$-,0.44
chr12:75852800-75855000,ENSG00000111615.8$KRR1$chr12$75905416$-,0.54
chr12:6671800-6673200,ENSG00000111640.10$GAPDH$chr12$6643093$+,0.38
chr12:6580400-6582400,ENSG00000111641.6$NOP2$chr12$6677857$-,0.52
chr12:6600400-6602000,ENSG00000111641.6$NOP2$chr12$6677857$-,0.56
chr12:6671800-6673200,ENSG00000111641.6$NOP2$chr12$6677857$-,0.41
chr12:6716600-6718800,ENSG00000111641.6$NOP2$chr12$6677857$-,0.48
chr12:6769800-6771800,ENSG00000111641.6$NOP2$chr12$6677857$-,0.41
chr12:6834000-6835400,ENSG00000111641.6$NOP2$chr12$6677857$-,0.4
chr12:6580400-6582400,ENSG00000111642.10$CHD4$chr12$6716642$-,0.44
chr12:6600400-6602000,ENSG00000111642.10$CHD4$chr12$6716642$-,0.4
chr12:6671800-6673200,ENSG00000111642.10$CHD4$chr12$6716642$-,0.43
chr12:6769800-6771800,ENSG00000111642.10$CHD4$chr12$6716642$-,0.48
chr12:6834000-6835400,ENSG00000111642.10$CHD4$chr12$6716642$-,0.39
chr12:6862800-6864400,ENSG00000111642.10$CHD4$chr12$6716642$-,0.44
chr12:6769800-6771800,ENSG00000111644.3$ACRBP$chr12$6756626$-,0.42
chr12:100590800-100593200,ENSG00000111647.8$UHRF1BP1L$chr12$100536626$-,0.53
chr12:100659600-100660400,ENSG00000111647.8$UHRF1BP1L$chr12$100536626$-,0.57
chr12:100672600-100675000,ENSG00000111647.8$UHRF1BP1L$chr12$100536626$-,0.38
chr12:6671800-6673200,ENSG00000111652.5$COPS7A$chr12$6832907$+,0.38
chr12:6716600-6718800,ENSG00000111652.5$COPS7A$chr12$6832907$+,0.44
chr12:6769800-6771800,ENSG00000111652.5$COPS7A$chr12$6832907$+,0.36
chr12:6862800-6864400,ENSG00000111652.5$COPS7A$chr12$6832907$+,0.66
chr12:6974400-6976200,ENSG00000111652.5$COPS7A$chr12$6832907$+,0.38
chr12:6600400-6602000,ENSG00000111653.15$ING4$chr12$6772314$-,0.46
chr12:6671800-6673200,ENSG00000111653.15$ING4$chr12$6772314$-,0.43
chr12:6716600-6718800,ENSG00000111653.15$ING4$chr12$6772314$-,0.59
chr12:6834000-6835400,ENSG00000111653.15$ING4$chr12$6772314$-,0.42
chr12:6862800-6864400,ENSG00000111653.15$ING4$chr12$6772314$-,0.48
chr12:6834000-6835400,ENSG00000111665.7$CDCA3$chr12$6961230$-,0.38
chr12:6862800-6864400,ENSG00000111665.7$CDCA3$chr12$6961230$-,0.47
chr12:6974400-6976200,ENSG00000111665.7$CDCA3$chr12$6961230$-,0.58
chr12:7080600-7082600,ENSG00000111665.7$CDCA3$chr12$6961230$-,0.52
chr12:6862800-6864400,ENSG00000111667.9$USP5$chr12$6961292$+,0.39
chr12:6974400-6976200,ENSG00000111667.9$USP5$chr12$6961292$+,0.48
chr12:7080600-7082600,ENSG00000111667.9$USP5$chr12$6961292$+,0.45
chr12:7126200-7127600,ENSG00000111667.9$USP5$chr12$6961292$+,0.37
chr12:6974400-6976200,ENSG00000111671.5$SPSB2$chr12$6998522$-,0.52
chr12:6974400-6976200,ENSG00000111674.4$ENO2$chr12$7022909$+,0.45
chr12:7080600-7082600,ENSG00000111674.4$ENO2$chr12$7022909$+,0.47
chr12:7126200-7127600,ENSG00000111674.4$ENO2$chr12$7022909$+,0.47
chr12:6974400-6976200,ENSG00000111678.6$C12orf57$chr12$7052141$+,0.54
chr12:7080600-7082600,ENSG00000111678.6$C12orf57$chr12$7052141$+,0.4
chr12:7126200-7127600,ENSG00000111678.6$C12orf57$chr12$7052141$+,0.5
chr12:6974400-6976200,ENSG00000111679.12$PTPN6$chr12$7055631$+,0.47
chr12:7080600-7082600,ENSG00000111679.12$PTPN6$chr12$7055631$+,0.44
chr12:7126200-7127600,ENSG00000111679.12$PTPN6$chr12$7055631$+,0.56
chr12:7080600-7082600,ENSG00000111684.6$LPCAT3$chr12$7125814$-,0.35
chr12:21522000-21523400,ENSG00000111711.5$GOLT1B$chr12$21654715$+,0.58
chr12:21589200-21590400,ENSG00000111711.5$GOLT1B$chr12$21654715$+,0.61
chr12:21760400-21762200,ENSG00000111711.5$GOLT1B$chr12$21654715$+,0.49
chr12:21771000-21772000,ENSG00000111711.5$GOLT1B$chr12$21654715$+,0.52
chr12:21811200-21813400,ENSG00000111711.5$GOLT1B$chr12$21654715$+,0.53
chr12:21760400-21762200,ENSG00000111713.2$GYS2$chr12$21757781$-,0.55
chr12:21771000-21772000,ENSG00000111713.2$GYS2$chr12$21757781$-,0.4
chr12:21852400-21853800,ENSG00000111716.8$LDHB$chr12$21910791$-,0.53
chr12:22261600-22263800,ENSG00000111726.8$CMAS$chr12$22199108$+,0.55
chr12:22299000-22300800,ENSG00000111726.8$CMAS$chr12$22199108$+,0.4
chr12:104531800-104533600,ENSG00000111727.7$HCFC2$chr12$104458235$+,0.38
chr12:22584600-22585200,ENSG00000111728.6$ST8SIA1$chr12$22589975$-,0.43
chr12:22596200-22597000,ENSG00000111728.6$ST8SIA1$chr12$22589975$-,0.39
chr12:22467800-22468800,ENSG00000111731.8$C2CD5$chr12$22697480$-,0.36
chr12:22584600-22585200,ENSG00000111731.8$C2CD5$chr12$22697480$-,0.42
chr12:22626000-22627200,ENSG00000111731.8$C2CD5$chr12$22697480$-,0.52
chr12:22776800-22777800,ENSG00000111731.8$C2CD5$chr12$22697480$-,0.53
chr12:22791200-22791400,ENSG00000111731.8$C2CD5$chr12$22697480$-,0.49
chr12:8693000-8695200,ENSG00000111732.6$AICDA$chr12$8765467$-,0.57
chr12:8696600-8697800,ENSG00000111732.6$AICDA$chr12$8765467$-,0.5
chr12:120424600-120426800,ENSG00000111737.7$RAB35$chr12$120555306$-,0.4
chr12:120455600-120456400,ENSG00000111737.7$RAB35$chr12$120555306$-,0.44
chr12:120639600-120640800,ENSG00000111737.7$RAB35$chr12$120555306$-,0.46
chr12:120730600-120732600,ENSG00000111737.7$RAB35$chr12$120555306$-,0.35
chr12:120753200-120755000,ENSG00000111737.7$RAB35$chr12$120555306$-,0.4
chr12:9122000-9123600,ENSG00000111752.6$PHC1$chr12$9066492$+,0.38
chr12:120730600-120732600,ENSG00000111775.2$COX6A1$chr12$120875893$+,0.38
chr12:120740600-120742600,ENSG00000111775.2$COX6A1$chr12$120875893$+,0.4
chr12:120753200-120755000,ENSG00000111775.2$COX6A1$chr12$120875893$+,0.38
chr12:120881600-120883600,ENSG00000111775.2$COX6A1$chr12$120875893$+,0.48
chr12:120932200-120933600,ENSG00000111775.2$COX6A1$chr12$120875893$+,0.53
chr12:120970400-120972000,ENSG00000111775.2$COX6A1$chr12$120875893$+,0.36
chr12:120730600-120732600,ENSG00000111780.8$AL021546.6$chr12$120876001$+,0.38
chr12:120740600-120742600,ENSG00000111780.8$AL021546.6$chr12$120876001$+,0.36
chr12:120753200-120755000,ENSG00000111780.8$AL021546.6$chr12$120876001$+,0.36
chr12:120881600-120883600,ENSG00000111780.8$AL021546.6$chr12$120876001$+,0.49
chr12:120932200-120933600,ENSG00000111780.8$AL021546.6$chr12$120876001$+,0.51
chr12:120970400-120972000,ENSG00000111780.8$AL021546.6$chr12$120876001$+,0.39
chr12:120730600-120732600,ENSG00000111786.4$SRSF9$chr12$120907596$-,0.38
chr12:120740600-120742600,ENSG00000111786.4$SRSF9$chr12$120907596$-,0.5
chr12:120753200-120755000,ENSG00000111786.4$SRSF9$chr12$120907596$-,0.45
chr12:120874800-120875400,ENSG00000111786.4$SRSF9$chr12$120907596$-,0.46
chr12:120876400-120878800,ENSG00000111786.4$SRSF9$chr12$120907596$-,0.48
chr12:120881600-120883600,ENSG00000111786.4$SRSF9$chr12$120907596$-,0.57
chr12:120932200-120933600,ENSG00000111786.4$SRSF9$chr12$120907596$-,0.68
chr12:120970400-120972000,ENSG00000111786.4$SRSF9$chr12$120907596$-,0.48
chr12:27098400-27100600,ENSG00000111790.9$FGFR1OP2$chr12$27091316$+,0.64
chr12:9757800-9759600,ENSG00000111796.3$KLRB1$chr12$9760482$-,0.4
chr12:9762400-9764200,ENSG00000111796.3$KLRB1$chr12$9760482$-,0.53
chr12:9772000-9773600,ENSG00000111796.3$KLRB1$chr12$9760482$-,0.51
chr12:9779200-9780000,ENSG00000111796.3$KLRB1$chr12$9760482$-,0.6
chr12:9790000-9792400,ENSG00000111796.3$KLRB1$chr12$9760482$-,0.49
chr12:9812000-9813200,ENSG00000111796.3$KLRB1$chr12$9760482$-,0.49
chr12:9843400-9845800,ENSG00000111796.3$KLRB1$chr12$9760482$-,0.42
chr6:26314000-26314600,ENSG00000111801.11$BTN3A3$chr6$26440700$+,0.44
chr6:26400800-26402200,ENSG00000111801.11$BTN3A3$chr6$26440700$+,0.56
chr6:26472600-26473800,ENSG00000111801.11$BTN3A3$chr6$26440700$+,0.51
chr6:26607600-26608800,ENSG00000111801.11$BTN3A3$chr6$26440700$+,0.36
chr6:24699800-24701000,ENSG00000111802.9$TDP2$chr6$24667261$-,0.64
chr6:117000600-117001800,ENSG00000111832.8$RWDD1$chr6$116892530$+,0.49
chr6:10695800-10698000,ENSG00000111837.7$MAK$chr6$10838764$-,0.35
chr6:10695800-10698000,ENSG00000111843.9$TMEM14C$chr6$10723148$+,0.36
chr6:87988400-87990400,ENSG00000111850.6$SMIM8$chr6$88032301$+,0.47
chr6:11233200-11235400,ENSG00000111859.12$NEDD9$chr6$11382581$-,0.47
chr6:11254800-11256600,ENSG00000111859.12$NEDD9$chr6$11382581$-,0.44
chr6:118927200-118929200,ENSG00000111860.9$CEP85L$chr6$119031238$-,0.36
chr6:118932800-118933400,ENSG00000111860.9$CEP85L$chr6$119031238$-,0.41
chr6:118973000-118974800,ENSG00000111860.9$CEP85L$chr6$119031238$-,0.43
chr6:119009800-119012200,ENSG00000111860.9$CEP85L$chr6$119031238$-,0.5
chr6:119121000-119122800,ENSG00000111860.9$CEP85L$chr6$119031238$-,0.4
chr6:119121000-119122800,ENSG00000111875.7$ASF1A$chr6$119215384$+,0.44
chr6:119195600-119195800,ENSG00000111875.7$ASF1A$chr6$119215384$+,0.69
chr6:119256600-119258400,ENSG00000111875.7$ASF1A$chr6$119215384$+,0.49
chr6:118957200-118958000,ENSG00000111877.13$MCM9$chr6$119256327$-,0.37
chr6:119121000-119122800,ENSG00000111877.13$MCM9$chr6$119256327$-,0.47
chr6:119195600-119195800,ENSG00000111877.13$MCM9$chr6$119256327$-,0.58
chr6:119400400-119401800,ENSG00000111877.13$MCM9$chr6$119256327$-,0.42
chr6:89534600-89535000,ENSG00000111880.11$RNGTT$chr6$89673348$-,0.39
chr6:89593600-89594400,ENSG00000111880.11$RNGTT$chr6$89673348$-,0.43
chr6:89626000-89627400,ENSG00000111880.11$RNGTT$chr6$89673348$-,0.63
chr6:89773200-89773400,ENSG00000111880.11$RNGTT$chr6$89673348$-,0.48
chr6:89787200-89789400,ENSG00000111880.11$RNGTT$chr6$89673348$-,0.36
chr6:119604000-119605600,ENSG00000111885.5$MAN1A1$chr6$119670926$-,0.6
chr6:122643600-122645800,ENSG00000111897.6$SERINC1$chr6$122792967$-,0.39
chr6:122697400-122698200,ENSG00000111897.6$SERINC1$chr6$122792967$-,0.4
chr6:122719000-122720800,ENSG00000111897.6$SERINC1$chr6$122792967$-,0.44
chr6:122770000-122771000,ENSG00000111897.6$SERINC1$chr6$122792967$-,0.56
chr6:122772000-122772400,ENSG00000111897.6$SERINC1$chr6$122792967$-,0.56
chr6:122775800-122776600,ENSG00000111897.6$SERINC1$chr6$122792967$-,0.68
chr6:126251200-126253600,ENSG00000111911.5$HINT3$chr6$126277927$+,0.61
chr6:126323000-126324600,ENSG00000111911.5$HINT3$chr6$126277927$+,0.63
chr6:125999400-126001600,ENSG00000111912.14$NCOA7$chr6$126102307$+,0.39
chr6:126251200-126253600,ENSG00000111912.14$NCOA7$chr6$126102307$+,0.43
chr6:24863600-24866000,ENSG00000111913.11$FAM65B$chr6$25042238$-,0.37
chr6:24963200-24963600,ENSG00000111913.11$FAM65B$chr6$25042238$-,0.4
chr6:24963800-24965000,ENSG00000111913.11$FAM65B$chr6$25042238$-,0.42
chr6:25031400-25031600,ENSG00000111913.11$FAM65B$chr6$25042238$-,0.55
chr6:25139400-25140600,ENSG00000111913.11$FAM65B$chr6$25042238$-,0.42
chr6:149101800-149104000,ENSG00000111962.7$UST$chr6$149068464$+,0.63
chr6:150263400-150265000,ENSG00000111981.4$ULBP1$chr6$150285143$+,0.68
chr6:150274400-150276800,ENSG00000111981.4$ULBP1$chr6$150285143$+,0.73
chr6:150380600-150382000,ENSG00000111981.4$ULBP1$chr6$150285143$+,0.47
chr6:150388200-150389800,ENSG00000111981.4$ULBP1$chr6$150285143$+,0.5
chr6:150399800-150402200,ENSG00000111981.4$ULBP1$chr6$150285143$+,0.41
chr6:153314400-153316000,ENSG00000112029.5$FBXO5$chr6$153304714$-,0.74
chr6:153324400-153326000,ENSG00000112029.5$FBXO5$chr6$153304714$-,0.66
chr6:153314400-153316000,ENSG00000112031.11$MTRF1L$chr6$153323820$-,0.6
chr6:35225000-35226800,ENSG00000112033.9$PPARD$chr6$35310335$+,0.46
chr6:35294200-35296200,ENSG00000112033.9$PPARD$chr6$35310335$+,0.59
chr6:35299600-35301000,ENSG00000112033.9$PPARD$chr6$35310335$+,0.56
chr6:35305400-35305600,ENSG00000112033.9$PPARD$chr6$35310335$+,0.56
chr6:35319000-35321200,ENSG00000112033.9$PPARD$chr6$35310335$+,0.59
chr6:35322000-35323200,ENSG00000112033.9$PPARD$chr6$35310335$+,0.65
chr6:35412800-35414400,ENSG00000112033.9$PPARD$chr6$35310335$+,0.38
chr6:35418600-35420200,ENSG00000112033.9$PPARD$chr6$35310335$+,0.38
chr6:35225000-35226800,ENSG00000112039.3$FANCE$chr6$35420138$+,0.4
chr6:35294200-35296200,ENSG00000112039.3$FANCE$chr6$35420138$+,0.45
chr6:35299600-35301000,ENSG00000112039.3$FANCE$chr6$35420138$+,0.38
chr6:35305400-35305600,ENSG00000112039.3$FANCE$chr6$35420138$+,0.36
chr6:35308800-35310400,ENSG00000112039.3$FANCE$chr6$35420138$+,0.48
chr6:35319000-35321200,ENSG00000112039.3$FANCE$chr6$35420138$+,0.46
chr6:35322000-35323200,ENSG00000112039.3$FANCE$chr6$35420138$+,0.4
chr6:35412800-35414400,ENSG00000112039.3$FANCE$chr6$35420138$+,0.54
chr6:35590800-35593200,ENSG00000112039.3$FANCE$chr6$35420138$+,0.37
chr6:36136600-36138600,ENSG00000112062.6$MAPK14$chr6$35995488$+,0.39
chr6:36390000-36391000,ENSG00000112078.9$KCTD20$chr6$36410544$+,0.66
chr6:36417400-36419600,ENSG00000112078.9$KCTD20$chr6$36410544$+,0.58
chr6:36436000-36438000,ENSG00000112078.9$KCTD20$chr6$36410544$+,0.69
chr6:36417400-36419600,ENSG00000112079.8$STK38$chr6$36515247$-,0.39
chr6:36436000-36438000,ENSG00000112079.8$STK38$chr6$36515247$-,0.39
chr6:36436000-36438000,ENSG00000112081.12$SRSF3$chr6$36562145$+,0.36
chr6:36515200-36517200,ENSG00000112081.12$SRSF3$chr6$36562145$+,0.55
chr6:160145200-160147400,ENSG00000112096.12$SOD2$chr6$160183561$-,0.56
chr6:160162200-160163400,ENSG00000112096.12$SOD2$chr6$160183561$-,0.72
chr6:52247600-52247800,ENSG00000112118.13$MCM3$chr6$52149679$-,0.41
chr6:37190400-37191400,ENSG00000112130.12$RNF8$chr6$37321748$+,0.47
chr6:37223800-37225400,ENSG00000112130.12$RNF8$chr6$37321748$+,0.35
chr6:37399000-37400600,ENSG00000112130.12$RNF8$chr6$37321748$+,0.62
chr6:37473400-37473800,ENSG00000112130.12$RNF8$chr6$37321748$+,0.4
chr6:37509000-37510400,ENSG00000112130.12$RNF8$chr6$37321748$+,0.44
chr6:52746200-52748200,ENSG00000112144.11$ICK$chr6$52926600$-,0.36
chr6:52860400-52862200,ENSG00000112144.11$ICK$chr6$52926600$-,0.45
chr6:52928600-52929600,ENSG00000112144.11$ICK$chr6$52926600$-,0.42
chr6:52927000-52928200,ENSG00000112146.12$FBXO9$chr6$52916789$+,0.41
chr6:14209200-14211000,ENSG00000112149.5$CD83$chr6$14117872$+,0.44
chr6:14211800-14214200,ENSG00000112149.5$CD83$chr6$14117872$+,0.56
chr6:90516800-90518600,ENSG00000112159.7$MDN1$chr6$90529442$-,0.61
chr6:90549200-90551600,ENSG00000112159.7$MDN1$chr6$90529442$-,0.5
chr6:90704200-90704400,ENSG00000112159.7$MDN1$chr6$90529442$-,0.42
chr6:91006800-91009200,ENSG00000112182.10$BACH2$chr6$91006627$-,0.41
chr6:91102200-91104000,ENSG00000112182.10$BACH2$chr6$91006627$-,0.52
chr6:41037000-41039200,ENSG00000112195.8$TREML2$chr6$41168932$-,0.45
chr6:41114800-41116800,ENSG00000112195.8$TREML2$chr6$41168932$-,0.52
chr6:56961200-56963400,ENSG00000112200.12$ZNF451$chr6$56951642$+,0.41
chr6:57011400-57013600,ENSG00000112200.12$ZNF451$chr6$56951642$+,0.45
chr6:56961200-56963400,ENSG00000112208.10$BAG2$chr6$57037124$+,0.58
chr6:57011400-57013600,ENSG00000112208.10$BAG2$chr6$57037124$+,0.71
chr6:56961200-56963400,ENSG00000112210.7$RAB23$chr6$57087078$-,0.41
chr6:57011400-57013600,ENSG00000112210.7$RAB23$chr6$57087078$-,0.45
chr6:96913200-96914800,ENSG00000112214.6$FHL5$chr6$97010424$+,0.59
chr6:96970600-96973000,ENSG00000112214.6$FHL5$chr6$97010424$+,0.63
chr6:96975600-96976200,ENSG00000112214.6$FHL5$chr6$97010424$+,0.7
chr6:97332800-97333800,ENSG00000112218.7$GPR63$chr6$97285353$-,0.56
chr6:97343000-97345200,ENSG00000112218.7$GPR63$chr6$97285353$-,0.45
chr6:99328200-99329200,ENSG00000112234.4$FBXL4$chr6$99395849$-,0.46
chr6:99384800-99386800,ENSG00000112234.4$FBXL4$chr6$99395849$-,0.71
chr6:99963600-99964600,ENSG00000112237.8$CCNC$chr6$100016849$-,0.45
chr6:99968000-99968800,ENSG00000112237.8$CCNC$chr6$100016849$-,0.54
chr6:99969600-99971200,ENSG00000112237.8$CCNC$chr6$100016849$-,0.5
chr6:99972400-99973800,ENSG00000112237.8$CCNC$chr6$100016849$-,0.57
chr6:99963600-99964600,ENSG00000112238.11$PRDM13$chr6$100054606$+,0.47
chr6:99968000-99968800,ENSG00000112238.11$PRDM13$chr6$100054606$+,0.5
chr6:99969600-99971200,ENSG00000112238.11$PRDM13$chr6$100054606$+,0.49
chr6:99972400-99973800,ENSG00000112238.11$PRDM13$chr6$100054606$+,0.42
chr6:20370400-20372600,ENSG00000112242.10$E2F3$chr6$20402398$+,0.57
chr6:20399400-20401200,ENSG00000112242.10$E2F3$chr6$20402398$+,0.36
chr6:101167600-101169400,ENSG00000112249.9$ASCC3$chr6$101329248$-,0.35
chr6:101188000-101188800,ENSG00000112249.9$ASCC3$chr6$101329248$-,0.41
chr6:101255800-101258200,ENSG00000112249.9$ASCC3$chr6$101329248$-,0.57
chr6:101260600-101261600,ENSG00000112249.9$ASCC3$chr6$101329248$-,0.56
chr6:101293000-101295000,ENSG00000112249.9$ASCC3$chr6$101329248$-,0.75
chr6:101295400-101296200,ENSG00000112249.9$ASCC3$chr6$101329248$-,0.75
chr6:101318000-101318800,ENSG00000112249.9$ASCC3$chr6$101329248$-,0.65
chr6:101329600-101331800,ENSG00000112249.9$ASCC3$chr6$101329248$-,0.36
chr6:131840600-131842200,ENSG00000112282.13$MED23$chr6$131949369$-,0.42
chr6:131851400-131853400,ENSG00000112282.13$MED23$chr6$131949369$-,0.41
chr6:24356800-24359000,ENSG00000112293.10$GPLD1$chr6$24495433$-,0.49
chr6:24359800-24361600,ENSG00000112293.10$GPLD1$chr6$24495433$-,0.43
chr6:24356800-24359000,ENSG00000112294.8$ALDH5A1$chr6$24495080$+,0.45
chr6:106807600-106809600,ENSG00000112297.10$AIM1$chr6$106959730$+,0.55
chr6:107078200-107080200,ENSG00000112297.10$AIM1$chr6$106959730$+,0.47
chr6:133117800-133119200,ENSG00000112303.9$VNN2$chr6$133084598$-,0.62
chr6:133120000-133121600,ENSG00000112303.9$VNN2$chr6$133084598$-,0.59
chr6:133144000-133145800,ENSG00000112303.9$VNN2$chr6$133084598$-,0.45
chr6:24699800-24701000,ENSG00000112304.6$ACOT13$chr6$24667263$+,0.65
chr6:71277200-71278600,ENSG00000112305.10$SMAP1$chr6$71377479$+,0.44
chr6:71385200-71387200,ENSG00000112305.10$SMAP1$chr6$71377479$+,0.66
chr6:71391000-71391800,ENSG00000112305.10$SMAP1$chr6$71377479$+,0.66
chr6:71406800-71407800,ENSG00000112305.10$SMAP1$chr6$71377479$+,0.54
chr6:71421800-71423400,ENSG00000112305.10$SMAP1$chr6$71377479$+,0.65
chr6:71507000-71508200,ENSG00000112305.10$SMAP1$chr6$71377479$+,0.38
chr6:71510800-71511000,ENSG00000112305.10$SMAP1$chr6$71377479$+,0.5
chr6:24667800-24669600,ENSG00000112308.8$C6orf62$chr6$24721064$-,0.55
chr6:24699800-24701000,ENSG00000112308.8$C6orf62$chr6$24721064$-,0.7
chr6:24863600-24866000,ENSG00000112308.8$C6orf62$chr6$24721064$-,0.38
chr6:24870600-24871000,ENSG00000112308.8$C6orf62$chr6$24721064$-,0.37
chr6:24963200-24963600,ENSG00000112308.8$C6orf62$chr6$24721064$-,0.45
chr6:24963800-24965000,ENSG00000112308.8$C6orf62$chr6$24721064$-,0.39
chr6:25031400-25031600,ENSG00000112308.8$C6orf62$chr6$24721064$-,0.37
chr6:24667800-24669600,ENSG00000112312.5$GMNN$chr6$24775159$+,0.4
chr6:24699800-24701000,ENSG00000112312.5$GMNN$chr6$24775159$+,0.57
chr6:24863600-24866000,ENSG00000112312.5$GMNN$chr6$24775159$+,0.4
chr6:24870600-24871000,ENSG00000112312.5$GMNN$chr6$24775159$+,0.4
chr6:24963200-24963600,ENSG00000112312.5$GMNN$chr6$24775159$+,0.41
chr6:24963800-24965000,ENSG00000112312.5$GMNN$chr6$24775159$+,0.38
chr6:25031400-25031600,ENSG00000112312.5$GMNN$chr6$24775159$+,0.38
chr6:107781200-107782200,ENSG00000112320.7$SOBP$chr6$107811162$+,0.53
chr6:108614800-108615800,ENSG00000112335.10$SNX3$chr6$108582464$-,0.64
chr6:25946400-25947800,ENSG00000112337.6$SLC17A2$chr6$25930946$-,0.6
chr6:135376200-135378200,ENSG00000112339.10$HBS1L$chr6$135424194$-,0.49
chr6:135551000-135553400,ENSG00000112339.10$HBS1L$chr6$135424194$-,0.39
chr6:135556600-135558600,ENSG00000112339.10$HBS1L$chr6$135424194$-,0.4
chr6:25852000-25852800,ENSG00000112343.8$TRIM38$chr6$25963030$+,0.6
chr6:25858000-25858800,ENSG00000112343.8$TRIM38$chr6$25963030$+,0.6
chr6:25946400-25947800,ENSG00000112343.8$TRIM38$chr6$25963030$+,0.52
chr6:26042400-26044600,ENSG00000112343.8$TRIM38$chr6$25963030$+,0.54
chr6:26057200-26058800,ENSG00000112343.8$TRIM38$chr6$25963030$+,0.5
chr6:26085800-26087600,ENSG00000112343.8$TRIM38$chr6$25963030$+,0.42
chr6:26088200-26090400,ENSG00000112343.8$TRIM38$chr6$25963030$+,0.49
chr6:26115200-26117000,ENSG00000112343.8$TRIM38$chr6$25963030$+,0.5
chr6:137113800-137115400,ENSG00000112357.8$PEX7$chr6$137143717$+,0.78
chr6:109760000-109761400,ENSG00000112365.4$ZBTB24$chr6$109804440$-,0.47
chr6:109795400-109795600,ENSG00000112365.4$ZBTB24$chr6$109804440$-,0.57
chr6:109911200-109912400,ENSG00000112365.4$ZBTB24$chr6$109804440$-,0.39
chr6:109911200-109912400,ENSG00000112367.6$FIG4$chr6$110012499$+,0.41
chr6:110080800-110082600,ENSG00000112367.6$FIG4$chr6$110012499$+,0.57
chr6:138265400-138267600,ENSG00000112378.11$PERP$chr6$138428648$-,0.36
chr6:138303000-138305000,ENSG00000112378.11$PERP$chr6$138428648$-,0.48
chr6:111278400-111279600,ENSG00000112394.12$SLC16A10$chr6$111408781$+,0.44
chr6:111280600-111282200,ENSG00000112394.12$SLC16A10$chr6$111408781$+,0.49
chr6:111614000-111616400,ENSG00000112394.12$SLC16A10$chr6$111408781$+,0.35
chr6:139430400-139430800,ENSG00000112406.4$HECA$chr6$139456249$+,0.61
chr6:139450200-139451800,ENSG00000112406.4$HECA$chr6$139456249$+,0.53
chr6:139498800-139499600,ENSG00000112406.4$HECA$chr6$139456249$+,0.65
chr6:139500400-139500600,ENSG00000112406.4$HECA$chr6$139456249$+,0.6
chr6:139502400-139503000,ENSG00000112406.4$HECA$chr6$139456249$+,0.62
chr6:139531200-139532600,ENSG00000112406.4$HECA$chr6$139456249$+,0.41
chr6:139539600-139541800,ENSG00000112406.4$HECA$chr6$139456249$+,0.47
chr6:139568200-139569400,ENSG00000112406.4$HECA$chr6$139456249$+,0.36
chr6:143762400-143764200,ENSG00000112419.10$PHACTR2$chr6$143857982$+,0.46
chr6:143769600-143771200,ENSG00000112419.10$PHACTR2$chr6$143857982$+,0.42
chr6:143772600-143775000,ENSG00000112419.10$PHACTR2$chr6$143857982$+,0.41
chr6:143818600-143820400,ENSG00000112419.10$PHACTR2$chr6$143857982$+,0.56
chr6:143848800-143850800,ENSG00000112419.10$PHACTR2$chr6$143857982$+,0.55
chr6:143881400-143883800,ENSG00000112419.10$PHACTR2$chr6$143857982$+,0.57
chr6:143886600-143889000,ENSG00000112419.10$PHACTR2$chr6$143857982$+,0.49
chr6:143895200-143895600,ENSG00000112419.10$PHACTR2$chr6$143857982$+,0.62
chr6:143937600-143939600,ENSG00000112419.10$PHACTR2$chr6$143857982$+,0.43
chr6:143946200-143947800,ENSG00000112419.10$PHACTR2$chr6$143857982$+,0.36
chr6:143949400-143949800,ENSG00000112419.10$PHACTR2$chr6$143857982$+,0.39
chr6:143955000-143956600,ENSG00000112419.10$PHACTR2$chr6$143857982$+,0.42
chr6:143960200-143961600,ENSG00000112419.10$PHACTR2$chr6$143857982$+,0.44
chr6:146141400-146142600,ENSG00000112425.9$EPM2A$chr6$146057160$-,0.37
chr6:29483400-29484800,ENSG00000112462.8$OR12D3$chr6$29343068$-,0.39
chr6:29520200-29522400,ENSG00000112462.8$OR12D3$chr6$29343068$-,0.37
chr6:33236600-33238800,ENSG00000112473.12$SLC39A7$chr6$33168222$+,0.54
chr6:33254800-33256400,ENSG00000112473.12$SLC39A7$chr6$33168222$+,0.42
chr6:33258000-33260000,ENSG00000112473.12$SLC39A7$chr6$33168222$+,0.44
chr6:33268000-33270000,ENSG00000112473.12$SLC39A7$chr6$33168222$+,0.49
chr6:33275200-33277600,ENSG00000112473.12$SLC39A7$chr6$33168222$+,0.39
chr6:167409400-167411600,ENSG00000112486.10$CCR6$chr6$167525295$+,0.38
chr6:167425000-167427200,ENSG00000112486.10$CCR6$chr6$167525295$+,0.41
chr6:167450200-167452000,ENSG00000112486.10$CCR6$chr6$167525295$+,0.5
chr6:167471800-167473600,ENSG00000112486.10$CCR6$chr6$167525295$+,0.48
chr6:167487000-167487800,ENSG00000112486.10$CCR6$chr6$167525295$+,0.48
chr6:33254800-33256400,ENSG00000112511.13$PHF1$chr6$33378176$+,0.38
chr6:33258000-33260000,ENSG00000112511.13$PHF1$chr6$33378176$+,0.4
chr6:33268000-33270000,ENSG00000112511.13$PHF1$chr6$33378176$+,0.38
chr6:33275200-33277600,ENSG00000112511.13$PHF1$chr6$33378176$+,0.4
chr6:33372800-33374400,ENSG00000112511.13$PHF1$chr6$33378176$+,0.54
chr6:33479200-33481400,ENSG00000112511.13$PHF1$chr6$33378176$+,0.44
chr6:33236600-33238800,ENSG00000112514.11$CUTA$chr6$33386094$-,0.37
chr6:33254800-33256400,ENSG00000112514.11$CUTA$chr6$33386094$-,0.36
chr6:33258000-33260000,ENSG00000112514.11$CUTA$chr6$33386094$-,0.37
chr6:33268000-33270000,ENSG00000112514.11$CUTA$chr6$33386094$-,0.4
chr6:33275200-33277600,ENSG00000112514.11$CUTA$chr6$33386094$-,0.44
chr6:33372800-33374400,ENSG00000112514.11$CUTA$chr6$33386094$-,0.56
chr6:33376800-33378000,ENSG00000112514.11$CUTA$chr6$33386094$-,0.58
chr6:33479200-33481400,ENSG00000112514.11$CUTA$chr6$33386094$-,0.54
chr6:33548000-33549200,ENSG00000112514.11$CUTA$chr6$33386094$-,0.35
chr6:163154200-163155200,ENSG00000112530.7$PACRG$chr6$163148164$+,0.64
chr6:163248600-163249800,ENSG00000112530.7$PACRG$chr6$163148164$+,0.52
chr6:163250400-163250600,ENSG00000112530.7$PACRG$chr6$163148164$+,0.52
chr6:41919800-41921800,ENSG00000112576.8$CCND3$chr6$42018095$-,0.4
chr6:41964200-41966200,ENSG00000112576.8$CCND3$chr6$42018095$-,0.52
chr6:41968600-41970600,ENSG00000112576.8$CCND3$chr6$42018095$-,0.54
chr6:41886800-41888400,ENSG00000112578.5$BYSL$chr6$41888926$+,0.37
chr6:41919800-41921800,ENSG00000112578.5$BYSL$chr6$41888926$+,0.6
chr6:41964200-41966200,ENSG00000112578.5$BYSL$chr6$41888926$+,0.47
chr6:41968600-41970600,ENSG00000112578.5$BYSL$chr6$41888926$+,0.45
chr6:170646000-170647000,ENSG00000112584.9$FAM120B$chr6$170599791$+,0.6
chr6:42293200-42295600,ENSG00000112599.8$GUCA1B$chr6$42162654$-,0.43
chr6:43025200-43026800,ENSG00000112640.10$PPP2R5D$chr6$42952237$+,0.46
chr6:43137600-43138400,ENSG00000112640.10$PPP2R5D$chr6$42952237$+,0.42
chr6:43025200-43026800,ENSG00000112655.11$PTK7$chr6$43044006$+,0.37
chr6:43025200-43026800,ENSG00000112658.6$SRF$chr6$43139037$+,0.41
chr6:43218000-43220200,ENSG00000112658.6$SRF$chr6$43139037$+,0.39
chr6:43025200-43026800,ENSG00000112659.9$CUL9$chr6$43149913$+,0.43
chr6:43137600-43138400,ENSG00000112659.9$CUL9$chr6$43149913$+,0.55
chr6:43218000-43220200,ENSG00000112659.9$CUL9$chr6$43149913$+,0.6
chr6:43298800-43301000,ENSG00000112659.9$CUL9$chr6$43149913$+,0.46
chr6:43393400-43395000,ENSG00000112659.9$CUL9$chr6$43149913$+,0.39
chr6:43137600-43138400,ENSG00000112667.8$DNPH1$chr6$43197222$-,0.43
chr6:43218000-43220200,ENSG00000112667.8$DNPH1$chr6$43197222$-,0.62
chr6:43298800-43301000,ENSG00000112667.8$DNPH1$chr6$43197222$-,0.48
chr6:431400-433000,ENSG00000112679.10$DUSP22$chr6$291630$+,0.39
chr6:477600-480000,ENSG00000112679.10$DUSP22$chr6$291630$+,0.37
chr6:431400-433000,ENSG00000112685.9$EXOC2$chr6$693117$-,0.35
chr6:477600-480000,ENSG00000112685.9$EXOC2$chr6$693117$-,0.35
chr6:628600-629600,ENSG00000112685.9$EXOC2$chr6$693117$-,0.55
chr6:721400-723600,ENSG00000112685.9$EXOC2$chr6$693117$-,0.69
chr6:75954200-75955600,ENSG00000112695.7$COX7A2$chr6$75960039$-,0.6
chr6:75954200-75955600,ENSG00000112697.11$TMEM30A$chr6$75994684$-,0.59
chr6:76289000-76291400,ENSG00000112701.13$SENP6$chr6$76311225$+,0.6
chr6:43655800-43657600,ENSG00000112715.16$VEGFA$chr6$43737921$+,0.38
chr6:4006800-4007400,ENSG00000112739.12$PRPF4B$chr6$4021501$+,0.64
chr6:4035600-4038000,ENSG00000112739.12$PRPF4B$chr6$4021501$+,0.7
chr6:80673000-80673400,ENSG00000112742.5$TTK$chr6$80713604$+,0.58
chr6:80690000-80691800,ENSG00000112742.5$TTK$chr6$80713604$+,0.73
chr6:80725200-80726400,ENSG00000112742.5$TTK$chr6$80713604$+,0.65
chr6:80814000-80816000,ENSG00000112742.5$TTK$chr6$80713604$+,0.44
chr6:26400800-26402200,ENSG00000112763.11$BTN2A1$chr6$26458150$+,0.47
chr6:26472600-26473800,ENSG00000112763.11$BTN2A1$chr6$26458150$+,0.61
chr6:26531400-26533200,ENSG00000112763.11$BTN2A1$chr6$26458150$+,0.46
chr6:26607600-26608800,ENSG00000112763.11$BTN2A1$chr6$26458150$+,0.41
chr6:26613400-26615600,ENSG00000112763.11$BTN2A1$chr6$26458150$+,0.44
chr6:82463600-82465800,ENSG00000112773.11$FAM46A$chr6$82462491$-,0.42
chr12:133137000-133139400,ENSG00000112787.8$FBRSL1$chr12$133066137$+,0.51
chr12:133259600-133260600,ENSG00000112787.8$FBRSL1$chr12$133066137$+,0.35
chr6:46098000-46098800,ENSG00000112796.5$ENPP5$chr6$46138708$-,0.62
chr6:46101000-46103200,ENSG00000112796.5$ENPP5$chr6$46138708$-,0.68
chr6:46104200-46106600,ENSG00000112796.5$ENPP5$chr6$46138708$-,0.53
chr6:27045400-27047200,ENSG00000112812.11$PRSS16$chr6$27215480$+,0.36
chr6:27059200-27060800,ENSG00000112812.11$PRSS16$chr6$27215480$+,0.48
chr6:27088200-27089400,ENSG00000112812.11$PRSS16$chr6$27215480$+,0.43
chr6:27115400-27117800,ENSG00000112812.11$PRSS16$chr6$27215480$+,0.42
chr6:27143400-27145000,ENSG00000112812.11$PRSS16$chr6$27215480$+,0.54
chr6:27154800-27155800,ENSG00000112812.11$PRSS16$chr6$27215480$+,0.48
chr6:27156600-27158400,ENSG00000112812.11$PRSS16$chr6$27215480$+,0.52
chr6:27172800-27175200,ENSG00000112812.11$PRSS16$chr6$27215480$+,0.64
chr6:27205000-27207000,ENSG00000112812.11$PRSS16$chr6$27215480$+,0.63
chr6:27228000-27229600,ENSG00000112812.11$PRSS16$chr6$27215480$+,0.65
chr6:27247400-27249400,ENSG00000112812.11$PRSS16$chr6$27215480$+,0.55
chr6:27279200-27281000,ENSG00000112812.11$PRSS16$chr6$27215480$+,0.62
chr6:27341000-27342400,ENSG00000112812.11$PRSS16$chr6$27215480$+,0.41
chr6:27355400-27356200,ENSG00000112812.11$PRSS16$chr6$27215480$+,0.49
chr6:27357200-27358600,ENSG00000112812.11$PRSS16$chr6$27215480$+,0.43
chr5:65308000-65310400,ENSG00000112851.10$ERBB2IP$chr5$65222303$+,0.43
chr5:65310800-65312200,ENSG00000112851.10$ERBB2IP$chr5$65222303$+,0.45
chr5:65312400-65314200,ENSG00000112851.10$ERBB2IP$chr5$65222303$+,0.43
chr5:140464400-140465800,ENSG00000112852.4$PCDHB2$chr5$140474227$+,0.36
chr5:139936600-139938800,ENSG00000112855.10$HARS2$chr5$140071011$+,0.36
chr5:140079200-140080000,ENSG00000112855.10$HARS2$chr5$140071011$+,0.59
chr5:140088600-140090800,ENSG00000112855.10$HARS2$chr5$140071011$+,0.46
chr5:140091000-140092000,ENSG00000112855.10$HARS2$chr5$140071011$+,0.4
chr5:140104800-140106400,ENSG00000112855.10$HARS2$chr5$140071011$+,0.42
chr5:102895800-102898000,ENSG00000112874.5$NUDT12$chr5$102898494$-,0.4
chr5:463600-466000,ENSG00000112877.6$CEP72$chr5$612387$+,0.45
chr5:610000-612000,ENSG00000112877.6$CEP72$chr5$612387$+,0.42
chr5:109094200-109095800,ENSG00000112893.5$MAN2A1$chr5$109025067$+,0.36
chr5:40879400-40880000,ENSG00000112936.14$C7$chr5$40909354$+,0.38
chr5:6710400-6712400,ENSG00000112941.8$PAPD7$chr5$6714718$+,0.68
chr5:43160400-43162200,ENSG00000112972.10$HMGCS1$chr5$43313614$-,0.44
chr5:43388600-43390800,ENSG00000112972.10$HMGCS1$chr5$43313614$-,0.73
chr5:43479800-43480800,ENSG00000112972.10$HMGCS1$chr5$43313614$-,0.44
chr5:43481200-43483400,ENSG00000112972.10$HMGCS1$chr5$43313614$-,0.43
chr5:43532800-43534400,ENSG00000112972.10$HMGCS1$chr5$43313614$-,0.36
chr5:137508800-137510000,ENSG00000112983.13$BRD8$chr5$137514675$-,0.59
chr5:137549000-137550200,ENSG00000112983.13$BRD8$chr5$137514675$-,0.48
chr5:137508800-137510000,ENSG00000112984.7$KIF20A$chr5$137514408$+,0.63
chr5:137511800-137513600,ENSG00000112984.7$KIF20A$chr5$137514408$+,0.35
chr5:137549000-137550200,ENSG00000112984.7$KIF20A$chr5$137514408$+,0.54
chr5:43479800-43480800,ENSG00000112992.12$NNT$chr5$43602794$+,0.39
chr5:43481200-43483400,ENSG00000112992.12$NNT$chr5$43602794$+,0.48
chr5:43515800-43516600,ENSG00000112992.12$NNT$chr5$43602794$+,0.55
chr5:43532800-43534400,ENSG00000112992.12$NNT$chr5$43602794$+,0.61
chr5:137743000-137744000,ENSG00000113013.8$HSPA9$chr5$137911133$-,0.39
chr5:139812400-139813600,ENSG00000113068.5$PFDN1$chr5$139682706$-,0.44
chr5:54275800-54276600,ENSG00000113088.5$GZMK$chr5$54320081$+,0.42
chr5:54354400-54355800,ENSG00000113088.5$GZMK$chr5$54320081$+,0.64
chr5:54389000-54391200,ENSG00000113088.5$GZMK$chr5$54320081$+,0.5
chr5:54408600-54410200,ENSG00000113088.5$GZMK$chr5$54320081$+,0.38
chr5:54429400-54431400,ENSG00000113088.5$GZMK$chr5$54320081$+,0.37
chr5:54437000-54438800,ENSG00000113088.5$GZMK$chr5$54320081$+,0.37
chr5:54441200-54442800,ENSG00000113088.5$GZMK$chr5$54320081$+,0.38
chr5:54471400-54473600,ENSG00000113088.5$GZMK$chr5$54320081$+,0.36
chr5:139936600-139938800,ENSG00000113119.8$TMCO6$chr5$140019012$+,0.67
chr5:140079200-140080000,ENSG00000113119.8$TMCO6$chr5$140019012$+,0.49
chr5:140088600-140090800,ENSG00000113119.8$TMCO6$chr5$140019012$+,0.49
chr5:140091000-140092000,ENSG00000113119.8$TMCO6$chr5$140019012$+,0.48
chr5:140104800-140106400,ENSG00000113119.8$TMCO6$chr5$140019012$+,0.46
chr5:139936600-139938800,ENSG00000113141.11$IK$chr5$140026643$+,0.48
chr5:140079200-140080000,ENSG00000113141.11$IK$chr5$140026643$+,0.43
chr5:140088600-140090800,ENSG00000113141.11$IK$chr5$140026643$+,0.44
chr5:140091000-140092000,ENSG00000113141.11$IK$chr5$140026643$+,0.42
chr5:140104800-140106400,ENSG00000113141.11$IK$chr5$140026643$+,0.41
chr5:74531200-74532800,ENSG00000113161.11$HMGCR$chr5$74632154$+,0.42
chr5:74533200-74534000,ENSG00000113161.11$HMGCR$chr5$74632154$+,0.45
chr5:74811600-74813200,ENSG00000113163.11$COL4A3BP$chr5$74807963$-,0.69
chr5:74814600-74815800,ENSG00000113163.11$COL4A3BP$chr5$74807963$-,0.74
chr5:74944000-74945000,ENSG00000113163.11$COL4A3BP$chr5$74807963$-,0.42
chr5:176000600-176001600,ENSG00000113194.8$FAF2$chr5$175874629$+,0.5
chr5:140464400-140465800,ENSG00000113209.6$PCDHB5$chr5$140514800$+,0.4
chr5:140464400-140465800,ENSG00000113212.4$PCDHB7$chr5$140552243$+,0.56
chr5:178054200-178056000,ENSG00000113240.8$CLK4$chr5$178057616$-,0.46
chr5:156449400-156450000,ENSG00000113263.8$ITK$chr5$156569944$+,0.39
chr5:156555400-156557000,ENSG00000113263.8$ITK$chr5$156569944$+,0.59
chr5:156570800-156571400,ENSG00000113263.8$ITK$chr5$156569944$+,0.35
chr5:156584200-156585000,ENSG00000113263.8$ITK$chr5$156569944$+,0.61
chr5:156612200-156613800,ENSG00000113263.8$ITK$chr5$156569944$+,0.58
chr5:156614800-156615200,ENSG00000113263.8$ITK$chr5$156569944$+,0.56
chr5:156617400-156618400,ENSG00000113263.8$ITK$chr5$156569944$+,0.53
chr5:156618600-156621000,ENSG00000113263.8$ITK$chr5$156569944$+,0.55
chr5:156663400-156665200,ENSG00000113263.8$ITK$chr5$156569944$+,0.42
chr5:156668600-156670000,ENSG00000113263.8$ITK$chr5$156569944$+,0.4
chr5:156670600-156671400,ENSG00000113263.8$ITK$chr5$156569944$+,0.41
chr5:156671600-156673800,ENSG00000113263.8$ITK$chr5$156569944$+,0.41
chr5:156686000-156687800,ENSG00000113263.8$ITK$chr5$156569944$+,0.4
chr5:156738800-156740800,ENSG00000113263.8$ITK$chr5$156569944$+,0.36
chr5:157077600-157080000,ENSG00000113272.9$THG1L$chr5$157158205$+,0.52
chr5:157171400-157173200,ENSG00000113272.9$THG1L$chr5$157158205$+,0.54
chr5:157188400-157190000,ENSG00000113272.9$THG1L$chr5$157158205$+,0.59
chr5:157199000-157199600,ENSG00000113272.9$THG1L$chr5$157158205$+,0.62
chr5:157270400-157272200,ENSG00000113272.9$THG1L$chr5$157158205$+,0.37
chr5:157272800-157275000,ENSG00000113272.9$THG1L$chr5$157158205$+,0.44
chr5:78288800-78290400,ENSG00000113273.11$ARSB$chr5$78281910$-,0.7
chr5:78428600-78430800,ENSG00000113273.11$ARSB$chr5$78281910$-,0.49
chr5:156612200-156613800,ENSG00000113282.9$CLINT1$chr5$157286183$-,0.37
chr5:157171400-157173200,ENSG00000113282.9$CLINT1$chr5$157286183$-,0.57
chr5:157188400-157190000,ENSG00000113282.9$CLINT1$chr5$157286183$-,0.38
chr5:157199000-157199600,ENSG00000113282.9$CLINT1$chr5$157286183$-,0.41
chr5:157270400-157272200,ENSG00000113282.9$CLINT1$chr5$157286183$-,0.67
chr5:157272800-157275000,ENSG00000113282.9$CLINT1$chr5$157286183$-,0.67
chr5:157447400-157448800,ENSG00000113282.9$CLINT1$chr5$157286183$-,0.35
chr5:179966200-179967600,ENSG00000113300.7$CNOT6$chr5$179921412$+,0.54
chr5:158619000-158620400,ENSG00000113302.4$IL12B$chr5$158757895$-,0.35
chr5:158688200-158689800,ENSG00000113302.4$IL12B$chr5$158757895$-,0.54
chr5:158690800-158692800,ENSG00000113302.4$IL12B$chr5$158757895$-,0.57
chr5:158696200-158698600,ENSG00000113302.4$IL12B$chr5$158757895$-,0.58
chr5:158701000-158702400,ENSG00000113302.4$IL12B$chr5$158757895$-,0.53
chr5:158703600-158705200,ENSG00000113302.4$IL12B$chr5$158757895$-,0.56
chr5:158772000-158774200,ENSG00000113302.4$IL12B$chr5$158757895$-,0.56
chr5:158905200-158907600,ENSG00000113302.4$IL12B$chr5$158757895$-,0.47
chr5:159450200-159451800,ENSG00000113312.6$TTC1$chr5$159436120$+,0.62
chr5:159546800-159547800,ENSG00000113312.6$TTC1$chr5$159436120$+,0.48
chr5:79782200-79783600,ENSG00000113318.9$MSH3$chr5$79950467$+,0.52
chr5:79991600-79994000,ENSG00000113318.9$MSH3$chr5$79950467$+,0.69
chr5:80016200-80016600,ENSG00000113318.9$MSH3$chr5$79950467$+,0.62
chr5:80033800-80035200,ENSG00000113318.9$MSH3$chr5$79950467$+,0.51
chr5:79947800-79950000,ENSG00000113319.7$RASGRF2$chr5$80256491$+,0.36
chr5:80147000-80149200,ENSG00000113319.7$RASGRF2$chr5$80256491$+,0.44
chr5:80271800-80273800,ENSG00000113319.7$RASGRF2$chr5$80256491$+,0.55
chr5:80289000-80290600,ENSG00000113319.7$RASGRF2$chr5$80256491$+,0.46
chr5:80356000-80356800,ENSG00000113319.7$RASGRF2$chr5$80256491$+,0.49
chr5:162893800-162895400,ENSG00000113328.14$CCNG1$chr5$162864575$+,0.65
chr5:162929000-162930400,ENSG00000113328.14$CCNG1$chr5$162864575$+,0.57
chr5:162975800-162977200,ENSG00000113328.14$CCNG1$chr5$162864575$+,0.5
chr5:126065600-126068000,ENSG00000113368.7$LMNB1$chr5$126112315$+,0.57
chr5:126118600-126120000,ENSG00000113368.7$LMNB1$chr5$126112315$+,0.52
chr5:126166600-126167600,ENSG00000113368.7$LMNB1$chr5$126112315$+,0.48
chr5:90564200-90566600,ENSG00000113369.4$ARRDC3$chr5$90679176$-,0.45
chr5:90775000-90775800,ENSG00000113369.4$ARRDC3$chr5$90679176$-,0.5
chr5:90788000-90789200,ENSG00000113369.4$ARRDC3$chr5$90679176$-,0.52
chr5:90790200-90792200,ENSG00000113369.4$ARRDC3$chr5$90679176$-,0.56
chr5:32138200-32140400,ENSG00000113384.9$GOLPH3$chr5$32174456$-,0.58
chr5:32612000-32613400,ENSG00000113387.7$SUB1$chr5$32531739$+,0.46
chr5:93281200-93283200,ENSG00000113391.12$FAM172A$chr5$93447404$-,0.39
chr5:93423600-93423800,ENSG00000113391.12$FAM172A$chr5$93447404$-,0.57
chr5:93438000-93440400,ENSG00000113391.12$FAM172A$chr5$93447404$-,0.62
chr5:33435600-33436400,ENSG00000113407.9$TARS$chr5$33440802$+,0.61
chr5:33437800-33440200,ENSG00000113407.9$TARS$chr5$33440802$+,0.44
chr5:96128600-96129400,ENSG00000113441.11$LNPEP$chr5$96271098$+,0.44
chr5:34837200-34839000,ENSG00000113456.14$RAD1$chr5$34919094$-,0.46
chr5:34839800-34840600,ENSG00000113456.14$RAD1$chr5$34919094$-,0.6
chr5:34922800-34925200,ENSG00000113456.14$RAD1$chr5$34919094$-,0.77
chr5:34837200-34839000,ENSG00000113460.8$BRIX1$chr5$34915481$+,0.5
chr5:34839800-34840600,ENSG00000113460.8$BRIX1$chr5$34915481$+,0.54
chr5:34922800-34925200,ENSG00000113460.8$BRIX1$chr5$34915481$+,0.78
chr5:132027800-132029000,ENSG00000113520.6$IL4$chr5$132009678$+,0.66
chr5:132050000-132050800,ENSG00000113520.6$IL4$chr5$132009678$+,0.58
chr5:132073200-132074400,ENSG00000113520.6$IL4$chr5$132009678$+,0.53
chr5:131856200-131856800,ENSG00000113522.9$RAD50$chr5$131891711$+,0.63
chr5:132027800-132029000,ENSG00000113522.9$RAD50$chr5$131891711$+,0.4
chr5:131856200-131856800,ENSG00000113525.5$IL5$chr5$131892530$-,0.69
chr5:100149600-100150400,ENSG00000113532.8$ST8SIA4$chr5$100238970$-,0.38
chr5:100168200-100169600,ENSG00000113532.8$ST8SIA4$chr5$100238970$-,0.53
chr5:100193800-100195200,ENSG00000113532.8$ST8SIA4$chr5$100238970$-,0.53
chr5:100195600-100198000,ENSG00000113532.8$ST8SIA4$chr5$100238970$-,0.53
chr5:100212000-100214400,ENSG00000113532.8$ST8SIA4$chr5$100238970$-,0.57
chr5:100214600-100216400,ENSG00000113532.8$ST8SIA4$chr5$100238970$-,0.51
chr5:100218200-100218800,ENSG00000113532.8$ST8SIA4$chr5$100238970$-,0.56
chr5:100220000-100221000,ENSG00000113532.8$ST8SIA4$chr5$100238970$-,0.59
chr5:100382600-100383800,ENSG00000113532.8$ST8SIA4$chr5$100238970$-,0.4
chr5:141300600-141302800,ENSG00000113552.11$GNPDA1$chr5$141392606$-,0.4
chr5:141403200-141404400,ENSG00000113552.11$GNPDA1$chr5$141392606$-,0.61
chr5:141404600-141405800,ENSG00000113552.11$GNPDA1$chr5$141392606$-,0.75
chr5:141300600-141302800,ENSG00000113555.4$PCDH12$chr5$141349304$-,0.56
chr5:141390400-141392000,ENSG00000113555.4$PCDH12$chr5$141349304$-,0.58
chr5:141403200-141404400,ENSG00000113555.4$PCDH12$chr5$141349304$-,0.43
chr5:141404600-141405800,ENSG00000113555.4$PCDH12$chr5$141349304$-,0.5
chr5:133489200-133489800,ENSG00000113558.14$SKP1$chr5$133512729$-,0.46
chr5:133490400-133491200,ENSG00000113558.14$SKP1$chr5$133512729$-,0.51
chr5:133491400-133492600,ENSG00000113558.14$SKP1$chr5$133512729$-,0.47
chr5:133614600-133617000,ENSG00000113558.14$SKP1$chr5$133512729$-,0.58
chr5:133637600-133639600,ENSG00000113558.14$SKP1$chr5$133512729$-,0.52
chr5:133700000-133702400,ENSG00000113558.14$SKP1$chr5$133512729$-,0.41
chr5:37380000-37381400,ENSG00000113569.11$NUP155$chr5$37371283$-,0.55
chr5:133489200-133489800,ENSG00000113575.5$PPP2CA$chr5$133561833$-,0.47
chr5:133490400-133491200,ENSG00000113575.5$PPP2CA$chr5$133561833$-,0.39
chr5:133491400-133492600,ENSG00000113575.5$PPP2CA$chr5$133561833$-,0.39
chr5:133513400-133514400,ENSG00000113575.5$PPP2CA$chr5$133561833$-,0.66
chr5:133614600-133617000,ENSG00000113575.5$PPP2CA$chr5$133561833$-,0.62
chr5:133637600-133639600,ENSG00000113575.5$PPP2CA$chr5$133561833$-,0.6
chr5:133700000-133702400,ENSG00000113575.5$PPP2CA$chr5$133561833$-,0.36
chr5:142680800-142683200,ENSG00000113580.10$NR3C1$chr5$142815077$-,0.37
chr5:142789200-142790800,ENSG00000113580.10$NR3C1$chr5$142815077$-,0.78
chr5:142802200-142802800,ENSG00000113580.10$NR3C1$chr5$142815077$-,0.63
chr5:142804200-142805000,ENSG00000113580.10$NR3C1$chr5$142815077$-,0.67
chr5:133489200-133489800,ENSG00000113583.6$C5orf15$chr5$133304478$-,0.36
chr5:133490400-133491200,ENSG00000113583.6$C5orf15$chr5$133304478$-,0.42
chr5:133491400-133492600,ENSG00000113583.6$C5orf15$chr5$133304478$-,0.42
chr5:64776600-64777600,ENSG00000113593.7$PPWD1$chr5$64859063$+,0.48
chr5:64778800-64780000,ENSG00000113593.7$PPWD1$chr5$64859063$+,0.42
chr5:64854400-64855000,ENSG00000113593.7$PPWD1$chr5$64859063$+,0.71
chr5:64896200-64897000,ENSG00000113593.7$PPWD1$chr5$64859063$+,0.58
chr5:64974200-64974800,ENSG00000113593.7$PPWD1$chr5$64859063$+,0.37
chr5:65011000-65011400,ENSG00000113593.7$PPWD1$chr5$64859063$+,0.37
chr5:64854400-64855000,ENSG00000113595.10$TRIM23$chr5$64921802$-,0.36
chr5:64896200-64897000,ENSG00000113595.10$TRIM23$chr5$64921802$-,0.59
chr5:64974200-64974800,ENSG00000113595.10$TRIM23$chr5$64921802$-,0.56
chr5:65011000-65011400,ENSG00000113595.10$TRIM23$chr5$64921802$-,0.39
chr5:65075200-65076400,ENSG00000113595.10$TRIM23$chr5$64921802$-,0.36
chr5:64776600-64777600,ENSG00000113597.13$TRAPPC13$chr5$64920543$+,0.39
chr5:64778800-64780000,ENSG00000113597.13$TRAPPC13$chr5$64920543$+,0.35
chr5:64854400-64855000,ENSG00000113597.13$TRAPPC13$chr5$64920543$+,0.5
chr5:64896200-64897000,ENSG00000113597.13$TRAPPC13$chr5$64920543$+,0.66
chr5:64974200-64974800,ENSG00000113597.13$TRAPPC13$chr5$64920543$+,0.56
chr5:65011000-65011400,ENSG00000113597.13$TRAPPC13$chr5$64920543$+,0.43
chr5:65055800-65057600,ENSG00000113597.13$TRAPPC13$chr5$64920543$+,0.4
chr5:65075200-65076400,ENSG00000113597.13$TRAPPC13$chr5$64920543$+,0.4
chr5:133965800-133967800,ENSG00000113615.8$SEC24A$chr5$133984479$+,0.73
chr5:133968600-133971000,ENSG00000113615.8$SEC24A$chr5$133984479$+,0.79
chr5:134148400-134150600,ENSG00000113621.10$TXNDC15$chr5$134209493$+,0.53
chr5:40630000-40631800,ENSG00000113638.8$TTC33$chr5$40756077$-,0.4
chr5:40640600-40642400,ENSG00000113638.8$TTC33$chr5$40756077$-,0.44
chr5:40795000-40797400,ENSG00000113638.8$TTC33$chr5$40756077$-,0.49
chr5:40799000-40800600,ENSG00000113638.8$TTC33$chr5$40756077$-,0.58
chr5:40879400-40880000,ENSG00000113638.8$TTC33$chr5$40756077$-,0.48
chr5:167914200-167916400,ENSG00000113643.4$RARS$chr5$167913450$+,0.4
chr5:145692200-145693400,ENSG00000113649.7$TCERG1$chr5$145826874$+,0.41
chr5:149025000-149027400,ENSG00000113712.12$CSNK1A1$chr5$148931007$-,0.49
chr5:149280800-149282000,ENSG00000113716.8$HMGXB3$chr5$149379884$+,0.46
chr5:149338200-149339800,ENSG00000113716.8$HMGXB3$chr5$149379884$+,0.51
chr5:172386800-172388800,ENSG00000113719.11$ERGIC1$chr5$172261278$+,0.45
chr5:172408600-172410800,ENSG00000113719.11$ERGIC1$chr5$172261278$+,0.44
chr5:172386800-172388800,ENSG00000113732.4$ATP6V0E1$chr5$172410760$+,0.6
chr5:172419400-172421800,ENSG00000113732.4$ATP6V0E1$chr5$172410760$+,0.64
chr5:172466000-172467800,ENSG00000113732.4$ATP6V0E1$chr5$172410760$+,0.42
chr5:172501800-172503200,ENSG00000113732.4$ATP6V0E1$chr5$172410760$+,0.4
chr5:172419400-172421800,ENSG00000113734.13$BNIP1$chr5$172571445$+,0.38
chr5:172466000-172467800,ENSG00000113734.13$BNIP1$chr5$172571445$+,0.42
chr5:172501800-172503200,ENSG00000113734.13$BNIP1$chr5$172571445$+,0.44
chr5:172709800-172711600,ENSG00000113734.13$BNIP1$chr5$172571445$+,0.43
chr5:174914000-174915400,ENSG00000113749.5$HRH2$chr5$175085033$+,0.39
chr5:174915600-174917800,ENSG00000113749.5$HRH2$chr5$175085033$+,0.39
chr5:176434200-176434600,ENSG00000113761.7$ZNF346$chr5$176449697$+,0.66
chr5:176580200-176582000,ENSG00000113761.7$ZNF346$chr5$176449697$+,0.39
chr3:160108200-160109400,ENSG00000113810.11$SMC4$chr3$160117062$+,0.73
chr3:160109600-160111600,ENSG00000113810.11$SMC4$chr3$160117062$+,0.72
chr3:53913800-53915600,ENSG00000113811.6$SELK$chr3$53926015$-,0.56
chr3:53926400-53927200,ENSG00000113812.9$ACTR8$chr3$53916229$-,0.6
chr3:186423200-186424800,ENSG00000113838.8$TBCCD1$chr3$186288332$-,0.49
chr3:119114200-119116600,ENSG00000113845.5$TIMMDC1$chr3$119217379$+,0.45
chr3:119182800-119184200,ENSG00000113845.5$TIMMDC1$chr3$119217379$+,0.54
chr3:119186800-119188200,ENSG00000113845.5$TIMMDC1$chr3$119217379$+,0.65
chr3:119277600-119279400,ENSG00000113845.5$TIMMDC1$chr3$119217379$+,0.54
chr3:119280400-119282000,ENSG00000113845.5$TIMMDC1$chr3$119217379$+,0.55
chr3:3069400-3071000,ENSG00000113851.9$CRBN$chr3$3221394$-,0.49
chr3:3167000-3168200,ENSG00000113851.9$CRBN$chr3$3221394$-,0.58
chr3:3195600-3197800,ENSG00000113851.9$CRBN$chr3$3221394$-,0.65
chr3:3204200-3206400,ENSG00000113851.9$CRBN$chr3$3221394$-,0.73
chr3:3207400-3208200,ENSG00000113851.9$CRBN$chr3$3221394$-,0.67
chr3:3242000-3244200,ENSG00000113851.9$CRBN$chr3$3221394$-,0.6
chr3:186423200-186424800,ENSG00000113889.7$KNG1$chr3$186435065$+,0.42
chr3:186423200-186424800,ENSG00000113905.4$HRG$chr3$186378005$+,0.39
chr3:187431000-187432800,ENSG00000113916.13$BCL6$chr3$187463515$-,0.62
chr3:97480800-97483000,ENSG00000113966.5$ARL6$chr3$97483365$+,0.38
chr3:97484000-97486400,ENSG00000113966.5$ARL6$chr3$97483365$+,0.38
chr3:97539400-97540200,ENSG00000113966.5$ARL6$chr3$97483365$+,0.54
chr3:132475400-132476200,ENSG00000113971.14$NPHP3$chr3$132441303$-,0.71
chr3:100035000-100037400,ENSG00000114021.7$NIT2$chr3$100053545$+,0.69
chr3:100209600-100211200,ENSG00000114021.7$NIT2$chr3$100053545$+,0.38
chr3:122135600-122138000,ENSG00000114023.11$FAM162A$chr3$122103023$+,0.6
chr3:122194200-122196600,ENSG00000114023.11$FAM162A$chr3$122103023$+,0.46
chr3:9690200-9691000,ENSG00000114026.17$OGG1$chr3$9791628$+,0.38
chr3:9691800-9693200,ENSG00000114026.17$OGG1$chr3$9791628$+,0.41
chr3:9744600-9747000,ENSG00000114026.17$OGG1$chr3$9791628$+,0.5
chr3:9768000-9770000,ENSG00000114026.17$OGG1$chr3$9791628$+,0.57
chr3:9771400-9772600,ENSG00000114026.17$OGG1$chr3$9791628$+,0.48
chr3:9795600-9797800,ENSG00000114026.17$OGG1$chr3$9791628$+,0.57
chr3:122135600-122138000,ENSG00000114030.8$KPNA1$chr3$122233792$-,0.42
chr3:122194200-122196600,ENSG00000114030.8$KPNA1$chr3$122233792$-,0.66
chr3:122405000-122407000,ENSG00000114030.8$KPNA1$chr3$122233792$-,0.41
chr3:135865000-135867200,ENSG00000114054.9$PCCB$chr3$135969148$+,0.4
chr15:25611200-25612000,ENSG00000114062.13$UBE3A$chr15$25684128$-,0.44
chr15:25622600-25624800,ENSG00000114062.13$UBE3A$chr15$25684128$-,0.51
chr3:137894000-137894600,ENSG00000114098.13$ARMC8$chr3$137906109$+,0.71
chr3:137899400-137899600,ENSG00000114098.13$ARMC8$chr3$137906109$+,0.63
chr3:138290000-138291200,ENSG00000114107.4$CEP70$chr3$138313380$-,0.7
chr3:141609400-141611400,ENSG00000114125.9$RNF7$chr3$141457046$+,0.4
chr3:141998400-141999400,ENSG00000114126.13$TFDP2$chr3$141868386$-,0.35
chr3:142313200-142314800,ENSG00000114127.6$XRN1$chr3$142166904$-,0.45
chr3:142315600-142318000,ENSG00000114127.6$XRN1$chr3$142166904$-,0.42
chr3:19986200-19988000,ENSG00000114166.7$KAT2B$chr3$20081515$+,0.4
chr3:20023200-20024200,ENSG00000114166.7$KAT2B$chr3$20081515$+,0.58
chr3:20101000-20103400,ENSG00000114166.7$KAT2B$chr3$20081515$+,0.66
chr3:20120800-20123200,ENSG00000114166.7$KAT2B$chr3$20081515$+,0.58
chr3:20201000-20203000,ENSG00000114166.7$KAT2B$chr3$20081515$+,0.41
chr3:20228400-20230600,ENSG00000114166.7$KAT2B$chr3$20081515$+,0.38
chr3:167422600-167425000,ENSG00000114209.10$PDCD10$chr3$167452727$-,0.59
chr3:167598600-167600200,ENSG00000114209.10$PDCD10$chr3$167452727$-,0.4
chr3:169480200-169482000,ENSG00000114248.5$LRRC31$chr3$169587718$-,0.35
chr3:169482800-169483600,ENSG00000114248.5$LRRC31$chr3$169587718$-,0.4
chr3:169495200-169496000,ENSG00000114248.5$LRRC31$chr3$169587718$-,0.41
chr3:48645000-48646400,ENSG00000114270.11$COL7A1$chr3$48632700$-,0.51
chr3:48647200-48649000,ENSG00000114270.11$COL7A1$chr3$48632700$-,0.39
chr3:48825800-48827800,ENSG00000114302.11$PRKAR2A$chr3$48885279$-,0.42
chr3:48877200-48877600,ENSG00000114302.11$PRKAR2A$chr3$48885279$-,0.55
chr3:48882400-48884400,ENSG00000114302.11$PRKAR2A$chr3$48885279$-,0.36
chr3:48953800-48955600,ENSG00000114302.11$PRKAR2A$chr3$48885279$-,0.39
chr3:48974400-48976400,ENSG00000114302.11$PRKAR2A$chr3$48885279$-,0.36
chr3:48985800-48988200,ENSG00000114302.11$PRKAR2A$chr3$48885279$-,0.4
chr3:49056400-49058600,ENSG00000114302.11$PRKAR2A$chr3$48885279$-,0.35
chr3:49132000-49133800,ENSG00000114302.11$PRKAR2A$chr3$48885279$-,0.37
chr3:49207200-49208800,ENSG00000114316.8$USP4$chr3$49378145$-,0.4
chr3:49340200-49342200,ENSG00000114316.8$USP4$chr3$49378145$-,0.45
chr3:49407800-49409600,ENSG00000114316.8$USP4$chr3$49378145$-,0.62
chr3:49429200-49431200,ENSG00000114316.8$USP4$chr3$49378145$-,0.56
chr3:49465000-49466400,ENSG00000114316.8$USP4$chr3$49378145$-,0.53
chr3:49467200-49468000,ENSG00000114316.8$USP4$chr3$49378145$-,0.48
chr3:49486200-49487000,ENSG00000114316.8$USP4$chr3$49378145$-,0.37
chr3:49512800-49515200,ENSG00000114316.8$USP4$chr3$49378145$-,0.51
chr3:194992600-194993400,ENSG00000114331.8$ACAP2$chr3$195163807$-,0.39
chr3:195079400-195079800,ENSG00000114331.8$ACAP2$chr3$195163807$-,0.55
chr3:195152400-195152600,ENSG00000114331.8$ACAP2$chr3$195163807$-,0.59
chr3:195153000-195153800,ENSG00000114331.8$ACAP2$chr3$195163807$-,0.69
chr3:195176400-195177400,ENSG00000114331.8$ACAP2$chr3$195163807$-,0.69
chr3:195335400-195337800,ENSG00000114331.8$ACAP2$chr3$195163807$-,0.35
chr3:195362800-195363400,ENSG00000114331.8$ACAP2$chr3$195163807$-,0.43
chr3:195383000-195384400,ENSG00000114331.8$ACAP2$chr3$195163807$-,0.37
chr3:172383000-172385200,ENSG00000114346.9$ECT2$chr3$172468472$+,0.56
chr3:50334400-50336600,ENSG00000114353.12$GNAI2$chr3$50263724$+,0.65
chr3:100383400-100385600,ENSG00000114354.8$TFG$chr3$100428205$+,0.54
chr3:50334400-50336600,ENSG00000114378.12$HYAL1$chr3$50349812$-,0.38
chr3:50334400-50336600,ENSG00000114383.5$TUSC2$chr3$50365682$-,0.54
chr3:50334400-50336600,ENSG00000114388.8$NPRL2$chr3$50388522$-,0.45
chr3:50334400-50336600,ENSG00000114395.6$CYB561D2$chr3$50388126$+,0.51
chr3:105441400-105443400,ENSG00000114423.14$CBLB$chr3$105588396$-,0.43
chr3:105457800-105459600,ENSG00000114423.14$CBLB$chr3$105588396$-,0.42
chr3:105569200-105571200,ENSG00000114423.14$CBLB$chr3$105588396$-,0.58
chr3:105703200-105705200,ENSG00000114423.14$CBLB$chr3$105588396$-,0.45
chr3:105706200-105708200,ENSG00000114423.14$CBLB$chr3$105588396$-,0.46
chr3:105728600-105730400,ENSG00000114423.14$CBLB$chr3$105588396$-,0.39
chr3:107249600-107250400,ENSG00000114439.14$BBX$chr3$107241783$+,0.67
chr3:107258800-107260600,ENSG00000114439.14$BBX$chr3$107241783$+,0.69
chr3:107280600-107283000,ENSG00000114439.14$BBX$chr3$107241783$+,0.71
chr3:107294600-107295000,ENSG00000114439.14$BBX$chr3$107241783$+,0.65
chr3:107330000-107330600,ENSG00000114439.14$BBX$chr3$107241783$+,0.43
chr3:107368800-107371200,ENSG00000114439.14$BBX$chr3$107241783$+,0.45
chr3:107893400-107893600,ENSG00000114446.4$IFT57$chr3$107941417$-,0.61
chr3:107934400-107935800,ENSG00000114446.4$IFT57$chr3$107941417$-,0.48
chr3:108047200-108049000,ENSG00000114446.4$IFT57$chr3$107941417$-,0.44
chr3:108047200-108049000,ENSG00000114455.9$HHLA2$chr3$108015376$+,0.44
chr3:197594800-197596200,ENSG00000114473.9$IQCG$chr3$197687013$-,0.52
chr3:197840000-197842000,ENSG00000114473.9$IQCG$chr3$197687013$-,0.39
chr3:124209400-124210800,ENSG00000114491.9$UMPS$chr3$124449213$+,0.44
chr3:124456400-124457800,ENSG00000114491.9$UMPS$chr3$124449213$+,0.69
chr3:196564200-196566400,ENSG00000114503.6$NCBP2$chr3$196669468$-,0.44
chr3:196593600-196594400,ENSG00000114503.6$NCBP2$chr3$196669468$-,0.48
chr3:196595600-196597800,ENSG00000114503.6$NCBP2$chr3$196669468$-,0.45
chr3:125107800-125109000,ENSG00000114520.6$SNX4$chr3$125239041$-,0.39
chr3:125303600-125305200,ENSG00000114520.6$SNX4$chr3$125239041$-,0.55
chr3:113231600-113233200,ENSG00000114573.5$ATP6V1A$chr3$113465866$+,0.39
chr3:113234400-113236000,ENSG00000114573.5$ATP6V1A$chr3$113465866$+,0.42
chr3:113249400-113251200,ENSG00000114573.5$ATP6V1A$chr3$113465866$+,0.45
chr3:113267600-113268400,ENSG00000114573.5$ATP6V1A$chr3$113465866$+,0.38
chr3:113416600-113418800,ENSG00000114573.5$ATP6V1A$chr3$113465866$+,0.58
chr3:113449400-113451600,ENSG00000114573.5$ATP6V1A$chr3$113465866$+,0.77
chr3:113556400-113557800,ENSG00000114573.5$ATP6V1A$chr3$113465866$+,0.48
chr3:127310000-127312400,ENSG00000114626.13$ABTB1$chr3$127391778$+,0.62
chr3:127315600-127317400,ENSG00000114626.13$ABTB1$chr3$127391778$+,0.59
chr3:127344600-127346800,ENSG00000114626.13$ABTB1$chr3$127391778$+,0.51
chr3:127310000-127312400,ENSG00000114631.10$PODXL2$chr3$127348024$+,0.55
chr3:127315600-127317400,ENSG00000114631.10$PODXL2$chr3$127348024$+,0.64
chr3:127344600-127346800,ENSG00000114631.10$PODXL2$chr3$127348024$+,0.35
chr3:127389600-127391800,ENSG00000114631.10$PODXL2$chr3$127348024$+,0.62
chr3:47185400-47186000,ENSG00000114648.7$KLHL18$chr3$47324407$+,0.38
chr3:47206800-47208600,ENSG00000114648.7$KLHL18$chr3$47324407$+,0.36
chr3:47402800-47405200,ENSG00000114648.7$KLHL18$chr3$47324407$+,0.45
chr3:47423400-47425800,ENSG00000114648.7$KLHL18$chr3$47324407$+,0.38
chr3:47321800-47323600,ENSG00000114650.14$SCAP$chr3$47518616$-,0.42
chr3:47402800-47405200,ENSG00000114650.14$SCAP$chr3$47518616$-,0.39
chr3:47423400-47425800,ENSG00000114650.14$SCAP$chr3$47518616$-,0.47
chr3:47552200-47554200,ENSG00000114650.14$SCAP$chr3$47518616$-,0.6
chr3:128764200-128766600,ENSG00000114654.6$EFCC1$chr3$128720472$+,0.35
chr3:128596200-128597600,ENSG00000114656.6$KIAA1257$chr3$128721533$-,0.38
chr3:128764200-128766600,ENSG00000114656.6$KIAA1257$chr3$128721533$-,0.44
chr3:130639800-130641600,ENSG00000114670.9$NEK11$chr3$130745694$+,0.42
chr3:130893000-130895200,ENSG00000114670.9$NEK11$chr3$130745694$+,0.38
chr3:38478800-38480800,ENSG00000114739.9$ACVR2B$chr3$38495342$+,0.52
chr3:39149600-39151800,ENSG00000114742.9$WDR48$chr3$39093489$+,0.53
chr3:149470600-149472400,ENSG00000114744.4$COMMD2$chr3$149470286$-,0.56
chr3:39090800-39093000,ENSG00000114745.9$GORASP1$chr3$39149854$-,0.48
chr3:51843400-51843800,ENSG00000114767.6$RRP9$chr3$51975957$-,0.36
chr3:51857000-51858200,ENSG00000114767.6$RRP9$chr3$51975957$-,0.37
chr3:52030200-52030600,ENSG00000114767.6$RRP9$chr3$51975957$-,0.42
chr3:183736200-183737400,ENSG00000114770.12$ABCC5$chr3$183735803$-,0.45
chr3:183850200-183852000,ENSG00000114770.12$ABCC5$chr3$183735803$-,0.55
chr3:183854000-183856000,ENSG00000114770.12$ABCC5$chr3$183735803$-,0.42
chr3:52030200-52030600,ENSG00000114779.15$ABHD14B$chr3$52017425$-,0.43
chr3:40358400-40359600,ENSG00000114784.3$EIF1B$chr3$40351175$+,0.7
chr3:40495200-40497200,ENSG00000114784.3$EIF1B$chr3$40351175$+,0.51
chr3:40497600-40498400,ENSG00000114784.3$EIF1B$chr3$40351175$+,0.46
chr3:40517400-40518400,ENSG00000114784.3$EIF1B$chr3$40351175$+,0.37
chr3:40519000-40520400,ENSG00000114784.3$EIF1B$chr3$40351175$+,0.35
chr3:52030200-52030600,ENSG00000114786.11$ABHD14A-ACY1$chr3$52009066$+,0.66
chr3:183414600-183415600,ENSG00000114796.11$KLHL24$chr3$183353356$+,0.61
chr3:155524200-155524800,ENSG00000114805.12$PLCH1$chr3$155462856$-,0.47
chr3:156385000-156387400,ENSG00000114850.2$SSR3$chr3$156272973$-,0.5
chr3:156390000-156391800,ENSG00000114850.2$SSR3$chr3$156272973$-,0.51
chr3:42610800-42611800,ENSG00000114857.13$NKTR$chr3$42642106$+,0.48
chr3:42613800-42614600,ENSG00000114857.13$NKTR$chr3$42642106$+,0.53
chr3:42618400-42619200,ENSG00000114857.13$NKTR$chr3$42642106$+,0.51
chr3:42621000-42622800,ENSG00000114857.13$NKTR$chr3$42642106$+,0.54
chr3:42624000-42625600,ENSG00000114857.13$NKTR$chr3$42642106$+,0.57
chr3:42629800-42632200,ENSG00000114857.13$NKTR$chr3$42642106$+,0.57
chr3:42812400-42814800,ENSG00000114857.13$NKTR$chr3$42642106$+,0.37
chr3:184031400-184032200,ENSG00000114859.10$CLCN2$chr3$184079439$-,0.46
chr3:71539000-71540600,ENSG00000114861.14$FOXP1$chr3$71633140$-,0.36
chr3:183850200-183852000,ENSG00000114867.15$EIF4G1$chr3$184032283$+,0.37
chr3:183854000-183856000,ENSG00000114867.15$EIF4G1$chr3$184032283$+,0.36
chr3:183964800-183966200,ENSG00000114867.15$EIF4G1$chr3$184032283$+,0.51
chr3:52931200-52932400,ENSG00000114904.8$NEK4$chr3$52804965$-,0.42
chr2:207018600-207019800,ENSG00000114933.11$INO80D$chr2$206951027$-,0.46
chr2:207018600-207019800,ENSG00000114942.9$EEF1B2$chr2$207024309$+,0.57
chr2:207137800-207139400,ENSG00000114942.9$EEF1B2$chr2$207024309$+,0.37
chr2:73964800-73965600,ENSG00000114956.15$DGUOK$chr2$74153953$+,0.41
chr2:74007200-74008600,ENSG00000114956.15$DGUOK$chr2$74153953$+,0.37
chr2:74051000-74053000,ENSG00000114956.15$DGUOK$chr2$74153953$+,0.54
chr2:74053800-74056000,ENSG00000114956.15$DGUOK$chr2$74153953$+,0.51
chr2:74151400-74153600,ENSG00000114956.15$DGUOK$chr2$74153953$+,0.44
chr2:74171200-74172800,ENSG00000114956.15$DGUOK$chr2$74153953$+,0.57
chr2:74394600-74395400,ENSG00000114956.15$DGUOK$chr2$74153953$+,0.38
chr2:74171200-74172800,ENSG00000114978.13$MOB1A$chr2$74406025$-,0.41
chr2:74346400-74347400,ENSG00000114978.13$MOB1A$chr2$74406025$-,0.48
chr2:74375600-74377600,ENSG00000114978.13$MOB1A$chr2$74406025$-,0.64
chr2:74394600-74395400,ENSG00000114978.13$MOB1A$chr2$74406025$-,0.58
chr2:74560800-74562800,ENSG00000114978.13$MOB1A$chr2$74406025$-,0.38
chr2:97304400-97305000,ENSG00000114982.13$KANSL3$chr2$97308524$-,0.39
chr2:97304400-97305000,ENSG00000114988.7$LMAN2L$chr2$97405801$-,0.43
chr2:97408400-97409000,ENSG00000114988.7$LMAN2L$chr2$97405801$-,0.55
chr2:74682600-74684400,ENSG00000114993.11$RTKN$chr2$74669549$-,0.43
chr2:113013000-113014600,ENSG00000114999.7$TTL$chr2$113239731$+,0.37
chr2:113187800-113188400,ENSG00000114999.7$TTL$chr2$113239731$+,0.6
chr2:113237200-113238800,ENSG00000114999.7$TTL$chr2$113239731$+,0.36
chr2:113298200-113299400,ENSG00000114999.7$TTL$chr2$113239731$+,0.55
chr2:113525200-113526800,ENSG00000115008.5$IL1A$chr2$113542167$-,0.45
chr2:228669200-228671600,ENSG00000115009.7$CCL20$chr2$228678558$+,0.57
chr2:228709200-228710200,ENSG00000115009.7$CCL20$chr2$228678558$+,0.59
chr2:208887200-208889600,ENSG00000115020.12$PIKFYVE$chr2$209130991$+,0.37
chr2:232379600-232381400,ENSG00000115053.11$NCL$chr2$232348352$-,0.5
chr2:232418200-232420600,ENSG00000115053.11$NCL$chr2$232348352$-,0.53
chr2:232421800-232422800,ENSG00000115053.11$NCL$chr2$232348352$-,0.51
chr2:98203800-98205000,ENSG00000115073.6$ACTR1B$chr2$98280570$-,0.45
chr2:98260600-98262000,ENSG00000115073.6$ACTR1B$chr2$98280570$-,0.51
chr2:114308600-114310000,ENSG00000115084.8$SLC35F5$chr2$114514400$-,0.36
chr2:114342400-114344200,ENSG00000115084.8$SLC35F5$chr2$114514400$-,0.43
chr2:114344600-114346000,ENSG00000115084.8$SLC35F5$chr2$114514400$-,0.4
chr2:114360000-114360800,ENSG00000115084.8$SLC35F5$chr2$114514400$-,0.55
chr2:114361200-114362800,ENSG00000115084.8$SLC35F5$chr2$114514400$-,0.52
chr2:114385400-114386200,ENSG00000115084.8$SLC35F5$chr2$114514400$-,0.4
chr2:114456400-114458600,ENSG00000115084.8$SLC35F5$chr2$114514400$-,0.58
chr2:114537800-114538600,ENSG00000115084.8$SLC35F5$chr2$114514400$-,0.57
chr2:114683200-114684400,ENSG00000115084.8$SLC35F5$chr2$114514400$-,0.35
chr2:98260600-98262000,ENSG00000115085.9$ZAP70$chr2$98330023$+,0.51
chr2:98281200-98282000,ENSG00000115085.9$ZAP70$chr2$98330023$+,0.6
chr2:98450400-98452400,ENSG00000115085.9$ZAP70$chr2$98330023$+,0.38
chr2:114514800-114515600,ENSG00000115091.7$ACTR3$chr2$114647537$+,0.39
chr2:114537800-114538600,ENSG00000115091.7$ACTR3$chr2$114647537$+,0.41
chr2:114683200-114684400,ENSG00000115091.7$ACTR3$chr2$114647537$+,0.61
chr2:120737200-120737400,ENSG00000115109.9$EPB41L5$chr2$120770581$+,0.35
chr2:24150600-24152400,ENSG00000115128.6$SF3B14$chr2$24299313$-,0.46
chr2:24161400-24163000,ENSG00000115128.6$SF3B14$chr2$24299313$-,0.39
chr2:24258400-24260800,ENSG00000115128.6$SF3B14$chr2$24299313$-,0.56
chr2:24267800-24269800,ENSG00000115128.6$SF3B14$chr2$24299313$-,0.62
chr2:24307800-24308800,ENSG00000115128.6$SF3B14$chr2$24299313$-,0.6
chr2:24347000-24349400,ENSG00000115128.6$SF3B14$chr2$24299313$-,0.56
chr2:24437400-24439000,ENSG00000115128.6$SF3B14$chr2$24299313$-,0.42
chr2:24894800-24896200,ENSG00000115137.7$DNAJC27$chr2$25194963$-,0.38
chr2:25195800-25197400,ENSG00000115138.6$POMC$chr2$25391772$-,0.4
chr2:153190200-153192000,ENSG00000115145.5$STAM2$chr2$153032506$-,0.35
chr2:157309000-157310200,ENSG00000115159.11$GPD2$chr2$157291802$+,0.46
chr2:158348200-158350600,ENSG00000115165.5$CYTIP$chr2$158345473$-,0.52
chr2:158879000-158880200,ENSG00000115170.9$ACVR1$chr2$158732374$-,0.39
chr2:27525400-27526400,ENSG00000115204.10$MPV17$chr2$27548547$-,0.51
chr2:27357600-27358800,ENSG00000115207.9$GTF3C2$chr2$27579868$-,0.37
chr2:27440800-27443200,ENSG00000115207.9$GTF3C2$chr2$27579868$-,0.45
chr2:27525400-27526400,ENSG00000115207.9$GTF3C2$chr2$27579868$-,0.53
chr2:27546600-27548200,ENSG00000115207.9$GTF3C2$chr2$27579868$-,0.54
chr2:27590800-27592600,ENSG00000115207.9$GTF3C2$chr2$27579868$-,0.65
chr2:27603200-27605400,ENSG00000115207.9$GTF3C2$chr2$27579868$-,0.65
chr2:27620200-27621400,ENSG00000115207.9$GTF3C2$chr2$27579868$-,0.57
chr2:27625800-27627800,ENSG00000115207.9$GTF3C2$chr2$27579868$-,0.45
chr2:27649200-27651000,ENSG00000115207.9$GTF3C2$chr2$27579868$-,0.48
chr2:27710600-27712200,ENSG00000115207.9$GTF3C2$chr2$27579868$-,0.39
chr2:27440800-27443200,ENSG00000115211.11$EIF2B4$chr2$27593353$-,0.47
chr2:27525400-27526400,ENSG00000115211.11$EIF2B4$chr2$27593353$-,0.49
chr2:27546600-27548200,ENSG00000115211.11$EIF2B4$chr2$27593353$-,0.5
chr2:27580200-27581800,ENSG00000115211.11$EIF2B4$chr2$27593353$-,0.56
chr2:27603200-27605400,ENSG00000115211.11$EIF2B4$chr2$27593353$-,0.65
chr2:27620200-27621400,ENSG00000115211.11$EIF2B4$chr2$27593353$-,0.56
chr2:27625800-27627800,ENSG00000115211.11$EIF2B4$chr2$27593353$-,0.5
chr2:27649200-27651000,ENSG00000115211.11$EIF2B4$chr2$27593353$-,0.45
chr2:27710600-27712200,ENSG00000115211.11$EIF2B4$chr2$27593353$-,0.45
chr2:27580200-27581800,ENSG00000115216.9$NRBP1$chr2$27650657$+,0.48
chr2:27590800-27592600,ENSG00000115216.9$NRBP1$chr2$27650657$+,0.52
chr2:27603200-27605400,ENSG00000115216.9$NRBP1$chr2$27650657$+,0.51
chr2:27620200-27621400,ENSG00000115216.9$NRBP1$chr2$27650657$+,0.46
chr2:27625800-27627800,ENSG00000115216.9$NRBP1$chr2$27650657$+,0.54
chr2:27710600-27712200,ENSG00000115216.9$NRBP1$chr2$27650657$+,0.5
chr2:27821400-27823200,ENSG00000115216.9$NRBP1$chr2$27650657$+,0.41
chr2:161121800-161124000,ENSG00000115221.6$ITGB6$chr2$161128399$-,0.45
chr2:27710600-27712200,ENSG00000115226.5$FNDC4$chr2$27718112$-,0.48
chr2:182181600-182182400,ENSG00000115232.9$ITGA4$chr2$182321929$+,0.43
chr2:182234400-182235200,ENSG00000115232.9$ITGA4$chr2$182321929$+,0.45
chr2:182375000-182377200,ENSG00000115232.9$ITGA4$chr2$182321929$+,0.56
chr2:182378400-182379400,ENSG00000115232.9$ITGA4$chr2$182321929$+,0.5
chr2:182379800-182380400,ENSG00000115232.9$ITGA4$chr2$182321929$+,0.51
chr2:182471600-182473800,ENSG00000115232.9$ITGA4$chr2$182321929$+,0.4
chr2:162010200-162011400,ENSG00000115233.7$PSMD14$chr2$162164549$+,0.41
chr2:162015000-162016800,ENSG00000115233.7$PSMD14$chr2$162164549$+,0.46
chr2:162038800-162039800,ENSG00000115233.7$PSMD14$chr2$162164549$+,0.45
chr2:162042600-162044600,ENSG00000115233.7$PSMD14$chr2$162164549$+,0.41
chr2:162058000-162060400,ENSG00000115233.7$PSMD14$chr2$162164549$+,0.45
chr2:162092600-162094600,ENSG00000115233.7$PSMD14$chr2$162164549$+,0.59
chr2:27357600-27358800,ENSG00000115234.6$SNX17$chr2$27593389$+,0.35
chr2:27440800-27443200,ENSG00000115234.6$SNX17$chr2$27593389$+,0.46
chr2:27525400-27526400,ENSG00000115234.6$SNX17$chr2$27593389$+,0.48
chr2:27546600-27548200,ENSG00000115234.6$SNX17$chr2$27593389$+,0.53
chr2:27580200-27581800,ENSG00000115234.6$SNX17$chr2$27593389$+,0.54
chr2:27603200-27605400,ENSG00000115234.6$SNX17$chr2$27593389$+,0.64
chr2:27620200-27621400,ENSG00000115234.6$SNX17$chr2$27593389$+,0.61
chr2:27625800-27627800,ENSG00000115234.6$SNX17$chr2$27593389$+,0.49
chr2:27649200-27651000,ENSG00000115234.6$SNX17$chr2$27593389$+,0.49
chr2:27710600-27712200,ENSG00000115234.6$SNX17$chr2$27593389$+,0.45
chr2:27440800-27443200,ENSG00000115241.9$PPM1G$chr2$27632554$-,0.41
chr2:27525400-27526400,ENSG00000115241.9$PPM1G$chr2$27632554$-,0.4
chr2:27580200-27581800,ENSG00000115241.9$PPM1G$chr2$27632554$-,0.53
chr2:27590800-27592600,ENSG00000115241.9$PPM1G$chr2$27632554$-,0.52
chr2:27603200-27605400,ENSG00000115241.9$PPM1G$chr2$27632554$-,0.55
chr2:27620200-27621400,ENSG00000115241.9$PPM1G$chr2$27632554$-,0.74
chr2:27625800-27627800,ENSG00000115241.9$PPM1G$chr2$27632554$-,0.74
chr2:27649200-27651000,ENSG00000115241.9$PPM1G$chr2$27632554$-,0.66
chr2:27710600-27712200,ENSG00000115241.9$PPM1G$chr2$27632554$-,0.45
chr19:1353000-1354600,ENSG00000115255.6$REEP6$chr19$1491165$+,0.41
chr19:1405800-1407800,ENSG00000115255.6$REEP6$chr19$1491165$+,0.38
chr19:1593400-1594800,ENSG00000115255.6$REEP6$chr19$1491165$+,0.4
chr19:1606200-1607600,ENSG00000115255.6$REEP6$chr19$1491165$+,0.36
chr19:1353000-1354600,ENSG00000115257.11$PCSK4$chr19$1490751$-,0.45
chr19:1405800-1407800,ENSG00000115257.11$PCSK4$chr19$1490751$-,0.43
chr19:1593400-1594800,ENSG00000115257.11$PCSK4$chr19$1490751$-,0.48
chr19:1606200-1607600,ENSG00000115257.11$PCSK4$chr19$1490751$-,0.43
chr19:1353000-1354600,ENSG00000115266.7$APC2$chr19$1446300$+,0.4
chr19:1405800-1407800,ENSG00000115266.7$APC2$chr19$1446300$+,0.55
chr2:163156400-163158800,ENSG00000115267.5$IFIH1$chr2$163175213$-,0.77
chr2:163167000-163167800,ENSG00000115267.5$IFIH1$chr2$163175213$-,0.55
chr2:163198800-163200400,ENSG00000115267.5$IFIH1$chr2$163175213$-,0.71
chr2:163156400-163158800,ENSG00000115271.6$GCA$chr2$163175350$+,0.75
chr2:163167000-163167800,ENSG00000115271.6$GCA$chr2$163175350$+,0.53
chr2:163198800-163200400,ENSG00000115271.6$GCA$chr2$163175350$+,0.74
chr2:74619200-74621200,ENSG00000115274.10$INO80B$chr2$74682150$+,0.5
chr2:74692600-74695000,ENSG00000115274.10$INO80B$chr2$74682150$+,0.68
chr2:74696800-74699200,ENSG00000115274.10$INO80B$chr2$74682150$+,0.67
chr2:74560800-74562800,ENSG00000115275.7$MOGS$chr2$74692537$-,0.38
chr2:74619200-74621200,ENSG00000115275.7$MOGS$chr2$74692537$-,0.59
chr2:74682600-74684400,ENSG00000115275.7$MOGS$chr2$74692537$-,0.57
chr2:74692600-74695000,ENSG00000115275.7$MOGS$chr2$74692537$-,0.37
chr2:74696800-74699200,ENSG00000115275.7$MOGS$chr2$74692537$-,0.58
chr2:74553800-74556200,ENSG00000115282.15$TTC31$chr2$74710200$+,0.38
chr2:74560800-74562800,ENSG00000115282.15$TTC31$chr2$74710200$+,0.37
chr2:74619200-74621200,ENSG00000115282.15$TTC31$chr2$74710200$+,0.51
chr2:74682600-74684400,ENSG00000115282.15$TTC31$chr2$74710200$+,0.49
chr2:74692600-74695000,ENSG00000115282.15$TTC31$chr2$74710200$+,0.59
chr2:74696800-74699200,ENSG00000115282.15$TTC31$chr2$74710200$+,0.58
chr19:1353000-1354600,ENSG00000115286.15$NDUFS7$chr19$1383526$+,0.38
chr19:1405800-1407800,ENSG00000115286.15$NDUFS7$chr19$1383526$+,0.5
chr2:74619200-74621200,ENSG00000115289.8$PCGF1$chr2$74735707$-,0.36
chr2:74682600-74684400,ENSG00000115289.8$PCGF1$chr2$74735707$-,0.49
chr2:74692600-74695000,ENSG00000115289.8$PCGF1$chr2$74735707$-,0.61
chr2:74696800-74699200,ENSG00000115289.8$PCGF1$chr2$74735707$-,0.67
chr2:74682600-74684400,ENSG00000115297.9$TLX2$chr2$74740590$+,0.37
chr2:74692600-74695000,ENSG00000115297.9$TLX2$chr2$74740590$+,0.39
chr2:74696800-74699200,ENSG00000115297.9$TLX2$chr2$74740590$+,0.48
chr2:54681000-54683400,ENSG00000115306.11$SPTBN1$chr2$54683422$+,0.4
chr2:74619200-74621200,ENSG00000115307.12$AUP1$chr2$74757066$-,0.37
chr2:74682600-74684400,ENSG00000115307.12$AUP1$chr2$74757066$-,0.4
chr2:74692600-74695000,ENSG00000115307.12$AUP1$chr2$74757066$-,0.46
chr2:74696800-74699200,ENSG00000115307.12$AUP1$chr2$74757066$-,0.48
chr2:74942600-74944800,ENSG00000115307.12$AUP1$chr2$74757066$-,0.47
chr2:74619200-74621200,ENSG00000115317.7$HTRA2$chr2$74756504$+,0.44
chr2:74682600-74684400,ENSG00000115317.7$HTRA2$chr2$74756504$+,0.37
chr2:74692600-74695000,ENSG00000115317.7$HTRA2$chr2$74756504$+,0.41
chr2:74696800-74699200,ENSG00000115317.7$HTRA2$chr2$74756504$+,0.51
chr2:74880400-74881000,ENSG00000115317.7$HTRA2$chr2$74756504$+,0.38
chr2:74880400-74881000,ENSG00000115318.7$LOXL3$chr2$74782817$-,0.36
chr2:74942600-74944800,ENSG00000115318.7$LOXL3$chr2$74782817$-,0.35
chr2:166731000-166731600,ENSG00000115339.9$GALNT3$chr2$166651192$-,0.52
chr2:75135200-75136800,ENSG00000115350.7$POLE4$chr2$75185619$+,0.45
chr2:55517800-55520200,ENSG00000115355.11$CCDC88A$chr2$55647057$-,0.39
chr2:190455000-190455800,ENSG00000115368.5$WDR75$chr2$190306159$+,0.35
chr2:191857400-191858200,ENSG00000115415.14$STAT1$chr2$191885686$-,0.61
chr2:191870400-191872000,ENSG00000115415.14$STAT1$chr2$191885686$-,0.52
chr2:191879000-191881400,ENSG00000115415.14$STAT1$chr2$191885686$-,0.54
chr2:191933400-191933800,ENSG00000115415.14$STAT1$chr2$191885686$-,0.42
chr2:191986800-191989200,ENSG00000115415.14$STAT1$chr2$191885686$-,0.38
chr2:191998400-191999800,ENSG00000115415.14$STAT1$chr2$191885686$-,0.39
chr2:192006400-192007800,ENSG00000115415.14$STAT1$chr2$191885686$-,0.36
chr2:192008000-192009800,ENSG00000115415.14$STAT1$chr2$191885686$-,0.42
chr2:191857400-191858200,ENSG00000115419.8$GLS$chr2$191745553$+,0.47
chr2:191879000-191881400,ENSG00000115419.8$GLS$chr2$191745553$+,0.39
chr2:191933400-191933800,ENSG00000115419.8$GLS$chr2$191745553$+,0.36
chr2:60962000-60963600,ENSG00000115421.8$PAPOLG$chr2$60983365$+,0.69
chr2:61105800-61107800,ENSG00000115421.8$PAPOLG$chr2$60983365$+,0.37
chr2:61117200-61119400,ENSG00000115421.8$PAPOLG$chr2$60983365$+,0.38
chr2:84680600-84682400,ENSG00000115423.14$DNAH6$chr2$84743579$+,0.58
chr2:84708200-84710200,ENSG00000115423.14$DNAH6$chr2$84743579$+,0.62
chr2:84738000-84738800,ENSG00000115423.14$DNAH6$chr2$84743579$+,0.61
chr2:84760000-84762000,ENSG00000115423.14$DNAH6$chr2$84743579$+,0.59
chr2:84765600-84767800,ENSG00000115423.14$DNAH6$chr2$84743579$+,0.6
chr2:84806200-84808400,ENSG00000115423.14$DNAH6$chr2$84743579$+,0.47
chr2:84858200-84860600,ENSG00000115423.14$DNAH6$chr2$84743579$+,0.38
chr2:84876400-84878800,ENSG00000115423.14$DNAH6$chr2$84743579$+,0.38
chr2:216876000-216877800,ENSG00000115425.9$PECR$chr2$216947678$-,0.43
chr2:99290200-99292000,ENSG00000115446.7$UNC50$chr2$99225042$+,0.45
chr2:99296000-99297200,ENSG00000115446.7$UNC50$chr2$99225042$+,0.41
chr2:85555800-85557000,ENSG00000115459.13$ELMOD3$chr2$85581517$+,0.62
chr2:85644200-85646000,ENSG00000115459.13$ELMOD3$chr2$85581517$+,0.56
chr2:61631400-61633600,ENSG00000115464.10$USP34$chr2$61697904$-,0.6
chr2:61734400-61736600,ENSG00000115464.10$USP34$chr2$61697904$-,0.57
chr2:61741800-61742800,ENSG00000115464.10$USP34$chr2$61697904$-,0.55
chr2:61753800-61755400,ENSG00000115464.10$USP34$chr2$61697904$-,0.49
chr2:61766200-61768000,ENSG00000115464.10$USP34$chr2$61697904$-,0.43
chr2:61802200-61804400,ENSG00000115464.10$USP34$chr2$61697904$-,0.43
chr2:233646000-233647600,ENSG00000115474.6$KCNJ13$chr2$233641278$-,0.36
chr2:61989000-61990800,ENSG00000115484.10$CCT4$chr2$62115939$-,0.47
chr2:62079200-62080800,ENSG00000115484.10$CCT4$chr2$62115939$-,0.51
chr2:62082200-62083200,ENSG00000115484.10$CCT4$chr2$62115939$-,0.53
chr2:62130800-62132600,ENSG00000115484.10$CCT4$chr2$62115939$-,0.59
chr2:62133400-62135400,ENSG00000115484.10$CCT4$chr2$62115939$-,0.64
chr2:85644200-85646000,ENSG00000115486.7$GGCX$chr2$85788670$-,0.37
chr2:85854800-85856600,ENSG00000115486.7$GGCX$chr2$85788670$-,0.41
chr2:85864400-85865000,ENSG00000115486.7$GGCX$chr2$85788670$-,0.6
chr2:85869200-85870800,ENSG00000115486.7$GGCX$chr2$85788670$-,0.39
chr2:233918200-233920200,ENSG00000115488.3$NEU2$chr2$233897382$+,0.55
chr2:62929800-62932200,ENSG00000115504.10$EHBP1$chr2$62900986$+,0.37
chr2:100046600-100049000,ENSG00000115514.7$TXNDC9$chr2$99957165$-,0.38
chr2:99969800-99971800,ENSG00000115514.7$TXNDC9$chr2$99957165$-,0.59
chr2:198042600-198043200,ENSG00000115520.4$COQ10B$chr2$198318147$+,0.37
chr2:198043400-198045800,ENSG00000115520.4$COQ10B$chr2$198318147$+,0.38
chr2:198203600-198206000,ENSG00000115520.4$COQ10B$chr2$198318147$+,0.43
chr2:198233000-198235200,ENSG00000115520.4$COQ10B$chr2$198318147$+,0.52
chr2:198248400-198249400,ENSG00000115520.4$COQ10B$chr2$198318147$+,0.46
chr2:198300400-198302400,ENSG00000115520.4$COQ10B$chr2$198318147$+,0.74
chr2:198378400-198380200,ENSG00000115520.4$COQ10B$chr2$198318147$+,0.47
chr2:85854800-85856600,ENSG00000115523.12$GNLY$chr2$85912298$+,0.44
chr2:85864400-85865000,ENSG00000115523.12$GNLY$chr2$85912298$+,0.57
chr2:85869200-85870800,ENSG00000115523.12$GNLY$chr2$85912298$+,0.51
chr2:198043400-198045800,ENSG00000115524.11$SF3B1$chr2$198299815$-,0.37
chr2:198176000-198178000,ENSG00000115524.11$SF3B1$chr2$198299815$-,0.41
chr2:198179000-198181000,ENSG00000115524.11$SF3B1$chr2$198299815$-,0.37
chr2:198233000-198235200,ENSG00000115524.11$SF3B1$chr2$198299815$-,0.49
chr2:198248400-198249400,ENSG00000115524.11$SF3B1$chr2$198299815$-,0.55
chr2:198378400-198380200,ENSG00000115524.11$SF3B1$chr2$198299815$-,0.41
chr2:86054000-86056200,ENSG00000115525.12$ST3GAL5$chr2$86116137$-,0.41
chr2:86058800-86060800,ENSG00000115525.12$ST3GAL5$chr2$86116137$-,0.37
chr2:86072400-86074800,ENSG00000115525.12$ST3GAL5$chr2$86116137$-,0.37
chr2:86190000-86192000,ENSG00000115525.12$ST3GAL5$chr2$86116137$-,0.52
chr2:101200200-101202200,ENSG00000115539.9$PDCL3$chr2$101179152$+,0.58
chr2:101210000-101212000,ENSG00000115539.9$PDCL3$chr2$101179152$+,0.58
chr2:101243000-101245400,ENSG00000115539.9$PDCL3$chr2$101179152$+,0.48
chr2:101265200-101267200,ENSG00000115539.9$PDCL3$chr2$101179152$+,0.39
chr2:101269600-101270200,ENSG00000115539.9$PDCL3$chr2$101179152$+,0.41
chr2:198176000-198178000,ENSG00000115540.10$MOB4$chr2$198380295$+,0.35
chr2:198179000-198181000,ENSG00000115540.10$MOB4$chr2$198380295$+,0.36
chr2:198233000-198235200,ENSG00000115540.10$MOB4$chr2$198380295$+,0.45
chr2:198248400-198249400,ENSG00000115540.10$MOB4$chr2$198380295$+,0.38
chr2:198300400-198302400,ENSG00000115540.10$MOB4$chr2$198380295$+,0.49
chr2:197664600-197665400,ENSG00000115541.6$HSPE1$chr2$198364718$+,0.35
chr2:198043400-198045800,ENSG00000115541.6$HSPE1$chr2$198364718$+,0.37
chr2:198203600-198206000,ENSG00000115541.6$HSPE1$chr2$198364718$+,0.38
chr2:198233000-198235200,ENSG00000115541.6$HSPE1$chr2$198364718$+,0.43
chr2:198248400-198249400,ENSG00000115541.6$HSPE1$chr2$198364718$+,0.55
chr2:198300400-198302400,ENSG00000115541.6$HSPE1$chr2$198364718$+,0.51
chr2:198378400-198380200,ENSG00000115541.6$HSPE1$chr2$198364718$+,0.6
chr2:86758400-86760600,ENSG00000115548.12$KDM3A$chr2$86667770$+,0.43
chr2:86787800-86789600,ENSG00000115548.12$KDM3A$chr2$86667770$+,0.45
chr2:86851200-86853200,ENSG00000115561.10$CHMP3$chr2$86948245$-,0.41
chr2:86924400-86925600,ENSG00000115561.10$CHMP3$chr2$86948245$-,0.67
chr2:86946000-86946600,ENSG00000115561.10$CHMP3$chr2$86948245$-,0.37
chr2:86963200-86963600,ENSG00000115561.10$CHMP3$chr2$86948245$-,0.51
chr2:219438800-219439800,ENSG00000115568.11$ZNF142$chr2$219524378$-,0.65
chr2:219512400-219513600,ENSG00000115568.11$ZNF142$chr2$219524378$-,0.51
chr2:219537200-219538800,ENSG00000115568.11$ZNF142$chr2$219524378$-,0.62
chr2:219574600-219575600,ENSG00000115568.11$ZNF142$chr2$219524378$-,0.62
chr2:219666600-219668200,ENSG00000115568.11$ZNF142$chr2$219524378$-,0.37
chr2:219666600-219668200,ENSG00000115592.7$PRKAG3$chr2$219696809$-,0.46
chr2:219666600-219668200,ENSG00000115596.3$WNT6$chr2$219724544$+,0.57
chr2:102831400-102833200,ENSG00000115598.5$IL1RL2$chr2$102803433$+,0.62
chr2:102887600-102888800,ENSG00000115598.5$IL1RL2$chr2$102803433$+,0.41
chr2:102917600-102919200,ENSG00000115598.5$IL1RL2$chr2$102803433$+,0.39
chr2:102887600-102888800,ENSG00000115602.12$IL1RL1$chr2$102927962$+,0.37
chr2:102917600-102919200,ENSG00000115602.12$IL1RL1$chr2$102927962$+,0.47
chr2:102887600-102888800,ENSG00000115604.6$IL18R1$chr2$102927989$+,0.35
chr2:102917600-102919200,ENSG00000115604.6$IL18R1$chr2$102927989$+,0.47
chr2:102887600-102888800,ENSG00000115607.5$IL18RAP$chr2$103035149$+,0.36
chr2:102917600-102919200,ENSG00000115607.5$IL18RAP$chr2$103035149$+,0.36
chr2:103007400-103009000,ENSG00000115607.5$IL18RAP$chr2$103035149$+,0.64
chr2:103198200-103199000,ENSG00000115607.5$IL18RAP$chr2$103035149$+,0.36
chr2:103198200-103199000,ENSG00000115616.2$SLC9A2$chr2$103236166$+,0.42
chr2:238383800-238385600,ENSG00000115648.9$MLPH$chr2$238394071$+,0.37
chr2:220070400-220071000,ENSG00000115649.11$CNPPD1$chr2$220042828$-,0.53
chr2:106720400-106721600,ENSG00000115652.10$UXS1$chr2$106810795$-,0.48
chr2:106820800-106823000,ENSG00000115652.10$UXS1$chr2$106810795$-,0.66
chr2:106884200-106885000,ENSG00000115652.10$UXS1$chr2$106810795$-,0.55
chr2:220070400-220071000,ENSG00000115657.8$ABCB6$chr2$220083712$-,0.42
chr2:220070400-220071000,ENSG00000115661.9$STK16$chr2$220110177$+,0.51
chr2:242086000-242088400,ENSG00000115677.12$HDLBP$chr2$242256476$-,0.36
chr2:242157800-242160000,ENSG00000115677.12$HDLBP$chr2$242256476$-,0.52
chr2:242051600-242053400,ENSG00000115685.10$PPP1R7$chr2$242088991$+,0.6
chr2:242157800-242160000,ENSG00000115685.10$PPP1R7$chr2$242088991$+,0.56
chr2:242051600-242053400,ENSG00000115687.9$PASK$chr2$242089679$-,0.62
chr2:242086000-242088400,ENSG00000115687.9$PASK$chr2$242089679$-,0.63
chr2:242157800-242160000,ENSG00000115687.9$PASK$chr2$242089679$-,0.54
chr2:128052200-128053400,ENSG00000115718.13$PROC$chr2$128176003$+,0.38
chr2:128134800-128137000,ENSG00000115718.13$PROC$chr2$128176003$+,0.52
chr2:128284600-128286600,ENSG00000115718.13$PROC$chr2$128176003$+,0.35
chr2:10289200-10291400,ENSG00000115756.8$HPCAL1$chr2$10443015$+,0.42
chr2:10475000-10475200,ENSG00000115756.8$HPCAL1$chr2$10443015$+,0.52
chr2:10475000-10475200,ENSG00000115758.8$ODC1$chr2$10588630$-,0.36
chr2:10684000-10685400,ENSG00000115758.8$ODC1$chr2$10588630$-,0.52
chr2:10830600-10832600,ENSG00000115758.8$ODC1$chr2$10588630$-,0.44
chr2:32500400-32502800,ENSG00000115760.9$BIRC6$chr2$32582096$+,0.46
chr2:32615800-32617000,ENSG00000115760.9$BIRC6$chr2$32582096$+,0.59
chr2:10684000-10685400,ENSG00000115761.11$NOL10$chr2$10830101$-,0.39
chr2:10814400-10816800,ENSG00000115761.11$NOL10$chr2$10830101$-,0.61
chr2:10946400-10946800,ENSG00000115761.11$NOL10$chr2$10830101$-,0.52
chr2:131842000-131844400,ENSG00000115762.12$PLEKHB2$chr2$131862420$+,0.69
chr2:131845000-131846600,ENSG00000115762.12$PLEKHB2$chr2$131862420$+,0.69
chr2:171625800-171627600,ENSG00000115806.8$GORASP2$chr2$171784974$+,0.41
chr2:171627800-171630200,ENSG00000115806.8$GORASP2$chr2$171784974$+,0.42
chr2:171729000-171730600,ENSG00000115806.8$GORASP2$chr2$171784974$+,0.7
chr2:171734000-171735600,ENSG00000115806.8$GORASP2$chr2$171784974$+,0.71
chr2:171920200-171921800,ENSG00000115806.8$GORASP2$chr2$171784974$+,0.38
chr2:171965000-171965200,ENSG00000115806.8$GORASP2$chr2$171784974$+,0.38
chr2:37144800-37147200,ENSG00000115808.7$STRN$chr2$37193615$-,0.52
chr2:37152600-37155000,ENSG00000115808.7$STRN$chr2$37193615$-,0.51
chr2:37231800-37233800,ENSG00000115808.7$STRN$chr2$37193615$-,0.72
chr2:37299200-37301000,ENSG00000115808.7$STRN$chr2$37193615$-,0.41
chr2:37303400-37304200,ENSG00000115808.7$STRN$chr2$37193615$-,0.36
chr2:37299200-37301000,ENSG00000115816.9$CEBPZ$chr2$37458856$-,0.46
chr2:37387200-37387600,ENSG00000115816.9$CEBPZ$chr2$37458856$-,0.44
chr2:37470000-37471800,ENSG00000115816.9$CEBPZ$chr2$37458856$-,0.74
chr2:37470000-37471800,ENSG00000115825.5$PRKD3$chr2$37551951$-,0.42
chr2:37691200-37691800,ENSG00000115825.5$PRKD3$chr2$37551951$-,0.42
chr2:172271200-172273400,ENSG00000115827.9$DCAF17$chr2$172290727$+,0.7
chr2:172277000-172278600,ENSG00000115827.9$DCAF17$chr2$172290727$+,0.67
chr2:172340800-172342400,ENSG00000115827.9$DCAF17$chr2$172290727$+,0.52
chr2:172430400-172431400,ENSG00000115827.9$DCAF17$chr2$172290727$+,0.39
chr2:172738200-172740600,ENSG00000115840.9$SLC25A12$chr2$172864766$-,0.42
chr2:172751200-172752600,ENSG00000115840.9$SLC25A12$chr2$172864766$-,0.5
chr2:172777400-172779000,ENSG00000115840.9$SLC25A12$chr2$172864766$-,0.43
chr2:172855600-172856600,ENSG00000115840.9$SLC25A12$chr2$172864766$-,0.65
chr2:172954400-172956400,ENSG00000115840.9$SLC25A12$chr2$172864766$-,0.4
chr2:172855600-172856600,ENSG00000115844.6$DLX2$chr2$172967628$-,0.45
chr2:172862000-172864400,ENSG00000115844.6$DLX2$chr2$172967628$-,0.52
chr2:172865200-172866800,ENSG00000115844.6$DLX2$chr2$172967628$-,0.44
chr2:172954400-172956400,ENSG00000115844.6$DLX2$chr2$172967628$-,0.62
chr2:136554600-136557000,ENSG00000115850.5$LCT$chr2$136594750$-,0.37
chr2:136617000-136617200,ENSG00000115850.5$LCT$chr2$136594750$-,0.4
chr2:136617000-136617200,ENSG00000115866.6$DARS$chr2$136743670$-,0.37
chr2:136633600-136635400,ENSG00000115866.6$DARS$chr2$136743670$-,0.37
chr2:136723000-136723800,ENSG00000115866.6$DARS$chr2$136743670$-,0.68
chr2:136729800-136731200,ENSG00000115866.6$DARS$chr2$136743670$-,0.67
chr2:136733200-136735400,ENSG00000115866.6$DARS$chr2$136743670$-,0.64
chr2:136813000-136814200,ENSG00000115866.6$DARS$chr2$136743670$-,0.4
chr2:38860800-38863000,ENSG00000115875.14$SRSF7$chr2$38978636$-,0.39
chr2:38884800-38886800,ENSG00000115875.14$SRSF7$chr2$38978636$-,0.41
chr2:38939400-38941000,ENSG00000115875.14$SRSF7$chr2$38978636$-,0.55
chr2:38942400-38944400,ENSG00000115875.14$SRSF7$chr2$38978636$-,0.49
chr2:38951600-38952200,ENSG00000115875.14$SRSF7$chr2$38978636$-,0.61
chr2:38952400-38953800,ENSG00000115875.14$SRSF7$chr2$38978636$-,0.62
chr2:38980800-38982400,ENSG00000115875.14$SRSF7$chr2$38978636$-,0.5
chr2:39005800-39007000,ENSG00000115875.14$SRSF7$chr2$38978636$-,0.62
chr2:39103600-39104400,ENSG00000115875.14$SRSF7$chr2$38978636$-,0.41
chr2:198568400-198569600,ENSG00000115896.11$PLCL1$chr2$198669426$+,0.56
chr2:198577600-198579200,ENSG00000115896.11$PLCL1$chr2$198669426$+,0.62
chr2:198706200-198708400,ENSG00000115896.11$PLCL1$chr2$198669426$+,0.51
chr2:198808400-198810600,ENSG00000115896.11$PLCL1$chr2$198669426$+,0.39
chr2:65267000-65269000,ENSG00000115902.6$SLC1A4$chr2$65215611$+,0.45
chr2:39306800-39308600,ENSG00000115904.8$SOS1$chr2$39351486$-,0.56
chr2:39314800-39315200,ENSG00000115904.8$SOS1$chr2$39351486$-,0.65
chr2:39315400-39316400,ENSG00000115904.8$SOS1$chr2$39351486$-,0.73
chr2:39324200-39325800,ENSG00000115904.8$SOS1$chr2$39351486$-,0.58
chr2:39338600-39340600,ENSG00000115904.8$SOS1$chr2$39351486$-,0.77
chr2:143746000-143748200,ENSG00000115919.10$KYNU$chr2$143635067$+,0.35
chr2:175376200-175377600,ENSG00000115935.12$WIPF1$chr2$175547644$-,0.41
chr2:175421600-175422400,ENSG00000115935.12$WIPF1$chr2$175547644$-,0.47
chr2:175593800-175596000,ENSG00000115935.12$WIPF1$chr2$175547644$-,0.48
chr2:201911000-201912000,ENSG00000115942.4$ORC2$chr2$201828403$-,0.48
chr2:68277400-68279400,ENSG00000115946.3$PNO1$chr2$68384976$+,0.42
chr2:68290600-68291600,ENSG00000115946.3$PNO1$chr2$68384976$+,0.55
chr2:68382000-68384000,ENSG00000115946.3$PNO1$chr2$68384976$+,0.35
chr2:68406000-68406800,ENSG00000115946.3$PNO1$chr2$68384976$+,0.83
chr2:68410000-68411600,ENSG00000115946.3$PNO1$chr2$68384976$+,0.78
chr2:68436600-68438200,ENSG00000115946.3$PNO1$chr2$68384976$+,0.74
chr2:148611600-148614000,ENSG00000115947.9$ORC4$chr2$148779147$-,0.35
chr2:148667800-148669600,ENSG00000115947.9$ORC4$chr2$148779147$-,0.49
chr2:148767200-148768000,ENSG00000115947.9$ORC4$chr2$148779147$-,0.69
chr2:148768400-148769200,ENSG00000115947.9$ORC4$chr2$148779147$-,0.6
chr2:148867200-148869400,ENSG00000115947.9$ORC4$chr2$148779147$-,0.49
chr2:68410000-68411600,ENSG00000115956.9$PLEK$chr2$68592305$+,0.37
chr2:68644600-68647000,ENSG00000115956.9$PLEK$chr2$68592305$+,0.49
chr2:68679200-68681400,ENSG00000115956.9$PLEK$chr2$68592305$+,0.47
chr2:175995200-175996600,ENSG00000115966.12$ATF2$chr2$176033110$-,0.69
chr2:176046600-176047600,ENSG00000115966.12$ATF2$chr2$176033110$-,0.7
chr2:43801800-43802000,ENSG00000115970.14$THADA$chr2$43823185$-,0.64
chr2:69894200-69896200,ENSG00000115977.14$AAK1$chr2$69901481$-,0.41
chr2:69906600-69908400,ENSG00000115977.14$AAK1$chr2$69901481$-,0.42
chr2:202304800-202307000,ENSG00000115993.7$TRAK2$chr2$202316302$-,0.47
chr2:202389200-202391400,ENSG00000115993.7$TRAK2$chr2$202316302$-,0.57
chr2:70415000-70417200,ENSG00000115998.3$C2orf42$chr2$70475747$-,0.45
chr2:70418200-70420200,ENSG00000115998.3$C2orf42$chr2$70475747$-,0.57
chr2:70438000-70440400,ENSG00000115998.3$C2orf42$chr2$70475747$-,0.56
chr2:70453600-70456000,ENSG00000115998.3$C2orf42$chr2$70475747$-,0.57
chr2:70514200-70516000,ENSG00000115998.3$C2orf42$chr2$70475747$-,0.6
chr2:70527600-70528600,ENSG00000115998.3$C2orf42$chr2$70475747$-,0.51
chr2:70529200-70530200,ENSG00000115998.3$C2orf42$chr2$70475747$-,0.46
chr2:70415000-70417200,ENSG00000116001.11$TIA1$chr2$70475792$-,0.46
chr2:70418200-70420200,ENSG00000116001.11$TIA1$chr2$70475792$-,0.53
chr2:70438000-70440400,ENSG00000116001.11$TIA1$chr2$70475792$-,0.54
chr2:70453600-70456000,ENSG00000116001.11$TIA1$chr2$70475792$-,0.58
chr2:70514200-70516000,ENSG00000116001.11$TIA1$chr2$70475792$-,0.58
chr2:70527600-70528600,ENSG00000116001.11$TIA1$chr2$70475792$-,0.49
chr2:70529200-70530200,ENSG00000116001.11$TIA1$chr2$70475792$-,0.48
chr2:70415000-70417200,ENSG00000116005.7$PCYOX1$chr2$70484518$+,0.49
chr2:70418200-70420200,ENSG00000116005.7$PCYOX1$chr2$70484518$+,0.43
chr2:70438000-70440400,ENSG00000116005.7$PCYOX1$chr2$70484518$+,0.59
chr2:70453600-70456000,ENSG00000116005.7$PCYOX1$chr2$70484518$+,0.59
chr2:70514200-70516000,ENSG00000116005.7$PCYOX1$chr2$70484518$+,0.49
chr2:70527600-70528600,ENSG00000116005.7$PCYOX1$chr2$70484518$+,0.44
chr2:70529200-70530200,ENSG00000116005.7$PCYOX1$chr2$70484518$+,0.35
chr19:1056800-1059200,ENSG00000116014.5$KISS1R$chr19$917287$+,0.52
chr19:923200-925600,ENSG00000116014.5$KISS1R$chr19$917287$+,0.53
chr19:1056800-1059200,ENSG00000116017.6$ARID3A$chr19$925781$+,0.46
chr2:203094000-203095600,ENSG00000116030.12$SUMO1$chr2$203103331$-,0.75
chr2:203097000-203099200,ENSG00000116030.12$SUMO1$chr2$203103331$-,0.64
chr2:203127800-203130000,ENSG00000116030.12$SUMO1$chr2$203103331$-,0.71
chr2:203581600-203584000,ENSG00000116030.12$SUMO1$chr2$203103331$-,0.35
chr19:923200-925600,ENSG00000116032.5$GRIN3B$chr19$1000418$+,0.35
chr2:71098000-71099800,ENSG00000116035.2$VAX2$chr2$71127720$+,0.36
chr2:178196000-178198400,ENSG00000116044.11$NFE2L2$chr2$178257425$-,0.47
chr2:178279800-178282000,ENSG00000116044.11$NFE2L2$chr2$178257425$-,0.58
chr2:179276800-179278200,ENSG00000116095.6$PLEKHA3$chr2$179345195$+,0.57
chr2:179385600-179387800,ENSG00000116095.6$PLEKHA3$chr2$179345195$+,0.56
chr2:179390600-179392000,ENSG00000116095.6$PLEKHA3$chr2$179345195$+,0.63
chr2:222410400-222412600,ENSG00000116106.7$EPHA4$chr2$222438922$-,0.61
chr2:222413600-222415000,ENSG00000116106.7$EPHA4$chr2$222438922$-,0.61
chr2:223549800-223551600,ENSG00000116120.8$FARSB$chr2$223521056$-,0.7
chr2:73442000-73443800,ENSG00000116127.13$ALMS1$chr2$73612886$+,0.43
chr2:73484800-73486000,ENSG00000116127.13$ALMS1$chr2$73612886$+,0.48
chr1:146999400-147000800,ENSG00000116128.5$BCL9$chr1$147013182$+,0.74
chr1:147140000-147141600,ENSG00000116128.5$BCL9$chr1$147013182$+,0.48
chr1:147171000-147173400,ENSG00000116128.5$BCL9$chr1$147013182$+,0.35
chr1:55228200-55229600,ENSG00000116133.7$DHCR24$chr1$55352891$-,0.35
chr1:55410200-55412400,ENSG00000116133.7$DHCR24$chr1$55352891$-,0.48
chr1:15847800-15850200,ENSG00000116138.8$DNAJC16$chr1$15853308$+,0.54
chr1:2518800-2521200,ENSG00000116151.9$MORN1$chr1$2323146$-,0.42
chr1:52995000-52996200,ENSG00000116157.5$GPX7$chr1$53068044$+,0.42
chr1:53003200-53005600,ENSG00000116157.5$GPX7$chr1$53068044$+,0.52
chr1:53010400-53011200,ENSG00000116157.5$GPX7$chr1$53068044$+,0.46
chr1:53013000-53013600,ENSG00000116157.5$GPX7$chr1$53068044$+,0.48
chr1:53164200-53165200,ENSG00000116157.5$GPX7$chr1$53068044$+,0.38
chr1:53190600-53192000,ENSG00000116157.5$GPX7$chr1$53068044$+,0.4
chr1:53193000-53195200,ENSG00000116157.5$GPX7$chr1$53068044$+,0.35
chr1:174878400-174879800,ENSG00000116161.13$CACYBP$chr1$174968300$+,0.45
chr1:174885400-174886600,ENSG00000116161.13$CACYBP$chr1$174968300$+,0.37
chr1:174926200-174928400,ENSG00000116161.13$CACYBP$chr1$174968300$+,0.47
chr1:174948400-174950400,ENSG00000116161.13$CACYBP$chr1$174968300$+,0.52
chr1:174953600-174955000,ENSG00000116161.13$CACYBP$chr1$174968300$+,0.6
chr1:174960000-174961200,ENSG00000116161.13$CACYBP$chr1$174968300$+,0.57
chr1:174998200-175000000,ENSG00000116161.13$CACYBP$chr1$174968300$+,0.51
chr1:175123600-175125800,ENSG00000116161.13$CACYBP$chr1$174968300$+,0.35
chr1:53387600-53388600,ENSG00000116171.12$SCP2$chr1$53392901$+,0.68
chr1:53479400-53480200,ENSG00000116171.12$SCP2$chr1$53392901$+,0.48
chr1:3542000-3543400,ENSG00000116198.8$CEP104$chr1$3773778$-,0.35
chr1:3713600-3714400,ENSG00000116198.8$CEP104$chr1$3773778$-,0.59
chr1:3814600-3816000,ENSG00000116198.8$CEP104$chr1$3773778$-,0.5
chr1:54304400-54305200,ENSG00000116205.6$TCEANC2$chr1$54519260$+,0.36
chr1:54353000-54355000,ENSG00000116205.6$TCEANC2$chr1$54519260$+,0.4
chr1:54509600-54509800,ENSG00000116205.6$TCEANC2$chr1$54519260$+,0.61
chr1:54664400-54665200,ENSG00000116205.6$TCEANC2$chr1$54519260$+,0.62
chr1:54304400-54305200,ENSG00000116209.7$TMEM59$chr1$54519177$-,0.36
chr1:54353000-54355000,ENSG00000116209.7$TMEM59$chr1$54519177$-,0.46
chr1:54509600-54509800,ENSG00000116209.7$TMEM59$chr1$54519177$-,0.61
chr1:54664400-54665200,ENSG00000116209.7$TMEM59$chr1$54519177$-,0.62
chr1:54304400-54305200,ENSG00000116212.10$LRRC42$chr1$54411750$+,0.47
chr1:54353000-54355000,ENSG00000116212.10$LRRC42$chr1$54411750$+,0.49
chr1:54509600-54509800,ENSG00000116212.10$LRRC42$chr1$54411750$+,0.49
chr1:54519800-54521800,ENSG00000116212.10$LRRC42$chr1$54411750$+,0.46
chr1:3542000-3543400,ENSG00000116213.11$WRAP73$chr1$3569325$-,0.43
chr1:6259800-6262200,ENSG00000116237.11$ICMT$chr1$6296032$-,0.59
chr1:6426200-6426600,ENSG00000116237.11$ICMT$chr1$6296032$-,0.4
chr1:6454200-6455800,ENSG00000116237.11$ICMT$chr1$6296032$-,0.38
chr1:6259800-6262200,ENSG00000116254.13$CHD5$chr1$6240183$-,0.42
chr1:109182000-109184200,ENSG00000116266.6$STXBP3$chr1$109289296$+,0.49
chr1:109204200-109206200,ENSG00000116266.6$STXBP3$chr1$109289296$+,0.52
chr1:109221200-109223200,ENSG00000116266.6$STXBP3$chr1$109289296$+,0.61
chr1:109231800-109234200,ENSG00000116266.6$STXBP3$chr1$109289296$+,0.64
chr1:109250400-109252200,ENSG00000116266.6$STXBP3$chr1$109289296$+,0.61
chr1:109417800-109419200,ENSG00000116266.6$STXBP3$chr1$109289296$+,0.52
chr1:6614800-6616000,ENSG00000116273.5$PHF13$chr1$6673745$+,0.44
chr1:6705800-6707200,ENSG00000116273.5$PHF13$chr1$6673745$+,0.64
chr1:6761600-6763600,ENSG00000116273.5$PHF13$chr1$6673745$+,0.44
chr1:7962000-7963800,ENSG00000116288.8$PARK7$chr1$8014351$+,0.55
chr1:8008600-8011000,ENSG00000116288.8$PARK7$chr1$8014351$+,0.59
chr1:8019000-8021200,ENSG00000116288.8$PARK7$chr1$8014351$+,0.55
chr1:8172800-8174800,ENSG00000116288.8$PARK7$chr1$8014351$+,0.45
chr1:109417800-109419200,ENSG00000116299.12$KIAA1324$chr1$109656301$+,0.36
chr1:109506600-109508000,ENSG00000116299.12$KIAA1324$chr1$109656301$+,0.36
chr1:109585200-109585800,ENSG00000116299.12$KIAA1324$chr1$109656301$+,0.53
chr1:109617200-109618000,ENSG00000116299.12$KIAA1324$chr1$109656301$+,0.57
chr1:109619000-109619600,ENSG00000116299.12$KIAA1324$chr1$109656301$+,0.6
chr1:109642000-109642800,ENSG00000116299.12$KIAA1324$chr1$109656301$+,0.63
chr1:109755200-109756200,ENSG00000116299.12$KIAA1324$chr1$109656301$+,0.46
chr1:109761000-109761800,ENSG00000116299.12$KIAA1324$chr1$109656301$+,0.41
chr1:109762600-109763400,ENSG00000116299.12$KIAA1324$chr1$109656301$+,0.38
chr1:109826200-109828600,ENSG00000116299.12$KIAA1324$chr1$109656301$+,0.54
chr1:109947400-109949400,ENSG00000116299.12$KIAA1324$chr1$109656301$+,0.38
chr1:29219600-29222000,ENSG00000116350.11$SRSF4$chr1$29508499$-,0.37
chr1:29555200-29557000,ENSG00000116350.11$SRSF4$chr1$29508499$-,0.59
chr1:29509000-29510200,ENSG00000116353.11$MECR$chr1$29557454$-,0.52
chr1:110745200-110747000,ENSG00000116396.9$KCNC4$chr1$110753965$+,0.58
chr1:110950800-110952200,ENSG00000116396.9$KCNC4$chr1$110753965$+,0.44
chr1:184707000-184708200,ENSG00000116406.14$EDEM3$chr1$184724047$-,0.77
chr1:184809200-184811600,ENSG00000116406.14$EDEM3$chr1$184724047$-,0.37
chr1:111836600-111839000,ENSG00000116455.9$WDR77$chr1$111991998$-,0.36
chr1:111877600-111878400,ENSG00000116455.9$WDR77$chr1$111991998$-,0.4
chr1:111888000-111888800,ENSG00000116455.9$WDR77$chr1$111991998$-,0.5
chr1:111889200-111891200,ENSG00000116455.9$WDR77$chr1$111991998$-,0.46
chr1:111972200-111973200,ENSG00000116455.9$WDR77$chr1$111991998$-,0.53
chr1:111877600-111878400,ENSG00000116459.6$ATP5F1$chr1$111991486$+,0.37
chr1:111888000-111888800,ENSG00000116459.6$ATP5F1$chr1$111991486$+,0.5
chr1:111889200-111891200,ENSG00000116459.6$ATP5F1$chr1$111991486$+,0.5
chr1:111972200-111973200,ENSG00000116459.6$ATP5F1$chr1$111991486$+,0.64
chr1:32704200-32706400,ENSG00000116478.7$HDAC1$chr1$32757687$+,0.55
chr1:32755000-32757200,ENSG00000116478.7$HDAC1$chr1$32757687$+,0.35
chr1:32810400-32812800,ENSG00000116478.7$HDAC1$chr1$32757687$+,0.53
chr1:32837200-32838800,ENSG00000116478.7$HDAC1$chr1$32757687$+,0.38
chr1:113209800-113210000,ENSG00000116489.8$CAPZA1$chr1$113161795$+,0.63
chr1:113210800-113212000,ENSG00000116489.8$CAPZA1$chr1$113161795$+,0.66
chr1:113312000-113314400,ENSG00000116489.8$CAPZA1$chr1$113161795$+,0.36
chr1:33190000-33192000,ENSG00000116497.13$S100PBP$chr1$33282368$+,0.53
chr1:33268000-33268800,ENSG00000116497.13$S100PBP$chr1$33282368$+,0.58
chr1:33382600-33384600,ENSG00000116497.13$S100PBP$chr1$33282368$+,0.36
chr1:33382600-33384600,ENSG00000116514.12$RNF19B$chr1$33430286$-,0.53
chr1:33418600-33421000,ENSG00000116514.12$RNF19B$chr1$33430286$-,0.62
chr1:33437600-33439600,ENSG00000116514.12$RNF19B$chr1$33430286$-,0.62
chr1:33502600-33503200,ENSG00000116514.12$RNF19B$chr1$33430286$-,0.69
chr1:155113000-155114000,ENSG00000116521.6$SCAMP3$chr1$155232221$-,0.52
chr1:155144000-155145200,ENSG00000116521.6$SCAMP3$chr1$155232221$-,0.49
chr1:155184000-155186000,ENSG00000116521.6$SCAMP3$chr1$155232221$-,0.48
chr1:155197800-155198800,ENSG00000116521.6$SCAMP3$chr1$155232221$-,0.55
chr1:155214600-155216600,ENSG00000116521.6$SCAMP3$chr1$155232221$-,0.53
chr1:155245400-155247200,ENSG00000116521.6$SCAMP3$chr1$155232221$-,0.54
chr1:155247600-155250000,ENSG00000116521.6$SCAMP3$chr1$155232221$-,0.52
chr1:33590600-33592400,ENSG00000116525.9$TRIM62$chr1$33647660$-,0.35
chr1:33656000-33657000,ENSG00000116525.9$TRIM62$chr1$33647660$-,0.64
chr1:155477200-155479600,ENSG00000116539.6$ASH1L$chr1$155532598$-,0.76
chr1:155488000-155489800,ENSG00000116539.6$ASH1L$chr1$155532598$-,0.66
chr1:155502800-155503400,ENSG00000116539.6$ASH1L$chr1$155532598$-,0.62
chr1:155539400-155541400,ENSG00000116539.6$ASH1L$chr1$155532598$-,0.62
chr1:155577600-155579400,ENSG00000116539.6$ASH1L$chr1$155532598$-,0.57
chr1:155582000-155583400,ENSG00000116539.6$ASH1L$chr1$155532598$-,0.64
chr1:155651200-155652400,ENSG00000116539.6$ASH1L$chr1$155532598$-,0.4
chr1:35350000-35352200,ENSG00000116544.7$DLGAP3$chr1$35395186$-,0.46
chr1:35488400-35488800,ENSG00000116560.6$SFPQ$chr1$35658749$-,0.36
chr1:35497600-35498200,ENSG00000116560.6$SFPQ$chr1$35658749$-,0.41
chr1:35580400-35582400,ENSG00000116560.6$SFPQ$chr1$35658749$-,0.58
chr1:35610600-35612600,ENSG00000116560.6$SFPQ$chr1$35658749$-,0.69
chr1:35637200-35637800,ENSG00000116560.6$SFPQ$chr1$35658749$-,0.66
chr1:35733400-35734200,ENSG00000116560.6$SFPQ$chr1$35658749$-,0.64
chr1:228900600-228903000,ENSG00000116574.4$RHOU$chr1$228870824$+,0.55
chr1:155713800-155715000,ENSG00000116580.14$GON4L$chr1$155829191$-,0.35
chr1:155778000-155779200,ENSG00000116580.14$GON4L$chr1$155829191$-,0.49
chr1:155825000-155826600,ENSG00000116580.14$GON4L$chr1$155829191$-,0.69
chr1:155987800-155990200,ENSG00000116580.14$GON4L$chr1$155829191$-,0.45
chr1:155825000-155826600,ENSG00000116584.13$ARHGEF2$chr1$155976861$-,0.37
chr1:155987800-155990200,ENSG00000116584.13$ARHGEF2$chr1$155976861$-,0.55
chr1:156014400-156016000,ENSG00000116584.13$ARHGEF2$chr1$155976861$-,0.37
chr1:156025400-156026800,ENSG00000116584.13$ARHGEF2$chr1$155976861$-,0.53
chr1:155825000-155826600,ENSG00000116586.7$LAMTOR2$chr1$156024543$+,0.36
chr1:155987800-155990200,ENSG00000116586.7$LAMTOR2$chr1$156024543$+,0.61
chr1:156014400-156016000,ENSG00000116586.7$LAMTOR2$chr1$156024543$+,0.74
chr1:156415400-156416400,ENSG00000116604.13$MEF2D$chr1$156470620$-,0.58
chr1:156425000-156426600,ENSG00000116604.13$MEF2D$chr1$156470620$-,0.57
chr1:156427000-156428600,ENSG00000116604.13$MEF2D$chr1$156470620$-,0.62
chr1:156568600-156570800,ENSG00000116604.13$MEF2D$chr1$156470620$-,0.5
chr1:156571600-156573200,ENSG00000116604.13$MEF2D$chr1$156470620$-,0.46
chr1:11097400-11099400,ENSG00000116649.5$SRM$chr1$11120081$-,0.63
chr1:11158000-11159200,ENSG00000116649.5$SRM$chr1$11120081$-,0.65
chr1:11320000-11322000,ENSG00000116649.5$SRM$chr1$11120081$-,0.35
chr1:11323200-11323800,ENSG00000116649.5$SRM$chr1$11120081$-,0.38
chr1:11795000-11796200,ENSG00000116661.9$FBXO2$chr1$11715842$-,0.49
chr1:11432800-11435000,ENSG00000116663.6$FBXO6$chr1$11724181$+,0.39
chr1:11795000-11796200,ENSG00000116663.6$FBXO6$chr1$11724181$+,0.46
chr1:185012000-185014400,ENSG00000116668.8$SWT1$chr1$185126212$+,0.55
chr1:185034600-185036600,ENSG00000116668.8$SWT1$chr1$185126212$+,0.48
chr1:185127400-185129600,ENSG00000116668.8$SWT1$chr1$185126212$+,0.36
chr1:185147000-185148800,ENSG00000116668.8$SWT1$chr1$185126212$+,0.64
chr1:185149400-185149600,ENSG00000116668.8$SWT1$chr1$185126212$+,0.55
chr1:185256600-185258800,ENSG00000116668.8$SWT1$chr1$185126212$+,0.48
chr1:11795000-11796200,ENSG00000116670.10$MAD2L2$chr1$11751707$-,0.47
chr1:65719000-65719800,ENSG00000116675.11$DNAJC6$chr1$65713902$+,0.6
chr1:65923200-65925600,ENSG00000116678.14$LEPR$chr1$65886248$+,0.58
chr1:185127400-185129600,ENSG00000116679.11$IVNS1ABP$chr1$185286461$-,0.44
chr1:185147000-185148800,ENSG00000116679.11$IVNS1ABP$chr1$185286461$-,0.55
chr1:185149400-185149600,ENSG00000116679.11$IVNS1ABP$chr1$185286461$-,0.56
chr1:185256600-185258800,ENSG00000116679.11$IVNS1ABP$chr1$185286461$-,0.7
chr1:11953200-11954200,ENSG00000116685.11$KIAA2013$chr1$11986485$-,0.5
chr1:12152000-12152200,ENSG00000116685.11$KIAA2013$chr1$11986485$-,0.35
chr1:12180800-12182400,ENSG00000116685.11$KIAA2013$chr1$11986485$-,0.35
chr1:186289800-186291200,ENSG00000116690.7$PRG4$chr1$186265405$+,0.5
chr1:186292800-186293000,ENSG00000116690.7$PRG4$chr1$186265405$+,0.47
chr1:186293200-186293800,ENSG00000116690.7$PRG4$chr1$186265405$+,0.49
chr1:186332800-186334800,ENSG00000116690.7$PRG4$chr1$186265405$+,0.43
chr1:12152000-12152200,ENSG00000116691.6$MIIP$chr1$12079523$+,0.5
chr1:12178600-12179400,ENSG00000116691.6$MIIP$chr1$12079523$+,0.45
chr1:12180800-12182400,ENSG00000116691.6$MIIP$chr1$12079523$+,0.46
chr1:12261000-12261600,ENSG00000116691.6$MIIP$chr1$12079523$+,0.41
chr1:12288000-12290200,ENSG00000116691.6$MIIP$chr1$12079523$+,0.39
chr1:183438600-183439400,ENSG00000116698.16$SMG7$chr1$183441351$+,0.48
chr1:183460000-183461800,ENSG00000116698.16$SMG7$chr1$183441351$+,0.62
chr1:183473800-183476200,ENSG00000116698.16$SMG7$chr1$183441351$+,0.7
chr1:183477200-183477400,ENSG00000116698.16$SMG7$chr1$183441351$+,0.77
chr1:183473800-183476200,ENSG00000116701.10$NCF2$chr1$183560011$-,0.49
chr1:183477200-183477400,ENSG00000116701.10$NCF2$chr1$183560011$-,0.46
chr1:186289800-186291200,ENSG00000116703.12$PDC$chr1$186430254$-,0.52
chr1:186292800-186293000,ENSG00000116703.12$PDC$chr1$186430254$-,0.56
chr1:186293200-186293800,ENSG00000116703.12$PDC$chr1$186430254$-,0.4
chr1:186332800-186334800,ENSG00000116703.12$PDC$chr1$186430254$-,0.42
chr1:186564800-186565800,ENSG00000116703.12$PDC$chr1$186430254$-,0.44
chr1:67422200-67422800,ENSG00000116704.6$SLC35D1$chr1$67519782$-,0.4
chr1:67461200-67462200,ENSG00000116704.6$SLC35D1$chr1$67519782$-,0.68
chr1:67614000-67615400,ENSG00000116704.6$SLC35D1$chr1$67519782$-,0.44
chr1:67627600-67630000,ENSG00000116704.6$SLC35D1$chr1$67519782$-,0.39
chr1:12686400-12687800,ENSG00000116726.4$PRAMEF12$chr1$12834984$+,0.38
chr1:14066400-14067400,ENSG00000116731.18$PRDM2$chr1$14026693$+,0.58
chr1:14074000-14075600,ENSG00000116731.18$PRDM2$chr1$14026693$+,0.55
chr1:193123000-193123600,ENSG00000116747.8$TROVE2$chr1$193028552$+,0.43
chr1:193129600-193130600,ENSG00000116747.8$TROVE2$chr1$193028552$+,0.39
chr1:193141600-193142800,ENSG00000116747.8$TROVE2$chr1$193028552$+,0.4
chr1:193143800-193146000,ENSG00000116747.8$TROVE2$chr1$193028552$+,0.43
chr1:193146800-193149200,ENSG00000116747.8$TROVE2$chr1$193028552$+,0.46
chr1:193161800-193162400,ENSG00000116747.8$TROVE2$chr1$193028552$+,0.38
chr1:115210000-115212400,ENSG00000116748.15$AMPD1$chr1$115238239$-,0.36
chr1:115242400-115243200,ENSG00000116748.15$AMPD1$chr1$115238239$-,0.62
chr1:115259800-115260800,ENSG00000116748.15$AMPD1$chr1$115238239$-,0.36
chr1:193129600-193130600,ENSG00000116750.9$UCHL5$chr1$193029237$-,0.35
chr1:115013000-115014000,ENSG00000116752.5$BCAS2$chr1$115124260$-,0.48
chr1:115027600-115030000,ENSG00000116752.5$BCAS2$chr1$115124260$-,0.41
chr1:115054800-115056400,ENSG00000116752.5$BCAS2$chr1$115124260$-,0.43
chr1:115210000-115212400,ENSG00000116752.5$BCAS2$chr1$115124260$-,0.49
chr1:115259800-115260800,ENSG00000116752.5$BCAS2$chr1$115124260$-,0.39
chr1:70678800-70679000,ENSG00000116754.9$SRSF11$chr1$70671365$+,0.53
chr1:70679400-70680400,ENSG00000116754.9$SRSF11$chr1$70671365$+,0.55
chr1:70685200-70687000,ENSG00000116754.9$SRSF11$chr1$70671365$+,0.47
chr1:70821000-70822400,ENSG00000116754.9$SRSF11$chr1$70671365$+,0.35
chr1:70821000-70822400,ENSG00000116761.7$CTH$chr1$70876901$+,0.65
chr1:15847800-15850200,ENSG00000116771.5$AGMAT$chr1$15911605$-,0.52
chr1:15852000-15853200,ENSG00000116771.5$AGMAT$chr1$15911605$-,0.57
chr1:15854000-15856000,ENSG00000116771.5$AGMAT$chr1$15911605$-,0.56
chr1:74672400-74672600,ENSG00000116783.10$TNNI3K$chr1$74663947$+,0.74
chr1:15847800-15850200,ENSG00000116786.7$PLEKHM2$chr1$16010827$+,0.39
chr1:15852000-15853200,ENSG00000116786.7$PLEKHM2$chr1$16010827$+,0.5
chr1:15854000-15856000,ENSG00000116786.7$PLEKHM2$chr1$16010827$+,0.38
chr1:16149800-16150600,ENSG00000116786.7$PLEKHM2$chr1$16010827$+,0.47
chr1:114286400-114288800,ENSG00000116793.11$PHTF1$chr1$114302111$-,0.67
chr1:114289400-114291000,ENSG00000116793.11$PHTF1$chr1$114302111$-,0.66
chr1:114355400-114356400,ENSG00000116793.11$PHTF1$chr1$114302111$-,0.46
chr1:16235400-16236000,ENSG00000116809.7$ZBTB17$chr1$16302627$-,0.45
chr1:116886600-116887800,ENSG00000116830.7$TTF2$chr1$117602925$+,0.36
chr1:200907200-200909000,ENSG00000116852.10$KIF21B$chr1$200992828$-,0.4
chr1:201088000-201090200,ENSG00000116852.10$KIF21B$chr1$200992828$-,0.47
chr1:201088000-201090200,ENSG00000116857.12$TMEM9$chr1$201140702$-,0.51
chr1:36394600-36396000,ENSG00000116863.10$ADPRHL2$chr1$36554476$+,0.39
chr1:36612200-36614400,ENSG00000116863.10$ADPRHL2$chr1$36554476$+,0.52
chr1:36652400-36654600,ENSG00000116863.10$ADPRHL2$chr1$36554476$+,0.43
chr1:36688000-36689400,ENSG00000116863.10$ADPRHL2$chr1$36554476$+,0.35
chr1:36612200-36614400,ENSG00000116871.11$MAP7D1$chr1$36621180$+,0.54
chr1:36652400-36654600,ENSG00000116871.11$MAP7D1$chr1$36621180$+,0.51
chr1:36688000-36689400,ENSG00000116871.11$MAP7D1$chr1$36621180$+,0.52
chr1:36727000-36728200,ENSG00000116871.11$MAP7D1$chr1$36621180$+,0.36
chr1:119680800-119682600,ENSG00000116874.7$WARS2$chr1$119683294$-,0.39
chr1:119840600-119842000,ENSG00000116874.7$WARS2$chr1$119683294$-,0.4
chr1:36727000-36728200,ENSG00000116883.8$RP11-268J15.5$chr1$36789335$+,0.38
chr1:36772800-36774400,ENSG00000116883.8$RP11-268J15.5$chr1$36789335$+,0.52
chr1:36988600-36991000,ENSG00000116885.14$OSCP1$chr1$36916086$-,0.44
chr1:231478600-231479600,ENSG00000116903.6$EXOC8$chr1$231473598$-,0.48
chr1:231478600-231479600,ENSG00000116906.7$GNPAT$chr1$231376953$+,0.37
chr1:38020000-38020800,ENSG00000116922.10$C1orf109$chr1$38157914$-,0.38
chr1:38147800-38148800,ENSG00000116922.10$C1orf109$chr1$38157914$-,0.63
chr1:38153600-38155600,ENSG00000116922.10$C1orf109$chr1$38157914$-,0.61
chr1:39318000-39319200,ENSG00000116954.7$RRAGC$chr1$39325495$-,0.59
chr1:39336600-39338400,ENSG00000116954.7$RRAGC$chr1$39325495$-,0.63
chr1:39429400-39430200,ENSG00000116954.7$RRAGC$chr1$39325495$-,0.42
chr1:39442200-39444600,ENSG00000116954.7$RRAGC$chr1$39325495$-,0.44
chr1:235529000-235530400,ENSG00000116957.8$TBCE$chr1$235530675$+,0.37
chr1:235531400-235533600,ENSG00000116957.8$TBCE$chr1$235530675$+,0.39
chr1:235625200-235626200,ENSG00000116957.8$TBCE$chr1$235530675$+,0.4
chr1:235627800-235628400,ENSG00000116957.8$TBCE$chr1$235530675$+,0.37
chr1:236158200-236160200,ENSG00000116962.10$NID1$chr1$236228462$-,0.37
chr1:236260200-236261600,ENSG00000116962.10$NID1$chr1$236228462$-,0.62
chr1:236303400-236305800,ENSG00000116962.10$NID1$chr1$236228462$-,0.42
chr1:236556200-236558600,ENSG00000116977.14$LGALS8$chr1$236681300$+,0.37
chr1:236588000-236589800,ENSG00000116977.14$LGALS8$chr1$236681300$+,0.4
chr1:236685800-236686800,ENSG00000116977.14$LGALS8$chr1$236681300$+,0.62
chr1:236708000-236710200,ENSG00000116977.14$LGALS8$chr1$236681300$+,0.6
chr1:236765000-236767200,ENSG00000116977.14$LGALS8$chr1$236681300$+,0.44
chr1:40025400-40026400,ENSG00000116981.3$NT5C1A$chr1$40137710$-,0.46
chr1:40071200-40072200,ENSG00000116981.3$NT5C1A$chr1$40137710$-,0.52
chr1:40025400-40026400,ENSG00000116983.8$HPCAL4$chr1$40157361$-,0.35
chr1:40071200-40072200,ENSG00000116983.8$HPCAL4$chr1$40157361$-,0.51
chr1:40349200-40350600,ENSG00000116985.6$BMP8B$chr1$40254533$-,0.36
chr1:40349200-40350600,ENSG00000116990.9$MYCL$chr1$40367928$-,0.56
chr1:40609000-40610800,ENSG00000117000.8$RLF$chr1$40627045$+,0.7
chr1:40632600-40634000,ENSG00000117000.8$RLF$chr1$40627045$+,0.52
chr1:40696800-40698800,ENSG00000117000.8$RLF$chr1$40627045$+,0.44
chr1:40720800-40722800,ENSG00000117000.8$RLF$chr1$40627045$+,0.43
chr1:40916400-40918200,ENSG00000117000.8$RLF$chr1$40627045$+,0.36
chr1:40943600-40946000,ENSG00000117000.8$RLF$chr1$40627045$+,0.41
chr1:241713000-241715000,ENSG00000117009.7$KMO$chr1$241695434$+,0.69
chr1:40837600-40839400,ENSG00000117010.11$ZNF684$chr1$40997233$+,0.37
chr1:40902800-40904600,ENSG00000117010.11$ZNF684$chr1$40997233$+,0.44
chr1:40914200-40915400,ENSG00000117010.11$ZNF684$chr1$40997233$+,0.43
chr1:40916400-40918200,ENSG00000117010.11$ZNF684$chr1$40997233$+,0.42
chr1:40943600-40946000,ENSG00000117010.11$ZNF684$chr1$40997233$+,0.59
chr1:40973200-40974000,ENSG00000117010.11$ZNF684$chr1$40997233$+,0.64
chr1:40975000-40976200,ENSG00000117010.11$ZNF684$chr1$40997233$+,0.63
chr1:41039000-41039200,ENSG00000117010.11$ZNF684$chr1$40997233$+,0.67
chr1:41134200-41135400,ENSG00000117010.11$ZNF684$chr1$40997233$+,0.43
chr1:41154200-41155000,ENSG00000117010.11$ZNF684$chr1$40997233$+,0.36
chr1:41155400-41156800,ENSG00000117010.11$ZNF684$chr1$40997233$+,0.39
chr1:40916400-40918200,ENSG00000117016.5$RIMS3$chr1$41131329$-,0.39
chr1:40973200-40974000,ENSG00000117016.5$RIMS3$chr1$41131329$-,0.38
chr1:40975000-40976200,ENSG00000117016.5$RIMS3$chr1$41131329$-,0.37
chr1:40996200-40996800,ENSG00000117016.5$RIMS3$chr1$41131329$-,0.42
chr1:41039000-41039200,ENSG00000117016.5$RIMS3$chr1$41131329$-,0.38
chr1:41134200-41135400,ENSG00000117016.5$RIMS3$chr1$41131329$-,0.53
chr1:41154200-41155000,ENSG00000117016.5$RIMS3$chr1$41131329$-,0.65
chr1:41155400-41156800,ENSG00000117016.5$RIMS3$chr1$41131329$-,0.66
chr1:243932000-243932400,ENSG00000117020.12$AKT3$chr1$244014381$-,0.42
chr1:243969200-243971600,ENSG00000117020.12$AKT3$chr1$244014381$-,0.64
chr1:243973200-243973600,ENSG00000117020.12$AKT3$chr1$244014381$-,0.71
chr1:243993200-243995400,ENSG00000117020.12$AKT3$chr1$244014381$-,0.67
chr1:244000600-244002800,ENSG00000117020.12$AKT3$chr1$244014381$-,0.66
chr1:157016000-157017600,ENSG00000117036.7$ETV3$chr1$157108266$-,0.48
chr1:157119400-157121000,ENSG00000117036.7$ETV3$chr1$157108266$-,0.55
chr1:77294800-77296600,ENSG00000117069.10$ST6GALNAC5$chr1$77333126$+,0.4
chr1:77309000-77310600,ENSG00000117069.10$ST6GALNAC5$chr1$77333126$+,0.41
chr1:160439800-160442200,ENSG00000117090.10$SLAMF1$chr1$160617085$-,0.35
chr1:160498600-160500600,ENSG00000117090.10$SLAMF1$chr1$160617085$-,0.42
chr1:160554200-160556600,ENSG00000117090.10$SLAMF1$chr1$160617085$-,0.66
chr1:160557200-160559400,ENSG00000117090.10$SLAMF1$chr1$160617085$-,0.6
chr1:160580000-160581400,ENSG00000117090.10$SLAMF1$chr1$160617085$-,0.61
chr1:160664000-160664800,ENSG00000117090.10$SLAMF1$chr1$160617085$-,0.51
chr1:160554200-160556600,ENSG00000117091.5$CD48$chr1$160681641$-,0.37
chr1:160557200-160559400,ENSG00000117091.5$CD48$chr1$160681641$-,0.43
chr1:160580000-160581400,ENSG00000117091.5$CD48$chr1$160681641$-,0.42
chr1:160664000-160664800,ENSG00000117091.5$CD48$chr1$160681641$-,0.52
chr1:160782600-160784200,ENSG00000117091.5$CD48$chr1$160681641$-,0.41
chr1:17214600-17215800,ENSG00000117118.5$SDHB$chr1$17380665$-,0.38
chr1:17238200-17240200,ENSG00000117118.5$SDHB$chr1$17380665$-,0.52
chr1:84907400-84909800,ENSG00000117133.6$RPF1$chr1$84944942$+,0.75
chr1:84963200-84964800,ENSG00000117133.6$RPF1$chr1$84944942$+,0.71
chr1:84972800-84974800,ENSG00000117133.6$RPF1$chr1$84944942$+,0.64
chr1:85040600-85041400,ENSG00000117133.6$RPF1$chr1$84944942$+,0.49
chr1:202753000-202754200,ENSG00000117139.12$KDM5B$chr1$202778598$-,0.48
chr1:202855600-202857400,ENSG00000117139.12$KDM5B$chr1$202778598$-,0.41
chr1:162465600-162467400,ENSG00000117143.9$UAP1$chr1$162531323$+,0.63
chr1:84907400-84909800,ENSG00000117151.8$CTBS$chr1$85040163$-,0.53
chr1:84963200-84964800,ENSG00000117151.8$CTBS$chr1$85040163$-,0.54
chr1:84972800-84974800,ENSG00000117151.8$CTBS$chr1$85040163$-,0.56
chr1:85247200-85248800,ENSG00000117151.8$CTBS$chr1$85040163$-,0.35
chr1:202855600-202857400,ENSG00000117153.11$KLHL12$chr1$202897764$-,0.48
chr1:202858200-202860200,ENSG00000117153.11$KLHL12$chr1$202897764$-,0.47
chr1:202907200-202908800,ENSG00000117153.11$KLHL12$chr1$202897764$-,0.63
chr1:85247200-85248800,ENSG00000117155.12$SSX2IP$chr1$85156486$-,0.42
chr1:205084600-205086800,ENSG00000117222.9$RBBP5$chr1$205091143$-,0.65
chr1:205110200-205112000,ENSG00000117222.9$RBBP5$chr1$205091143$-,0.73
chr1:205177400-205179800,ENSG00000117222.9$RBBP5$chr1$205091143$-,0.45
chr1:89357600-89358600,ENSG00000117226.7$GBP3$chr1$89488577$-,0.46
chr1:89436600-89437800,ENSG00000117226.7$GBP3$chr1$89488577$-,0.58
chr1:89459000-89460200,ENSG00000117226.7$GBP3$chr1$89488577$-,0.63
chr1:89493600-89495600,ENSG00000117226.7$GBP3$chr1$89488577$-,0.73
chr1:89531000-89532400,ENSG00000117226.7$GBP3$chr1$89488577$-,0.45
chr1:89580400-89581600,ENSG00000117226.7$GBP3$chr1$89488577$-,0.44
chr1:89655200-89656000,ENSG00000117226.7$GBP3$chr1$89488577$-,0.51
chr1:89656800-89657600,ENSG00000117226.7$GBP3$chr1$89488577$-,0.42
chr1:89459000-89460200,ENSG00000117228.9$GBP1$chr1$89531043$-,0.41
chr1:89493600-89495600,ENSG00000117228.9$GBP1$chr1$89531043$-,0.47
chr1:89580400-89581600,ENSG00000117228.9$GBP1$chr1$89531043$-,0.54
chr1:89655200-89656000,ENSG00000117228.9$GBP1$chr1$89531043$-,0.43
chr1:89656800-89657600,ENSG00000117228.9$GBP1$chr1$89531043$-,0.41
chr1:89704600-89706200,ENSG00000117228.9$GBP1$chr1$89531043$-,0.35
chr1:21102600-21103800,ENSG00000117245.8$KIF17$chr1$21044510$-,0.46
chr1:145607800-145610200,ENSG00000117262.14$GPR89A$chr1$145827103$-,0.41
chr1:145615400-145615800,ENSG00000117262.14$GPR89A$chr1$145827103$-,0.38
chr1:145660400-145661600,ENSG00000117262.14$GPR89A$chr1$145827103$-,0.5
chr1:205601400-205603400,ENSG00000117280.8$RAB7L1$chr1$205744588$-,0.4
chr1:205720000-205720800,ENSG00000117280.8$RAB7L1$chr1$205744588$-,0.48
chr1:205783000-205784600,ENSG00000117280.8$RAB7L1$chr1$205744588$-,0.49
chr1:205817800-205820000,ENSG00000117280.8$RAB7L1$chr1$205744588$-,0.45
chr1:145607800-145610200,ENSG00000117281.11$CD160$chr1$145715614$-,0.35
chr1:145615400-145615800,ENSG00000117281.11$CD160$chr1$145715614$-,0.35
chr1:145646000-145646600,ENSG00000117281.11$CD160$chr1$145715614$-,0.53
chr1:145660400-145661600,ENSG00000117281.11$CD160$chr1$145715614$-,0.67
chr1:145323400-145323800,ENSG00000117289.7$TXNIP$chr1$145438469$+,0.44
chr1:145397800-145400200,ENSG00000117289.7$TXNIP$chr1$145438469$+,0.54
chr1:145421000-145422600,ENSG00000117289.7$TXNIP$chr1$145438469$+,0.67
chr1:145431400-145431600,ENSG00000117289.7$TXNIP$chr1$145438469$+,0.45
chr1:145464800-145465400,ENSG00000117289.7$TXNIP$chr1$145438469$+,0.51
chr1:145465800-145467400,ENSG00000117289.7$TXNIP$chr1$145438469$+,0.47
chr1:145468600-145469800,ENSG00000117289.7$TXNIP$chr1$145438469$+,0.46
chr1:145514600-145515600,ENSG00000117289.7$TXNIP$chr1$145438469$+,0.51
chr1:145517000-145519000,ENSG00000117289.7$TXNIP$chr1$145438469$+,0.48
chr1:21694600-21695800,ENSG00000117298.10$ECE1$chr1$21671997$-,0.63
chr1:21767000-21768600,ENSG00000117298.10$ECE1$chr1$21671997$-,0.43
chr1:21814400-21815800,ENSG00000117298.10$ECE1$chr1$21671997$-,0.42
chr1:23991000-23992000,ENSG00000117305.10$HMGCL$chr1$24165110$-,0.35
chr1:24067800-24069400,ENSG00000117305.10$HMGCL$chr1$24165110$-,0.38
chr1:24115200-24117400,ENSG00000117305.10$HMGCL$chr1$24165110$-,0.46
chr1:24149600-24151400,ENSG00000117305.10$HMGCL$chr1$24165110$-,0.46
chr1:24152400-24153200,ENSG00000117305.10$HMGCL$chr1$24165110$-,0.58
chr1:23991000-23992000,ENSG00000117308.10$GALE$chr1$24127271$-,0.39
chr1:24067800-24069400,ENSG00000117308.10$GALE$chr1$24127271$-,0.5
chr1:24115200-24117400,ENSG00000117308.10$GALE$chr1$24127271$-,0.67
chr1:24149600-24151400,ENSG00000117308.10$GALE$chr1$24127271$-,0.73
chr1:24152400-24153200,ENSG00000117308.10$GALE$chr1$24127271$-,0.66
chr1:207449800-207451400,ENSG00000117322.12$CR2$chr1$207627575$+,0.37
chr1:207636200-207637600,ENSG00000117322.12$CR2$chr1$207627575$+,0.43
chr1:207638800-207639600,ENSG00000117322.12$CR2$chr1$207627575$+,0.42
chr1:207647200-207647400,ENSG00000117322.12$CR2$chr1$207627575$+,0.53
chr1:207792600-207794800,ENSG00000117322.12$CR2$chr1$207627575$+,0.36
chr1:207817400-207818400,ENSG00000117335.14$CD46$chr1$207925402$+,0.39
chr1:150185200-150187600,ENSG00000117360.8$PRPF3$chr1$150293925$+,0.54
chr1:150194000-150194400,ENSG00000117360.8$PRPF3$chr1$150293925$+,0.45
chr1:150205000-150206600,ENSG00000117360.8$PRPF3$chr1$150293925$+,0.44
chr1:150241800-150243000,ENSG00000117360.8$PRPF3$chr1$150293925$+,0.52
chr1:150265000-150266200,ENSG00000117360.8$PRPF3$chr1$150293925$+,0.5
chr1:150267000-150269400,ENSG00000117360.8$PRPF3$chr1$150293925$+,0.67
chr1:150349400-150351400,ENSG00000117360.8$PRPF3$chr1$150293925$+,0.53
chr1:150364800-150366400,ENSG00000117360.8$PRPF3$chr1$150293925$+,0.38
chr1:150386200-150387400,ENSG00000117360.8$PRPF3$chr1$150293925$+,0.44
chr1:150387800-150388800,ENSG00000117360.8$PRPF3$chr1$150293925$+,0.37
chr1:150185200-150187600,ENSG00000117362.8$APH1A$chr1$150241980$-,0.38
chr1:150194000-150194400,ENSG00000117362.8$APH1A$chr1$150241980$-,0.42
chr1:150205000-150206600,ENSG00000117362.8$APH1A$chr1$150241980$-,0.47
chr1:150265000-150266200,ENSG00000117362.8$APH1A$chr1$150241980$-,0.48
chr1:150267000-150269400,ENSG00000117362.8$APH1A$chr1$150241980$-,0.38
chr1:43122400-43123600,ENSG00000117385.11$LEPRE1$chr1$43232755$-,0.45
chr1:43271600-43273800,ENSG00000117385.11$LEPRE1$chr1$43232755$-,0.48
chr1:43281000-43282200,ENSG00000117385.11$LEPRE1$chr1$43232755$-,0.41
chr1:43271600-43273800,ENSG00000117394.15$SLC2A1$chr1$43424530$-,0.38
chr1:43856200-43857600,ENSG00000117399.9$CDC20$chr1$43824626$+,0.59
chr1:44434800-44435600,ENSG00000117408.6$IPO13$chr1$44412611$+,0.6
chr1:44434800-44435600,ENSG00000117410.9$ATP6V0B$chr1$44440159$+,0.66
chr1:44434800-44435600,ENSG00000117411.12$B4GALT2$chr1$44444615$+,0.53
chr1:44677200-44679000,ENSG00000117419.10$ERI3$chr1$44820932$-,0.38
chr1:44679600-44682000,ENSG00000117419.10$ERI3$chr1$44820932$-,0.41
chr1:45765800-45766400,ENSG00000117448.9$AKR1A1$chr1$46016215$+,0.36
chr1:45954000-45956000,ENSG00000117448.9$AKR1A1$chr1$46016215$+,0.57
chr1:45957400-45959200,ENSG00000117448.9$AKR1A1$chr1$46016215$+,0.62
chr1:45964000-45965200,ENSG00000117448.9$AKR1A1$chr1$46016215$+,0.62
chr1:45988000-45990000,ENSG00000117448.9$AKR1A1$chr1$46016215$+,0.73
chr1:46047400-46049200,ENSG00000117448.9$AKR1A1$chr1$46016215$+,0.72
chr1:46127800-46129400,ENSG00000117448.9$AKR1A1$chr1$46016215$+,0.46
chr1:45954000-45956000,ENSG00000117450.9$PRDX1$chr1$45988719$-,0.43
chr1:45957400-45959200,ENSG00000117450.9$PRDX1$chr1$45988719$-,0.39
chr1:45964000-45965200,ENSG00000117450.9$PRDX1$chr1$45988719$-,0.39
chr1:46015200-46016200,ENSG00000117450.9$PRDX1$chr1$45988719$-,0.36
chr1:169428800-169431200,ENSG00000117475.9$BLZF1$chr1$169337208$+,0.46
chr1:169534200-169536000,ENSG00000117477.8$CCDC181$chr1$169429907$-,0.36
chr1:93556600-93558000,ENSG00000117500.8$TMED5$chr1$93646285$-,0.49
chr1:93620200-93622400,ENSG00000117500.8$TMED5$chr1$93646285$-,0.67
chr1:171701600-171703200,ENSG00000117533.10$VAMP4$chr1$171711387$-,0.68
chr1:171748400-171750400,ENSG00000117533.10$VAMP4$chr1$171711387$-,0.68
chr1:101382000-101384200,ENSG00000117543.15$DPH5$chr1$101491644$-,0.51
chr1:101386200-101388400,ENSG00000117543.15$DPH5$chr1$101491644$-,0.55
chr1:101525600-101528000,ENSG00000117543.15$DPH5$chr1$101491644$-,0.61
chr1:101583400-101583600,ENSG00000117543.15$DPH5$chr1$101491644$-,0.44
chr1:101584200-101586200,ENSG00000117543.15$DPH5$chr1$101491644$-,0.46
chr1:101599000-101601000,ENSG00000117543.15$DPH5$chr1$101491644$-,0.39
chr1:172565000-172566800,ENSG00000117560.6$FASLG$chr1$172628154$+,0.56
chr1:172711600-172712800,ENSG00000117560.6$FASLG$chr1$172628154$+,0.53
chr1:173122400-173123600,ENSG00000117586.6$TNFSF4$chr1$173176452$-,0.53
chr1:173283400-173285400,ENSG00000117586.6$TNFSF4$chr1$173176452$-,0.57
chr1:173283400-173285400,ENSG00000117592.8$PRDX6$chr1$173446405$+,0.42
chr1:173328800-173331000,ENSG00000117592.8$PRDX6$chr1$173446405$+,0.45
chr1:173412800-173415200,ENSG00000117592.8$PRDX6$chr1$173446405$+,0.61
chr1:173682800-173684000,ENSG00000117593.8$DARS2$chr1$173793641$+,0.41
chr1:173737400-173739400,ENSG00000117593.8$DARS2$chr1$173793641$+,0.51
chr1:209869200-209871400,ENSG00000117594.5$HSD11B1$chr1$209859510$+,0.51
chr1:209950400-209951800,ENSG00000117595.6$IRF6$chr1$209979465$-,0.37
chr1:209950400-209951800,ENSG00000117597.13$DIEXF$chr1$210001352$+,0.6
chr1:99456400-99458400,ENSG00000117598.7$LPPR5$chr1$99470588$-,0.4
chr1:25421200-25423400,ENSG00000117614.5$SYF2$chr1$25558993$-,0.36
chr1:25541800-25544000,ENSG00000117614.5$SYF2$chr1$25558993$-,0.44
chr1:25574600-25575600,ENSG00000117614.5$SYF2$chr1$25558993$-,0.51
chr1:25585600-25588000,ENSG00000117614.5$SYF2$chr1$25558993$-,0.55
chr1:25686800-25689000,ENSG00000117614.5$SYF2$chr1$25558993$-,0.4
chr1:25541800-25544000,ENSG00000117616.13$C1orf63$chr1$25664704$-,0.36
chr1:25574600-25575600,ENSG00000117616.13$C1orf63$chr1$25664704$-,0.37
chr1:25585600-25588000,ENSG00000117616.13$C1orf63$chr1$25664704$-,0.5
chr1:25686800-25689000,ENSG00000117616.13$C1orf63$chr1$25664704$-,0.58
chr1:25753800-25756200,ENSG00000117616.13$C1orf63$chr1$25664704$-,0.38
chr1:25816200-25816800,ENSG00000117616.13$C1orf63$chr1$25664704$-,0.37
chr1:100273800-100275400,ENSG00000117620.8$SLC35A3$chr1$100435345$+,0.36
chr1:100451400-100453400,ENSG00000117620.8$SLC35A3$chr1$100435345$+,0.67
chr1:100493800-100495400,ENSG00000117620.8$SLC35A3$chr1$100435345$+,0.48
chr1:100510200-100510400,ENSG00000117620.8$SLC35A3$chr1$100435345$+,0.54
chr1:100529800-100532200,ENSG00000117620.8$SLC35A3$chr1$100435345$+,0.38
chr1:211364200-211366000,ENSG00000117625.9$RCOR3$chr1$211431719$+,0.53
chr1:211401600-211403800,ENSG00000117625.9$RCOR3$chr1$211431719$+,0.55
chr1:211434400-211436200,ENSG00000117625.9$RCOR3$chr1$211431719$+,0.54
chr1:211437000-211438400,ENSG00000117625.9$RCOR3$chr1$211431719$+,0.63
chr1:211494000-211496000,ENSG00000117625.9$RCOR3$chr1$211431719$+,0.52
chr1:211498000-211500200,ENSG00000117625.9$RCOR3$chr1$211431719$+,0.54
chr1:211532400-211534600,ENSG00000117625.9$RCOR3$chr1$211431719$+,0.42
chr1:211554600-211555800,ENSG00000117625.9$RCOR3$chr1$211431719$+,0.41
chr1:211556800-211558000,ENSG00000117625.9$RCOR3$chr1$211431719$+,0.4
chr1:211580400-211582400,ENSG00000117625.9$RCOR3$chr1$211431719$+,0.42
chr1:26184400-26186000,ENSG00000117632.16$STMN1$chr1$26233482$-,0.43
chr1:26184400-26186000,ENSG00000117640.13$MTFR1L$chr1$26145131$+,0.42
chr1:25816200-25816800,ENSG00000117643.10$MAN1C1$chr1$25943959$+,0.36
chr1:25916200-25917800,ENSG00000117643.10$MAN1C1$chr1$25943959$+,0.49
chr1:25953600-25954600,ENSG00000117643.10$MAN1C1$chr1$25943959$+,0.49
chr1:26184400-26186000,ENSG00000117643.10$MAN1C1$chr1$25943959$+,0.36
chr1:211796400-211798600,ENSG00000117650.8$NEK2$chr1$211848960$-,0.6
chr1:211860600-211862200,ENSG00000117650.8$NEK2$chr1$211848960$-,0.51
chr1:211973600-211975000,ENSG00000117650.8$NEK2$chr1$211848960$-,0.43
chr1:26828000-26829400,ENSG00000117682.12$DHDDS$chr1$26758773$+,0.47
chr1:27020000-27021800,ENSG00000117682.12$DHDDS$chr1$26758773$+,0.37
chr1:212910400-212912800,ENSG00000117697.10$NSL1$chr1$212965124$-,0.56
chr1:212916400-212918800,ENSG00000117697.10$NSL1$chr1$212965124$-,0.51
chr1:212946400-212948800,ENSG00000117697.10$NSL1$chr1$212965124$-,0.56
chr1:26828000-26829400,ENSG00000117713.13$ARID1A$chr1$27022524$+,0.35
chr1:26903800-26905800,ENSG00000117713.13$ARID1A$chr1$27022524$+,0.38
chr1:26924000-26926200,ENSG00000117713.13$ARID1A$chr1$27022524$+,0.37
chr1:26948200-26950400,ENSG00000117713.13$ARID1A$chr1$27022524$+,0.42
chr1:27020000-27021800,ENSG00000117713.13$ARID1A$chr1$27022524$+,0.41
chr1:27192200-27193000,ENSG00000117713.13$ARID1A$chr1$27022524$+,0.35
chr1:27217200-27217800,ENSG00000117713.13$ARID1A$chr1$27022524$+,0.38
chr1:27248800-27251200,ENSG00000117713.13$ARID1A$chr1$27022524$+,0.36
chr1:214807400-214807600,ENSG00000117724.8$CENPF$chr1$214776538$+,0.63
chr1:28053400-28055000,ENSG00000117748.5$RPA2$chr1$28241257$-,0.39
chr1:28098000-28099200,ENSG00000117748.5$RPA2$chr1$28241257$-,0.54
chr1:28184400-28186600,ENSG00000117748.5$RPA2$chr1$28241257$-,0.47
chr1:28238000-28240400,ENSG00000117748.5$RPA2$chr1$28241257$-,0.36
chr1:28283800-28286000,ENSG00000117748.5$RPA2$chr1$28241257$-,0.54
chr1:28098000-28099200,ENSG00000117751.13$PPP1R8$chr1$28157289$+,0.42
chr1:28184400-28186600,ENSG00000117751.13$PPP1R8$chr1$28157289$+,0.5
chr1:28238000-28240400,ENSG00000117751.13$PPP1R8$chr1$28157289$+,0.37
chr1:27969800-27971800,ENSG00000117758.9$STX12$chr1$28099694$+,0.4
chr1:28050600-28052200,ENSG00000117758.9$STX12$chr1$28099694$+,0.46
chr1:28053400-28055000,ENSG00000117758.9$STX12$chr1$28099694$+,0.53
chr1:28184400-28186600,ENSG00000117758.9$STX12$chr1$28099694$+,0.5
chr1:28283800-28286000,ENSG00000117758.9$STX12$chr1$28099694$+,0.37
chr1:51895400-51897800,ENSG00000117859.14$OSBPL9$chr1$52042851$+,0.48
chr1:51962800-51963400,ENSG00000117859.14$OSBPL9$chr1$52042851$+,0.5
chr1:51985000-51987400,ENSG00000117859.14$OSBPL9$chr1$52042851$+,0.52
chr1:51999000-52001400,ENSG00000117859.14$OSBPL9$chr1$52042851$+,0.57
chr1:52080800-52082800,ENSG00000117859.14$OSBPL9$chr1$52042851$+,0.7
chr1:52499600-52500200,ENSG00000117862.7$TXNDC12$chr1$52521843$-,0.64
chr1:52536000-52538200,ENSG00000117862.7$TXNDC12$chr1$52521843$-,0.77
chr7:158492200-158493400,ENSG00000117868.11$ESYT2$chr7$158622944$-,0.39
chr7:158634800-158636000,ENSG00000117868.11$ESYT2$chr7$158622944$-,0.57
chr19:45841600-45842800,ENSG00000117877.6$CD3EAP$chr19$45909467$+,0.55
chr19:45871200-45873400,ENSG00000117877.6$CD3EAP$chr19$45909467$+,0.66
chr15:81425800-81427200,ENSG00000117899.6$MESDC2$chr15$81282219$-,0.35
chr15:77110200-77111000,ENSG00000117906.9$RCN2$chr15$77223960$+,0.42
chr15:77111200-77112200,ENSG00000117906.9$RCN2$chr15$77223960$+,0.42
chr15:77157200-77159400,ENSG00000117906.9$RCN2$chr15$77223960$+,0.61
chr15:77197800-77199400,ENSG00000117906.9$RCN2$chr15$77223960$+,0.62
chr15:77243000-77244800,ENSG00000117906.9$RCN2$chr15$77223960$+,0.71
chr15:77363400-77364800,ENSG00000117906.9$RCN2$chr15$77223960$+,0.36
chr15:79001200-79002600,ENSG00000117971.7$CHRNB4$chr15$79020096$-,0.49
chr11:1604800-1607000,ENSG00000117984.8$CTSD$chr11$1785222$-,0.36
chr11:1640400-1641400,ENSG00000117984.8$CTSD$chr11$1785222$-,0.38
chr11:1649600-1651400,ENSG00000117984.8$CTSD$chr11$1785222$-,0.44
chr3:136369600-136371600,ENSG00000118007.8$STAG1$chr3$136471220$-,0.45
chr3:136380000-136381800,ENSG00000118007.8$STAG1$chr3$136471220$-,0.46
chr3:136420800-136422800,ENSG00000118007.8$STAG1$chr3$136471220$-,0.58
chr3:136424600-136425200,ENSG00000118007.8$STAG1$chr3$136471220$-,0.61
chr3:136538400-136540800,ENSG00000118007.8$STAG1$chr3$136471220$-,0.61
chr3:136582200-136583800,ENSG00000118007.8$STAG1$chr3$136471220$-,0.56
chr3:136599000-136599800,ENSG00000118007.8$STAG1$chr3$136471220$-,0.46
chr3:136609600-136610200,ENSG00000118007.8$STAG1$chr3$136471220$-,0.46
chr3:136630200-136632600,ENSG00000118007.8$STAG1$chr3$136471220$-,0.45
chr3:136642600-136645000,ENSG00000118007.8$STAG1$chr3$136471220$-,0.4
chr11:118304400-118305600,ENSG00000118058.16$KMT2A$chr11$118307205$+,0.41
chr11:118323600-118326000,ENSG00000118058.16$KMT2A$chr11$118307205$+,0.39
chr11:118326400-118327000,ENSG00000118058.16$KMT2A$chr11$118307205$+,0.38
chr11:118123400-118125400,ENSG00000118096.3$IFT46$chr11$118443685$-,0.38
chr11:118165800-118167800,ENSG00000118096.3$IFT46$chr11$118443685$-,0.44
chr11:118223200-118224400,ENSG00000118096.3$IFT46$chr11$118443685$-,0.35
chr11:118359000-118359600,ENSG00000118096.3$IFT46$chr11$118443685$-,0.46
chr11:118567400-118568400,ENSG00000118096.3$IFT46$chr11$118443685$-,0.54
chr19:47986400-47987400,ENSG00000118160.9$SLC8A2$chr19$47975425$-,0.7
chr19:48098600-48100800,ENSG00000118162.9$KPTN$chr19$47987525$-,0.53
chr19:48101200-48103400,ENSG00000118162.9$KPTN$chr19$47987525$-,0.43
chr1:200639800-200641800,ENSG00000118193.7$KIF14$chr1$200589862$-,0.42
chr1:200706800-200708000,ENSG00000118193.7$KIF14$chr1$200589862$-,0.35
chr1:200770800-200772600,ENSG00000118193.7$KIF14$chr1$200589862$-,0.39
chr1:200639800-200641800,ENSG00000118197.9$DDX59$chr1$200639097$-,0.4
chr1:200706800-200708000,ENSG00000118197.9$DDX59$chr1$200639097$-,0.45
chr1:200770800-200772600,ENSG00000118197.9$DDX59$chr1$200639097$-,0.42
chr1:161582600-161583400,ENSG00000118217.5$ATF6$chr1$161736084$+,0.47
chr1:161590000-161591000,ENSG00000118217.5$ATF6$chr1$161736084$+,0.43
chr1:161717200-161719400,ENSG00000118217.5$ATF6$chr1$161736084$+,0.5
chr1:161802000-161803000,ENSG00000118217.5$ATF6$chr1$161736084$+,0.35
chr2:208887200-208889600,ENSG00000118231.4$CRYGD$chr2$208989225$-,0.44
chr2:216876000-216877800,ENSG00000118242.11$MREG$chr2$216898819$-,0.49
chr2:207553400-207554600,ENSG00000118246.9$FASTKD2$chr2$207630081$+,0.56
chr2:207722400-207724800,ENSG00000118246.9$FASTKD2$chr2$207630081$+,0.48
chr2:208404000-208404200,ENSG00000118260.10$CREB1$chr2$208394461$+,0.47
chr2:208416800-208417200,ENSG00000118260.10$CREB1$chr2$208394461$+,0.59
chr2:208490800-208492800,ENSG00000118260.10$CREB1$chr2$208394461$+,0.46
chr2:208032000-208034000,ENSG00000118263.10$KLF7$chr2$208031991$-,0.45
chr1:150084200-150086400,ENSG00000118292.4$C1orf54$chr1$150240600$+,0.4
chr1:150185200-150187600,ENSG00000118292.4$C1orf54$chr1$150240600$+,0.51
chr1:150194000-150194400,ENSG00000118292.4$C1orf54$chr1$150240600$+,0.5
chr1:150205000-150206600,ENSG00000118292.4$C1orf54$chr1$150240600$+,0.57
chr1:150241800-150243000,ENSG00000118292.4$C1orf54$chr1$150240600$+,0.35
chr1:150265000-150266200,ENSG00000118292.4$C1orf54$chr1$150240600$+,0.63
chr1:150267000-150269400,ENSG00000118292.4$C1orf54$chr1$150240600$+,0.71
chr1:150386200-150387400,ENSG00000118292.4$C1orf54$chr1$150240600$+,0.39
chr1:150387800-150388800,ENSG00000118292.4$C1orf54$chr1$150240600$+,0.35
chr1:150185200-150187600,ENSG00000118298.6$CA14$chr1$150229554$+,0.45
chr1:150194000-150194400,ENSG00000118298.6$CA14$chr1$150229554$+,0.49
chr1:150205000-150206600,ENSG00000118298.6$CA14$chr1$150229554$+,0.48
chr1:150241800-150243000,ENSG00000118298.6$CA14$chr1$150229554$+,0.55
chr1:150265000-150266200,ENSG00000118298.6$CA14$chr1$150229554$+,0.6
chr1:150267000-150269400,ENSG00000118298.6$CA14$chr1$150229554$+,0.4
chr12:25221400-25222400,ENSG00000118307.14$CASC1$chr12$25348096$-,0.39
chr12:25435000-25437400,ENSG00000118307.14$CASC1$chr12$25348096$-,0.37
chr12:25221400-25222400,ENSG00000118308.10$LRMP$chr12$25173936$+,0.37
chr12:25223200-25225400,ENSG00000118308.10$LRMP$chr12$25173936$+,0.36
chr11:74698400-74699600,ENSG00000118363.7$SPCS2$chr11$74660292$+,0.57
chr11:77706200-77707200,ENSG00000118369.8$USP35$chr11$77899858$+,0.37
chr11:77805200-77806200,ENSG00000118369.8$USP35$chr11$77899858$+,0.54
chr11:77848200-77850200,ENSG00000118369.8$USP35$chr11$77899858$+,0.65
chr11:77851200-77852800,ENSG00000118369.8$USP35$chr11$77899858$+,0.65
chr6:80673000-80673400,ENSG00000118402.5$ELOVL4$chr6$80657297$-,0.71
chr6:80690000-80691800,ENSG00000118402.5$ELOVL4$chr6$80657297$-,0.65
chr6:80711800-80713800,ENSG00000118402.5$ELOVL4$chr6$80657297$-,0.6
chr6:80725200-80726400,ENSG00000118402.5$ELOVL4$chr6$80657297$-,0.63
chr6:80814000-80816000,ENSG00000118402.5$ELOVL4$chr6$80657297$-,0.46
chr6:79789000-79790800,ENSG00000118418.10$HMGN3$chr6$79944406$-,0.43
chr6:83717800-83719400,ENSG00000118420.12$UBE3D$chr6$83775560$-,0.58
chr6:83904000-83906400,ENSG00000118420.12$UBE3D$chr6$83775560$-,0.36
chr1:70679400-70680400,ENSG00000118454.8$ANKRD13C$chr1$70820417$-,0.37
chr1:70685200-70687000,ENSG00000118454.8$ANKRD13C$chr1$70820417$-,0.44
chr1:70875200-70876200,ENSG00000118454.8$ANKRD13C$chr1$70820417$-,0.59
chr6:64307400-64308200,ENSG00000118482.7$PHF3$chr6$64345725$+,0.57
chr6:64362400-64362800,ENSG00000118482.7$PHF3$chr6$64345725$+,0.71
chr6:144192800-144194400,ENSG00000118491.7$ZC2HC1B$chr6$144185573$+,0.52
chr6:144162200-144164000,ENSG00000118495.14$PLAGL1$chr6$144385735$-,0.39
chr6:144413400-144415800,ENSG00000118495.14$PLAGL1$chr6$144385735$-,0.44
chr6:144417400-144418200,ENSG00000118495.14$PLAGL1$chr6$144385735$-,0.46
chr6:144535600-144536800,ENSG00000118495.14$PLAGL1$chr6$144385735$-,0.52
chr6:144604200-144605800,ENSG00000118495.14$PLAGL1$chr6$144385735$-,0.4
chr6:146141400-146142600,ENSG00000118496.4$FBXO30$chr6$146135889$-,0.58
chr6:146191800-146192400,ENSG00000118496.4$FBXO30$chr6$146135889$-,0.54
chr6:138125000-138127400,ENSG00000118503.10$TNFAIP3$chr6$138188351$+,0.58
chr6:138136800-138139000,ENSG00000118503.10$TNFAIP3$chr6$138188351$+,0.6
chr6:138197600-138197800,ENSG00000118503.10$TNFAIP3$chr6$138188351$+,0.7
chr6:138265400-138267600,ENSG00000118503.10$TNFAIP3$chr6$138188351$+,0.51
chr6:138303000-138305000,ENSG00000118503.10$TNFAIP3$chr6$138188351$+,0.35
chr6:131454400-131456200,ENSG00000118507.11$AKAP7$chr6$131456806$+,0.4
chr6:131503800-131505800,ENSG00000118507.11$AKAP7$chr6$131456806$+,0.49
chr6:131528600-131530400,ENSG00000118507.11$AKAP7$chr6$131456806$+,0.39
chr6:135376200-135378200,ENSG00000118513.14$MYB$chr6$135502453$+,0.41
chr6:135551000-135553400,ENSG00000118513.14$MYB$chr6$135502453$+,0.58
chr6:135556600-135558600,ENSG00000118513.14$MYB$chr6$135502453$+,0.53
chr6:127665400-127667600,ENSG00000118518.11$RNF146$chr6$127587755$+,0.43
chr6:131840600-131842200,ENSG00000118520.9$ARG1$chr6$131894284$+,0.43
chr6:131851400-131853400,ENSG00000118520.9$ARG1$chr6$131894284$+,0.4
chr6:131946400-131948600,ENSG00000118520.9$ARG1$chr6$131894284$+,0.36
chr16:72128400-72130800,ENSG00000118557.11$PMFBP1$chr16$72210777$-,0.6
chr4:17577400-17578400,ENSG00000118579.7$MED28$chr4$17616254$+,0.51
chr4:17787800-17790200,ENSG00000118579.7$MED28$chr4$17616254$+,0.4
chr12:59893400-59895800,ENSG00000118596.7$SLC16A7$chr12$59989848$+,0.59
chr12:59942000-59944000,ENSG00000118596.7$SLC16A7$chr12$59989848$+,0.66
chr12:59967600-59969200,ENSG00000118596.7$SLC16A7$chr12$59989848$+,0.55
chr12:60017400-60019600,ENSG00000118596.7$SLC16A7$chr12$59989848$+,0.56
chr12:60030200-60032200,ENSG00000118596.7$SLC16A7$chr12$59989848$+,0.48
chr12:60053800-60055800,ENSG00000118596.7$SLC16A7$chr12$59989848$+,0.6
chr12:60057800-60058800,ENSG00000118596.7$SLC16A7$chr12$59989848$+,0.61
chr12:64236600-64237800,ENSG00000118600.7$TMEM5$chr12$64173583$+,0.48
chr19:21105000-21106000,ENSG00000118620.8$ZNF430$chr19$21203426$+,0.4
chr19:21212400-21214600,ENSG00000118620.8$ZNF430$chr19$21203426$+,0.48
chr19:21218200-21219800,ENSG00000118620.8$ZNF430$chr19$21203426$+,0.6
chr19:21265600-21268000,ENSG00000118620.8$ZNF430$chr19$21203426$+,0.52
chr19:21325400-21327000,ENSG00000118620.8$ZNF430$chr19$21203426$+,0.37
chr2:85644200-85646000,ENSG00000118640.6$VAMP8$chr2$85788685$+,0.39
chr2:85854800-85856600,ENSG00000118640.6$VAMP8$chr2$85788685$+,0.39
chr2:85864400-85865000,ENSG00000118640.6$VAMP8$chr2$85788685$+,0.57
chr2:85869200-85870800,ENSG00000118640.6$VAMP8$chr2$85788685$+,0.37
chr1:114355400-114356400,ENSG00000118655.4$DCLRE1B$chr1$114447763$+,0.38
chr1:114378200-114379800,ENSG00000118655.4$DCLRE1B$chr1$114447763$+,0.44
chr1:114470200-114471400,ENSG00000118655.4$DCLRE1B$chr1$114447763$+,0.67
chr18:3356000-3357000,ENSG00000118680.8$MYL12B$chr18$3261907$+,0.44
chr6:109186400-109188600,ENSG00000118690.8$ARMC2$chr6$109169619$+,0.67
chr6:109275800-109277800,ENSG00000118690.8$ARMC2$chr6$109169619$+,0.43
chr20:35813600-35815400,ENSG00000118705.12$RPN2$chr20$35806813$+,0.63
chr20:35088600-35090200,ENSG00000118707.5$TGIF2$chr20$35201891$+,0.37
chr20:35129600-35130400,ENSG00000118707.5$TGIF2$chr20$35201891$+,0.44
chr20:35184400-35185600,ENSG00000118707.5$TGIF2$chr20$35201891$+,0.64
chr20:35203400-35205600,ENSG00000118707.5$TGIF2$chr20$35201891$+,0.6
chr20:35232000-35234000,ENSG00000118707.5$TGIF2$chr20$35201891$+,0.51
chr20:35235200-35237600,ENSG00000118707.5$TGIF2$chr20$35201891$+,0.55
chr4:88912000-88914400,ENSG00000118762.3$PKD2$chr4$88928820$+,0.35
chr4:89110000-89112400,ENSG00000118777.6$ABCG2$chr4$89152474$-,0.5
chr4:89193400-89193600,ENSG00000118777.6$ABCG2$chr4$89152474$-,0.42
chr4:77980600-77982400,ENSG00000118816.5$CCNI$chr4$77997158$-,0.56
chr4:77983200-77983600,ENSG00000118816.5$CCNI$chr4$77997158$-,0.66
chr4:78001400-78002800,ENSG00000118816.5$CCNI$chr4$77997158$-,0.66
chr4:78058000-78059400,ENSG00000118816.5$CCNI$chr4$77997158$-,0.76
chr1:220416600-220418400,ENSG00000118873.11$RAB3GAP2$chr1$220445796$-,0.59
chr1:220430800-220432200,ENSG00000118873.11$RAB3GAP2$chr1$220445796$-,0.57
chr16:5081600-5083400,ENSG00000118894.10$FAM86A$chr16$5147809$-,0.58
chr16:5120200-5121800,ENSG00000118894.10$FAM86A$chr16$5147809$-,0.61
chr16:5122400-5124800,ENSG00000118894.10$FAM86A$chr16$5147809$-,0.67
chr16:5141800-5142600,ENSG00000118894.10$FAM86A$chr16$5147809$-,0.74
chr16:5166400-5168600,ENSG00000118894.10$FAM86A$chr16$5147809$-,0.62
chr16:4782000-4783600,ENSG00000118900.10$UBN1$chr16$4896666$+,0.41
chr16:4785000-4786600,ENSG00000118900.10$UBN1$chr16$4896666$+,0.44
chr16:4817600-4820000,ENSG00000118900.10$UBN1$chr16$4896666$+,0.67
chr13:74502800-74504200,ENSG00000118922.12$KLF12$chr13$74708394$-,0.35
chr13:74561600-74561800,ENSG00000118922.12$KLF12$chr13$74708394$-,0.47
chr13:74562000-74564000,ENSG00000118922.12$KLF12$chr13$74708394$-,0.42
chr13:74572200-74574200,ENSG00000118922.12$KLF12$chr13$74708394$-,0.45
chr13:74605600-74608000,ENSG00000118922.12$KLF12$chr13$74708394$-,0.47
chr13:74670000-74672000,ENSG00000118922.12$KLF12$chr13$74708394$-,0.59
chr13:74764600-74766400,ENSG00000118922.12$KLF12$chr13$74708394$-,0.51
chr13:74828000-74829600,ENSG00000118922.12$KLF12$chr13$74708394$-,0.43
chr13:74836000-74836200,ENSG00000118922.12$KLF12$chr13$74708394$-,0.46
chr13:74850800-74851800,ENSG00000118922.12$KLF12$chr13$74708394$-,0.42
chr13:76112200-76114400,ENSG00000118939.13$UCHL3$chr13$76123619$+,0.7
chr13:76210800-76213000,ENSG00000118939.13$UCHL3$chr13$76123619$+,0.42
chr2:21018200-21019400,ENSG00000118961.10$C2orf43$chr2$21022882$-,0.56
chr2:21021400-21022000,ENSG00000118961.10$C2orf43$chr2$21022882$-,0.37
chr2:21068000-21068800,ENSG00000118961.10$C2orf43$chr2$21022882$-,0.58
chr2:20102600-20103800,ENSG00000118965.10$WDR35$chr2$20189892$-,0.49
chr2:20170000-20172400,ENSG00000118965.10$WDR35$chr2$20189892$-,0.62
chr12:4272800-4275000,ENSG00000118971.3$CCND2$chr12$4382938$+,0.53
chr12:4428600-4429800,ENSG00000118971.3$CCND2$chr12$4382938$+,0.5
chr2:196931000-196933000,ENSG00000118997.9$DNAH7$chr2$196933536$-,0.4
chr2:204020000-204020800,ENSG00000119004.10$CYP20A1$chr2$204103663$+,0.62
chr2:204041600-204042600,ENSG00000119004.10$CYP20A1$chr2$204103663$+,0.59
chr2:204072600-204074800,ENSG00000119004.10$CYP20A1$chr2$204103663$+,0.81
chr2:204191200-204192600,ENSG00000119004.10$CYP20A1$chr2$204103663$+,0.43
chr2:201911000-201912000,ENSG00000119013.4$NDUFB3$chr2$201936156$+,0.62
chr2:202046000-202047800,ENSG00000119013.4$NDUFB3$chr2$201936156$+,0.35
chr2:202087200-202089000,ENSG00000119013.4$NDUFB3$chr2$201936156$+,0.35
chr2:197503200-197504200,ENSG00000119041.6$GTF3C3$chr2$197664449$-,0.48
chr2:197648000-197649200,ENSG00000119041.6$GTF3C3$chr2$197664449$-,0.6
chr2:197650800-197651000,ENSG00000119041.6$GTF3C3$chr2$197664449$-,0.68
chr2:197792400-197793400,ENSG00000119041.6$GTF3C3$chr2$197664449$-,0.52
chr2:197795800-197797600,ENSG00000119041.6$GTF3C3$chr2$197664449$-,0.45
chr2:197799800-197800800,ENSG00000119041.6$GTF3C3$chr2$197664449$-,0.5
chr2:198378400-198380200,ENSG00000119041.6$GTF3C3$chr2$197664449$-,0.35
chr5:133614600-133617000,ENSG00000119048.3$UBE2B$chr5$133706870$+,0.53
chr5:133637600-133639600,ENSG00000119048.3$UBE2B$chr5$133706870$+,0.42
chr5:133700000-133702400,ENSG00000119048.3$UBE2B$chr5$133706870$+,0.51
chr2:106641600-106643800,ENSG00000119147.5$C2orf40$chr2$106679702$+,0.41
chr2:9612800-9614000,ENSG00000119185.8$ITGB1BP1$chr2$9563676$-,0.62
chr2:9612800-9614000,ENSG00000119203.9$CPSF3$chr2$9563697$+,0.48
chr3:196439800-196441800,ENSG00000119231.6$SENP5$chr3$196594727$+,0.38
chr3:196465600-196466800,ENSG00000119231.6$SENP5$chr3$196594727$+,0.35
chr3:196483800-196486200,ENSG00000119231.6$SENP5$chr3$196594727$+,0.44
chr3:196564200-196566400,ENSG00000119231.6$SENP5$chr3$196594727$+,0.67
chr12:124405600-124407400,ENSG00000119242.4$CCDC92$chr12$124457378$-,0.62
chr1:236685800-236686800,ENSG00000119285.6$HEATR1$chr1$236767804$-,0.6
chr1:236708000-236710200,ENSG00000119285.6$HEATR1$chr1$236767804$-,0.73
chr9:115024600-115026200,ENSG00000119314.11$PTBP3$chr9$115095947$-,0.56
chr9:115110200-115112600,ENSG00000119314.11$PTBP3$chr9$115095947$-,0.57
chr9:110102600-110104400,ENSG00000119318.8$RAD23B$chr9$110045418$+,0.47
chr9:115821600-115822600,ENSG00000119321.4$FKBP15$chr9$115983641$-,0.51
chr9:115873800-115875200,ENSG00000119321.4$FKBP15$chr9$115983641$-,0.52
chr9:116035600-116036800,ENSG00000119321.4$FKBP15$chr9$115983641$-,0.53
chr9:116173600-116174800,ENSG00000119321.4$FKBP15$chr9$115983641$-,0.42
chr9:111697200-111698800,ENSG00000119326.10$CTNNAL1$chr9$111775809$-,0.39
chr9:111697200-111698800,ENSG00000119328.7$FAM206A$chr9$111696461$+,0.43
chr9:131200600-131202000,ENSG00000119333.7$WDR34$chr9$131419066$-,0.39
chr9:131265200-131266800,ENSG00000119333.7$WDR34$chr9$131419066$-,0.45
chr9:131267600-131269800,ENSG00000119333.7$WDR34$chr9$131419066$-,0.48
chr9:131273600-131276000,ENSG00000119333.7$WDR34$chr9$131419066$-,0.41
chr9:131416200-131418400,ENSG00000119333.7$WDR34$chr9$131419066$-,0.42
chr9:131484000-131486000,ENSG00000119333.7$WDR34$chr9$131419066$-,0.46
chr9:131547800-131549200,ENSG00000119333.7$WDR34$chr9$131419066$-,0.37
chr9:131550200-131551800,ENSG00000119333.7$WDR34$chr9$131419066$-,0.37
chr9:131416200-131418400,ENSG00000119335.12$SET$chr9$131445703$+,0.39
chr9:131419400-131420200,ENSG00000119335.12$SET$chr9$131445703$+,0.47
chr9:131484000-131486000,ENSG00000119335.12$SET$chr9$131445703$+,0.43
chr9:131689000-131691400,ENSG00000119383.15$PPP2R4$chr9$131873229$+,0.35
chr9:131799600-131801600,ENSG00000119383.15$PPP2R4$chr9$131873229$+,0.39
chr9:131101600-131102400,ENSG00000119392.10$GLE1$chr9$131266979$+,0.43
chr9:131131200-131133000,ENSG00000119392.10$GLE1$chr9$131266979$+,0.47
chr9:131200600-131202000,ENSG00000119392.10$GLE1$chr9$131266979$+,0.61
chr9:131273600-131276000,ENSG00000119392.10$GLE1$chr9$131266979$+,0.5
chr9:131416200-131418400,ENSG00000119392.10$GLE1$chr9$131266979$+,0.45
chr9:131419400-131420200,ENSG00000119392.10$GLE1$chr9$131266979$+,0.5
chr9:131484000-131486000,ENSG00000119392.10$GLE1$chr9$131266979$+,0.35
chr9:123821400-123823000,ENSG00000119397.12$CNTRL$chr9$123837141$+,0.41
chr9:123831600-123832200,ENSG00000119397.12$CNTRL$chr9$123837141$+,0.48
chr9:123736200-123738200,ENSG00000119403.9$PHF19$chr9$123639606$-,0.47
chr9:127905600-127907000,ENSG00000119414.7$PPP6C$chr9$127952218$-,0.52
chr9:127960800-127962400,ENSG00000119414.7$PPP6C$chr9$127952218$-,0.59
chr9:128030200-128032000,ENSG00000119414.7$PPP6C$chr9$127952218$-,0.42
chr9:116173600-116174800,ENSG00000119431.5$HDHD3$chr9$116139279$-,0.58
chr9:115110200-115112600,ENSG00000119471.10$HSDL2$chr9$115142217$+,0.56
chr9:115246800-115248600,ENSG00000119471.10$HSDL2$chr9$115142217$+,0.35
chr9:128424400-128426400,ENSG00000119487.12$MAPKAP1$chr9$128469513$-,0.66
chr9:128590000-128592000,ENSG00000119487.12$MAPKAP1$chr9$128469513$-,0.51
chr9:128592200-128594200,ENSG00000119487.12$MAPKAP1$chr9$128469513$-,0.43
chr9:102481600-102483800,ENSG00000119508.13$NR4A3$chr9$102584137$+,0.57
chr9:102484200-102486200,ENSG00000119508.13$NR4A3$chr9$102584137$+,0.53
chr9:102667800-102668600,ENSG00000119508.13$NR4A3$chr9$102584137$+,0.47
chr9:102669800-102672000,ENSG00000119508.13$NR4A3$chr9$102584137$+,0.37
chr9:102674000-102675600,ENSG00000119508.13$NR4A3$chr9$102584137$+,0.45
chr9:102855400-102857200,ENSG00000119509.8$INVS$chr9$102861538$+,0.64
chr9:101559200-101559800,ENSG00000119514.5$GALNT12$chr9$101569981$+,0.56
chr9:101860600-101862400,ENSG00000119523.8$ALG2$chr9$101984238$-,0.45
chr9:102027600-102029800,ENSG00000119523.8$ALG2$chr9$101984238$-,0.61
chr18:61029000-61030400,ENSG00000119537.11$KDSR$chr18$61034743$-,0.49
chr18:61035400-61037000,ENSG00000119537.11$KDSR$chr18$61034743$-,0.38
chr18:61045800-61047800,ENSG00000119537.11$KDSR$chr18$61034743$-,0.51
chr18:61066200-61068400,ENSG00000119537.11$KDSR$chr18$61034743$-,0.48
chr18:60887400-60889600,ENSG00000119541.5$VPS4B$chr18$61089716$-,0.38
chr18:61029000-61030400,ENSG00000119541.5$VPS4B$chr18$61089716$-,0.56
chr18:61035400-61037000,ENSG00000119541.5$VPS4B$chr18$61089716$-,0.67
chr18:61045800-61047800,ENSG00000119541.5$VPS4B$chr18$61089716$-,0.68
chr18:61066200-61068400,ENSG00000119541.5$VPS4B$chr18$61089716$-,0.63
chr19:1353000-1354600,ENSG00000119559.11$C19orf25$chr19$1479555$-,0.4
chr19:1405800-1407800,ENSG00000119559.11$C19orf25$chr19$1479555$-,0.56
chr19:1593400-1594800,ENSG00000119559.11$C19orf25$chr19$1479555$-,0.47
chr19:1606200-1607600,ENSG00000119559.11$C19orf25$chr19$1479555$-,0.4
chr19:58987800-58989800,ENSG00000119574.8$ZBTB45$chr19$59050278$-,0.39
chr19:59000000-59001000,ENSG00000119574.8$ZBTB45$chr19$59050278$-,0.43
chr19:59054000-59055200,ENSG00000119574.8$ZBTB45$chr19$59050278$-,0.45
chr19:59063400-59065800,ENSG00000119574.8$ZBTB45$chr19$59050278$-,0.42
chr19:59085200-59086600,ENSG00000119574.8$ZBTB45$chr19$59050278$-,0.42
chr14:75180200-75182600,ENSG00000119596.13$YLPM1$chr14$75230069$+,0.45
chr14:75250400-75252400,ENSG00000119596.13$YLPM1$chr14$75230069$+,0.54
chr14:75326400-75328400,ENSG00000119596.13$YLPM1$chr14$75230069$+,0.45
chr14:75333000-75335400,ENSG00000119596.13$YLPM1$chr14$75230069$+,0.44
chr14:73361400-73363200,ENSG00000119599.12$DCAF4$chr14$73393040$+,0.68
chr14:73403600-73405000,ENSG00000119599.12$DCAF4$chr14$73393040$+,0.61
chr14:73522800-73524800,ENSG00000119599.12$DCAF4$chr14$73393040$+,0.39
chr14:73548200-73549600,ENSG00000119599.12$DCAF4$chr14$73393040$+,0.36
chr14:75326400-75328400,ENSG00000119608.8$PROX2$chr14$75330537$-,0.42
chr14:75333000-75335400,ENSG00000119608.8$PROX2$chr14$75330537$-,0.51
chr14:75180200-75182600,ENSG00000119616.7$FCF1$chr14$75179847$+,0.36
chr14:75228200-75229800,ENSG00000119616.7$FCF1$chr14$75179847$+,0.54
chr14:75250400-75252400,ENSG00000119616.7$FCF1$chr14$75179847$+,0.42
chr14:75326400-75328400,ENSG00000119616.7$FCF1$chr14$75179847$+,0.39
chr14:94535400-94536800,ENSG00000119632.3$IFI27L2$chr14$94596590$-,0.41
chr14:94602800-94603600,ENSG00000119632.3$IFI27L2$chr14$94596590$-,0.67
chr14:94610600-94613000,ENSG00000119632.3$IFI27L2$chr14$94596590$-,0.63
chr14:74358000-74359000,ENSG00000119636.11$CCDC176$chr14$74486056$+,0.38
chr14:74414800-74416400,ENSG00000119636.11$CCDC176$chr14$74486056$+,0.44
chr14:74552400-74553800,ENSG00000119636.11$CCDC176$chr14$74486056$+,0.39
chr14:75527800-75530200,ENSG00000119638.8$NEK9$chr14$75594047$-,0.49
chr14:75580400-75582400,ENSG00000119638.8$NEK9$chr14$75594047$-,0.58
chr14:75643600-75644400,ENSG00000119638.8$NEK9$chr14$75594047$-,0.52
chr14:75527800-75530200,ENSG00000119640.4$ACYP1$chr14$75536186$-,0.39
chr14:74769800-74771800,ENSG00000119655.4$NPC2$chr14$74960880$-,0.36
chr14:74828000-74830000,ENSG00000119655.4$NPC2$chr14$74960880$-,0.41
chr14:74057800-74060000,ENSG00000119661.10$DNAL1$chr14$74111578$+,0.45
chr14:73955800-73957600,ENSG00000119673.10$ACOT2$chr14$74034324$+,0.58
chr14:74057800-74060000,ENSG00000119673.10$ACOT2$chr14$74034324$+,0.64
chr14:74110200-74111200,ENSG00000119673.10$ACOT2$chr14$74034324$+,0.57
chr14:74112000-74113400,ENSG00000119673.10$ACOT2$chr14$74034324$+,0.54
chr14:75180200-75182600,ENSG00000119682.12$AREL1$chr14$75179818$-,0.36
chr14:75228200-75229800,ENSG00000119682.12$AREL1$chr14$75179818$-,0.51
chr14:75250400-75252400,ENSG00000119682.12$AREL1$chr14$75179818$-,0.44
chr14:75326400-75328400,ENSG00000119682.12$AREL1$chr14$75179818$-,0.39
chr14:75333000-75335400,ENSG00000119684.11$MLH3$chr14$75518235$-,0.37
chr14:75468200-75469000,ENSG00000119684.11$MLH3$chr14$75518235$-,0.41
chr14:75527800-75530200,ENSG00000119684.11$MLH3$chr14$75518235$-,0.61
chr14:75580400-75582400,ENSG00000119684.11$MLH3$chr14$75518235$-,0.42
chr14:76034200-76036200,ENSG00000119686.5$FLVCR2$chr14$76044960$+,0.55
chr14:74828000-74830000,ENSG00000119688.16$ABCD4$chr14$74769759$-,0.54
chr14:75228200-75229800,ENSG00000119689.10$DLST$chr14$75348594$+,0.43
chr14:75250400-75252400,ENSG00000119689.10$DLST$chr14$75348594$+,0.44
chr14:75326400-75328400,ENSG00000119689.10$DLST$chr14$75348594$+,0.57
chr14:75333000-75335400,ENSG00000119689.10$DLST$chr14$75348594$+,0.46
chr14:75468200-75469000,ENSG00000119689.10$DLST$chr14$75348594$+,0.48
chr14:94602800-94603600,ENSG00000119698.7$PPP4R4$chr14$94612465$+,0.64
chr14:75326400-75328400,ENSG00000119703.12$ZC2HC1C$chr14$75530873$+,0.36
chr14:75333000-75335400,ENSG00000119703.12$ZC2HC1C$chr14$75530873$+,0.35
chr14:75468200-75469000,ENSG00000119703.12$ZC2HC1C$chr14$75530873$+,0.61
chr14:75580400-75582400,ENSG00000119703.12$ZC2HC1C$chr14$75530873$+,0.5
chr14:75643600-75644400,ENSG00000119703.12$ZC2HC1C$chr14$75530873$+,0.44
chr14:78083200-78085600,ENSG00000119705.5$SLIRP$chr14$78174414$+,0.48
chr14:78204400-78206000,ENSG00000119705.5$SLIRP$chr14$78174414$+,0.61
chr14:78206600-78208800,ENSG00000119705.5$SLIRP$chr14$78174414$+,0.59
chr14:78217800-78220200,ENSG00000119705.5$SLIRP$chr14$78174414$+,0.52
chr14:73361400-73363200,ENSG00000119707.9$RBM25$chr14$73525144$+,0.41
chr14:73403600-73405000,ENSG00000119707.9$RBM25$chr14$73525144$+,0.49
chr14:73548200-73549600,ENSG00000119707.9$RBM25$chr14$73525144$+,0.53
chr14:74414800-74416400,ENSG00000119711.8$ALDH6A1$chr14$74551196$-,0.43
chr14:74484400-74485000,ENSG00000119711.8$ALDH6A1$chr14$74551196$-,0.41
chr14:74552400-74553800,ENSG00000119711.8$ALDH6A1$chr14$74551196$-,0.44
chr14:91643000-91644600,ENSG00000119714.6$GPR68$chr14$91720269$-,0.43
chr14:91659400-91661600,ENSG00000119714.6$GPR68$chr14$91720269$-,0.49
chr14:91672400-91674000,ENSG00000119714.6$GPR68$chr14$91720269$-,0.52
chr14:91726200-91728600,ENSG00000119714.6$GPR68$chr14$91720269$-,0.57
chr14:75326400-75328400,ENSG00000119718.6$EIF2B2$chr14$75469614$+,0.45
chr14:75333000-75335400,ENSG00000119718.6$EIF2B2$chr14$75469614$+,0.41
chr14:75527800-75530200,ENSG00000119718.6$EIF2B2$chr14$75469614$+,0.51
chr14:90721800-90722800,ENSG00000119720.13$NRDE2$chr14$90798481$-,0.49
chr14:90723600-90725800,ENSG00000119720.13$NRDE2$chr14$90798481$-,0.47
chr14:90729200-90731400,ENSG00000119720.13$NRDE2$chr14$90798481$-,0.45
chr14:90861400-90862800,ENSG00000119720.13$NRDE2$chr14$90798481$-,0.36
chr14:74319200-74320600,ENSG00000119723.11$COQ6$chr14$74416629$+,0.54
chr14:74358000-74359000,ENSG00000119723.11$COQ6$chr14$74416629$+,0.52
chr14:74484400-74485000,ENSG00000119723.11$COQ6$chr14$74416629$+,0.62
chr14:74552400-74553800,ENSG00000119723.11$COQ6$chr14$74416629$+,0.38
chr14:74319200-74320600,ENSG00000119725.13$ZNF410$chr14$74353320$+,0.6
chr14:74358000-74359000,ENSG00000119725.13$ZNF410$chr14$74353320$+,0.59
chr14:74414800-74416400,ENSG00000119725.13$ZNF410$chr14$74353320$+,0.51
chr14:74484400-74485000,ENSG00000119725.13$ZNF410$chr14$74353320$+,0.39
chr14:74552400-74553800,ENSG00000119725.13$ZNF410$chr14$74353320$+,0.44
chr2:46657400-46657800,ENSG00000119729.6$RHOQ$chr2$46768945$+,0.56
chr2:46704000-46706000,ENSG00000119729.6$RHOQ$chr2$46768945$+,0.47
chr2:46839600-46840000,ENSG00000119729.6$RHOQ$chr2$46768945$+,0.48
chr2:46840800-46843200,ENSG00000119729.6$RHOQ$chr2$46768945$+,0.54
chr2:46861200-46863000,ENSG00000119729.6$RHOQ$chr2$46768945$+,0.61
chr2:27821400-27823200,ENSG00000119760.11$SUPT7L$chr2$27886676$-,0.54
chr2:27849000-27851200,ENSG00000119760.11$SUPT7L$chr2$27886676$-,0.62
chr2:27852400-27854600,ENSG00000119760.11$SUPT7L$chr2$27886676$-,0.61
chr2:27894200-27894800,ENSG00000119760.11$SUPT7L$chr2$27886676$-,0.7
chr2:27993600-27994200,ENSG00000119760.11$SUPT7L$chr2$27886676$-,0.36
chr2:27271600-27273000,ENSG00000119777.14$TMEM214$chr2$27255778$+,0.65
chr2:27274800-27276800,ENSG00000119777.14$TMEM214$chr2$27255778$+,0.62
chr2:27340000-27342400,ENSG00000119777.14$TMEM214$chr2$27255778$+,0.53
chr2:27357600-27358800,ENSG00000119777.14$TMEM214$chr2$27255778$+,0.42
chr2:24114200-24115800,ENSG00000119778.10$ATAD2B$chr2$24149984$-,0.59
chr2:24161400-24163000,ENSG00000119778.10$ATAD2B$chr2$24149984$-,0.65
chr2:24258400-24260800,ENSG00000119778.10$ATAD2B$chr2$24149984$-,0.46
chr2:24267800-24269800,ENSG00000119778.10$ATAD2B$chr2$24149984$-,0.47
chr2:24307800-24308800,ENSG00000119778.10$ATAD2B$chr2$24149984$-,0.38
chr2:24150600-24152400,ENSG00000119782.9$FKBP1B$chr2$24272571$+,0.38
chr2:24161400-24163000,ENSG00000119782.9$FKBP1B$chr2$24272571$+,0.41
chr2:24258400-24260800,ENSG00000119782.9$FKBP1B$chr2$24272571$+,0.67
chr2:24267800-24269800,ENSG00000119782.9$FKBP1B$chr2$24272571$+,0.67
chr2:24307800-24308800,ENSG00000119782.9$FKBP1B$chr2$24272571$+,0.6
chr2:24347000-24349400,ENSG00000119782.9$FKBP1B$chr2$24272571$+,0.5
chr2:38588800-38591200,ENSG00000119787.9$ATL2$chr2$38604427$-,0.54
chr2:38775600-38778000,ENSG00000119787.9$ATL2$chr2$38604427$-,0.35
chr2:30313600-30314800,ENSG00000119801.8$YPEL5$chr2$30369807$+,0.58
chr2:32391600-32394000,ENSG00000119820.6$YIPF4$chr2$32502979$+,0.43
chr2:32580600-32581400,ENSG00000119820.6$YIPF4$chr2$32502979$+,0.51
chr2:32615800-32617000,ENSG00000119820.6$YIPF4$chr2$32502979$+,0.39
chr2:64749600-64750200,ENSG00000119844.10$AFTPH$chr2$64751465$+,0.36
chr2:64789000-64791000,ENSG00000119844.10$AFTPH$chr2$64751465$+,0.74
chr2:64792600-64794400,ENSG00000119844.10$AFTPH$chr2$64751465$+,0.71
chr2:46839600-46840000,ENSG00000119878.5$CRIPT$chr2$46843555$+,0.73
chr2:46840800-46843200,ENSG00000119878.5$CRIPT$chr2$46843555$+,0.4
chr2:46861200-46863000,ENSG00000119878.5$CRIPT$chr2$46843555$+,0.65
chr6:74180000-74182000,ENSG00000119899.11$SLC17A5$chr6$74363878$-,0.37
chr10:102666800-102668600,ENSG00000119906.7$FAM178A$chr10$102672326$+,0.74
chr10:102702600-102704600,ENSG00000119906.7$FAM178A$chr10$102672326$+,0.64
chr10:102744200-102746600,ENSG00000119906.7$FAM178A$chr10$102672326$+,0.52
chr10:102905200-102907600,ENSG00000119906.7$FAM178A$chr10$102672326$+,0.39
chr10:102920600-102923000,ENSG00000119906.7$FAM178A$chr10$102672326$+,0.35
chr10:94276400-94277400,ENSG00000119912.11$IDE$chr10$94333833$-,0.49
chr10:94334600-94336800,ENSG00000119912.11$IDE$chr10$94333833$-,0.4
chr10:94350000-94352400,ENSG00000119912.11$IDE$chr10$94333833$-,0.61
chr10:94506400-94508800,ENSG00000119912.11$IDE$chr10$94333833$-,0.35
chr10:104013000-104014800,ENSG00000119915.4$ELOVL3$chr10$103986085$+,0.46
chr10:91053400-91053800,ENSG00000119917.9$IFIT3$chr10$91087651$+,0.38
chr10:91011800-91013000,ENSG00000119922.7$IFIT2$chr10$91061712$+,0.66
chr10:91053400-91053800,ENSG00000119922.7$IFIT2$chr10$91061712$+,0.77
chr10:91170200-91171800,ENSG00000119922.7$IFIT2$chr10$91061712$+,0.39
chr10:91172000-91174000,ENSG00000119922.7$IFIT2$chr10$91061712$+,0.44
chr10:113944000-113945800,ENSG00000119927.9$GPAM$chr10$113975135$-,0.59
chr10:112013000-112014800,ENSG00000119950.16$MXI1$chr10$111967363$+,0.36
chr10:111896600-111898600,ENSG00000119953.8$SMNDC1$chr10$112064709$-,0.4
chr10:112013000-112014800,ENSG00000119953.8$SMNDC1$chr10$112064709$-,0.65
chr10:120807000-120808600,ENSG00000119979.11$FAM45A$chr10$120863598$+,0.42
chr10:120820600-120822200,ENSG00000119979.11$FAM45A$chr10$120863598$+,0.5
chr10:120925600-120927800,ENSG00000119979.11$FAM45A$chr10$120863598$+,0.41
chr10:120938400-120940000,ENSG00000119979.11$FAM45A$chr10$120863598$+,0.4
chr10:120965200-120966400,ENSG00000119979.11$FAM45A$chr10$120863598$+,0.38
chr10:99399600-99400400,ENSG00000119986.6$AVPI1$chr10$99447080$-,0.38
chr10:99471400-99473800,ENSG00000119986.6$AVPI1$chr10$99447080$-,0.49
chr10:122655600-122657400,ENSG00000120008.11$WDR11$chr10$122610687$+,0.5
chr10:103634200-103636400,ENSG00000120029.8$C10orf76$chr10$103815950$-,0.38
chr10:103891000-103892400,ENSG00000120029.8$C10orf76$chr10$103815950$-,0.42
chr10:103556800-103559200,ENSG00000120049.14$KCNIP2$chr10$103603677$-,0.53
chr10:103560600-103562400,ENSG00000120049.14$KCNIP2$chr10$103603677$-,0.53
chr10:103566200-103568000,ENSG00000120049.14$KCNIP2$chr10$103603677$-,0.51
chr10:103634200-103636400,ENSG00000120049.14$KCNIP2$chr10$103603677$-,0.53
chr10:105990400-105991800,ENSG00000120051.10$CCDC147$chr10$106113522$+,0.43
chr10:106029200-106029800,ENSG00000120051.10$CCDC147$chr10$106113522$+,0.4
chr10:104190200-104191800,ENSG00000120055.5$C10orf95$chr10$104211300$-,0.4
chr10:104232000-104234400,ENSG00000120055.5$C10orf95$chr10$104211300$-,0.66
chr10:104270800-104273000,ENSG00000120055.5$C10orf95$chr10$104211300$-,0.38
chr17:62972400-62973400,ENSG00000120063.5$GNA13$chr17$63052957$-,0.44
chr17:63092000-63092800,ENSG00000120063.5$GNA13$chr17$63052957$-,0.43
chr17:63159600-63162000,ENSG00000120063.5$GNA13$chr17$63052957$-,0.53
chr17:46815800-46817400,ENSG00000120068.5$HOXB8$chr17$46692478$-,0.44
chr17:44300800-44302000,ENSG00000120071.8$KANSL1$chr17$44302733$-,0.38
chr17:44336600-44338600,ENSG00000120071.8$KANSL1$chr17$44302733$-,0.65
chr17:44354400-44355000,ENSG00000120071.8$KANSL1$chr17$44302733$-,0.53
chr17:43645200-43646000,ENSG00000120088.10$CRHR1$chr17$43699267$+,0.41
chr17:43722600-43724800,ENSG00000120088.10$CRHR1$chr17$43699267$+,0.48
chr5:172386800-172388800,ENSG00000120129.5$DUSP1$chr5$172198198$-,0.45
chr5:167914200-167916400,ENSG00000120137.6$PANK3$chr5$168006605$-,0.35
chr9:4676800-4678800,ENSG00000120158.7$RCL1$chr9$4792869$+,0.42
chr9:4725800-4728000,ENSG00000120158.7$RCL1$chr9$4792869$+,0.53
chr9:4741800-4744200,ENSG00000120158.7$RCL1$chr9$4792869$+,0.56
chr9:4807600-4809200,ENSG00000120158.7$RCL1$chr9$4792869$+,0.61
chr9:26936000-26938400,ENSG00000120159.7$CAAP1$chr9$26892802$-,0.67
chr9:26956800-26958600,ENSG00000120159.7$CAAP1$chr9$26892802$-,0.57
chr9:27570600-27572800,ENSG00000120162.9$MOB3B$chr9$27529779$-,0.44
chr9:5177600-5179600,ENSG00000120210.6$INSL6$chr9$5185668$-,0.57
chr9:5300600-5302800,ENSG00000120210.6$INSL6$chr9$5185668$-,0.4
chr9:5304200-5305000,ENSG00000120210.6$INSL6$chr9$5185668$-,0.37
chr9:5306800-5308200,ENSG00000120210.6$INSL6$chr9$5185668$-,0.35
chr9:5333600-5334600,ENSG00000120210.6$INSL6$chr9$5185668$-,0.38
chr9:5832600-5835000,ENSG00000120215.5$MLANA$chr9$5890802$+,0.41
chr9:5304200-5305000,ENSG00000120217.9$CD274$chr9$5450503$+,0.38
chr9:5325800-5328200,ENSG00000120217.9$CD274$chr9$5450503$+,0.35
chr9:5333600-5334600,ENSG00000120217.9$CD274$chr9$5450503$+,0.42
chr9:5339400-5340200,ENSG00000120217.9$CD274$chr9$5450503$+,0.43
chr9:5402000-5403200,ENSG00000120217.9$CD274$chr9$5450503$+,0.58
chr9:5435200-5437200,ENSG00000120217.9$CD274$chr9$5450503$+,0.66
chr9:5582200-5584400,ENSG00000120217.9$CD274$chr9$5450503$+,0.41
chr9:5600000-5601000,ENSG00000120217.9$CD274$chr9$5450503$+,0.4
chr9:21236000-21236800,ENSG00000120235.3$IFNA6$chr9$21351377$-,0.39
chr9:21335600-21337000,ENSG00000120235.3$IFNA6$chr9$21351377$-,0.66
chr9:21357000-21359000,ENSG00000120235.3$IFNA6$chr9$21351377$-,0.71
chr9:21335600-21337000,ENSG00000120242.3$IFNA8$chr9$21409146$+,0.49
chr9:21357000-21359000,ENSG00000120242.3$IFNA8$chr9$21409146$+,0.53
chr9:21503600-21504400,ENSG00000120242.3$IFNA8$chr9$21409146$+,0.39
chr6:150007200-150008800,ENSG00000120253.9$NUP43$chr6$150070801$-,0.47
chr6:150017400-150019200,ENSG00000120253.9$NUP43$chr6$150070801$-,0.44
chr6:150065200-150067200,ENSG00000120253.9$NUP43$chr6$150070801$-,0.59
chr6:150065200-150067200,ENSG00000120256.5$LRP11$chr6$150186199$-,0.45
chr6:150263400-150265000,ENSG00000120256.5$LRP11$chr6$150186199$-,0.46
chr6:150274400-150276800,ENSG00000120256.5$LRP11$chr6$150186199$-,0.45
chr6:151796600-151797600,ENSG00000120262.8$CCDC170$chr6$151815165$+,0.46
chr6:150007200-150008800,ENSG00000120265.12$PCMT1$chr6$150070579$+,0.5
chr6:150017400-150019200,ENSG00000120265.12$PCMT1$chr6$150070579$+,0.46
chr6:150065200-150067200,ENSG00000120265.12$PCMT1$chr6$150070579$+,0.58
chrX:30729800-30730600,ENSG00000120280.5$CXorf21$chrX$30595961$-,0.38
chrX:30731000-30732800,ENSG00000120280.5$CXorf21$chrX$30595961$-,0.5
chr5:139485600-139486800,ENSG00000120306.5$CYSTM1$chr5$139554227$+,0.56
chr5:139682800-139684600,ENSG00000120306.5$CYSTM1$chr5$139554227$+,0.57
chr5:139936600-139938800,ENSG00000120314.14$WDR55$chr5$140044261$+,0.54
chr5:140079200-140080000,ENSG00000120314.14$WDR55$chr5$140044261$+,0.53
chr5:140088600-140090800,ENSG00000120314.14$WDR55$chr5$140044261$+,0.42
chr5:140091000-140092000,ENSG00000120314.14$WDR55$chr5$140044261$+,0.44
chr5:140104800-140106400,ENSG00000120314.14$WDR55$chr5$140044261$+,0.58
chr5:140464400-140465800,ENSG00000120327.4$PCDHB14$chr5$140602931$+,0.42
chr5:140701000-140701200,ENSG00000120329.4$SLC25A2$chr5$140683612$-,0.51
chr5:140768200-140768400,ENSG00000120329.4$SLC25A2$chr5$140683612$-,0.49
chr1:173737400-173739400,ENSG00000120334.11$CENPL$chr1$173793858$-,0.53
chr1:173006800-173009000,ENSG00000120337.7$TNFSF18$chr1$173020103$-,0.54
chr6:160145200-160147400,ENSG00000120438.7$TCP1$chr6$160210781$-,0.51
chr6:160162200-160163400,ENSG00000120438.7$TCP1$chr6$160210781$-,0.43
chr11:128718400-128720400,ENSG00000120457.7$KCNJ5$chr11$128761251$+,0.35
chr11:124659600-124659800,ENSG00000120458.5$MSANTD2$chr11$124670569$-,0.69
chr11:124670800-124673200,ENSG00000120458.5$MSANTD2$chr11$124670569$-,0.42
chr11:124705800-124707800,ENSG00000120458.5$MSANTD2$chr11$124670569$-,0.82
chr11:124824400-124826000,ENSG00000120458.5$MSANTD2$chr11$124670569$-,0.51
chrX:70098800-70099600,ENSG00000120498.9$TEX11$chrX$70128581$-,0.37
chrX:69508800-69509600,ENSG00000120500.13$ARR3$chrX$69488155$+,0.35
chrX:69351600-69353000,ENSG00000120509.6$PDZD11$chrX$69510364$-,0.35
chrX:69618200-69619600,ENSG00000120509.6$PDZD11$chrX$69510364$-,0.45
chrX:69652000-69653800,ENSG00000120509.6$PDZD11$chrX$69510364$-,0.39
chr8:110308600-110310400,ENSG00000120526.6$NUDCD1$chr8$110346614$-,0.62
chr8:110320800-110321000,ENSG00000120526.6$NUDCD1$chr8$110346614$-,0.66
chr8:110321600-110322000,ENSG00000120526.6$NUDCD1$chr8$110346614$-,0.66
chr8:110308600-110310400,ENSG00000120533.8$ENY2$chr8$110346553$+,0.65
chr8:110320800-110321000,ENSG00000120533.8$ENY2$chr8$110346553$+,0.75
chr8:110321600-110322000,ENSG00000120533.8$ENY2$chr8$110346553$+,0.73
chr10:27387600-27388800,ENSG00000120539.10$MASTL$chr10$27443753$+,0.58
chr10:27389800-27392200,ENSG00000120539.10$MASTL$chr10$27443753$+,0.53
chr10:27393200-27394800,ENSG00000120539.10$MASTL$chr10$27443753$+,0.55
chr10:27434800-27437000,ENSG00000120539.10$MASTL$chr10$27443753$+,0.59
chr10:27532400-27533600,ENSG00000120539.10$MASTL$chr10$27443753$+,0.46
chr10:27540400-27541800,ENSG00000120539.10$MASTL$chr10$27443753$+,0.43
chr10:27542000-27542800,ENSG00000120539.10$MASTL$chr10$27443753$+,0.39
chr10:27579600-27581200,ENSG00000120539.10$MASTL$chr10$27443753$+,0.36
chr10:29697600-29698200,ENSG00000120563.4$LYZL1$chr10$29577990$+,0.51
chr10:32545400-32546400,ENSG00000120616.11$EPC1$chr10$32667726$-,0.4
chr10:32572000-32574400,ENSG00000120616.11$EPC1$chr10$32667726$-,0.45
chr10:32653200-32653400,ENSG00000120616.11$EPC1$chr10$32667726$-,0.6
chr10:32733000-32734800,ENSG00000120616.11$EPC1$chr10$32667726$-,0.46
chr10:32735800-32737200,ENSG00000120616.11$EPC1$chr10$32667726$-,0.5
chr10:32738400-32739000,ENSG00000120616.11$EPC1$chr10$32667726$-,0.52
chr10:32752800-32753400,ENSG00000120616.11$EPC1$chr10$32667726$-,0.62
chr12:383600-383800,ENSG00000120647.5$CCDC77$chr12$498439$+,0.39
chr12:509400-510800,ENSG00000120647.5$CCDC77$chr12$498439$+,0.44
chr1:28732600-28734600,ENSG00000120656.7$TAF12$chr1$28969597$-,0.37
chr1:28877600-28879400,ENSG00000120656.7$TAF12$chr1$28969597$-,0.49
chr1:28880200-28882200,ENSG00000120656.7$TAF12$chr1$28969597$-,0.47
chr1:28924600-28926600,ENSG00000120656.7$TAF12$chr1$28969597$-,0.49
chr1:28996400-28998600,ENSG00000120656.7$TAF12$chr1$28969597$-,0.58
chr1:29001000-29003400,ENSG00000120656.7$TAF12$chr1$28969597$-,0.63
chr1:29100800-29103000,ENSG00000120656.7$TAF12$chr1$28969597$-,0.4
chr1:29111400-29113400,ENSG00000120656.7$TAF12$chr1$28969597$-,0.38
chr1:29219600-29222000,ENSG00000120656.7$TAF12$chr1$28969597$-,0.35
chr13:41884200-41885200,ENSG00000120662.11$MTRF1$chr13$41837742$-,0.58
chr13:36870200-36871800,ENSG00000120664.6$SPG20OS$chr13$36920568$+,0.57
chr13:39669400-39670400,ENSG00000120685.15$PROSER1$chr13$39612252$-,0.48
chr13:41696000-41698000,ENSG00000120688.7$WBP4$chr13$41635410$+,0.53
chr13:41696000-41698000,ENSG00000120690.9$ELF1$chr13$41635576$-,0.56
chr13:31737000-31738600,ENSG00000120694.15$HSPH1$chr13$31736525$-,0.39
chr13:37575600-37576800,ENSG00000120697.4$ALG5$chr13$37574398$-,0.44
chr13:37624400-37626800,ENSG00000120697.4$ALG5$chr13$37574398$-,0.68
chr13:37630600-37633000,ENSG00000120697.4$ALG5$chr13$37574398$-,0.6
chr13:37634200-37635000,ENSG00000120697.4$ALG5$chr13$37574398$-,0.53
chr13:37575600-37576800,ENSG00000120699.8$EXOSC8$chr13$37572953$+,0.44
chr13:37624400-37626800,ENSG00000120699.8$EXOSC8$chr13$37572953$+,0.66
chr13:37630600-37633000,ENSG00000120699.8$EXOSC8$chr13$37572953$+,0.49
chr13:37634200-37635000,ENSG00000120699.8$EXOSC8$chr13$37572953$+,0.48
chr5:137664800-137667200,ENSG00000120705.8$ETF1$chr5$137878989$-,0.39
chr5:137743000-137744000,ENSG00000120705.8$ETF1$chr5$137878989$-,0.39
chr5:137911400-137913400,ENSG00000120705.8$ETF1$chr5$137878989$-,0.56
chr5:137549000-137550200,ENSG00000120709.6$FAM53C$chr5$137667624$+,0.39
chr5:137743000-137744000,ENSG00000120709.6$FAM53C$chr5$137667624$+,0.53
chr5:138675600-138677200,ENSG00000120725.8$SIL1$chr5$138629246$-,0.73
chr5:138690000-138690600,ENSG00000120725.8$SIL1$chr5$138629246$-,0.57
chr5:138737000-138739200,ENSG00000120725.8$SIL1$chr5$138629246$-,0.47
chr5:138765200-138766400,ENSG00000120725.8$SIL1$chr5$138629246$-,0.44
chr5:138785800-138787200,ENSG00000120725.8$SIL1$chr5$138629246$-,0.44
chr5:138690000-138690600,ENSG00000120727.8$PAIP2$chr5$138677276$+,0.53
chr5:138737000-138739200,ENSG00000120727.8$PAIP2$chr5$138677276$+,0.57
chr5:138765200-138766400,ENSG00000120727.8$PAIP2$chr5$138677276$+,0.5
chr5:138785800-138787200,ENSG00000120727.8$PAIP2$chr5$138677276$+,0.41
chr5:137664800-137667200,ENSG00000120733.9$KDM3B$chr5$137688285$+,0.42
chr5:137668200-137669200,ENSG00000120733.9$KDM3B$chr5$137688285$+,0.47
chr5:137743000-137744000,ENSG00000120733.9$KDM3B$chr5$137688285$+,0.45
chr5:137664800-137667200,ENSG00000120738.7$EGR1$chr5$137801179$+,0.61
chr5:137668200-137669200,ENSG00000120738.7$EGR1$chr5$137801179$+,0.5
chr5:137743000-137744000,ENSG00000120738.7$EGR1$chr5$137801179$+,0.56
chr5:137911400-137913400,ENSG00000120738.7$EGR1$chr5$137801179$+,0.41
chr3:150292400-150294600,ENSG00000120742.6$SERP1$chr3$150321015$-,0.65
chr3:150294800-150296000,ENSG00000120742.6$SERP1$chr3$150321015$-,0.73
chr3:150380000-150381400,ENSG00000120742.6$SERP1$chr3$150321015$-,0.64
chr3:150383400-150384800,ENSG00000120742.6$SERP1$chr3$150321015$-,0.66
chr3:150419400-150421200,ENSG00000120742.6$SERP1$chr3$150321015$-,0.52
chr3:150422200-150423800,ENSG00000120742.6$SERP1$chr3$150321015$-,0.49
chr3:142442000-142442800,ENSG00000120756.8$PLS1$chr3$142315229$+,0.48
chr19:38086200-38088400,ENSG00000120784.11$ZFP30$chr19$38183238$-,0.35
chr19:38143000-38145400,ENSG00000120784.11$ZFP30$chr19$38183238$-,0.55
chr19:38147400-38149600,ENSG00000120784.11$ZFP30$chr19$38183238$-,0.65
chr19:38268200-38269600,ENSG00000120784.11$ZFP30$chr19$38183238$-,0.43
chr12:95428400-95430200,ENSG00000120798.12$NR2C1$chr12$95467479$-,0.48
chr12:95434200-95435200,ENSG00000120798.12$NR2C1$chr12$95467479$-,0.38
chr12:101802400-101804400,ENSG00000120800.4$UTP20$chr12$101673887$+,0.37
chr12:98849400-98851200,ENSG00000120802.9$TMPO$chr12$98909290$+,0.59
chr12:98898400-98900000,ENSG00000120802.9$TMPO$chr12$98909290$+,0.74
chr12:98918600-98920400,ENSG00000120802.9$TMPO$chr12$98909290$+,0.72
chr12:98920600-98921400,ENSG00000120802.9$TMPO$chr12$98909290$+,0.66
chr12:98921600-98921800,ENSG00000120802.9$TMPO$chr12$98909290$+,0.64
chr12:98960200-98961200,ENSG00000120802.9$TMPO$chr12$98909290$+,0.56
chr12:101849000-101850600,ENSG00000120805.9$ARL1$chr12$101801598$-,0.62
chr12:104332200-104334000,ENSG00000120820.8$GLT8D2$chr12$104457961$-,0.48
chr12:104531800-104533600,ENSG00000120820.8$GLT8D2$chr12$104457961$-,0.38
chr12:107407200-107408400,ENSG00000120832.5$MTERFD3$chr12$107380944$-,0.42
chr12:107416600-107417600,ENSG00000120832.5$MTERFD3$chr12$107380944$-,0.35
chr12:93923200-93925400,ENSG00000120833.9$SOCS2$chr12$93963590$+,0.56
chr12:102511800-102513400,ENSG00000120860.6$CCDC53$chr12$102455927$-,0.52
chr12:98921600-98921800,ENSG00000120868.9$APAF1$chr12$99038919$+,0.36
chr12:99061800-99064000,ENSG00000120868.9$APAF1$chr12$99038919$+,0.61
chr8:29120800-29123000,ENSG00000120875.4$DUSP4$chr8$29208185$-,0.48
chr8:22912600-22913000,ENSG00000120889.8$TNFRSF10B$chr8$22926692$-,0.7
chr8:23112200-23114200,ENSG00000120889.8$TNFRSF10B$chr8$22926692$-,0.35
chr8:22286000-22288400,ENSG00000120896.9$SORBS3$chr8$22402499$+,0.45
chr8:22296400-22298000,ENSG00000120896.9$SORBS3$chr8$22402499$+,0.46
chr8:22321800-22323200,ENSG00000120896.9$SORBS3$chr8$22402499$+,0.38
chr8:22332600-22333200,ENSG00000120896.9$SORBS3$chr8$22402499$+,0.48
chr8:22379800-22380600,ENSG00000120896.9$SORBS3$chr8$22402499$+,0.66
chr8:22381200-22382800,ENSG00000120896.9$SORBS3$chr8$22402499$+,0.64
chr8:22467400-22468600,ENSG00000120896.9$SORBS3$chr8$22402499$+,0.58
chr8:22553200-22555600,ENSG00000120896.9$SORBS3$chr8$22402499$+,0.5
chr8:27135000-27135200,ENSG00000120899.13$PTK2B$chr8$27168999$+,0.54
chr8:27323200-27325200,ENSG00000120903.6$CHRNA2$chr8$27337400$-,0.48
chr8:22099600-22102000,ENSG00000120910.10$PPP3CC$chr8$22298332$+,0.36
chr8:22103400-22104800,ENSG00000120910.10$PPP3CC$chr8$22298332$+,0.43
chr8:22286000-22288400,ENSG00000120910.10$PPP3CC$chr8$22298332$+,0.68
chr8:22321800-22323200,ENSG00000120910.10$PPP3CC$chr8$22298332$+,0.64
chr8:22332600-22333200,ENSG00000120910.10$PPP3CC$chr8$22298332$+,0.58
chr8:22379800-22380600,ENSG00000120910.10$PPP3CC$chr8$22298332$+,0.42
chr8:22381200-22382800,ENSG00000120910.10$PPP3CC$chr8$22298332$+,0.43
chr8:22467400-22468600,ENSG00000120910.10$PPP3CC$chr8$22298332$+,0.38
chr8:22296400-22298000,ENSG00000120913.19$PDLIM2$chr8$22435792$+,0.37
chr8:22321800-22323200,ENSG00000120913.19$PDLIM2$chr8$22435792$+,0.44
chr8:22332600-22333200,ENSG00000120913.19$PDLIM2$chr8$22435792$+,0.43
chr8:22379800-22380600,ENSG00000120913.19$PDLIM2$chr8$22435792$+,0.55
chr8:22381200-22382800,ENSG00000120913.19$PDLIM2$chr8$22435792$+,0.6
chr8:22467400-22468600,ENSG00000120913.19$PDLIM2$chr8$22435792$+,0.68
chr8:22553200-22555600,ENSG00000120913.19$PDLIM2$chr8$22435792$+,0.51
chr8:42380000-42382200,ENSG00000120925.9$RNF170$chr8$42752433$-,0.37
chr8:42500000-42501600,ENSG00000120925.9$RNF170$chr8$42752433$-,0.35
chr8:42520600-42523000,ENSG00000120925.9$RNF170$chr8$42752433$-,0.38
chr8:42586800-42589200,ENSG00000120925.9$RNF170$chr8$42752433$-,0.37
chr8:42699000-42700200,ENSG00000120925.9$RNF170$chr8$42752433$-,0.42
chr8:42732200-42734400,ENSG00000120925.9$RNF170$chr8$42752433$-,0.55
chr8:42740000-42741200,ENSG00000120925.9$RNF170$chr8$42752433$-,0.6
chr8:42742200-42743400,ENSG00000120925.9$RNF170$chr8$42752433$-,0.6
chr8:42759200-42760800,ENSG00000120925.9$RNF170$chr8$42752433$-,0.75
chr1:11158000-11159200,ENSG00000120942.9$UBIAD1$chr1$11333263$+,0.44
chr1:11320000-11322000,ENSG00000120942.9$UBIAD1$chr1$11333263$+,0.65
chr1:11323200-11323800,ENSG00000120942.9$UBIAD1$chr1$11333263$+,0.69
chr1:11432800-11435000,ENSG00000120942.9$UBIAD1$chr1$11333263$+,0.42
chr1:11097400-11099400,ENSG00000120948.11$TARDBP$chr1$11072414$+,0.58
chr1:11158000-11159200,ENSG00000120948.11$TARDBP$chr1$11072414$+,0.53
chr1:12152000-12152200,ENSG00000120949.10$TNFRSF8$chr1$12123434$+,0.6
chr1:12178600-12179400,ENSG00000120949.10$TNFRSF8$chr1$12123434$+,0.44
chr1:12180800-12182400,ENSG00000120949.10$TNFRSF8$chr1$12123434$+,0.42
chr1:12261000-12261600,ENSG00000120949.10$TNFRSF8$chr1$12123434$+,0.41
chr1:12288000-12290200,ENSG00000120949.10$TNFRSF8$chr1$12123434$+,0.36
chr8:102134800-102136400,ENSG00000120963.7$ZNF706$chr8$102218421$-,0.53
chr8:102219000-102221000,ENSG00000120963.7$ZNF706$chr8$102218421$-,0.46
chr8:54921800-54923200,ENSG00000120992.13$LYPLA1$chr8$55014577$-,0.39
chr8:54935400-54936400,ENSG00000120992.13$LYPLA1$chr8$55014577$-,0.41
chr8:55046600-55047600,ENSG00000120992.13$LYPLA1$chr8$55014577$-,0.6
chr8:55077800-55079400,ENSG00000120992.13$LYPLA1$chr8$55014577$-,0.39
chr8:67971200-67973600,ENSG00000121022.9$COPS5$chr8$67996018$-,0.42
chr8:67975200-67976600,ENSG00000121022.9$COPS5$chr8$67996018$-,0.46
chr8:67987200-67988800,ENSG00000121022.9$COPS5$chr8$67996018$-,0.42
chr8:74152000-74153600,ENSG00000121039.5$RDH10$chr8$74206847$+,0.62
chr8:74208200-74210600,ENSG00000121039.5$RDH10$chr8$74206847$+,0.48
chr8:74381600-74383600,ENSG00000121039.5$RDH10$chr8$74206847$+,0.42
chr17:56295000-56296200,ENSG00000121053.5$EPX$chr17$56270098$+,0.35
chr17:55053800-55055000,ENSG00000121057.8$AKAP1$chr17$55162453$+,0.48
chr17:55053800-55055000,ENSG00000121058.4$COIL$chr17$55038415$-,0.7
chr17:47785600-47787600,ENSG00000121067.13$SPOP$chr17$47755596$-,0.49
chr17:47841200-47842800,ENSG00000121067.13$SPOP$chr17$47755596$-,0.43
chr17:47863800-47865400,ENSG00000121067.13$SPOP$chr17$47755596$-,0.38
chr17:47755000-47756200,ENSG00000121073.9$SLC35B1$chr17$47786376$-,0.52
chr17:47841200-47842800,ENSG00000121073.9$SLC35B1$chr17$47786376$-,0.5
chr17:47863800-47865400,ENSG00000121073.9$SLC35B1$chr17$47786376$-,0.44
chr17:56564000-56566400,ENSG00000121101.11$TEX14$chr17$56769416$-,0.41
chr17:56707600-56709200,ENSG00000121101.11$TEX14$chr17$56769416$-,0.57
chr17:56734600-56736600,ENSG00000121101.11$TEX14$chr17$56769416$-,0.69
chr17:56832200-56833200,ENSG00000121101.11$TEX14$chr17$56769416$-,0.52
chr17:47755000-47756200,ENSG00000121104.3$FAM117A$chr17$47866542$-,0.35
chr17:47785600-47787600,ENSG00000121104.3$FAM117A$chr17$47866542$-,0.38
chr17:47841200-47842800,ENSG00000121104.3$FAM117A$chr17$47866542$-,0.64
chr2:96845600-96848000,ENSG00000121152.5$NCAPH$chr2$97001525$+,0.41
chr2:96965800-96966000,ENSG00000121152.5$NCAPH$chr2$97001525$+,0.47
chr2:96972000-96974400,ENSG00000121152.5$NCAPH$chr2$97001525$+,0.46
chr4:154275400-154275800,ENSG00000121210.11$KIAA0922$chr4$154387498$+,0.38
chr4:154319400-154321200,ENSG00000121210.11$KIAA0922$chr4$154387498$+,0.37
chr4:154422600-154425000,ENSG00000121210.11$KIAA0922$chr4$154387498$+,0.47
chr4:154275400-154275800,ENSG00000121211.3$MND1$chr4$154265801$+,0.6
chr4:154319400-154321200,ENSG00000121211.3$MND1$chr4$154265801$+,0.47
chr16:48277200-48278200,ENSG00000121270.11$ABCC11$chr16$48281479$-,0.55
chr16:50057000-50059200,ENSG00000121274.8$PAPD5$chr16$50186829$+,0.41
chr16:50063000-50063600,ENSG00000121274.8$PAPD5$chr16$50186829$+,0.37
chr16:50098800-50100600,ENSG00000121274.8$PAPD5$chr16$50186829$+,0.37
chr16:50185000-50186200,ENSG00000121274.8$PAPD5$chr16$50186829$+,0.4
chr19:33291400-33292600,ENSG00000121289.13$CEP89$chr19$33462897$-,0.59
chr19:33490400-33492400,ENSG00000121289.13$CEP89$chr19$33462897$-,0.59
chr19:33572800-33574200,ENSG00000121289.13$CEP89$chr19$33462897$-,0.52
chr19:33624200-33626400,ENSG00000121289.13$CEP89$chr19$33462897$-,0.44
chr19:33634200-33635800,ENSG00000121289.13$CEP89$chr19$33462897$-,0.43
chr19:31862600-31864800,ENSG00000121297.6$TSHZ3$chr19$31840453$-,0.51
chr1:53387600-53388600,ENSG00000121310.12$ECHDC2$chr1$53392884$-,0.65
chr1:53479400-53480200,ENSG00000121310.12$ECHDC2$chr1$53392884$-,0.44
chr12:10853600-10855200,ENSG00000121314.2$TAS2R8$chr12$10959892$-,0.36
chr12:10853600-10855200,ENSG00000121318.2$TAS2R10$chr12$10978957$-,0.45
chr12:11638600-11640200,ENSG00000121335.10$PRB2$chr12$11653975$-,0.64
chr12:11693000-11694800,ENSG00000121335.10$PRB2$chr12$11653975$-,0.66
chr12:21522000-21523400,ENSG00000121350.11$PYROXD1$chr12$21590549$+,0.6
chr12:21522000-21523400,ENSG00000121351.3$IAPP$chr12$21507893$+,0.74
chr12:21589200-21590400,ENSG00000121351.3$IAPP$chr12$21507893$+,0.38
chr12:21852400-21853800,ENSG00000121361.3$KCNJ8$chr12$21928515$-,0.47
chr12:10766800-10769000,ENSG00000121381.2$TAS2R9$chr12$10962767$-,0.36
chr12:10853600-10855200,ENSG00000121381.2$TAS2R9$chr12$10962767$-,0.44
chr12:11112400-11114800,ENSG00000121381.2$TAS2R9$chr12$10962767$-,0.41
chr13:20282800-20283400,ENSG00000121390.13$PSPC1$chr13$20357142$-,0.36
chr13:20295600-20296000,ENSG00000121390.13$PSPC1$chr13$20357142$-,0.54
chr13:20330200-20332600,ENSG00000121390.13$PSPC1$chr13$20357142$-,0.57
chr13:20438800-20440600,ENSG00000121390.13$PSPC1$chr13$20357142$-,0.41
chr19:57872200-57874400,ENSG00000121406.4$ZNF549$chr19$58038693$+,0.39
chr19:57900000-57901200,ENSG00000121406.4$ZNF549$chr19$58038693$+,0.43
chr19:57921400-57922400,ENSG00000121406.4$ZNF549$chr19$58038693$+,0.4
chr19:57944600-57946400,ENSG00000121406.4$ZNF549$chr19$58038693$+,0.4
chr19:57999400-58000800,ENSG00000121406.4$ZNF549$chr19$58038693$+,0.62
chr19:58088800-58089800,ENSG00000121406.4$ZNF549$chr19$58038693$+,0.51
chr19:58090200-58091400,ENSG00000121406.4$ZNF549$chr19$58038693$+,0.53
chr19:58110200-58111200,ENSG00000121406.4$ZNF549$chr19$58038693$+,0.36
chr19:58111400-58113000,ENSG00000121406.4$ZNF549$chr19$58038693$+,0.56
chr19:58174600-58177000,ENSG00000121406.4$ZNF549$chr19$58038693$+,0.37
chr19:58836000-58838000,ENSG00000121410.7$A1BG$chr19$58864865$-,0.45
chr19:58872400-58873400,ENSG00000121410.7$A1BG$chr19$58864865$-,0.38
chr19:58892800-58895200,ENSG00000121410.7$A1BG$chr19$58864865$-,0.48
chr19:58895600-58897800,ENSG00000121410.7$A1BG$chr19$58864865$-,0.44
chr19:58910800-58912800,ENSG00000121410.7$A1BG$chr19$58864865$-,0.4
chr19:58917600-58919200,ENSG00000121410.7$A1BG$chr19$58864865$-,0.43
chr19:58920800-58922000,ENSG00000121410.7$A1BG$chr19$58864865$-,0.44
chr19:58952200-58953400,ENSG00000121410.7$A1BG$chr19$58864865$-,0.35
chr19:58037800-58038600,ENSG00000121417.9$ZNF211$chr19$58141761$+,0.36
chr19:58039400-58040600,ENSG00000121417.9$ZNF211$chr19$58141761$+,0.4
chr19:58088800-58089800,ENSG00000121417.9$ZNF211$chr19$58141761$+,0.53
chr19:58090200-58091400,ENSG00000121417.9$ZNF211$chr19$58141761$+,0.5
chr19:58110200-58111200,ENSG00000121417.9$ZNF211$chr19$58141761$+,0.45
chr19:58111400-58113000,ENSG00000121417.9$ZNF211$chr19$58141761$+,0.44
chr19:58143400-58144400,ENSG00000121417.9$ZNF211$chr19$58141761$+,0.44
chr19:58145200-58147000,ENSG00000121417.9$ZNF211$chr19$58141761$+,0.39
chr19:58174600-58177000,ENSG00000121417.9$ZNF211$chr19$58141761$+,0.52
chr19:58237000-58238400,ENSG00000121417.9$ZNF211$chr19$58141761$+,0.36
chr1:184901400-184903000,ENSG00000121481.6$RNF2$chr1$185014496$+,0.47
chr1:185034600-185036600,ENSG00000121481.6$RNF2$chr1$185014496$+,0.69
chr1:185127400-185129600,ENSG00000121481.6$RNF2$chr1$185014496$+,0.42
chr1:185149400-185149600,ENSG00000121481.6$RNF2$chr1$185014496$+,0.35
chr1:185012000-185014400,ENSG00000121486.7$TRMT1L$chr1$185126204$-,0.54
chr1:185034600-185036600,ENSG00000121486.7$TRMT1L$chr1$185126204$-,0.49
chr1:185127400-185129600,ENSG00000121486.7$TRMT1L$chr1$185126204$-,0.38
chr1:185147000-185148800,ENSG00000121486.7$TRMT1L$chr1$185126204$-,0.65
chr1:185149400-185149600,ENSG00000121486.7$TRMT1L$chr1$185126204$-,0.63
chr1:185256600-185258800,ENSG00000121486.7$TRMT1L$chr1$185126204$-,0.49
chr3:122921400-122923000,ENSG00000121542.7$SEC22A$chr3$122920774$+,0.38
chr3:119011000-119012600,ENSG00000121578.8$B4GALT4$chr3$118959950$-,0.61
chr3:113234400-113236000,ENSG00000121579.8$NAA50$chr3$113465147$-,0.4
chr3:113296400-113296800,ENSG00000121579.8$NAA50$chr3$113465147$-,0.36
chr3:113416600-113418800,ENSG00000121579.8$NAA50$chr3$113465147$-,0.54
chr3:113449400-113451600,ENSG00000121579.8$NAA50$chr3$113465147$-,0.75
chr3:113556400-113557800,ENSG00000121579.8$NAA50$chr3$113465147$-,0.5
chr3:119182800-119184200,ENSG00000121594.7$CD80$chr3$119278449$-,0.4
chr3:119186800-119188200,ENSG00000121594.7$CD80$chr3$119278449$-,0.37
chr3:119280400-119282000,ENSG00000121594.7$CD80$chr3$119278449$-,0.58
chr11:28093400-28095800,ENSG00000121621.6$KIF18A$chr11$28129855$-,0.62
chr11:28132600-28134400,ENSG00000121621.6$KIF18A$chr11$28129855$-,0.64
chr1:244761800-244764200,ENSG00000121644.14$DESI2$chr1$244816237$+,0.52
chr1:244813400-244815800,ENSG00000121644.14$DESI2$chr1$244816237$+,0.36
chr11:45792400-45793000,ENSG00000121653.7$MAPK8IP1$chr11$45907202$+,0.44
chr11:45793600-45795600,ENSG00000121653.7$MAPK8IP1$chr11$45907202$+,0.46
chr11:45866600-45869000,ENSG00000121653.7$MAPK8IP1$chr11$45907202$+,0.6
chr11:45792400-45793000,ENSG00000121671.7$CRY2$chr11$45868669$+,0.44
chr11:45793600-45795600,ENSG00000121671.7$CRY2$chr11$45868669$+,0.45
chr11:45792400-45793000,ENSG00000121680.11$PEX16$chr11$45940363$-,0.39
chr11:45793600-45795600,ENSG00000121680.11$PEX16$chr11$45940363$-,0.42
chr11:45866600-45869000,ENSG00000121680.11$PEX16$chr11$45940363$-,0.61
chr11:46144200-46145400,ENSG00000121680.11$PEX16$chr11$45940363$-,0.43
chr11:46147600-46149600,ENSG00000121680.11$PEX16$chr11$45940363$-,0.37
chr7:100024200-100026000,ENSG00000121716.14$PILRB$chr7$99933737$+,0.52
chr7:100077000-100078600,ENSG00000121716.14$PILRB$chr7$99933737$+,0.47
chr7:99735200-99736800,ENSG00000121716.14$PILRB$chr7$99933737$+,0.35
chr7:99914200-99916200,ENSG00000121716.14$PILRB$chr7$99933737$+,0.71
chr13:20438800-20440600,ENSG00000121741.12$ZMYM2$chr13$20532810$+,0.61
chr13:20549000-20550000,ENSG00000121741.12$ZMYM2$chr13$20532810$+,0.84
chr13:20710600-20712000,ENSG00000121742.11$GJB6$chr13$20806534$-,0.49
chr13:20710600-20712000,ENSG00000121743.3$GJA3$chr13$20735188$-,0.63
chr12:72146800-72148600,ENSG00000121749.11$TBC1D15$chr12$72233487$+,0.43
chr1:31628200-31630000,ENSG00000121766.10$ZCCHC17$chr1$31769842$+,0.47
chr1:32252000-32254000,ENSG00000121774.13$KHDRBS1$chr1$32479430$+,0.39
chr1:32500200-32501400,ENSG00000121774.13$KHDRBS1$chr1$32479430$+,0.66
chr1:32535800-32538200,ENSG00000121774.13$KHDRBS1$chr1$32479430$+,0.59
chr1:32601600-32602600,ENSG00000121774.13$KHDRBS1$chr1$32479430$+,0.37
chr1:32478000-32479400,ENSG00000121775.13$TMEM39B$chr1$32537632$+,0.46
chr1:32500200-32501400,ENSG00000121775.13$TMEM39B$chr1$32537632$+,0.52
chr1:32601600-32602600,ENSG00000121775.13$TMEM39B$chr1$32537632$+,0.41
chr3:46303000-46304600,ENSG00000121807.5$CCR2$chr3$46395225$+,0.42
chr3:46378000-46378800,ENSG00000121807.5$CCR2$chr3$46395225$+,0.65
chr1:145465800-145467400,ENSG00000121848.9$RNF115$chr1$145611036$+,0.36
chr1:145505800-145507000,ENSG00000121848.9$RNF115$chr1$145611036$+,0.47
chr1:145508400-145509600,ENSG00000121848.9$RNF115$chr1$145611036$+,0.44
chr1:145514600-145515600,ENSG00000121848.9$RNF115$chr1$145611036$+,0.59
chr1:145517000-145519000,ENSG00000121848.9$RNF115$chr1$145611036$+,0.51
chr1:145607800-145610200,ENSG00000121848.9$RNF115$chr1$145611036$+,0.38
chr1:145615400-145615800,ENSG00000121848.9$RNF115$chr1$145611036$+,0.69
chr1:145646000-145646600,ENSG00000121848.9$RNF115$chr1$145611036$+,0.61
chr1:145660400-145661600,ENSG00000121848.9$RNF115$chr1$145611036$+,0.64
chr1:145323400-145323800,ENSG00000121851.8$POLR3GL$chr1$145470388$-,0.38
chr1:145397800-145400200,ENSG00000121851.8$POLR3GL$chr1$145470388$-,0.59
chr1:145421000-145422600,ENSG00000121851.8$POLR3GL$chr1$145470388$-,0.55
chr1:145431400-145431600,ENSG00000121851.8$POLR3GL$chr1$145470388$-,0.49
chr1:145464800-145465400,ENSG00000121851.8$POLR3GL$chr1$145470388$-,0.56
chr1:145465800-145467400,ENSG00000121851.8$POLR3GL$chr1$145470388$-,0.58
chr1:145505800-145507000,ENSG00000121851.8$POLR3GL$chr1$145470388$-,0.48
chr1:145508400-145509600,ENSG00000121851.8$POLR3GL$chr1$145470388$-,0.55
chr1:145514600-145515600,ENSG00000121851.8$POLR3GL$chr1$145470388$-,0.53
chr1:145517000-145519000,ENSG00000121851.8$POLR3GL$chr1$145470388$-,0.48
chr1:145607800-145610200,ENSG00000121851.8$POLR3GL$chr1$145470388$-,0.37
chr3:172194000-172196400,ENSG00000121853.3$GHSR$chr3$172166246$-,0.68
chr3:172194000-172196400,ENSG00000121858.6$TNFSF10$chr3$172241297$-,0.58
chr3:172383000-172385200,ENSG00000121858.6$TNFSF10$chr3$172241297$-,0.38
chr3:178953600-178955600,ENSG00000121864.5$ZNF639$chr3$179040779$+,0.58
chr3:179033400-179034800,ENSG00000121864.5$ZNF639$chr3$179040779$+,0.67
chr3:179038600-179040400,ENSG00000121864.5$ZNF639$chr3$179040779$+,0.39
chr3:178768200-178768600,ENSG00000121879.3$PIK3CA$chr3$178865902$+,0.57
chr3:178808400-178810000,ENSG00000121879.3$PIK3CA$chr3$178865902$+,0.55
chr3:178880200-178880400,ENSG00000121879.3$PIK3CA$chr3$178865902$+,0.8
chr3:178953600-178955600,ENSG00000121879.3$PIK3CA$chr3$178865902$+,0.38
chr3:179038600-179040400,ENSG00000121879.3$PIK3CA$chr3$178865902$+,0.38
chr4:40055400-40057400,ENSG00000121892.10$PDS5A$chr4$39979576$-,0.42
chr4:40139400-40139800,ENSG00000121892.10$PDS5A$chr4$39979576$-,0.44
chr4:40174200-40176600,ENSG00000121892.10$PDS5A$chr4$39979576$-,0.35
chr4:40252200-40254600,ENSG00000121892.10$PDS5A$chr4$39979576$-,0.36
chr4:38916200-38917800,ENSG00000121895.7$TMEM156$chr4$39034542$-,0.41
chr4:39010000-39012200,ENSG00000121895.7$TMEM156$chr4$39034542$-,0.61
chr4:39058200-39059200,ENSG00000121895.7$TMEM156$chr4$39034542$-,0.69
chr4:39136000-39137600,ENSG00000121895.7$TMEM156$chr4$39034542$-,0.44
chr4:39185000-39186400,ENSG00000121895.7$TMEM156$chr4$39034542$-,0.39
chr4:39368200-39370400,ENSG00000121897.9$LIAS$chr4$39460620$+,0.46
chr4:39569800-39572200,ENSG00000121897.9$LIAS$chr4$39460620$+,0.36
chr1:33382600-33384600,ENSG00000121900.14$TMEM54$chr1$33367039$-,0.54
chr1:33418600-33421000,ENSG00000121900.14$TMEM54$chr1$33367039$-,0.44
chr1:33437600-33439600,ENSG00000121900.14$TMEM54$chr1$33367039$-,0.41
chr1:111322200-111324200,ENSG00000121931.11$LRIF1$chr1$111506701$-,0.38
chr1:111353600-111354600,ENSG00000121931.11$LRIF1$chr1$111506701$-,0.37
chr1:111372200-111373000,ENSG00000121931.11$LRIF1$chr1$111506701$-,0.47
chr1:111400600-111403000,ENSG00000121931.11$LRIF1$chr1$111506701$-,0.51
chr1:111436400-111437200,ENSG00000121931.11$LRIF1$chr1$111506701$-,0.57
chr1:111440800-111442000,ENSG00000121931.11$LRIF1$chr1$111506701$-,0.56
chr1:111524200-111526600,ENSG00000121931.11$LRIF1$chr1$111506701$-,0.63
chr1:109417800-109419200,ENSG00000121940.11$CLCC1$chr1$109506111$-,0.51
chr1:109495800-109497200,ENSG00000121940.11$CLCC1$chr1$109506111$-,0.71
chr1:109585200-109585800,ENSG00000121940.11$CLCC1$chr1$109506111$-,0.59
chr1:109617200-109618000,ENSG00000121940.11$CLCC1$chr1$109506111$-,0.46
chr1:109619000-109619600,ENSG00000121940.11$CLCC1$chr1$109506111$-,0.43
chr1:109642000-109642800,ENSG00000121940.11$CLCC1$chr1$109506111$-,0.42
chr1:109288400-109289200,ENSG00000121957.8$GPSM2$chr1$109417972$+,0.45
chr1:109495800-109497200,ENSG00000121957.8$GPSM2$chr1$109417972$+,0.45
chr1:109506600-109508000,ENSG00000121957.8$GPSM2$chr1$109417972$+,0.39
chr2:144960600-144961200,ENSG00000121964.10$GTDC1$chr2$145090135$-,0.39
chr2:144983800-144985800,ENSG00000121964.10$GTDC1$chr2$145090135$-,0.41
chr2:145013000-145015200,ENSG00000121964.10$GTDC1$chr2$145090135$-,0.49
chr2:145067800-145069200,ENSG00000121964.10$GTDC1$chr2$145090135$-,0.61
chr2:136723000-136723800,ENSG00000121966.6$CXCR4$chr2$136875735$-,0.4
chr2:136729800-136731200,ENSG00000121966.6$CXCR4$chr2$136875735$-,0.36
chr2:136733200-136735400,ENSG00000121966.6$CXCR4$chr2$136875735$-,0.41
chr2:136813000-136814200,ENSG00000121966.6$CXCR4$chr2$136875735$-,0.49
chr2:136837200-136838000,ENSG00000121966.6$CXCR4$chr2$136875735$-,0.48
chr2:136303000-136304200,ENSG00000121988.13$ZRANB3$chr2$136288806$-,0.62
chr2:148599200-148601200,ENSG00000121989.10$ACVR2A$chr2$148602086$+,0.37
chr2:148611600-148614000,ENSG00000121989.10$ACVR2A$chr2$148602086$+,0.66
chr2:148667800-148669600,ENSG00000121989.10$ACVR2A$chr2$148602086$+,0.46
chr5:74811600-74813200,ENSG00000122008.11$POLK$chr5$74807581$+,0.57
chr5:74814600-74815800,ENSG00000122008.11$POLK$chr5$74807581$+,0.56
chr5:74944000-74945000,ENSG00000122008.11$POLK$chr5$74807581$+,0.38
chr5:75333000-75334400,ENSG00000122012.9$SV2C$chr5$75378997$+,0.63
chr5:75470600-75473000,ENSG00000122012.9$SV2C$chr5$75378997$+,0.48
chr13:28709800-28711800,ENSG00000122025.10$FLT3$chr13$28674729$-,0.37
chr13:28025400-28027400,ENSG00000122033.10$MTIF3$chr13$28024739$-,0.36
chr13:28133600-28134600,ENSG00000122033.10$MTIF3$chr13$28024739$-,0.38
chr13:28157000-28159200,ENSG00000122033.10$MTIF3$chr13$28024739$-,0.37
chr13:27823600-27824800,ENSG00000122034.8$GTF3A$chr13$27998681$+,0.41
chr13:28025400-28027400,ENSG00000122034.8$GTF3A$chr13$27998681$+,0.56
chr13:27823600-27824800,ENSG00000122035.6$RASL11A$chr13$27844464$+,0.38
chr13:30336600-30339000,ENSG00000122042.9$UBL3$chr13$30424821$-,0.36
chr13:30395000-30397000,ENSG00000122042.9$UBL3$chr13$30424821$-,0.49
chr13:30406200-30408400,ENSG00000122042.9$UBL3$chr13$30424821$-,0.43
chr3:197456400-197458000,ENSG00000122068.8$FYTTD1$chr3$197464050$+,0.59
chr3:197516400-197517800,ENSG00000122068.8$FYTTD1$chr3$197464050$+,0.58
chr3:197594800-197596200,ENSG00000122068.8$FYTTD1$chr3$197464050$+,0.37
chr2:242051600-242053400,ENSG00000122085.12$MTERFD2$chr2$242041747$-,0.67
chr2:242086000-242088400,ENSG00000122085.12$MTERFD2$chr2$242041747$-,0.5
chrX:128855200-128856800,ENSG00000122121.6$XPNPEP2$chrX$128872950$+,0.42
chrX:128860200-128861400,ENSG00000122121.6$XPNPEP2$chrX$128872950$+,0.49
chrX:128864200-128866400,ENSG00000122121.6$XPNPEP2$chrX$128872950$+,0.44
chrX:128855200-128856800,ENSG00000122122.9$SASH3$chrX$128913955$+,0.44
chrX:128860200-128861400,ENSG00000122122.9$SASH3$chrX$128913955$+,0.46
chrX:128864200-128866400,ENSG00000122122.9$SASH3$chrX$128913955$+,0.46
chrX:128896200-128896800,ENSG00000122122.9$SASH3$chrX$128913955$+,0.42
chrX:128941800-128944200,ENSG00000122122.9$SASH3$chrX$128913955$+,0.58
chrX:128959600-128961000,ENSG00000122122.9$SASH3$chrX$128913955$+,0.54
chrX:128978400-128978800,ENSG00000122122.9$SASH3$chrX$128913955$+,0.51
chrX:129040600-129043000,ENSG00000122122.9$SASH3$chrX$128913955$+,0.64
chrX:129070800-129073200,ENSG00000122122.9$SASH3$chrX$128913955$+,0.39
chrX:128675000-128677000,ENSG00000122126.11$OCRL$chrX$128673826$+,0.47
chrX:128699000-128701200,ENSG00000122126.11$OCRL$chrX$128673826$+,0.49
chr1:203745000-203746200,ENSG00000122188.8$LAX1$chr1$203734304$+,0.74
chr1:203763200-203764600,ENSG00000122188.8$LAX1$chr1$203734304$+,0.58
chr1:203784800-203786000,ENSG00000122188.8$LAX1$chr1$203734304$+,0.48
chr1:203889400-203890400,ENSG00000122188.8$LAX1$chr1$203734304$+,0.35
chr5:175873000-175874200,ENSG00000122203.10$KIAA1191$chr5$175788971$-,0.52
chr1:160173400-160175600,ENSG00000122218.10$COPA$chr1$160313190$-,0.38
chr1:160203000-160205000,ENSG00000122218.10$COPA$chr1$160313190$-,0.47
chr1:160413000-160415400,ENSG00000122218.10$COPA$chr1$160313190$-,0.36
chr1:160439800-160442200,ENSG00000122218.10$COPA$chr1$160313190$-,0.46
chr1:160453200-160454400,ENSG00000122218.10$COPA$chr1$160313190$-,0.38
chr1:160580000-160581400,ENSG00000122218.10$COPA$chr1$160313190$-,0.35
chr1:160782600-160784200,ENSG00000122223.8$CD244$chr1$160832692$-,0.48
chr1:160664000-160664800,ENSG00000122224.13$LY9$chr1$160765864$+,0.37
chr1:160782600-160784200,ENSG00000122224.13$LY9$chr1$160765864$+,0.6
chr16:24528000-24529000,ENSG00000122257.14$RBBP6$chr16$24549014$+,0.68
chr16:12010400-12011600,ENSG00000122299.7$ZC3H7A$chr16$11891123$-,0.38
chr16:12071400-12073400,ENSG00000122299.7$ZC3H7A$chr16$11891123$-,0.36
chr6:158586000-158586200,ENSG00000122335.9$SERAC1$chr6$158589312$-,0.61
chr6:158651600-158652600,ENSG00000122335.9$SERAC1$chr6$158589312$-,0.66
chr10:81837000-81838200,ENSG00000122359.13$ANXA11$chr10$81965328$-,0.35
chr10:81839400-81840400,ENSG00000122359.13$ANXA11$chr10$81965328$-,0.36
chr10:81982200-81982600,ENSG00000122359.13$ANXA11$chr10$81965328$-,0.58
chr10:88855600-88857800,ENSG00000122376.7$FAM35A$chr10$88853918$+,0.41
chr10:88959800-88961000,ENSG00000122376.7$FAM35A$chr10$88853918$+,0.44
chr10:82142000-82143200,ENSG00000122378.9$FAM213A$chr10$82167585$+,0.37
chr16:3334600-3336600,ENSG00000122390.13$NAA60$chr16$3493611$+,0.4
chr16:3353200-3355000,ENSG00000122390.13$NAA60$chr16$3493611$+,0.53
chr16:3415800-3416600,ENSG00000122390.13$NAA60$chr16$3493611$+,0.51
chr16:3448200-3450600,ENSG00000122390.13$NAA60$chr16$3493611$+,0.48
chr16:3481200-3483200,ENSG00000122390.13$NAA60$chr16$3493611$+,0.6
chr16:3500600-3502000,ENSG00000122390.13$NAA60$chr16$3493611$+,0.52
chr16:3549000-3551000,ENSG00000122390.13$NAA60$chr16$3493611$+,0.48
chr1:86850800-86852000,ENSG00000122417.11$ODF2L$chr1$86862023$-,0.65
chr1:86862400-86864200,ENSG00000122417.11$ODF2L$chr1$86862023$-,0.4
chr1:86906800-86909000,ENSG00000122417.11$ODF2L$chr1$86862023$-,0.57
chr1:100433200-100435200,ENSG00000122435.5$TRMT13$chr1$100598706$+,0.36
chr1:100451400-100453400,ENSG00000122435.5$TRMT13$chr1$100598706$+,0.4
chr1:100493800-100495400,ENSG00000122435.5$TRMT13$chr1$100598706$+,0.45
chr1:100510200-100510400,ENSG00000122435.5$TRMT13$chr1$100598706$+,0.36
chr1:100529800-100532200,ENSG00000122435.5$TRMT13$chr1$100598706$+,0.45
chr1:100593800-100594600,ENSG00000122435.5$TRMT13$chr1$100598706$+,0.55
chr1:100616800-100618800,ENSG00000122435.5$TRMT13$chr1$100598706$+,0.78
chr1:100713600-100714800,ENSG00000122435.5$TRMT13$chr1$100598706$+,0.45
chr1:100715800-100716600,ENSG00000122435.5$TRMT13$chr1$100598706$+,0.43
chr1:100730200-100731400,ENSG00000122435.5$TRMT13$chr1$100598706$+,0.47
chr1:100599400-100601800,ENSG00000122477.8$LRRC39$chr1$100643771$-,0.43
chr1:100616800-100618800,ENSG00000122477.8$LRRC39$chr1$100643771$-,0.52
chr1:100713600-100714800,ENSG00000122477.8$LRRC39$chr1$100643771$-,0.43
chr1:95580800-95582600,ENSG00000122481.12$RWDD3$chr1$95699711$+,0.54
chr1:95681600-95683400,ENSG00000122481.12$RWDD3$chr1$95699711$+,0.63
chr1:91394000-91395800,ENSG00000122482.16$ZNF644$chr1$91487829$-,0.39
chr1:91403600-91404400,ENSG00000122482.16$ZNF644$chr1$91487829$-,0.35
chr1:91413400-91415800,ENSG00000122482.16$ZNF644$chr1$91487829$-,0.43
chr1:91469800-91470000,ENSG00000122482.16$ZNF644$chr1$91487829$-,0.8
chr1:91546000-91547200,ENSG00000122482.16$ZNF644$chr1$91487829$-,0.55
chr1:93556600-93558000,ENSG00000122483.13$CCDC18$chr1$93645476$+,0.54
chr1:93620200-93622400,ENSG00000122483.13$CCDC18$chr1$93645476$+,0.71
chr1:92666800-92669200,ENSG00000122484.8$RPAP2$chr1$92764522$+,0.47
chr1:92776200-92778400,ENSG00000122484.8$RPAP2$chr1$92764522$+,0.51
chr1:92789000-92791000,ENSG00000122484.8$RPAP2$chr1$92764522$+,0.6
chr1:92931600-92933600,ENSG00000122484.8$RPAP2$chr1$92764522$+,0.43
chr1:147998800-148000000,ENSG00000122497.13$NBPF14$chr1$148025863$-,0.44
chr7:33103200-33104400,ENSG00000122507.16$BBS9$chr7$33168856$+,0.61
chr7:33149400-33151800,ENSG00000122507.16$BBS9$chr7$33168856$+,0.66
chr7:5936800-5938400,ENSG00000122512.10$PMS2$chr7$6048756$-,0.51
chr7:6046400-6048200,ENSG00000122512.10$PMS2$chr7$6048756$-,0.37
chr7:6070800-6073200,ENSG00000122512.10$PMS2$chr7$6048756$-,0.63
chr7:6142200-6144200,ENSG00000122512.10$PMS2$chr7$6048756$-,0.41
chr7:6150400-6151200,ENSG00000122512.10$PMS2$chr7$6048756$-,0.36
chr7:44622400-44623400,ENSG00000122515.10$ZMIZ2$chr7$44788180$+,0.37
chr7:44627400-44628400,ENSG00000122515.10$ZMIZ2$chr7$44788180$+,0.36
chr7:44826000-44827600,ENSG00000122515.10$ZMIZ2$chr7$44788180$+,0.67
chr7:5936800-5938400,ENSG00000122543.6$OCM$chr7$5919458$+,0.45
chr7:35704400-35704600,ENSG00000122545.13$SEPT7$chr7$35840542$+,0.37
chr7:35838400-35839600,ENSG00000122545.13$SEPT7$chr7$35840542$+,0.41
chr7:35885000-35887200,ENSG00000122545.13$SEPT7$chr7$35840542$+,0.66
chr7:35891200-35893200,ENSG00000122545.13$SEPT7$chr7$35840542$+,0.64
chr7:35904400-35906600,ENSG00000122545.13$SEPT7$chr7$35840542$+,0.57
chr7:36210800-36212200,ENSG00000122547.6$EEPD1$chr7$36192758$+,0.59
chr7:36238000-36239800,ENSG00000122547.6$EEPD1$chr7$36192758$+,0.39
chr7:23219600-23221200,ENSG00000122550.13$KLHL7$chr7$23145353$+,0.56
chr7:35605000-35606200,ENSG00000122557.5$HERPUD2$chr7$35735181$-,0.43
chr7:35663600-35664800,ENSG00000122557.5$HERPUD2$chr7$35735181$-,0.53
chr7:35704400-35704600,ENSG00000122557.5$HERPUD2$chr7$35735181$-,0.68
chr7:35838400-35839600,ENSG00000122557.5$HERPUD2$chr7$35735181$-,0.48
chr7:35885000-35887200,ENSG00000122557.5$HERPUD2$chr7$35735181$-,0.36
chr7:35891200-35893200,ENSG00000122557.5$HERPUD2$chr7$35735181$-,0.57
chr7:26151200-26152800,ENSG00000122565.14$CBX3$chr7$26240782$+,0.38
chr7:26230200-26230800,ENSG00000122565.14$CBX3$chr7$26240782$+,0.51
chr7:26330600-26331200,ENSG00000122565.14$CBX3$chr7$26240782$+,0.53
chr7:26118000-26120000,ENSG00000122566.16$HNRNPA2B1$chr7$26241149$-,0.38
chr7:26151200-26152800,ENSG00000122566.16$HNRNPA2B1$chr7$26241149$-,0.38
chr7:26230200-26230800,ENSG00000122566.16$HNRNPA2B1$chr7$26241149$-,0.6
chr7:26330600-26331200,ENSG00000122566.16$HNRNPA2B1$chr7$26241149$-,0.41
chr7:24292600-24293200,ENSG00000122585.3$NPY$chr7$24323782$+,0.36
chr7:24293600-24296000,ENSG00000122585.3$NPY$chr7$24323782$+,0.42
chr7:23143600-23144800,ENSG00000122591.7$FAM126A$chr7$23053749$-,0.48
chr7:27243800-27246000,ENSG00000122592.6$HOXA7$chr7$27197555$-,0.51
chr7:32982600-32983600,ENSG00000122642.6$FKBP9$chr7$32997017$+,0.52
chr7:32982600-32983600,ENSG00000122643.14$NT5C3A$chr7$33102409$-,0.41
chr7:33149400-33151800,ENSG00000122643.14$NT5C3A$chr7$33102409$-,0.62
chr7:33167200-33168600,ENSG00000122643.14$NT5C3A$chr7$33102409$-,0.53
chr7:12673000-12674000,ENSG00000122644.8$ARL4A$chr7$12726481$+,0.66
chr7:12774000-12775600,ENSG00000122644.8$ARL4A$chr7$12726481$+,0.6
chr7:5866800-5868000,ENSG00000122674.8$CCZ1$chr7$5938356$+,0.43
chr7:5870000-5871600,ENSG00000122674.8$CCZ1$chr7$5938356$+,0.55
chr7:6046400-6048200,ENSG00000122674.8$CCZ1$chr7$5938356$+,0.4
chr7:6070800-6073200,ENSG00000122674.8$CCZ1$chr7$5938356$+,0.41
chr7:44058800-44061000,ENSG00000122678.10$POLM$chr7$44122139$-,0.36
chr7:44163800-44165600,ENSG00000122678.10$POLM$chr7$44122139$-,0.42
chr7:45151800-45153600,ENSG00000122679.4$RAMP3$chr7$45197390$+,0.44
chr7:2386800-2388000,ENSG00000122687.13$FTSJ2$chr7$2281840$-,0.47
chr7:2392200-2393400,ENSG00000122687.13$FTSJ2$chr7$2281840$-,0.47
chr9:32999000-33001000,ENSG00000122692.7$SMU1$chr9$33076665$-,0.41
chr9:33002000-33003400,ENSG00000122692.7$SMU1$chr9$33076665$-,0.42
chr9:33021600-33021800,ENSG00000122692.7$SMU1$chr9$33076665$-,0.49
chr9:33022200-33024400,ENSG00000122692.7$SMU1$chr9$33076665$-,0.53
chr9:33084000-33085000,ENSG00000122692.7$SMU1$chr9$33076665$-,0.49
chr9:33167400-33169600,ENSG00000122692.7$SMU1$chr9$33076665$-,0.36
chr9:35971600-35973000,ENSG00000122694.11$GLIPR2$chr9$36136732$+,0.38
chr9:36034600-36037000,ENSG00000122694.11$GLIPR2$chr9$36136732$+,0.54
chr9:36196600-36197600,ENSG00000122694.11$GLIPR2$chr9$36136732$+,0.58
chr9:36256400-36257800,ENSG00000122694.11$GLIPR2$chr9$36136732$+,0.45
chr9:37752400-37753800,ENSG00000122696.8$SLC25A51$chr9$37904350$-,0.41
chr9:37754200-37756400,ENSG00000122696.8$SLC25A51$chr9$37904350$-,0.38
chr9:37785400-37787600,ENSG00000122696.8$SLC25A51$chr9$37904350$-,0.35
chr9:37806200-37807200,ENSG00000122696.8$SLC25A51$chr9$37904350$-,0.37
chr9:36034600-36037000,ENSG00000122705.12$CLTA$chr9$36190853$+,0.38
chr9:36196600-36197600,ENSG00000122705.12$CLTA$chr9$36190853$+,0.42
chr9:36256400-36257800,ENSG00000122705.12$CLTA$chr9$36190853$+,0.48
chr9:36372400-36373800,ENSG00000122705.12$CLTA$chr9$36190853$+,0.37
chr9:36406200-36408400,ENSG00000122705.12$CLTA$chr9$36190853$+,0.35
chr9:35932800-35934400,ENSG00000122707.7$RECK$chr9$36036430$+,0.37
chr9:35953200-35955600,ENSG00000122707.7$RECK$chr9$36036430$+,0.49
chr9:35971600-35973000,ENSG00000122707.7$RECK$chr9$36036430$+,0.55
chr9:35953200-35955600,ENSG00000122718.4$OR2S2$chr9$35958151$-,0.56
chr9:35971600-35973000,ENSG00000122718.4$OR2S2$chr9$35958151$-,0.36
chr9:32573600-32574200,ENSG00000122728.6$TAF1L$chr9$32635667$-,0.49
chr9:32378600-32380200,ENSG00000122729.14$ACO1$chr9$32384618$+,0.52
chr9:32526800-32528000,ENSG00000122729.14$ACO1$chr9$32384618$+,0.41
chr9:32548400-32550400,ENSG00000122729.14$ACO1$chr9$32384618$+,0.38
chr9:34884400-34885800,ENSG00000122733.11$KIAA1045$chr9$34957484$+,0.47
chr9:35035600-35038000,ENSG00000122733.11$KIAA1045$chr9$34957484$+,0.56
chr9:35072600-35074800,ENSG00000122733.11$KIAA1045$chr9$34957484$+,0.44
chr9:35094000-35096200,ENSG00000122733.11$KIAA1045$chr9$34957484$+,0.46
chr9:35096600-35097600,ENSG00000122733.11$KIAA1045$chr9$34957484$+,0.39
chr9:37752400-37753800,ENSG00000122741.11$DCAF10$chr9$37800499$+,0.44
chr9:37754200-37756400,ENSG00000122741.11$DCAF10$chr9$37800499$+,0.54
chr9:37785400-37787600,ENSG00000122741.11$DCAF10$chr9$37800499$+,0.65
chr9:37806200-37807200,ENSG00000122741.11$DCAF10$chr9$37800499$+,0.71
chr9:34609800-34611600,ENSG00000122756.10$CNTFR$chr9$34590121$-,0.43
chr7:134855600-134857600,ENSG00000122783.12$C7orf49$chr7$134855547$-,0.39
chr10:71347600-71349200,ENSG00000122859.4$NEUROG3$chr10$71332994$-,0.63
chr10:71379800-71381600,ENSG00000122859.4$NEUROG3$chr10$71332994$-,0.56
chr10:70714200-70715600,ENSG00000122862.4$SRGN$chr10$70847862$+,0.38
chr10:70728600-70730200,ENSG00000122862.4$SRGN$chr10$70847862$+,0.36
chr10:70747000-70748400,ENSG00000122862.4$SRGN$chr10$70847862$+,0.47
chr10:70756400-70758400,ENSG00000122862.4$SRGN$chr10$70847862$+,0.53
chr10:70786000-70788200,ENSG00000122862.4$SRGN$chr10$70847862$+,0.49
chr10:70881600-70883000,ENSG00000122862.4$SRGN$chr10$70847862$+,0.55
chr10:70885000-70887000,ENSG00000122862.4$SRGN$chr10$70847862$+,0.57
chr10:70887200-70887400,ENSG00000122862.4$SRGN$chr10$70847862$+,0.39
chr10:70891400-70892600,ENSG00000122862.4$SRGN$chr10$70847862$+,0.52
chr10:70938400-70939200,ENSG00000122862.4$SRGN$chr10$70847862$+,0.37
chr10:60012000-60013000,ENSG00000122873.7$CISD1$chr10$60028818$+,0.69
chr10:60081200-60083600,ENSG00000122873.7$CISD1$chr10$60028818$+,0.6
chr10:60142200-60144400,ENSG00000122873.7$CISD1$chr10$60028818$+,0.57
chr10:60151000-60152000,ENSG00000122873.7$CISD1$chr10$60028818$+,0.49
chr10:74870600-74872000,ENSG00000122882.6$ECD$chr10$74928813$-,0.47
chr10:75013000-75014600,ENSG00000122882.6$ECD$chr10$74928813$-,0.45
chr10:75056600-75057400,ENSG00000122882.6$ECD$chr10$74928813$-,0.44
chr10:74870600-74872000,ENSG00000122884.8$P4HA1$chr10$74856732$-,0.54
chr10:74928400-74930200,ENSG00000122884.8$P4HA1$chr10$74856732$-,0.47
chr10:70229000-70231400,ENSG00000122912.10$SLC25A16$chr10$70287231$-,0.64
chr10:70232000-70232800,ENSG00000122912.10$SLC25A16$chr10$70287231$-,0.62
chr10:70384600-70386600,ENSG00000122912.10$SLC25A16$chr10$70287231$-,0.44
chr10:70387200-70389200,ENSG00000122912.10$SLC25A16$chr10$70287231$-,0.51
chr10:70658600-70660400,ENSG00000122958.10$VPS26A$chr10$70883268$+,0.36
chr10:70714200-70715600,ENSG00000122958.10$VPS26A$chr10$70883268$+,0.39
chr10:70747000-70748400,ENSG00000122958.10$VPS26A$chr10$70883268$+,0.4
chr10:70756400-70758400,ENSG00000122958.10$VPS26A$chr10$70883268$+,0.4
chr10:70786000-70788200,ENSG00000122958.10$VPS26A$chr10$70883268$+,0.37
chr10:70885000-70887000,ENSG00000122958.10$VPS26A$chr10$70883268$+,0.43
chr10:70887200-70887400,ENSG00000122958.10$VPS26A$chr10$70883268$+,0.61
chr10:70891400-70892600,ENSG00000122958.10$VPS26A$chr10$70883268$+,0.68
chr10:70938400-70939200,ENSG00000122958.10$VPS26A$chr10$70883268$+,0.62
chr12:120424600-120426800,ENSG00000122966.9$CIT$chr12$120315095$-,0.36
chr12:110410600-110412400,ENSG00000122970.11$IFT81$chr12$110562140$+,0.35
chr12:110586600-110587800,ENSG00000122970.11$IFT81$chr12$110562140$+,0.56
chr12:121146400-121148200,ENSG00000122971.4$ACADS$chr12$121163538$+,0.56
chr12:121251800-121254000,ENSG00000122971.4$ACADS$chr12$121163538$+,0.35
chr12:113486400-113488400,ENSG00000123064.8$DDX54$chr12$113623284$-,0.42
chr12:113540600-113542800,ENSG00000123064.8$DDX54$chr12$113623284$-,0.58
chr12:113547200-113548800,ENSG00000123064.8$DDX54$chr12$113623284$-,0.62
chr12:113657800-113658600,ENSG00000123064.8$DDX54$chr12$113623284$-,0.64
chr1:51338800-51340400,ENSG00000123080.6$CDKN2C$chr1$51426417$+,0.45
chr1:51395200-51396800,ENSG00000123080.6$CDKN2C$chr1$51426417$+,0.56
chr1:51423200-51425000,ENSG00000123080.6$CDKN2C$chr1$51426417$+,0.43
chr1:51432200-51434000,ENSG00000123080.6$CDKN2C$chr1$51426417$+,0.48
chr12:27098400-27100600,ENSG00000123104.7$ITPR2$chr12$26986131$-,0.43
chr12:28340800-28343200,ENSG00000123106.6$CCDC91$chr12$28286182$+,0.57
chr12:28344200-28346200,ENSG00000123106.6$CCDC91$chr12$28286182$+,0.45
chr12:28354800-28356600,ENSG00000123106.6$CCDC91$chr12$28286182$+,0.46
chr12:28400600-28403000,ENSG00000123106.6$CCDC91$chr12$28286182$+,0.44
chr12:28403800-28404200,ENSG00000123106.6$CCDC91$chr12$28286182$+,0.46
chr12:28430600-28433000,ENSG00000123106.6$CCDC91$chr12$28286182$+,0.45
chr8:87349600-87351200,ENSG00000123124.9$WWP1$chr8$87354967$+,0.51
chr8:87484000-87485600,ENSG00000123124.9$WWP1$chr8$87354967$+,0.47
chr8:87493000-87494600,ENSG00000123124.9$WWP1$chr8$87354967$+,0.43
chr8:87518600-87520000,ENSG00000123124.9$WWP1$chr8$87354967$+,0.39
chr8:87521400-87523400,ENSG00000123124.9$WWP1$chr8$87354967$+,0.38
chrX:23684000-23685600,ENSG00000123130.12$ACOT9$chrX$23784592$-,0.56
chrX:23686400-23688000,ENSG00000123130.12$ACOT9$chrX$23784592$-,0.54
chrX:23688600-23689000,ENSG00000123130.12$ACOT9$chrX$23784592$-,0.5
chrX:23753800-23754400,ENSG00000123130.12$ACOT9$chrX$23784592$-,0.62
chrX:23757600-23757800,ENSG00000123130.12$ACOT9$chrX$23784592$-,0.65
chrX:23758400-23760600,ENSG00000123130.12$ACOT9$chrX$23784592$-,0.58
chrX:23761400-23762800,ENSG00000123130.12$ACOT9$chrX$23784592$-,0.56
chrX:23763000-23765000,ENSG00000123130.12$ACOT9$chrX$23784592$-,0.57
chrX:23923600-23925400,ENSG00000123130.12$ACOT9$chrX$23784592$-,0.56
chrX:23926600-23927400,ENSG00000123130.12$ACOT9$chrX$23784592$-,0.51
chrX:23948400-23950800,ENSG00000123130.12$ACOT9$chrX$23784592$-,0.43
chrX:23684000-23685600,ENSG00000123131.8$PRDX4$chrX$23682379$+,0.59
chrX:23686400-23688000,ENSG00000123131.8$PRDX4$chrX$23682379$+,0.67
chrX:23688600-23689000,ENSG00000123131.8$PRDX4$chrX$23682379$+,0.71
chrX:23753800-23754400,ENSG00000123131.8$PRDX4$chrX$23682379$+,0.6
chrX:23757600-23757800,ENSG00000123131.8$PRDX4$chrX$23682379$+,0.57
chrX:23758400-23760600,ENSG00000123131.8$PRDX4$chrX$23682379$+,0.63
chrX:23761400-23762800,ENSG00000123131.8$PRDX4$chrX$23682379$+,0.5
chrX:23763000-23765000,ENSG00000123131.8$PRDX4$chrX$23682379$+,0.5
chr19:14384800-14386800,ENSG00000123136.10$DDX39A$chr19$14530192$-,0.41
chr19:14463200-14465600,ENSG00000123136.10$DDX39A$chr19$14530192$-,0.46
chr19:14347600-14349000,ENSG00000123143.8$PKN1$chr19$14543865$+,0.36
chr19:14384800-14386800,ENSG00000123143.8$PKN1$chr19$14543865$+,0.41
chr19:14443800-14446000,ENSG00000123143.8$PKN1$chr19$14543865$+,0.38
chr19:14463200-14465600,ENSG00000123143.8$PKN1$chr19$14543865$+,0.44
chr19:14530200-14531400,ENSG00000123143.8$PKN1$chr19$14543865$+,0.68
chr19:14682800-14683600,ENSG00000123143.8$PKN1$chr19$14543865$+,0.38
chr19:14777800-14780200,ENSG00000123143.8$PKN1$chr19$14543865$+,0.38
chr19:12588600-12590800,ENSG00000123144.6$C19orf43$chr19$12845589$-,0.36
chr19:12662800-12664800,ENSG00000123144.6$C19orf43$chr19$12845589$-,0.35
chr19:12745800-12747400,ENSG00000123144.6$C19orf43$chr19$12845589$-,0.51
chr19:12750400-12752400,ENSG00000123144.6$C19orf43$chr19$12845589$-,0.58
chr19:12778000-12779600,ENSG00000123144.6$C19orf43$chr19$12845589$-,0.52
chr19:12790200-12791800,ENSG00000123144.6$C19orf43$chr19$12845589$-,0.49
chr19:12805200-12807200,ENSG00000123144.6$C19orf43$chr19$12845589$-,0.64
chr19:12848800-12850600,ENSG00000123144.6$C19orf43$chr19$12845589$-,0.64
chr19:12886800-12888600,ENSG00000123144.6$C19orf43$chr19$12845589$-,0.58
chr19:12910200-12912200,ENSG00000123144.6$C19orf43$chr19$12845589$-,0.49
chr19:12912800-12914400,ENSG00000123144.6$C19orf43$chr19$12845589$-,0.53
chr19:12916000-12917600,ENSG00000123144.6$C19orf43$chr19$12845589$-,0.48
chr19:12935600-12937200,ENSG00000123144.6$C19orf43$chr19$12845589$-,0.59
chr19:12957800-12959200,ENSG00000123144.6$C19orf43$chr19$12845589$-,0.53
chr19:12990400-12992200,ENSG00000123144.6$C19orf43$chr19$12845589$-,0.4
chr19:14347600-14349000,ENSG00000123146.15$CD97$chr19$14491313$+,0.39
chr19:14384800-14386800,ENSG00000123146.15$CD97$chr19$14491313$+,0.42
chr19:14443800-14446000,ENSG00000123146.15$CD97$chr19$14491313$+,0.62
chr19:14463200-14465600,ENSG00000123146.15$CD97$chr19$14491313$+,0.59
chr19:14530200-14531400,ENSG00000123146.15$CD97$chr19$14491313$+,0.54
chr19:12588600-12590800,ENSG00000123154.7$WDR83$chr19$12777614$+,0.42
chr19:12662800-12664800,ENSG00000123154.7$WDR83$chr19$12777614$+,0.49
chr19:12713800-12715600,ENSG00000123154.7$WDR83$chr19$12777614$+,0.48
chr19:12745800-12747400,ENSG00000123154.7$WDR83$chr19$12777614$+,0.58
chr19:12750400-12752400,ENSG00000123154.7$WDR83$chr19$12777614$+,0.66
chr19:12790200-12791800,ENSG00000123154.7$WDR83$chr19$12777614$+,0.75
chr19:12805200-12807200,ENSG00000123154.7$WDR83$chr19$12777614$+,0.69
chr19:12848800-12850600,ENSG00000123154.7$WDR83$chr19$12777614$+,0.5
chr19:12886800-12888600,ENSG00000123154.7$WDR83$chr19$12777614$+,0.4
chr19:12910200-12912200,ENSG00000123154.7$WDR83$chr19$12777614$+,0.42
chr19:12912800-12914400,ENSG00000123154.7$WDR83$chr19$12777614$+,0.42
chr19:12916000-12917600,ENSG00000123154.7$WDR83$chr19$12777614$+,0.42
chr19:12935600-12937200,ENSG00000123154.7$WDR83$chr19$12777614$+,0.48
chr13:52483200-52484400,ENSG00000123171.5$CCDC70$chr13$52436117$+,0.38
chr13:50337600-50339400,ENSG00000123178.10$SPRYD7$chr13$50510626$-,0.37
chr13:50367600-50369400,ENSG00000123178.10$SPRYD7$chr13$50510626$-,0.46
chr13:50420600-50423000,ENSG00000123178.10$SPRYD7$chr13$50510626$-,0.56
chr13:50568800-50570400,ENSG00000123178.10$SPRYD7$chr13$50510626$-,0.5
chr13:50579600-50581400,ENSG00000123178.10$SPRYD7$chr13$50510626$-,0.51
chr13:52483200-52484400,ENSG00000123191.9$ATP7B$chr13$52585630$-,0.43
chr13:52511200-52513200,ENSG00000123191.9$ATP7B$chr13$52585630$-,0.57
chr13:52524200-52526000,ENSG00000123191.9$ATP7B$chr13$52585630$-,0.57
chr13:46653400-46655600,ENSG00000123200.12$ZC3H13$chr13$46626894$-,0.59
chr5:64854400-64855000,ENSG00000123213.18$NLN$chr5$65018023$+,0.4
chr5:64896200-64897000,ENSG00000123213.18$NLN$chr5$65018023$+,0.45
chr5:64974200-64974800,ENSG00000123213.18$NLN$chr5$65018023$+,0.64
chr5:65011000-65011400,ENSG00000123213.18$NLN$chr5$65018023$+,0.63
chr5:65055800-65057600,ENSG00000123213.18$NLN$chr5$65018023$+,0.57
chr5:65075200-65076400,ENSG00000123213.18$NLN$chr5$65018023$+,0.5
chr5:64776600-64777600,ENSG00000123219.8$CENPK$chr5$64858998$-,0.5
chr5:64778800-64780000,ENSG00000123219.8$CENPK$chr5$64858998$-,0.46
chr5:64854400-64855000,ENSG00000123219.8$CENPK$chr5$64858998$-,0.71
chr5:64896200-64897000,ENSG00000123219.8$CENPK$chr5$64858998$-,0.58
chr5:64974200-64974800,ENSG00000123219.8$CENPK$chr5$64858998$-,0.4
chr10:13116600-13119000,ENSG00000123240.12$OPTN$chr10$13141449$+,0.69
chr12:58086400-58088000,ENSG00000123297.12$TSFM$chr12$58176372$+,0.44
chr12:58088600-58090200,ENSG00000123297.12$TSFM$chr12$58176372$+,0.41
chr12:58139400-58141400,ENSG00000123297.12$TSFM$chr12$58176372$+,0.45
chr12:58150000-58152400,ENSG00000123297.12$TSFM$chr12$58176372$+,0.38
chr12:58152600-58154400,ENSG00000123297.12$TSFM$chr12$58176372$+,0.42
chr12:58240800-58243200,ENSG00000123297.12$TSFM$chr12$58176372$+,0.44
chr12:58298000-58300200,ENSG00000123297.12$TSFM$chr12$58176372$+,0.35
chr12:57821400-57823800,ENSG00000123329.13$ARHGAP9$chr12$57882597$-,0.36
chr12:57825200-57827400,ENSG00000123329.13$ARHGAP9$chr12$57882597$-,0.41
chr12:57853800-57855800,ENSG00000123329.13$ARHGAP9$chr12$57882597$-,0.4
chr12:57914400-57916000,ENSG00000123329.13$ARHGAP9$chr12$57882597$-,0.49
chr12:54972000-54974400,ENSG00000123338.8$NCKAP1L$chr12$54891495$+,0.54
chr12:53643400-53645400,ENSG00000123349.9$PFDN5$chr12$53689075$+,0.58
chr12:53660800-53662000,ENSG00000123349.9$PFDN5$chr12$53689075$+,0.65
chr12:53712400-53714800,ENSG00000123349.9$PFDN5$chr12$53689075$+,0.62
chr12:53737200-53739000,ENSG00000123349.9$PFDN5$chr12$53689075$+,0.56
chr12:53746200-53747600,ENSG00000123349.9$PFDN5$chr12$53689075$+,0.59
chr12:53772000-53773600,ENSG00000123349.9$PFDN5$chr12$53689075$+,0.56
chr12:53833400-53835000,ENSG00000123349.9$PFDN5$chr12$53689075$+,0.54
chr12:53844600-53845800,ENSG00000123349.9$PFDN5$chr12$53689075$+,0.47
chr12:49715000-49716600,ENSG00000123352.13$SPATS2$chr12$49760367$+,0.41
chr12:56174200-56175800,ENSG00000123353.5$ORMDL2$chr12$56211703$+,0.58
chr12:56198000-56199600,ENSG00000123353.5$ORMDL2$chr12$56211703$+,0.63
chr12:56212400-56214400,ENSG00000123353.5$ORMDL2$chr12$56211703$+,0.36
chr12:56292600-56293400,ENSG00000123353.5$ORMDL2$chr12$56211703$+,0.57
chr12:56358600-56360400,ENSG00000123353.5$ORMDL2$chr12$56211703$+,0.36
chr12:56372800-56373600,ENSG00000123353.5$ORMDL2$chr12$56211703$+,0.41
chr12:56433800-56435200,ENSG00000123353.5$ORMDL2$chr12$56211703$+,0.37
chr12:52373200-52375200,ENSG00000123358.15$NR4A1$chr12$52416616$+,0.73
chr12:52462200-52463800,ENSG00000123358.15$NR4A1$chr12$52416616$+,0.57
chr12:54890000-54891600,ENSG00000123360.7$PDE1B$chr12$54943134$+,0.42
chr12:54972000-54974400,ENSG00000123360.7$PDE1B$chr12$54943134$+,0.56
chr12:54321000-54322600,ENSG00000123364.3$HOXC13$chr12$54332535$+,0.54
chr12:56212400-56214400,ENSG00000123374.6$CDK2$chr12$56360553$+,0.35
chr12:56292600-56293400,ENSG00000123374.6$CDK2$chr12$56360553$+,0.38
chr12:56372800-56373600,ENSG00000123374.6$CDK2$chr12$56360553$+,0.59
chr12:56433800-56435200,ENSG00000123374.6$CDK2$chr12$56360553$+,0.5
chr12:52373200-52375200,ENSG00000123395.10$C12orf44$chr12$52463030$+,0.56
chr12:54600600-54602800,ENSG00000123405.9$NFE2$chr12$54694905$-,0.4
chr12:54664000-54664800,ENSG00000123405.9$NFE2$chr12$54694905$-,0.63
chr12:54321000-54322600,ENSG00000123407.3$HOXC12$chr12$54348618$+,0.54
chr12:56358600-56360400,ENSG00000123411.10$IKZF4$chr12$56401443$+,0.61
chr12:56372800-56373600,ENSG00000123411.10$IKZF4$chr12$56401443$+,0.68
chr12:56433800-56435200,ENSG00000123411.10$IKZF4$chr12$56401443$+,0.61
chr12:56527000-56528200,ENSG00000123411.10$IKZF4$chr12$56401443$+,0.35
chr12:54600600-54602800,ENSG00000123415.10$SMUG1$chr12$54582778$-,0.6
chr12:54664000-54664800,ENSG00000123415.10$SMUG1$chr12$54582778$-,0.53
chr12:49413000-49415400,ENSG00000123416.11$TUBA1B$chr12$49525180$-,0.46
chr12:49462400-49463400,ENSG00000123416.11$TUBA1B$chr12$49525180$-,0.45
chr12:49504600-49506400,ENSG00000123416.11$TUBA1B$chr12$49525180$-,0.52
chr12:49715000-49716600,ENSG00000123416.11$TUBA1B$chr12$49525180$-,0.4
chr12:58086400-58088000,ENSG00000123427.11$METTL21B$chr12$58165275$+,0.48
chr12:58088600-58090200,ENSG00000123427.11$METTL21B$chr12$58165275$+,0.46
chr12:58139400-58141400,ENSG00000123427.11$METTL21B$chr12$58165275$+,0.5
chr12:58150000-58152400,ENSG00000123427.11$METTL21B$chr12$58165275$+,0.65
chr12:58152600-58154400,ENSG00000123427.11$METTL21B$chr12$58165275$+,0.7
chr12:58240800-58243200,ENSG00000123427.11$METTL21B$chr12$58165275$+,0.47
chr12:58298000-58300200,ENSG00000123427.11$METTL21B$chr12$58165275$+,0.37
chr11:47574800-47576200,ENSG00000123444.9$KBTBD4$chr11$47600567$-,0.61
chr11:47585400-47586600,ENSG00000123444.9$KBTBD4$chr11$47600567$-,0.63
chr11:47664400-47665600,ENSG00000123444.9$KBTBD4$chr11$47600567$-,0.52
chr11:47735400-47736400,ENSG00000123444.9$KBTBD4$chr11$47600567$-,0.53
chr11:47785200-47787600,ENSG00000123444.9$KBTBD4$chr11$47600567$-,0.4
chr11:47789800-47791400,ENSG00000123444.9$KBTBD4$chr11$47600567$-,0.36
chr1:47176200-47178200,ENSG00000123472.8$ATPAF1$chr1$47139539$-,0.49
chr1:47178800-47179200,ENSG00000123472.8$ATPAF1$chr1$47139539$-,0.44
chr1:47753800-47755600,ENSG00000123473.11$STIL$chr1$47779819$-,0.63
chr1:47756400-47756800,ENSG00000123473.11$STIL$chr1$47779819$-,0.64
chr1:47805800-47807200,ENSG00000123473.11$STIL$chr1$47779819$-,0.65
chr1:47830200-47831200,ENSG00000123473.11$STIL$chr1$47779819$-,0.55
chr1:47889400-47891000,ENSG00000123473.11$STIL$chr1$47779819$-,0.39
chr2:234806800-234808000,ENSG00000123485.7$HJURP$chr2$234763212$-,0.67
chr2:234909000-234911400,ENSG00000123485.7$HJURP$chr2$234763212$-,0.41
chr6:116457000-116459000,ENSG00000123500.5$COL10A1$chr6$116479910$-,0.48
chr6:111278400-111279600,ENSG00000123505.10$AMD1$chr6$111195973$+,0.53
chr6:111280600-111282200,ENSG00000123505.10$AMD1$chr6$111195973$+,0.43
chr6:97332800-97333800,ENSG00000123545.5$NDUFAF4$chr6$97345757$-,0.78
chr6:97394600-97396200,ENSG00000123545.5$NDUFAF4$chr6$97345757$-,0.65
chr6:99840000-99841400,ENSG00000123552.13$USP45$chr6$99969604$-,0.41
chr6:99842200-99842800,ENSG00000123552.13$USP45$chr6$99969604$-,0.38
chr6:99963600-99964600,ENSG00000123552.13$USP45$chr6$99969604$-,0.56
chr6:99968000-99968800,ENSG00000123552.13$USP45$chr6$99969604$-,0.36
chr6:99972400-99973800,ENSG00000123552.13$USP45$chr6$99969604$-,0.6
chrX:102808600-102810800,ENSG00000123562.12$MORF4L2$chrX$102943086$-,0.5
chrX:102861800-102862600,ENSG00000123562.12$MORF4L2$chrX$102943086$-,0.48
chrX:102863200-102864400,ENSG00000123562.12$MORF4L2$chrX$102943086$-,0.49
chrX:102885000-102887000,ENSG00000123562.12$MORF4L2$chrX$102943086$-,0.52
chrX:103085600-103086800,ENSG00000123562.12$MORF4L2$chrX$102943086$-,0.42
chrX:103352600-103353600,ENSG00000123575.8$FAM199X$chrX$103411301$+,0.51
chrX:103382400-103382600,ENSG00000123575.8$FAM199X$chrX$103411301$+,0.62
chrX:103398800-103401000,ENSG00000123575.8$FAM199X$chrX$103411301$+,0.63
chrX:103402200-103403600,ENSG00000123575.8$FAM199X$chrX$103411301$+,0.67
chrX:148623000-148623800,ENSG00000123584.7$MAGEA9B$chrX$148669116$-,0.36
chrX:13320600-13320800,ENSG00000123594.3$ATXN3L$chrX$13338518$-,0.59
chrX:13671800-13674200,ENSG00000123595.5$RAB9A$chrX$13707244$+,0.61
chrX:13702400-13704200,ENSG00000123595.5$RAB9A$chrX$13707244$+,0.72
chrX:13757800-13758600,ENSG00000123595.5$RAB9A$chrX$13707244$+,0.4
chr2:172271200-172273400,ENSG00000123600.14$METTL8$chr2$172291312$-,0.63
chr2:172277000-172278600,ENSG00000123600.14$METTL8$chr2$172291312$-,0.68
chr2:172340800-172342400,ENSG00000123600.14$METTL8$chr2$172291312$-,0.53
chr2:172430400-172431400,ENSG00000123600.14$METTL8$chr2$172291312$-,0.4
chr2:166731000-166731600,ENSG00000123607.10$TTC21B$chr2$166810353$-,0.54
chr2:152045000-152046400,ENSG00000123609.6$NMI$chr2$152146571$-,0.57
chr2:152118400-152120000,ENSG00000123609.6$NMI$chr2$152146571$-,0.56
chr2:152264800-152266400,ENSG00000123609.6$NMI$chr2$152146571$-,0.46
chr2:158348200-158350600,ENSG00000123612.11$ACVR1C$chr2$158485517$-,0.41
chr2:160471200-160472000,ENSG00000123636.13$BAZ2B$chr2$160473203$-,0.36
chr1:211860600-211862200,ENSG00000123684.8$LPGAT1$chr1$212004114$-,0.41
chr1:211973600-211975000,ENSG00000123684.8$LPGAT1$chr1$212004114$-,0.66
chr1:212910400-212912800,ENSG00000123685.4$BATF3$chr1$212873327$-,0.69
chr1:212916400-212918800,ENSG00000123685.4$BATF3$chr1$212873327$-,0.56
chr1:212946400-212948800,ENSG00000123685.4$BATF3$chr1$212873327$-,0.44
chr1:209869200-209871400,ENSG00000123689.5$G0S2$chr1$209848765$+,0.35
chrX:131171200-131172800,ENSG00000123728.5$RAP2C$chrX$131353471$-,0.36
chr4:122719400-122721800,ENSG00000123737.8$EXOSC9$chr4$122722472$+,0.43
chr4:122789400-122791000,ENSG00000123737.8$EXOSC9$chr4$122722472$+,0.49
chr4:110478800-110481200,ENSG00000123739.6$PLA2G12A$chr4$110651233$-,0.35
chr4:110561600-110564000,ENSG00000123739.6$PLA2G12A$chr4$110651233$-,0.36
chr4:110589200-110591400,ENSG00000123739.6$PLA2G12A$chr4$110651233$-,0.53
chr4:110625000-110626200,ENSG00000123739.6$PLA2G12A$chr4$110651233$-,0.57
chr19:41767000-41769200,ENSG00000123810.3$B9D2$chr19$41870078$-,0.38
chr19:41793800-41795600,ENSG00000123810.3$B9D2$chr19$41870078$-,0.43
chr19:41898200-41900600,ENSG00000123810.3$B9D2$chr19$41870078$-,0.66
chr19:41901000-41903000,ENSG00000123810.3$B9D2$chr19$41870078$-,0.6
chr19:41904400-41906000,ENSG00000123810.3$B9D2$chr19$41870078$-,0.68
chr19:41253600-41256000,ENSG00000123815.7$ADCK4$chr19$41224112$-,0.37
chr1:207224600-207226000,ENSG00000123836.10$PFKFB2$chr1$207222801$+,0.35
chr1:207361800-207363800,ENSG00000123836.10$PFKFB2$chr1$207222801$+,0.39
chr1:207224600-207226000,ENSG00000123838.6$C4BPA$chr1$207277607$+,0.43
chr1:207224600-207226000,ENSG00000123843.8$C4BPB$chr1$207262187$+,0.54
chr1:207361800-207363800,ENSG00000123843.8$C4BPB$chr1$207262187$+,0.49
chr8:141615400-141617000,ENSG00000123908.7$AGO2$chr8$141645718$-,0.6
chr4:2236000-2236400,ENSG00000123933.10$MXD4$chr4$2264021$-,0.54
chr4:2349000-2350000,ENSG00000123933.10$MXD4$chr4$2264021$-,0.41
chr4:2420800-2422400,ENSG00000123933.10$MXD4$chr4$2264021$-,0.45
chr9:91849000-91850800,ENSG00000123975.4$CKS2$chr9$91926113$+,0.54
chr9:91958400-91959000,ENSG00000123975.4$CKS2$chr9$91926113$+,0.54
chr9:92155000-92155400,ENSG00000123975.4$CKS2$chr9$91926113$+,0.4
chr2:225352200-225352800,ENSG00000124019.9$FAM124B$chr2$225266802$-,0.5
chr16:67850200-67851000,ENSG00000124067.12$SLC12A4$chr16$68003504$-,0.39
chr16:67874400-67876200,ENSG00000124067.12$SLC12A4$chr16$68003504$-,0.39
chr16:67881600-67884000,ENSG00000124067.12$SLC12A4$chr16$68003504$-,0.38
chr16:67884400-67886200,ENSG00000124067.12$SLC12A4$chr16$68003504$-,0.39
chr16:67926200-67926800,ENSG00000124067.12$SLC12A4$chr16$68003504$-,0.52
chr16:67970800-67972200,ENSG00000124067.12$SLC12A4$chr16$68003504$-,0.58
chr16:68054800-68056200,ENSG00000124067.12$SLC12A4$chr16$68003504$-,0.43
chr16:68057600-68059400,ENSG00000124067.12$SLC12A4$chr16$68003504$-,0.37
chr16:68153000-68154800,ENSG00000124067.12$SLC12A4$chr16$68003504$-,0.38
chr16:67542600-67544400,ENSG00000124074.7$ENKD1$chr16$67701168$-,0.39
chr16:67604600-67606800,ENSG00000124074.7$ENKD1$chr16$67701168$-,0.38
chr16:67620800-67622000,ENSG00000124074.7$ENKD1$chr16$67701168$-,0.35
chr16:67631600-67633400,ENSG00000124074.7$ENKD1$chr16$67701168$-,0.42
chr16:67691800-67693800,ENSG00000124074.7$ENKD1$chr16$67701168$-,0.56
chr16:67753800-67756000,ENSG00000124074.7$ENKD1$chr16$67701168$-,0.59
chr16:67841200-67842000,ENSG00000124074.7$ENKD1$chr16$67701168$-,0.36
chr16:67850200-67851000,ENSG00000124074.7$ENKD1$chr16$67701168$-,0.38
chr16:67874400-67876200,ENSG00000124074.7$ENKD1$chr16$67701168$-,0.38
chr20:54974000-54976400,ENSG00000124091.5$GCNT7$chr20$55100981$-,0.4
chr20:55096800-55099200,ENSG00000124091.5$GCNT7$chr20$55100981$-,0.72
chr20:54974000-54976400,ENSG00000124098.9$FAM210B$chr20$54933971$+,0.5
chr20:55096800-55099200,ENSG00000124103.8$FAM209A$chr20$55092243$+,0.48
chr20:43921200-43923200,ENSG00000124107.5$SLPI$chr20$43883205$-,0.5
chr20:44427000-44428800,ENSG00000124116.14$WFDC3$chr20$44420571$-,0.56
chr20:44508800-44509800,ENSG00000124116.14$WFDC3$chr20$44420571$-,0.61
chr20:44560800-44562600,ENSG00000124116.14$WFDC3$chr20$44420571$-,0.55
chr20:44601000-44602400,ENSG00000124116.14$WFDC3$chr20$44420571$-,0.39
chr20:42937000-42939200,ENSG00000124120.6$TTPAL$chr20$43104526$+,0.41
chr20:42939800-42940600,ENSG00000124120.6$TTPAL$chr20$43104526$+,0.4
chr20:43157800-43160200,ENSG00000124120.6$TTPAL$chr20$43104526$+,0.49
chr20:47476800-47479200,ENSG00000124126.9$PREX1$chr20$47444420$-,0.52
chr20:47535200-47537600,ENSG00000124126.9$PREX1$chr20$47444420$-,0.57
chr20:47660800-47662400,ENSG00000124126.9$PREX1$chr20$47444420$-,0.36
chr20:44601000-44602400,ENSG00000124140.8$SLC12A5$chr20$44650356$+,0.43
chr20:44615400-44616600,ENSG00000124140.8$SLC12A5$chr20$44650356$+,0.46
chr20:43921200-43923200,ENSG00000124145.5$SDC4$chr20$43977064$-,0.47
chr20:44064000-44066200,ENSG00000124145.5$SDC4$chr20$43977064$-,0.46
chr20:46242400-46244200,ENSG00000124151.14$NCOA3$chr20$46130601$+,0.38
chr20:43921200-43923200,ENSG00000124155.12$PIGT$chr20$44044717$+,0.53
chr20:44064000-44066200,ENSG00000124155.12$PIGT$chr20$44044717$+,0.65
chr20:44601000-44602400,ENSG00000124155.12$PIGT$chr20$44044717$+,0.35
chr20:43921200-43923200,ENSG00000124157.6$SEMG2$chr20$43849941$+,0.38
chr20:43921200-43923200,ENSG00000124159.11$MATN4$chr20$43937169$-,0.49
chr20:44560800-44562600,ENSG00000124160.7$NCOA5$chr20$44718591$-,0.56
chr20:44601000-44602400,ENSG00000124160.7$NCOA5$chr20$44718591$-,0.48
chr20:44615400-44616600,ENSG00000124160.7$NCOA5$chr20$44718591$-,0.45
chr20:44802600-44804000,ENSG00000124160.7$NCOA5$chr20$44718591$-,0.56
chr20:44875000-44876000,ENSG00000124160.7$NCOA5$chr20$44718591$-,0.35
chr20:56890000-56892200,ENSG00000124164.11$VAPB$chr20$56964178$+,0.52
chr20:56898600-56899600,ENSG00000124164.11$VAPB$chr20$56964178$+,0.49
chr20:49406200-49408400,ENSG00000124171.4$PARD6B$chr20$49348081$+,0.44
chr20:57691800-57694200,ENSG00000124172.5$ATP5E$chr20$57607437$-,0.36
chr20:57809400-57811600,ENSG00000124172.5$ATP5E$chr20$57607437$-,0.44
chr20:57832000-57832200,ENSG00000124172.5$ATP5E$chr20$57607437$-,0.35
chr20:57838200-57838600,ENSG00000124172.5$ATP5E$chr20$57607437$-,0.41
chr20:57848200-57850400,ENSG00000124172.5$ATP5E$chr20$57607437$-,0.4
chr20:39688600-39691000,ENSG00000124181.10$PLCG1$chr20$39765600$+,0.51
chr20:42409600-42411800,ENSG00000124191.13$TOX2$chr20$42543504$+,0.55
chr20:42416000-42417400,ENSG00000124191.13$TOX2$chr20$42543504$+,0.36
chr20:42659200-42659400,ENSG00000124191.13$TOX2$chr20$42543504$+,0.42
chr20:42141400-42142600,ENSG00000124193.10$SRSF6$chr20$42086568$+,0.64
chr20:42217800-42219000,ENSG00000124193.10$SRSF6$chr20$42086568$+,0.39
chr20:42220000-42222000,ENSG00000124193.10$SRSF6$chr20$42086568$+,0.41
chr20:42284600-42285600,ENSG00000124193.10$SRSF6$chr20$42086568$+,0.39
chr20:42937000-42939200,ENSG00000124194.11$GDAP1L1$chr20$42875887$+,0.4
chr20:42217800-42219000,ENSG00000124196.5$GTSF1L$chr20$42355638$-,0.37
chr20:42220000-42222000,ENSG00000124196.5$GTSF1L$chr20$42355638$-,0.36
chr20:42284600-42285600,ENSG00000124196.5$GTSF1L$chr20$42355638$-,0.52
chr20:42286600-42287800,ENSG00000124196.5$GTSF1L$chr20$42355638$-,0.46
chr20:42409600-42411800,ENSG00000124196.5$GTSF1L$chr20$42355638$-,0.54
chr20:42416000-42417400,ENSG00000124196.5$GTSF1L$chr20$42355638$-,0.48
chr20:47476800-47479200,ENSG00000124198.8$ARFGEF2$chr20$47538427$+,0.61
chr20:47535200-47537600,ENSG00000124198.8$ARFGEF2$chr20$47538427$+,0.36
chr20:47660800-47662400,ENSG00000124198.8$ARFGEF2$chr20$47538427$+,0.47
chr20:47836600-47838800,ENSG00000124201.10$ZNFX1$chr20$47894963$-,0.51
chr20:47875800-47877200,ENSG00000124201.10$ZNFX1$chr20$47894963$-,0.48
chr20:47913000-47915400,ENSG00000124201.10$ZNFX1$chr20$47894963$-,0.67
chr20:48150600-48152600,ENSG00000124201.10$ZNFX1$chr20$47894963$-,0.35
chr20:57809400-57811600,ENSG00000124203.5$ZNF831$chr20$57766075$+,0.39
chr20:57848200-57850400,ENSG00000124205.11$EDN3$chr20$57875482$+,0.37
chr20:47535200-47537600,ENSG00000124207.12$CSE1L$chr20$47662849$+,0.68
chr20:47875800-47877200,ENSG00000124207.12$CSE1L$chr20$47662849$+,0.35
chr20:48686600-48688600,ENSG00000124208.16$TMEM189-UBE2V1$chr20$48770174$-,0.49
chr20:56831200-56832400,ENSG00000124209.3$RAB22A$chr20$56884752$+,0.49
chr20:56890000-56892200,ENSG00000124209.3$RAB22A$chr20$56884752$+,0.52
chr20:56898600-56899600,ENSG00000124209.3$RAB22A$chr20$56884752$+,0.68
chr20:56963000-56963800,ENSG00000124209.3$RAB22A$chr20$56884752$+,0.49
chr20:47660800-47662400,ENSG00000124214.15$STAU1$chr20$47804904$-,0.35
chr20:47836600-47838800,ENSG00000124214.15$STAU1$chr20$47804904$-,0.56
chr20:47875800-47877200,ENSG00000124214.15$STAU1$chr20$47804904$-,0.55
chr20:47913000-47915400,ENSG00000124214.15$STAU1$chr20$47804904$-,0.41
chr20:58516400-58518600,ENSG00000124215.12$CDH26$chr20$58533471$+,0.38
chr20:48686600-48688600,ENSG00000124216.3$SNAI1$chr20$48599536$+,0.39
chr20:49406200-49408400,ENSG00000124217.3$MOCS3$chr20$49575363$+,0.44
chr20:56831200-56832400,ENSG00000124224.12$PPP4R1L$chr20$56884495$-,0.55
chr20:56890000-56892200,ENSG00000124224.12$PPP4R1L$chr20$56884495$-,0.46
chr20:56898600-56899600,ENSG00000124224.12$PPP4R1L$chr20$56884495$-,0.64
chr20:56963000-56963800,ENSG00000124224.12$PPP4R1L$chr20$56884495$-,0.56
chr20:56207200-56207400,ENSG00000124225.11$PMEPA1$chr20$56286592$-,0.35
chr20:56207800-56210200,ENSG00000124225.11$PMEPA1$chr20$56286592$-,0.35
chr20:48396800-48399000,ENSG00000124226.7$RNF114$chr20$48552948$+,0.48
chr20:48686600-48688600,ENSG00000124226.7$RNF114$chr20$48552948$+,0.51
chr20:56831200-56832400,ENSG00000124227.4$ANKRD60$chr20$56803709$-,0.48
chr20:47875800-47877200,ENSG00000124228.10$DDX27$chr20$47835884$+,0.69
chr20:47913000-47915400,ENSG00000124228.10$DDX27$chr20$47835884$+,0.45
chr20:43921200-43923200,ENSG00000124232.6$RBPJL$chr20$43935491$+,0.47
chr20:43921200-43923200,ENSG00000124233.10$SEMG1$chr20$43835638$+,0.41
chr20:49406200-49408400,ENSG00000124243.13$BCAS4$chr20$49411431$+,0.57
chr20:44064000-44066200,ENSG00000124251.6$TP53TG5$chr20$44036529$-,0.52
chr20:56207200-56207400,ENSG00000124256.10$ZBP1$chr20$56195632$-,0.57
chr20:56207800-56210200,ENSG00000124256.10$ZBP1$chr20$56195632$-,0.62
chr20:44421400-44422800,ENSG00000124257.6$NEURL2$chr20$44519926$-,0.48
chr20:44427000-44428800,ENSG00000124257.6$NEURL2$chr20$44519926$-,0.41
chr20:44508800-44509800,ENSG00000124257.6$NEURL2$chr20$44519926$-,0.56
chr20:44560800-44562600,ENSG00000124257.6$NEURL2$chr20$44519926$-,0.69
chr20:44601000-44602400,ENSG00000124257.6$NEURL2$chr20$44519926$-,0.55
chr20:44615400-44616600,ENSG00000124257.6$NEURL2$chr20$44519926$-,0.52
chr5:7778200-7780600,ENSG00000124275.10$MTRR$chr5$7851299$+,0.4
chr5:7857400-7859200,ENSG00000124275.10$MTRR$chr5$7851299$+,0.39
chr5:7778200-7780600,ENSG00000124279.7$FASTKD3$chr5$7869150$-,0.42
chr5:7857400-7859200,ENSG00000124279.7$FASTKD3$chr5$7869150$-,0.58
chr5:7887000-7889000,ENSG00000124279.7$FASTKD3$chr5$7869150$-,0.69
chr5:7894200-7895400,ENSG00000124279.7$FASTKD3$chr5$7869150$-,0.67
chr19:33906800-33908600,ENSG00000124299.9$PEPD$chr19$34012700$-,0.5
chrX:53388400-53390800,ENSG00000124313.8$IQSEC2$chrX$53350522$-,0.42
chrX:155111400-155113200,ENSG00000124334.12$IL9R$chrX$155227246$+,0.44
chr2:73961800-73963800,ENSG00000124356.11$STAMBP$chr2$74056086$+,0.56
chr2:73964800-73965600,ENSG00000124356.11$STAMBP$chr2$74056086$+,0.49
chr2:74007200-74008600,ENSG00000124356.11$STAMBP$chr2$74056086$+,0.59
chr2:74051000-74053000,ENSG00000124356.11$STAMBP$chr2$74056086$+,0.62
chr2:74151400-74153600,ENSG00000124356.11$STAMBP$chr2$74056086$+,0.62
chr2:74171200-74172800,ENSG00000124356.11$STAMBP$chr2$74056086$+,0.53
chr2:71184400-71186800,ENSG00000124370.6$MCEE$chr2$71357369$-,0.39
chr2:71222600-71223400,ENSG00000124370.6$MCEE$chr2$71357369$-,0.41
chr2:71383000-71385000,ENSG00000124370.6$MCEE$chr2$71357369$-,0.61
chr2:71383000-71385000,ENSG00000124374.8$PAIP2B$chr2$71454213$-,0.42
chr2:71557800-71558800,ENSG00000124374.8$PAIP2B$chr2$71454213$-,0.52
chr2:71184400-71186800,ENSG00000124383.4$MPHOSPH10$chr2$71357444$+,0.37
chr2:71222600-71223400,ENSG00000124383.4$MPHOSPH10$chr2$71357444$+,0.35
chr2:71383000-71385000,ENSG00000124383.4$MPHOSPH10$chr2$71357444$+,0.61
chr16:88635000-88636200,ENSG00000124391.4$IL17C$chr16$88704999$+,0.41
chr16:88924400-88926800,ENSG00000124391.4$IL17C$chr16$88704999$+,0.37
chr19:43933400-43935400,ENSG00000124444.11$ZNF576$chr19$44100544$+,0.4
chr19:43950600-43952000,ENSG00000124444.11$ZNF576$chr19$44100544$+,0.46
chr19:44008600-44011000,ENSG00000124444.11$ZNF576$chr19$44100544$+,0.43
chr19:44035800-44037000,ENSG00000124444.11$ZNF576$chr19$44100544$+,0.42
chr19:44080000-44081600,ENSG00000124444.11$ZNF576$chr19$44100544$+,0.65
chr19:44124200-44126600,ENSG00000124444.11$ZNF576$chr19$44100544$+,0.58
chr19:44313400-44314400,ENSG00000124444.11$ZNF576$chr19$44100544$+,0.44
chr19:44315600-44317800,ENSG00000124444.11$ZNF576$chr19$44100544$+,0.38
chr19:44330200-44331800,ENSG00000124444.11$ZNF576$chr19$44100544$+,0.35
chr19:44313400-44314400,ENSG00000124459.7$ZNF45$chr19$44439430$-,0.44
chr19:44315600-44317800,ENSG00000124459.7$ZNF45$chr19$44439430$-,0.48
chr19:44330200-44331800,ENSG00000124459.7$ZNF45$chr19$44439430$-,0.47
chr19:44404400-44405800,ENSG00000124459.7$ZNF45$chr19$44439430$-,0.62
chr19:44455800-44457000,ENSG00000124459.7$ZNF45$chr19$44439430$-,0.55
chr19:44487400-44488200,ENSG00000124459.7$ZNF45$chr19$44439430$-,0.59
chr19:44489000-44490400,ENSG00000124459.7$ZNF45$chr19$44439430$-,0.62
chr19:44505400-44506600,ENSG00000124459.7$ZNF45$chr19$44439430$-,0.53
chr19:44507800-44509800,ENSG00000124459.7$ZNF45$chr19$44439430$-,0.56
chr19:44530000-44531400,ENSG00000124459.7$ZNF45$chr19$44439430$-,0.65
chr19:44575200-44575800,ENSG00000124459.7$ZNF45$chr19$44439430$-,0.53
chr19:44576800-44578000,ENSG00000124459.7$ZNF45$chr19$44439430$-,0.5
chrX:40957800-40959800,ENSG00000124486.8$USP9X$chrX$40944888$+,0.64
chrX:41111800-41113000,ENSG00000124486.8$USP9X$chrX$40944888$+,0.42
chrX:41113200-41113800,ENSG00000124486.8$USP9X$chrX$40944888$+,0.38
chrX:41791800-41793600,ENSG00000124486.8$USP9X$chrX$40944888$+,0.36
chr6:34130000-34132200,ENSG00000124493.9$GRM4$chr6$34123399$-,0.39
chr6:34157400-34158800,ENSG00000124493.9$GRM4$chr6$34123399$-,0.36
chr6:34455400-34456600,ENSG00000124507.6$PACSIN1$chr6$34433916$+,0.37
chr6:26239800-26241000,ENSG00000124508.12$BTN2A2$chr6$26383324$+,0.36
chr6:26314000-26314600,ENSG00000124508.12$BTN2A2$chr6$26383324$+,0.38
chr6:26400800-26402200,ENSG00000124508.12$BTN2A2$chr6$26383324$+,0.7
chr6:13575400-13577600,ENSG00000124523.10$SIRT5$chr6$13574816$+,0.36
chr6:13625000-13626200,ENSG00000124523.10$SIRT5$chr6$13574816$+,0.54
chr6:13649000-13650200,ENSG00000124523.10$SIRT5$chr6$13574816$+,0.4
chr6:25946400-25947800,ENSG00000124529.3$HIST1H4B$chr6$26027480$-,0.41
chr6:26042400-26044600,ENSG00000124529.3$HIST1H4B$chr6$26027480$-,0.66
chr6:26057200-26058800,ENSG00000124529.3$HIST1H4B$chr6$26027480$-,0.63
chr6:26085800-26087600,ENSG00000124529.3$HIST1H4B$chr6$26027480$-,0.58
chr6:26088200-26090400,ENSG00000124529.3$HIST1H4B$chr6$26027480$-,0.55
chr6:26115200-26117000,ENSG00000124529.3$HIST1H4B$chr6$26027480$-,0.46
chr6:26235600-26237400,ENSG00000124529.3$HIST1H4B$chr6$26027480$-,0.37
chr6:26239800-26241000,ENSG00000124529.3$HIST1H4B$chr6$26027480$-,0.37
chr6:24356800-24359000,ENSG00000124532.10$MRS2$chr6$24403153$+,0.48
chr6:24359800-24361600,ENSG00000124532.10$MRS2$chr6$24403153$+,0.5
chr6:2760800-2762400,ENSG00000124535.11$WRNIP1$chr6$2765648$+,0.68
chr6:2888200-2889200,ENSG00000124535.11$WRNIP1$chr6$2765648$+,0.35
chr6:2895400-2895600,ENSG00000124535.11$WRNIP1$chr6$2765648$+,0.43
chr6:42950800-42951600,ENSG00000124541.6$RRP36$chr6$42989383$+,0.46
chr6:43025200-43026800,ENSG00000124541.6$RRP36$chr6$42989383$+,0.64
chr6:43137600-43138400,ENSG00000124541.6$RRP36$chr6$42989383$+,0.36
chr6:26400800-26402200,ENSG00000124557.8$BTN1A1$chr6$26501449$+,0.4
chr6:26472600-26473800,ENSG00000124557.8$BTN1A1$chr6$26501449$+,0.46
chr6:26531400-26533200,ENSG00000124557.8$BTN1A1$chr6$26501449$+,0.57
chr6:26613400-26615600,ENSG00000124557.8$BTN1A1$chr6$26501449$+,0.43
chr6:26660400-26662000,ENSG00000124557.8$BTN1A1$chr6$26501449$+,0.37
chr6:34665200-34667200,ENSG00000124562.5$SNRPC$chr6$34725183$+,0.46
chr6:34671600-34673600,ENSG00000124562.5$SNRPC$chr6$34725183$+,0.6
chr6:34757800-34759200,ENSG00000124562.5$SNRPC$chr6$34725183$+,0.49
chr6:34760800-34762600,ENSG00000124562.5$SNRPC$chr6$34725183$+,0.51
chr6:34852800-34855200,ENSG00000124562.5$SNRPC$chr6$34725183$+,0.43
chr6:25852000-25852800,ENSG00000124564.13$SLC17A3$chr6$25882514$-,0.41
chr6:25858000-25858800,ENSG00000124564.13$SLC17A3$chr6$25882514$-,0.38
chr6:25946400-25947800,ENSG00000124564.13$SLC17A3$chr6$25882514$-,0.4
chr6:25852000-25852800,ENSG00000124568.6$SLC17A1$chr6$25832287$-,0.52
chr6:25858000-25858800,ENSG00000124568.6$SLC17A1$chr6$25832287$-,0.4
chr6:3058800-3060000,ENSG00000124570.13$SERPINB6$chr6$2972090$-,0.46
chr6:43298800-43301000,ENSG00000124571.13$XPO5$chr6$43543812$-,0.43
chr6:43393400-43395000,ENSG00000124571.13$XPO5$chr6$43543812$-,0.43
chr6:43485400-43487800,ENSG00000124571.13$XPO5$chr6$43543812$-,0.5
chr6:43602400-43603600,ENSG00000124571.13$XPO5$chr6$43543812$-,0.47
chr6:43655800-43657600,ENSG00000124571.13$XPO5$chr6$43543812$-,0.41
chr6:43298800-43301000,ENSG00000124574.10$ABCC10$chr6$43395104$+,0.45
chr6:43485400-43487800,ENSG00000124574.10$ABCC10$chr6$43395104$+,0.55
chr6:43602400-43603600,ENSG00000124574.10$ABCC10$chr6$43395104$+,0.4
chr6:26042400-26044600,ENSG00000124575.5$HIST1H1D$chr6$26235216$-,0.39
chr6:26057200-26058800,ENSG00000124575.5$HIST1H1D$chr6$26235216$-,0.38
chr6:26085800-26087600,ENSG00000124575.5$HIST1H1D$chr6$26235216$-,0.37
chr6:26088200-26090400,ENSG00000124575.5$HIST1H1D$chr6$26235216$-,0.37
chr6:26115200-26117000,ENSG00000124575.5$HIST1H1D$chr6$26235216$-,0.39
chr6:26180200-26182000,ENSG00000124575.5$HIST1H1D$chr6$26235216$-,0.49
chr6:26239800-26241000,ENSG00000124575.5$HIST1H1D$chr6$26235216$-,0.58
chr6:26314000-26314600,ENSG00000124575.5$HIST1H1D$chr6$26235216$-,0.47
chr6:26400800-26402200,ENSG00000124575.5$HIST1H1D$chr6$26235216$-,0.37
chr6:26472600-26473800,ENSG00000124575.5$HIST1H1D$chr6$26235216$-,0.4
chr6:26239800-26241000,ENSG00000124578.4$HIST1H4G$chr6$26247259$-,0.42
chr6:42950800-42951600,ENSG00000124587.9$PEX6$chr6$42946958$-,0.5
chr6:43025200-43026800,ENSG00000124587.9$PEX6$chr6$42946958$-,0.42
chr6:43137600-43138400,ENSG00000124587.9$PEX6$chr6$42946958$-,0.36
chr6:41886800-41888400,ENSG00000124593.10$PRICKLE4$chr6$41748087$+,0.36
chr6:44212600-44214000,ENSG00000124608.4$AARS2$chr6$44281063$-,0.47
chr6:44352400-44354800,ENSG00000124608.4$AARS2$chr6$44281063$-,0.45
chr6:44367200-44369400,ENSG00000124608.4$AARS2$chr6$44281063$-,0.52
chr6:44378000-44380200,ENSG00000124608.4$AARS2$chr6$44281063$-,0.46
chr6:26042400-26044600,ENSG00000124610.3$HIST1H1A$chr6$26018040$-,0.45
chr6:26057200-26058800,ENSG00000124610.3$HIST1H1A$chr6$26018040$-,0.47
chr6:27172800-27175200,ENSG00000124613.4$ZNF391$chr6$27342394$+,0.4
chr6:27205000-27207000,ENSG00000124613.4$ZNF391$chr6$27342394$+,0.43
chr6:27228000-27229600,ENSG00000124613.4$ZNF391$chr6$27342394$+,0.55
chr6:27247400-27249400,ENSG00000124613.4$ZNF391$chr6$27342394$+,0.49
chr6:27279200-27281000,ENSG00000124613.4$ZNF391$chr6$27342394$+,0.69
chr6:27355400-27356200,ENSG00000124613.4$ZNF391$chr6$27342394$+,0.66
chr6:27357200-27358600,ENSG00000124613.4$ZNF391$chr6$27342394$+,0.67
chr6:27444000-27446400,ENSG00000124613.4$ZNF391$chr6$27342394$+,0.52
chr6:27469000-27470400,ENSG00000124613.4$ZNF391$chr6$27342394$+,0.49
chr6:27481800-27483600,ENSG00000124613.4$ZNF391$chr6$27342394$+,0.46
chr6:27485400-27486600,ENSG00000124613.4$ZNF391$chr6$27342394$+,0.4
chr6:27487200-27488000,ENSG00000124613.4$ZNF391$chr6$27342394$+,0.44
chr6:27512200-27514000,ENSG00000124613.4$ZNF391$chr6$27342394$+,0.36
chr6:26988200-26989200,ENSG00000124635.7$HIST1H2BJ$chr6$27100541$-,0.43
chr6:27045400-27047200,ENSG00000124635.7$HIST1H2BJ$chr6$27100541$-,0.59
chr6:27059200-27060800,ENSG00000124635.7$HIST1H2BJ$chr6$27100541$-,0.54
chr6:27088200-27089400,ENSG00000124635.7$HIST1H2BJ$chr6$27100541$-,0.72
chr6:27115400-27117800,ENSG00000124635.7$HIST1H2BJ$chr6$27100541$-,0.66
chr6:27143400-27145000,ENSG00000124635.7$HIST1H2BJ$chr6$27100541$-,0.53
chr6:27154800-27155800,ENSG00000124635.7$HIST1H2BJ$chr6$27100541$-,0.55
chr6:27156600-27158400,ENSG00000124635.7$HIST1H2BJ$chr6$27100541$-,0.5
chr6:27172800-27175200,ENSG00000124635.7$HIST1H2BJ$chr6$27100541$-,0.55
chr6:27205000-27207000,ENSG00000124635.7$HIST1H2BJ$chr6$27100541$-,0.53
chr6:27228000-27229600,ENSG00000124635.7$HIST1H2BJ$chr6$27100541$-,0.56
chr6:27247400-27249400,ENSG00000124635.7$HIST1H2BJ$chr6$27100541$-,0.53
chr6:27279200-27281000,ENSG00000124635.7$HIST1H2BJ$chr6$27100541$-,0.41
chr6:41886800-41888400,ENSG00000124641.10$MED20$chr6$41888877$-,0.41
chr6:41919800-41921800,ENSG00000124641.10$MED20$chr6$41888877$-,0.57
chr6:41964200-41966200,ENSG00000124641.10$MED20$chr6$41888877$-,0.49
chr6:41968600-41970600,ENSG00000124641.10$MED20$chr6$41888877$-,0.52
chr6:27792800-27794600,ENSG00000124657.1$OR2B6$chr6$27925019$+,0.36
chr6:27796400-27798400,ENSG00000124657.1$OR2B6$chr6$27925019$+,0.36
chr6:43025200-43026800,ENSG00000124659.5$TBCC$chr6$42714558$-,0.38
chr6:43485400-43487800,ENSG00000124688.9$MAD2L1BP$chr6$43597277$+,0.39
chr6:43602400-43603600,ENSG00000124688.9$MAD2L1BP$chr6$43597277$+,0.65
chr6:43655800-43657600,ENSG00000124688.9$MAD2L1BP$chr6$43597277$+,0.44
chr6:26042400-26044600,ENSG00000124693.2$HIST1H3B$chr6$26032288$-,0.51
chr6:26057200-26058800,ENSG00000124693.2$HIST1H3B$chr6$26032288$-,0.62
chr6:26085800-26087600,ENSG00000124693.2$HIST1H3B$chr6$26032288$-,0.48
chr6:26088200-26090400,ENSG00000124693.2$HIST1H3B$chr6$26032288$-,0.46
chr6:26115200-26117000,ENSG00000124693.2$HIST1H3B$chr6$26032288$-,0.37
chr6:26180200-26182000,ENSG00000124693.2$HIST1H3B$chr6$26032288$-,0.39
chr6:41037000-41039200,ENSG00000124701.5$APOBEC2$chr6$41021043$+,0.64
chr6:41114800-41116800,ENSG00000124701.5$APOBEC2$chr6$41021043$+,0.35
chr6:42950800-42951600,ENSG00000124702.13$KLHDC3$chr6$42981951$+,0.47
chr6:43025200-43026800,ENSG00000124702.13$KLHDC3$chr6$42981951$+,0.51
chr6:43137600-43138400,ENSG00000124702.13$KLHDC3$chr6$42981951$+,0.59
chr6:42950800-42951600,ENSG00000124713.5$GNMT$chr6$42928496$+,0.37
chr6:38576000-38576200,ENSG00000124721.13$DNAH8$chr6$38683117$+,0.44
chr6:38608200-38610400,ENSG00000124721.13$DNAH8$chr6$38683117$+,0.37
chr6:38665400-38667000,ENSG00000124721.13$DNAH8$chr6$38683117$+,0.61
chr6:38668000-38670400,ENSG00000124721.13$DNAH8$chr6$38683117$+,0.62
chr6:38671000-38672400,ENSG00000124721.13$DNAH8$chr6$38683117$+,0.69
chr6:38839600-38841400,ENSG00000124721.13$DNAH8$chr6$38683117$+,0.44
chr6:42950800-42951600,ENSG00000124733.3$MEA1$chr6$42981706$-,0.47
chr6:43025200-43026800,ENSG00000124733.3$MEA1$chr6$42981706$-,0.42
chr6:43137600-43138400,ENSG00000124733.3$MEA1$chr6$42981706$-,0.38
chr6:21586000-21587800,ENSG00000124766.4$SOX4$chr6$21593972$+,0.53
chr6:38576000-38576200,ENSG00000124767.6$GLO1$chr6$38670917$-,0.45
chr6:38608200-38610400,ENSG00000124767.6$GLO1$chr6$38670917$-,0.53
chr6:38665400-38667000,ENSG00000124767.6$GLO1$chr6$38670917$-,0.58
chr6:38668000-38670400,ENSG00000124767.6$GLO1$chr6$38670917$-,0.35
chr6:36843000-36844400,ENSG00000124772.7$CPNE5$chr6$36807778$-,0.41
chr6:36852400-36853600,ENSG00000124772.7$CPNE5$chr6$36807778$-,0.39
chr6:7073400-7075200,ENSG00000124782.15$RREB1$chr6$7107830$+,0.66
chr6:7281400-7283200,ENSG00000124782.15$RREB1$chr6$7107830$+,0.52
chr6:7305000-7306200,ENSG00000124782.15$RREB1$chr6$7107830$+,0.37
chr6:7305000-7306200,ENSG00000124783.8$SSR1$chr6$7347679$-,0.36
chr6:7388200-7389400,ENSG00000124783.8$SSR1$chr6$7347679$-,0.54
chr6:7281400-7283200,ENSG00000124784.4$RIOK1$chr6$7389729$+,0.48
chr6:7305000-7306200,ENSG00000124784.4$RIOK1$chr6$7389729$+,0.49
chr6:4840200-4840800,ENSG00000124787.9$RPP40$chr6$5004297$-,0.39
chr6:4841000-4842000,ENSG00000124787.9$RPP40$chr6$5004297$-,0.43
chr6:17599600-17600200,ENSG00000124789.7$NUP153$chr6$17706656$-,0.39
chr6:17683400-17685600,ENSG00000124789.7$NUP153$chr6$17706656$-,0.66
chr6:17696600-17696800,ENSG00000124789.7$NUP153$chr6$17706656$-,0.68
chr6:18115000-18116600,ENSG00000124795.10$DEK$chr6$18265054$-,0.4
chr6:18248800-18249000,ENSG00000124795.10$DEK$chr6$18265054$-,0.67
chr6:8061600-8064000,ENSG00000124802.7$EEF1E1$chr6$8102811$-,0.57
chr6:47598400-47600400,ENSG00000124818.10$OPN5$chr6$47749718$+,0.37
chr6:47748000-47749400,ENSG00000124818.10$OPN5$chr6$47749718$+,0.43
chr2:238329800-238332000,ENSG00000124839.8$RAB17$chr2$238510257$-,0.39
chr2:238345800-238347800,ENSG00000124839.8$RAB17$chr2$238510257$-,0.44
chr2:238383800-238385600,ENSG00000124839.8$RAB17$chr2$238510257$-,0.42
chr4:75263000-75263800,ENSG00000124882.3$EREG$chr4$75230860$+,0.86
chr11:62359600-62362000,ENSG00000124942.9$AHNAK$chr11$62323707$-,0.55
chr11:62386400-62388800,ENSG00000124942.9$AHNAK$chr11$62323707$-,0.4
chr11:62418200-62420200,ENSG00000124942.9$AHNAK$chr11$62323707$-,0.44
chr11:62429600-62432000,ENSG00000124942.9$AHNAK$chr11$62323707$-,0.41
chr11:62443600-62446000,ENSG00000124942.9$AHNAK$chr11$62323707$-,0.41
chr11:62446800-62449200,ENSG00000124942.9$AHNAK$chr11$62323707$-,0.43
chr11:62486400-62488600,ENSG00000124942.9$AHNAK$chr11$62323707$-,0.37
chr11:62522000-62524400,ENSG00000124942.9$AHNAK$chr11$62323707$-,0.36
chr11:62527800-62529000,ENSG00000124942.9$AHNAK$chr11$62323707$-,0.36
chr11:62536800-62538200,ENSG00000124942.9$AHNAK$chr11$62323707$-,0.38
chr3:10028800-10030600,ENSG00000125037.8$EMC3$chr3$10052800$-,0.52
chr3:10068600-10070600,ENSG00000125037.8$EMC3$chr3$10052800$-,0.53
chr12:49413000-49415400,ENSG00000125084.7$WNT1$chr12$49372398$+,0.47
chr12:49437000-49439000,ENSG00000125084.7$WNT1$chr12$49372398$+,0.46
chr12:49462400-49463400,ENSG00000125084.7$WNT1$chr12$49372398$+,0.54
chr16:58718600-58719400,ENSG00000125107.12$CNOT1$chr16$58663790$-,0.68
chr16:58789200-58791200,ENSG00000125107.12$CNOT1$chr16$58663790$-,0.36
chr16:67141800-67143400,ENSG00000125122.10$LRRC29$chr16$67260951$-,0.6
chr16:56486200-56488200,ENSG00000125124.7$BBS2$chr16$56554195$-,0.53
chr16:56634200-56636200,ENSG00000125124.7$BBS2$chr16$56554195$-,0.48
chr16:56676400-56678800,ENSG00000125124.7$BBS2$chr16$56554195$-,0.44
chr16:56735200-56737200,ENSG00000125124.7$BBS2$chr16$56554195$-,0.38
chr16:56676400-56678800,ENSG00000125144.9$MT1G$chr16$56701977$-,0.36
chr16:56634200-56636200,ENSG00000125148.6$MT2A$chr16$56642111$+,0.44
chr16:67017400-67019800,ENSG00000125149.7$C16orf70$chr16$67143861$+,0.37
chr16:67060200-67062600,ENSG00000125149.7$C16orf70$chr16$67143861$+,0.41
chr16:58664600-58665800,ENSG00000125166.8$GOT2$chr16$58768261$-,0.55
chr16:58718600-58719400,ENSG00000125166.8$GOT2$chr16$58768261$-,0.57
chr16:58789200-58791200,ENSG00000125166.8$GOT2$chr16$58768261$-,0.63
chr16:58847800-58850000,ENSG00000125166.8$GOT2$chr16$58768261$-,0.53
chr16:57495800-57496600,ENSG00000125170.6$DOK4$chr16$57521239$-,0.45
chr13:100151400-100153200,ENSG00000125245.8$GPR18$chr13$99913998$-,0.37
chr13:100217600-100219800,ENSG00000125246.11$CLYBL$chr13$100258919$+,0.6
chr13:101157600-101160000,ENSG00000125247.11$TMTC4$chr13$101327347$-,0.38
chr13:101225000-101226600,ENSG00000125247.11$TMTC4$chr13$101327347$-,0.38
chr13:101233000-101235000,ENSG00000125247.11$TMTC4$chr13$101327347$-,0.58
chr13:96032400-96034200,ENSG00000125257.9$ABCC4$chr13$95953687$-,0.36
chr13:96055200-96057600,ENSG00000125257.9$ABCC4$chr13$95953687$-,0.38
chr13:100135800-100138000,ENSG00000125304.8$TM9SF2$chr13$100153671$+,0.62
chr13:100151400-100153200,ENSG00000125304.8$TM9SF2$chr13$100153671$+,0.36
chr13:100217600-100219800,ENSG00000125304.8$TM9SF2$chr13$100153671$+,0.51
chr13:100257000-100258600,ENSG00000125304.8$TM9SF2$chr13$100153671$+,0.42
chr13:100258800-100261000,ENSG00000125304.8$TM9SF2$chr13$100153671$+,0.39
chr17:42071600-42073800,ENSG00000125319.10$C17orf53$chr17$42219274$+,0.48
chr17:42092400-42093400,ENSG00000125319.10$C17orf53$chr17$42219274$+,0.4
chr17:42110800-42112000,ENSG00000125319.10$C17orf53$chr17$42219274$+,0.35
chr17:42201600-42202400,ENSG00000125319.10$C17orf53$chr17$42219274$+,0.75
chr17:42265000-42267000,ENSG00000125319.10$C17orf53$chr17$42219274$+,0.47
chr17:42274000-42276400,ENSG00000125319.10$C17orf53$chr17$42219274$+,0.47
chr5:131856200-131856800,ENSG00000125347.9$IRF1$chr5$131826490$-,0.6
chr5:131891600-131892400,ENSG00000125347.9$IRF1$chr5$131826490$-,0.62
chrX:118740600-118741600,ENSG00000125351.6$UPF3B$chrX$118986961$-,0.36
chrX:118783800-118785400,ENSG00000125351.6$UPF3B$chrX$118986961$-,0.4
chrX:118860600-118861800,ENSG00000125351.6$UPF3B$chrX$118986961$-,0.49
chrX:118926400-118927800,ENSG00000125351.6$UPF3B$chrX$118986961$-,0.57
chrX:118955000-118956800,ENSG00000125351.6$UPF3B$chrX$118986961$-,0.55
chrX:119002200-119004400,ENSG00000125351.6$UPF3B$chrX$118986961$-,0.72
chrX:119013600-119015400,ENSG00000125351.6$UPF3B$chrX$118986961$-,0.57
chrX:119074600-119076800,ENSG00000125351.6$UPF3B$chrX$118986961$-,0.52
chrX:119077800-119078800,ENSG00000125351.6$UPF3B$chrX$118986961$-,0.55
chrX:119133200-119135600,ENSG00000125351.6$UPF3B$chrX$118986961$-,0.54
chrX:118783800-118785400,ENSG00000125352.4$RNF113A$chrX$119005791$-,0.37
chrX:118860600-118861800,ENSG00000125352.4$RNF113A$chrX$119005791$-,0.44
chrX:118926400-118927800,ENSG00000125352.4$RNF113A$chrX$119005791$-,0.52
chrX:118955000-118956800,ENSG00000125352.4$RNF113A$chrX$119005791$-,0.5
chrX:118984600-118986200,ENSG00000125352.4$RNF113A$chrX$119005791$-,0.5
chrX:119002200-119004400,ENSG00000125352.4$RNF113A$chrX$119005791$-,0.5
chrX:119013600-119015400,ENSG00000125352.4$RNF113A$chrX$119005791$-,0.6
chrX:119074600-119076800,ENSG00000125352.4$RNF113A$chrX$119005791$-,0.46
chrX:119077800-119078800,ENSG00000125352.4$RNF113A$chrX$119005791$-,0.44
chrX:119133200-119135600,ENSG00000125352.4$RNF113A$chrX$119005791$-,0.47
chrX:119148600-119150600,ENSG00000125352.4$RNF113A$chrX$119005791$-,0.39
chrX:118603600-118605000,ENSG00000125354.18$SEPT6$chrX$118827333$-,0.37
chrX:118696800-118698800,ENSG00000125354.18$SEPT6$chrX$118827333$-,0.44
chrX:118706600-118708000,ENSG00000125354.18$SEPT6$chrX$118827333$-,0.51
chrX:118709200-118711400,ENSG00000125354.18$SEPT6$chrX$118827333$-,0.45
chrX:118740600-118741600,ENSG00000125354.18$SEPT6$chrX$118827333$-,0.46
chrX:118783800-118785400,ENSG00000125354.18$SEPT6$chrX$118827333$-,0.45
chrX:118860600-118861800,ENSG00000125354.18$SEPT6$chrX$118827333$-,0.62
chrX:118926400-118927800,ENSG00000125354.18$SEPT6$chrX$118827333$-,0.54
chrX:118955000-118956800,ENSG00000125354.18$SEPT6$chrX$118827333$-,0.56
chrX:118984600-118986200,ENSG00000125354.18$SEPT6$chrX$118827333$-,0.54
chrX:119002200-119004400,ENSG00000125354.18$SEPT6$chrX$118827333$-,0.42
chrX:119386000-119388000,ENSG00000125355.11$TMEM255A$chrX$119445411$-,0.38
chrX:119427600-119429800,ENSG00000125355.11$TMEM255A$chrX$119445411$-,0.54
chrX:119478200-119479400,ENSG00000125355.11$TMEM255A$chrX$119445411$-,0.51
chrX:118783800-118785400,ENSG00000125356.6$NDUFA1$chrX$119005450$+,0.36
chrX:118860600-118861800,ENSG00000125356.6$NDUFA1$chrX$119005450$+,0.45
chrX:118926400-118927800,ENSG00000125356.6$NDUFA1$chrX$119005450$+,0.54
chrX:118955000-118956800,ENSG00000125356.6$NDUFA1$chrX$119005450$+,0.52
chrX:118984600-118986200,ENSG00000125356.6$NDUFA1$chrX$119005450$+,0.52
chrX:119002200-119004400,ENSG00000125356.6$NDUFA1$chrX$119005450$+,0.39
chrX:119013600-119015400,ENSG00000125356.6$NDUFA1$chrX$119005450$+,0.62
chrX:119074600-119076800,ENSG00000125356.6$NDUFA1$chrX$119005450$+,0.47
chrX:119077800-119078800,ENSG00000125356.6$NDUFA1$chrX$119005450$+,0.44
chrX:119133200-119135600,ENSG00000125356.6$NDUFA1$chrX$119005450$+,0.47
chrX:119148600-119150600,ENSG00000125356.6$NDUFA1$chrX$119005450$+,0.41
chr14:50699000-50701200,ENSG00000125375.10$ATP5S$chr14$50779044$+,0.66
chr14:50776600-50778400,ENSG00000125375.10$ATP5S$chr14$50779044$+,0.46
chr14:50779800-50781400,ENSG00000125375.10$ATP5S$chr14$50779044$+,0.38
chr14:51025200-51027000,ENSG00000125375.10$ATP5S$chr14$50779044$+,0.35
chr14:52614400-52615400,ENSG00000125384.6$PTGER2$chr14$52781023$+,0.42
chr14:52686200-52688400,ENSG00000125384.6$PTGER2$chr14$52781023$+,0.43
chr14:52713600-52715800,ENSG00000125384.6$PTGER2$chr14$52781023$+,0.37
chr14:52804600-52806200,ENSG00000125384.6$PTGER2$chr14$52781023$+,0.66
chr14:52826600-52828000,ENSG00000125384.6$PTGER2$chr14$52781023$+,0.57
chr14:52835400-52837800,ENSG00000125384.6$PTGER2$chr14$52781023$+,0.59
chr14:52848800-52849800,ENSG00000125384.6$PTGER2$chr14$52781023$+,0.38
chr4:2843000-2844800,ENSG00000125388.15$GRK4$chr4$2965335$+,0.36
chr4:3193200-3195000,ENSG00000125388.15$GRK4$chr4$2965335$+,0.35
chr17:13988600-13990400,ENSG00000125430.4$HS3ST3B1$chr17$14204400$+,0.37
chr17:14067400-14069800,ENSG00000125430.4$HS3ST3B1$chr17$14204400$+,0.39
chr17:14085800-14086000,ENSG00000125430.4$HS3ST3B1$chr17$14204400$+,0.39
chr17:14098000-14099000,ENSG00000125430.4$HS3ST3B1$chr17$14204400$+,0.36
chr17:14114400-14115800,ENSG00000125430.4$HS3ST3B1$chr17$14204400$+,0.48
chr17:14228200-14230000,ENSG00000125430.4$HS3ST3B1$chr17$14204400$+,0.63
chr17:14307000-14309200,ENSG00000125430.4$HS3ST3B1$chr17$14204400$+,0.44
chr17:8074400-8076800,ENSG00000125434.6$SLC25A35$chr17$8198661$-,0.38
chr17:8080000-8081600,ENSG00000125434.6$SLC25A35$chr17$8198661$-,0.38
chr17:8098600-8100800,ENSG00000125434.6$SLC25A35$chr17$8198661$-,0.42
chr17:8102400-8103600,ENSG00000125434.6$SLC25A35$chr17$8198661$-,0.37
chr17:8103800-8105400,ENSG00000125434.6$SLC25A35$chr17$8198661$-,0.41
chr17:8153000-8155200,ENSG00000125434.6$SLC25A35$chr17$8198661$-,0.55
chr17:8190400-8191600,ENSG00000125434.6$SLC25A35$chr17$8198661$-,0.55
chr17:8278000-8279600,ENSG00000125434.6$SLC25A35$chr17$8198661$-,0.58
chr17:8354800-8357000,ENSG00000125434.6$SLC25A35$chr17$8198661$-,0.5
chr17:73044200-73046200,ENSG00000125447.12$GGA3$chr17$73258444$-,0.35
chr17:73104200-73105600,ENSG00000125447.12$GGA3$chr17$73258444$-,0.43
chr17:73172600-73173200,ENSG00000125447.12$GGA3$chr17$73258444$-,0.43
chr17:73179400-73181000,ENSG00000125447.12$GGA3$chr17$73258444$-,0.48
chr17:73199800-73201200,ENSG00000125447.12$GGA3$chr17$73258444$-,0.5
chr17:73282800-73285000,ENSG00000125447.12$GGA3$chr17$73258444$-,0.64
chr17:73431000-73433000,ENSG00000125447.12$GGA3$chr17$73258444$-,0.38
chr17:73044200-73046200,ENSG00000125449.2$ARMC7$chr17$73106047$+,0.56
chr17:73172600-73173200,ENSG00000125449.2$ARMC7$chr17$73106047$+,0.48
chr17:73179400-73181000,ENSG00000125449.2$ARMC7$chr17$73106047$+,0.44
chr17:73199800-73201200,ENSG00000125449.2$ARMC7$chr17$73106047$+,0.44
chr17:73258600-73260600,ENSG00000125449.2$ARMC7$chr17$73106047$+,0.39
chr17:73044200-73046200,ENSG00000125450.6$NUP85$chr17$73201754$+,0.48
chr17:73104200-73105600,ENSG00000125450.6$NUP85$chr17$73201754$+,0.38
chr17:73172600-73173200,ENSG00000125450.6$NUP85$chr17$73201754$+,0.54
chr17:73179400-73181000,ENSG00000125450.6$NUP85$chr17$73201754$+,0.59
chr17:73258600-73260600,ENSG00000125450.6$NUP85$chr17$73201754$+,0.4
chr17:73172600-73173200,ENSG00000125454.7$SLC25A19$chr17$73285591$-,0.39
chr17:73179400-73181000,ENSG00000125454.7$SLC25A19$chr17$73285591$-,0.55
chr17:73199800-73201200,ENSG00000125454.7$SLC25A19$chr17$73285591$-,0.52
chr17:73258600-73260600,ENSG00000125454.7$SLC25A19$chr17$73285591$-,0.74
chr17:73431000-73433000,ENSG00000125454.7$SLC25A19$chr17$73285591$-,0.4
chr17:73172600-73173200,ENSG00000125457.9$MIF4GD$chr17$73267308$-,0.45
chr17:73179400-73181000,ENSG00000125457.9$MIF4GD$chr17$73267308$-,0.52
chr17:73199800-73201200,ENSG00000125457.9$MIF4GD$chr17$73267308$-,0.49
chr17:73258600-73260600,ENSG00000125457.9$MIF4GD$chr17$73267308$-,0.73
chr17:73282800-73285000,ENSG00000125457.9$MIF4GD$chr17$73267308$-,0.65
chr17:72978400-72980200,ENSG00000125458.2$NT5C$chr17$73127890$-,0.41
chr17:73044200-73046200,ENSG00000125458.2$NT5C$chr17$73127890$-,0.45
chr17:73104200-73105600,ENSG00000125458.2$NT5C$chr17$73127890$-,0.49
chr17:73172600-73173200,ENSG00000125458.2$NT5C$chr17$73127890$-,0.48
chr17:73179400-73181000,ENSG00000125458.2$NT5C$chr17$73127890$-,0.38
chr1:155477200-155479600,ENSG00000125459.10$MSTO1$chr1$155579979$+,0.38
chr1:155488000-155489800,ENSG00000125459.10$MSTO1$chr1$155579979$+,0.38
chr1:155502800-155503400,ENSG00000125459.10$MSTO1$chr1$155579979$+,0.44
chr1:155539400-155541400,ENSG00000125459.10$MSTO1$chr1$155579979$+,0.56
chr1:155582000-155583400,ENSG00000125459.10$MSTO1$chr1$155579979$+,0.6
chr1:155651200-155652400,ENSG00000125459.10$MSTO1$chr1$155579979$+,0.56
chr1:155713800-155715000,ENSG00000125459.10$MSTO1$chr1$155579979$+,0.45
chr1:156415400-156416400,ENSG00000125462.12$C1orf61$chr1$156400493$-,0.37
chr1:156425000-156426600,ENSG00000125462.12$C1orf61$chr1$156400493$-,0.38
chr9:135168200-135170600,ENSG00000125482.8$TTF1$chr9$135282209$-,0.35
chr9:135187600-135189600,ENSG00000125482.8$TTF1$chr9$135282209$-,0.41
chr9:135643600-135645200,ENSG00000125484.7$GTF3C4$chr9$135545422$+,0.55
chr9:135645600-135647200,ENSG00000125484.7$GTF3C4$chr9$135545422$+,0.58
chr9:135752600-135753400,ENSG00000125484.7$GTF3C4$chr9$135545422$+,0.38
chr9:135542600-135544800,ENSG00000125485.13$DDX31$chr9$135545788$-,0.36
chr9:135643600-135645200,ENSG00000125485.13$DDX31$chr9$135545788$-,0.62
chr9:135645600-135647200,ENSG00000125485.13$DDX31$chr9$135545788$-,0.61
chr9:135542600-135544800,ENSG00000125492.5$BARHL1$chr9$135457572$+,0.41
chr19:54616600-54618400,ENSG00000125505.12$MBOAT7$chr19$54693733$-,0.58
chr19:54619600-54621200,ENSG00000125505.12$MBOAT7$chr19$54693733$-,0.54
chr19:54670200-54672600,ENSG00000125505.12$MBOAT7$chr19$54693733$-,0.74
chr19:54695800-54698000,ENSG00000125505.12$MBOAT7$chr19$54693733$-,0.52
chr19:54703000-54704400,ENSG00000125505.12$MBOAT7$chr19$54693733$-,0.75
chr19:54895000-54896000,ENSG00000125505.12$MBOAT7$chr19$54693733$-,0.43
chr20:62554600-62556800,ENSG00000125510.11$OPRL1$chr20$62711526$+,0.41
chr20:62750600-62752600,ENSG00000125510.11$OPRL1$chr20$62711526$+,0.68
chr20:62153000-62155400,ENSG00000125520.9$SLC2A4RG$chr20$62371214$+,0.36
chr20:62344800-62347000,ENSG00000125520.9$SLC2A4RG$chr20$62371214$+,0.56
chr20:62412400-62414400,ENSG00000125520.9$SLC2A4RG$chr20$62371214$+,0.62
chr20:62153000-62155400,ENSG00000125531.5$C20orf195$chr20$62184373$+,0.68
chr20:62211800-62213200,ENSG00000125531.5$C20orf195$chr20$62184373$+,0.6
chr20:61848000-61849800,ENSG00000125533.4$BHLHE23$chr20$61638387$-,0.37
chr20:62153000-62155400,ENSG00000125534.5$PPDPF$chr20$62152077$+,0.36
chr20:62211800-62213200,ENSG00000125534.5$PPDPF$chr20$62152077$+,0.45
chr20:62344800-62347000,ENSG00000125534.5$PPDPF$chr20$62152077$+,0.39
chr2:113525200-113526800,ENSG00000125538.7$IL1B$chr2$113594480$-,0.37
chr2:113672000-113674200,ENSG00000125571.5$IL37$chr2$113670548$+,0.44
chr2:113187800-113188400,ENSG00000125611.11$CHCHD5$chr2$113341817$+,0.41
chr2:113237200-113238800,ENSG00000125611.11$CHCHD5$chr2$113341817$+,0.38
chr2:113298200-113299400,ENSG00000125611.11$CHCHD5$chr2$113341817$+,0.5
chr2:118925800-118928000,ENSG00000125629.10$INSIG2$chr2$118846028$+,0.52
chr2:113187800-113188400,ENSG00000125630.11$POLR1B$chr2$113299492$+,0.48
chr2:113237200-113238800,ENSG00000125630.11$POLR1B$chr2$113299492$+,0.42
chr2:113339400-113341400,ENSG00000125630.11$POLR1B$chr2$113299492$+,0.48
chr2:113525200-113526800,ENSG00000125630.11$POLR1B$chr2$113299492$+,0.42
chr2:118593000-118595400,ENSG00000125633.6$CCDC93$chr2$118771709$-,0.43
chr2:118925800-118928000,ENSG00000125633.6$CCDC93$chr2$118771709$-,0.4
chr2:113773000-113774600,ENSG00000125637.11$PSD4$chr2$113914902$+,0.5
chr2:113855000-113857200,ENSG00000125637.11$PSD4$chr2$113914902$+,0.46
chr2:113953200-113954400,ENSG00000125637.11$PSD4$chr2$113914902$+,0.56
chr19:6425200-6427200,ENSG00000125648.10$SLC25A23$chr19$6465214$-,0.45
chr19:6429400-6430200,ENSG00000125648.10$SLC25A23$chr19$6465214$-,0.44
chr19:6457400-6459800,ENSG00000125648.10$SLC25A23$chr19$6465214$-,0.48
chr19:6489200-6490400,ENSG00000125648.10$SLC25A23$chr19$6465214$-,0.39
chr19:6390600-6392600,ENSG00000125650.4$PSPN$chr19$6379069$-,0.43
chr19:6111200-6112600,ENSG00000125651.9$GTF2F1$chr19$6393992$-,0.42
chr19:6279600-6281000,ENSG00000125651.9$GTF2F1$chr19$6393992$-,0.48
chr19:6360800-6361400,ENSG00000125651.9$GTF2F1$chr19$6393992$-,0.38
chr19:6425200-6427200,ENSG00000125651.9$GTF2F1$chr19$6393992$-,0.63
chr19:6429400-6430200,ENSG00000125651.9$GTF2F1$chr19$6393992$-,0.64
chr19:6457400-6459800,ENSG00000125651.9$GTF2F1$chr19$6393992$-,0.55
chr19:6489200-6490400,ENSG00000125651.9$GTF2F1$chr19$6393992$-,0.48
chr19:6279600-6281000,ENSG00000125652.3$ALKBH7$chr19$6372444$+,0.38
chr19:6360800-6361400,ENSG00000125652.3$ALKBH7$chr19$6372444$+,0.45
chr19:6390600-6392600,ENSG00000125652.3$ALKBH7$chr19$6372444$+,0.63
chr19:6425200-6427200,ENSG00000125652.3$ALKBH7$chr19$6372444$+,0.59
chr19:6429400-6430200,ENSG00000125652.3$ALKBH7$chr19$6372444$+,0.53
chr19:6457400-6459800,ENSG00000125652.3$ALKBH7$chr19$6372444$+,0.4
chr19:6489200-6490400,ENSG00000125652.3$ALKBH7$chr19$6372444$+,0.39
chr19:6111200-6112600,ENSG00000125656.4$CLPP$chr19$6361463$+,0.43
chr19:6279600-6281000,ENSG00000125656.4$CLPP$chr19$6361463$+,0.54
chr19:6390600-6392600,ENSG00000125656.4$CLPP$chr19$6361463$+,0.5
chr19:6425200-6427200,ENSG00000125656.4$CLPP$chr19$6361463$+,0.56
chr19:6429400-6430200,ENSG00000125656.4$CLPP$chr19$6361463$+,0.57
chr19:6457400-6459800,ENSG00000125656.4$CLPP$chr19$6361463$+,0.67
chr19:6489200-6490400,ENSG00000125656.4$CLPP$chr19$6361463$+,0.4
chr19:6598000-6598600,ENSG00000125656.4$CLPP$chr19$6361463$+,0.36
chr19:6425200-6427200,ENSG00000125657.3$TNFSF9$chr19$6531010$+,0.35
chr19:6429400-6430200,ENSG00000125657.3$TNFSF9$chr19$6531010$+,0.37
chr19:6489200-6490400,ENSG00000125657.3$TNFSF9$chr19$6531010$+,0.54
chr19:6598000-6598600,ENSG00000125657.3$TNFSF9$chr19$6531010$+,0.4
chrX:122723800-122725600,ENSG00000125676.15$THOC2$chrX$122866906$-,0.4
chrX:122792000-122793000,ENSG00000125676.15$THOC2$chrX$122866906$-,0.45
chrX:122851600-122852800,ENSG00000125676.15$THOC2$chrX$122866906$-,0.66
chrX:122992400-122993600,ENSG00000125676.15$THOC2$chrX$122866906$-,0.45
chrX:123006000-123008200,ENSG00000125676.15$THOC2$chrX$122866906$-,0.37
chrX:123156600-123159000,ENSG00000125676.15$THOC2$chrX$122866906$-,0.35
chr17:37529200-37530000,ENSG00000125686.7$MED1$chr17$37607539$-,0.54
chr17:37558800-37560000,ENSG00000125686.7$MED1$chr17$37607539$-,0.6
chr17:38374000-38375400,ENSG00000125686.7$MED1$chr17$37607539$-,0.37
chr17:61626000-61627000,ENSG00000125695.12$RP11-51F16.8$chr17$61829457$-,0.38
chr17:61698000-61699400,ENSG00000125695.12$RP11-51F16.8$chr17$61829457$-,0.38
chr17:61816600-61818400,ENSG00000125695.12$RP11-51F16.8$chr17$61829457$-,0.51
chr17:61844400-61846800,ENSG00000125695.12$RP11-51F16.8$chr17$61829457$-,0.65
chr17:61901400-61903800,ENSG00000125695.12$RP11-51F16.8$chr17$61829457$-,0.41
chr1:63373600-63374800,ENSG00000125703.10$ATG4C$chr1$63249806$+,0.4
chr19:6457400-6459800,ENSG00000125726.6$CD70$chr19$6604114$-,0.46
chr19:6489200-6490400,ENSG00000125726.6$CD70$chr19$6604114$-,0.39
chr19:6598000-6598600,ENSG00000125726.6$CD70$chr19$6604114$-,0.53
chr19:6649000-6649600,ENSG00000125726.6$CD70$chr19$6604114$-,0.41
chr19:6598000-6598600,ENSG00000125731.8$SH2D3A$chr19$6767599$-,0.36
chr19:6808400-6810800,ENSG00000125731.8$SH2D3A$chr19$6767599$-,0.54
chr19:6925200-6927200,ENSG00000125731.8$SH2D3A$chr19$6767599$-,0.35
chr19:6425200-6427200,ENSG00000125733.13$TRIP10$chr19$6737936$+,0.35
chr19:6598000-6598600,ENSG00000125733.13$TRIP10$chr19$6737936$+,0.48
chr19:6808400-6810800,ENSG00000125733.13$TRIP10$chr19$6737936$+,0.39
chr19:6925200-6927200,ENSG00000125733.13$TRIP10$chr19$6737936$+,0.4
chr19:6598000-6598600,ENSG00000125734.9$GPR108$chr19$6737614$-,0.48
chr19:6649000-6649600,ENSG00000125734.9$GPR108$chr19$6737614$-,0.36
chr19:6425200-6427200,ENSG00000125735.6$TNFSF14$chr19$6670599$-,0.46
chr19:6429400-6430200,ENSG00000125735.6$TNFSF14$chr19$6670599$-,0.42
chr19:6457400-6459800,ENSG00000125735.6$TNFSF14$chr19$6670599$-,0.45
chr19:6489200-6490400,ENSG00000125735.6$TNFSF14$chr19$6670599$-,0.45
chr19:6598000-6598600,ENSG00000125735.6$TNFSF14$chr19$6670599$-,0.56
chr19:6649000-6649600,ENSG00000125735.6$TNFSF14$chr19$6670599$-,0.68
chr19:6808400-6810800,ENSG00000125735.6$TNFSF14$chr19$6670599$-,0.5
chr19:45841600-45842800,ENSG00000125740.9$FOSB$chr19$45971253$+,0.48
chr19:45871200-45873400,ENSG00000125740.9$FOSB$chr19$45971253$+,0.48
chr19:46088600-46089200,ENSG00000125740.9$FOSB$chr19$45971253$+,0.47
chr19:46110000-46111200,ENSG00000125740.9$FOSB$chr19$45971253$+,0.5
chr19:46088600-46089200,ENSG00000125741.4$OPA3$chr19$46105470$-,0.35
chr19:46110000-46111200,ENSG00000125741.4$OPA3$chr19$46105470$-,0.48
chr19:46088600-46089200,ENSG00000125743.6$SNRPD2$chr19$46195827$-,0.4
chr19:46110000-46111200,ENSG00000125743.6$SNRPD2$chr19$46195827$-,0.45
chr19:46183600-46185600,ENSG00000125743.6$SNRPD2$chr19$46195827$-,0.6
chr19:46196600-46199000,ENSG00000125743.6$SNRPD2$chr19$46195827$-,0.35
chr19:45841600-45842800,ENSG00000125744.7$RTN2$chr19$46000319$-,0.39
chr19:45871200-45873400,ENSG00000125744.7$RTN2$chr19$46000319$-,0.37
chr19:46088600-46089200,ENSG00000125744.7$RTN2$chr19$46000319$-,0.49
chr19:46110000-46111200,ENSG00000125744.7$RTN2$chr19$46000319$-,0.4
chr19:46196600-46199000,ENSG00000125744.7$RTN2$chr19$46000319$-,0.36
chr19:46088600-46089200,ENSG00000125746.10$EML2$chr19$46148887$-,0.42
chr19:46110000-46111200,ENSG00000125746.10$EML2$chr19$46148887$-,0.49
chr19:46183600-46185600,ENSG00000125746.10$EML2$chr19$46148887$-,0.43
chr19:46196600-46199000,ENSG00000125746.10$EML2$chr19$46148887$-,0.35
chr19:45841600-45842800,ENSG00000125753.9$VASP$chr19$46009837$+,0.43
chr19:45871200-45873400,ENSG00000125753.9$VASP$chr19$46009837$+,0.38
chr19:46088600-46089200,ENSG00000125753.9$VASP$chr19$46009837$+,0.54
chr19:46110000-46111200,ENSG00000125753.9$VASP$chr19$46009837$+,0.37
chr19:46196600-46199000,ENSG00000125755.14$SYMPK$chr19$46366548$-,0.42
chr19:46406600-46407200,ENSG00000125755.14$SYMPK$chr19$46366548$-,0.51
chr19:46497600-46498000,ENSG00000125755.14$SYMPK$chr19$46366548$-,0.46
chr19:46499000-46500600,ENSG00000125755.14$SYMPK$chr19$46366548$-,0.39
chr20:5484600-5486400,ENSG00000125772.8$GPCPD1$chr20$5591672$-,0.43
chr20:5508800-5511200,ENSG00000125772.8$GPCPD1$chr20$5591672$-,0.42
chr20:5562000-5563800,ENSG00000125772.8$GPCPD1$chr20$5591672$-,0.55
chr20:5564200-5566200,ENSG00000125772.8$GPCPD1$chr20$5591672$-,0.59
chr20:5592000-5594400,ENSG00000125772.8$GPCPD1$chr20$5591672$-,0.38
chr20:5697600-5698200,ENSG00000125772.8$GPCPD1$chr20$5591672$-,0.45
chr20:5714800-5716000,ENSG00000125772.8$GPCPD1$chr20$5591672$-,0.46
chr20:1293000-1295000,ENSG00000125775.10$SDCBP2$chr20$1309883$-,0.37
chr20:1333800-1334000,ENSG00000125775.10$SDCBP2$chr20$1309883$-,0.47
chr20:3749400-3751200,ENSG00000125779.17$PANK2$chr20$3869486$+,0.37
chr20:3775000-3776400,ENSG00000125779.17$PANK2$chr20$3869486$+,0.37
chr20:3828200-3830600,ENSG00000125779.17$PANK2$chr20$3869486$+,0.66
chr20:3896400-3898200,ENSG00000125779.17$PANK2$chr20$3869486$+,0.59
chr20:3898800-3900800,ENSG00000125779.17$PANK2$chr20$3869486$+,0.64
chr20:3948800-3950400,ENSG00000125779.17$PANK2$chr20$3869486$+,0.41
chr20:3950600-3953000,ENSG00000125779.17$PANK2$chr20$3869486$+,0.53
chr20:269000-270800,ENSG00000125788.5$DEFB126$chr20$123010$+,0.4
chr20:23314600-23316600,ENSG00000125812.11$GZF1$chr20$23342787$+,0.57
chr20:23336200-23338200,ENSG00000125812.11$GZF1$chr20$23342787$+,0.58
chr20:23401800-23404200,ENSG00000125812.11$GZF1$chr20$23342787$+,0.68
chr20:23314600-23316600,ENSG00000125814.13$NAPB$chr20$23402125$-,0.49
chr20:23336200-23338200,ENSG00000125814.13$NAPB$chr20$23402125$-,0.57
chr20:23401800-23404200,ENSG00000125815.4$CST8$chr20$23471738$+,0.37
chr20:21282400-21283400,ENSG00000125816.4$NKX2-4$chr20$21378666$-,0.37
chr20:21394200-21395800,ENSG00000125816.4$NKX2-4$chr20$21378666$-,0.82
chr20:3749400-3751200,ENSG00000125817.7$CENPB$chr20$3767337$-,0.63
chr20:3775000-3776400,ENSG00000125817.7$CENPB$chr20$3767337$-,0.59
chr20:3828200-3830600,ENSG00000125817.7$CENPB$chr20$3767337$-,0.53
chr20:3867600-3869400,ENSG00000125817.7$CENPB$chr20$3767337$-,0.45
chr20:3896400-3898200,ENSG00000125817.7$CENPB$chr20$3767337$-,0.35
chr20:3898800-3900800,ENSG00000125817.7$CENPB$chr20$3767337$-,0.36
chr20:3948800-3950400,ENSG00000125817.7$CENPB$chr20$3767337$-,0.39
chr20:1097400-1099000,ENSG00000125818.13$PSMF1$chr20$1093906$+,0.49
chr20:21533800-21534000,ENSG00000125820.5$NKX2-2$chr20$21494664$-,0.49
chr20:18445800-18447200,ENSG00000125821.7$DTD1$chr20$18568537$+,0.46
chr20:18476200-18477400,ENSG00000125821.7$DTD1$chr20$18568537$+,0.52
chr20:18478000-18480000,ENSG00000125821.7$DTD1$chr20$18568537$+,0.48
chr20:18546600-18547400,ENSG00000125821.7$DTD1$chr20$18568537$+,0.69
chr20:18548800-18549800,ENSG00000125821.7$DTD1$chr20$18568537$+,0.58
chr20:23401800-23404200,ENSG00000125823.8$CSTL1$chr20$23420322$+,0.35
chr20:325600-328000,ENSG00000125826.15$RBCK1$chr20$388142$+,0.57
chr20:329000-330600,ENSG00000125826.15$RBCK1$chr20$388142$+,0.42
chr20:7991200-7993600,ENSG00000125827.4$TMX4$chr20$8000476$-,0.69
chr20:8053000-8055000,ENSG00000125827.4$TMX4$chr20$8000476$-,0.65
chr20:2488000-2489000,ENSG00000125835.13$SNRPB$chr20$2451499$-,0.75
chr20:2501600-2503000,ENSG00000125835.13$SNRPB$chr20$2451499$-,0.62
chr20:2503200-2505400,ENSG00000125835.13$SNRPB$chr20$2451499$-,0.67
chr20:2630400-2632400,ENSG00000125835.13$SNRPB$chr20$2451499$-,0.35
chr20:329000-330600,ENSG00000125841.8$NRSN2$chr20$327426$+,0.51
chr20:3749400-3751200,ENSG00000125843.6$AP5S1$chr20$3801178$+,0.55
chr20:3775000-3776400,ENSG00000125843.6$AP5S1$chr20$3801178$+,0.67
chr20:3828200-3830600,ENSG00000125843.6$AP5S1$chr20$3801178$+,0.8
chr20:3867600-3869400,ENSG00000125843.6$AP5S1$chr20$3801178$+,0.55
chr20:3896400-3898200,ENSG00000125843.6$AP5S1$chr20$3801178$+,0.4
chr20:3898800-3900800,ENSG00000125843.6$AP5S1$chr20$3801178$+,0.48
chr20:3948800-3950400,ENSG00000125843.6$AP5S1$chr20$3801178$+,0.5
chr20:3950600-3953000,ENSG00000125843.6$AP5S1$chr20$3801178$+,0.4
chr20:17513600-17515600,ENSG00000125844.11$RRBP1$chr20$17662940$-,0.46
chr20:18445800-18447200,ENSG00000125846.11$ZNF133$chr20$18269121$+,0.36
chr20:3450400-3451200,ENSG00000125861.10$GFRA4$chr20$3644046$-,0.36
chr20:3749400-3751200,ENSG00000125861.10$GFRA4$chr20$3644046$-,0.57
chr20:3775000-3776400,ENSG00000125861.10$GFRA4$chr20$3644046$-,0.36
chr20:3828200-3830600,ENSG00000125861.10$GFRA4$chr20$3644046$-,0.37
chr20:10286600-10288800,ENSG00000125863.13$MKKS$chr20$10414870$-,0.41
chr20:17972400-17974600,ENSG00000125871.9$MGME1$chr20$17949556$+,0.61
chr20:325600-328000,ENSG00000125875.9$TBC1D20$chr20$443197$-,0.38
chr20:329000-330600,ENSG00000125875.9$TBC1D20$chr20$443197$-,0.42
chr20:386400-388400,ENSG00000125875.9$TBC1D20$chr20$443197$-,0.56
chr20:623000-624400,ENSG00000125875.9$TBC1D20$chr20$443197$-,0.47
chr20:3182800-3184200,ENSG00000125877.8$ITPA$chr20$3189514$+,0.61
chr20:3185200-3186000,ENSG00000125877.8$ITPA$chr20$3189514$+,0.59
chr20:3191000-3192800,ENSG00000125877.8$ITPA$chr20$3189514$+,0.43
chr20:3198800-3199800,ENSG00000125877.8$ITPA$chr20$3189514$+,0.67
chr20:3399800-3401800,ENSG00000125877.8$ITPA$chr20$3189514$+,0.46
chr20:5862000-5864000,ENSG00000125885.9$MCM8$chr20$5931298$+,0.45
chr20:5984000-5986400,ENSG00000125885.9$MCM8$chr20$5931298$+,0.66
chr20:1097400-1099000,ENSG00000125895.5$TMEM74B$chr20$1166059$-,0.36
chr20:1293000-1295000,ENSG00000125895.5$TMEM74B$chr20$1166059$-,0.37
chr20:1333800-1334000,ENSG00000125895.5$TMEM74B$chr20$1166059$-,0.35
chr20:1338200-1340000,ENSG00000125895.5$TMEM74B$chr20$1166059$-,0.37
chr20:623000-624400,ENSG00000125898.8$FAM110A$chr20$814358$+,0.48
chr20:1620400-1622200,ENSG00000125900.8$SIRPD$chr20$1539489$-,0.44
chr20:269000-270800,ENSG00000125903.4$DEFB129$chr20$207899$+,0.61
chr20:325600-328000,ENSG00000125903.4$DEFB129$chr20$207899$+,0.4
chr20:329000-330600,ENSG00000125903.4$DEFB129$chr20$207899$+,0.45
chr19:3024200-3026400,ENSG00000125910.4$S1PR4$chr19$3172344$+,0.41
chr19:3075000-3077000,ENSG00000125912.6$NCLN$chr19$3185561$+,0.35
chr1:23649200-23650600,ENSG00000125944.14$HNRNPR$chr1$23670829$-,0.43
chr1:23661600-23662200,ENSG00000125944.14$HNRNPR$chr1$23670829$-,0.45
chr1:23671600-23672400,ENSG00000125944.14$HNRNPR$chr1$23670829$-,0.35
chr1:23692200-23694400,ENSG00000125944.14$HNRNPR$chr1$23670829$-,0.47
chr1:23649200-23650600,ENSG00000125945.10$ZNF436$chr1$23695935$-,0.37
chr1:23671600-23672400,ENSG00000125945.10$ZNF436$chr1$23695935$-,0.4
chr1:23692200-23694400,ENSG00000125945.10$ZNF436$chr1$23695935$-,0.39
chr14:65452600-65453600,ENSG00000125952.14$MAX$chr14$65569413$-,0.39
chr14:65452600-65453600,ENSG00000125954.8$CHURC1-FNTB$chr14$65381203$+,0.44
chrX:101770600-101772800,ENSG00000125962.10$ARMCX5$chrX$101854096$+,0.49
chrX:101864000-101864200,ENSG00000125962.10$ARMCX5$chrX$101854096$+,0.64
chrX:102024600-102026400,ENSG00000125962.10$ARMCX5$chrX$101854096$+,0.4
chr20:33992200-33993600,ENSG00000125965.4$GDF5$chr20$34042568$-,0.53
chr20:34201800-34203800,ENSG00000125965.4$GDF5$chr20$34042568$-,0.36
chr20:32305800-32307600,ENSG00000125967.12$NECAB3$chr20$32262269$-,0.39
chr20:30101600-30102200,ENSG00000125968.7$ID1$chr20$30193086$+,0.53
chr20:30229200-30231600,ENSG00000125968.7$ID1$chr20$30193086$+,0.69
chr20:30311800-30312600,ENSG00000125968.7$ID1$chr20$30193086$+,0.39
chr20:30325200-30326600,ENSG00000125968.7$ID1$chr20$30193086$+,0.39
chr20:30357400-30359600,ENSG00000125968.7$ID1$chr20$30193086$+,0.39
chr20:32502000-32504400,ENSG00000125970.7$RALY$chr20$32581452$+,0.77
chr20:32616400-32618600,ENSG00000125970.7$RALY$chr20$32581452$+,0.59
chr20:32620400-32622600,ENSG00000125970.7$RALY$chr20$32581452$+,0.57
chr20:32949000-32951200,ENSG00000125971.12$DYNLRB1$chr20$33104214$+,0.41
chr20:33063800-33065200,ENSG00000125971.12$DYNLRB1$chr20$33104214$+,0.52
chr20:33125000-33127400,ENSG00000125971.12$DYNLRB1$chr20$33104214$+,0.62
chr20:33144400-33146200,ENSG00000125971.12$DYNLRB1$chr20$33104214$+,0.55
chr20:33249000-33251400,ENSG00000125971.12$DYNLRB1$chr20$33104214$+,0.5
chr20:33262200-33264200,ENSG00000125971.12$DYNLRB1$chr20$33104214$+,0.43
chr20:34127400-34129800,ENSG00000125975.9$C20orf173$chr20$34117481$-,0.41
chr20:34130200-34131600,ENSG00000125975.9$C20orf173$chr20$34117481$-,0.39
chr20:32616400-32618600,ENSG00000125977.6$EIF2S2$chr20$32700138$-,0.41
chr20:32620400-32622600,ENSG00000125977.6$EIF2S2$chr20$32700138$-,0.52
chr20:32803000-32805000,ENSG00000125977.6$EIF2S2$chr20$32700138$-,0.45
chr20:34201800-34203800,ENSG00000125991.14$ERGIC3$chr20$34129770$+,0.5
chr20:34303000-34304200,ENSG00000125991.14$ERGIC3$chr20$34129770$+,0.36
chr20:34349800-34351400,ENSG00000125991.14$ERGIC3$chr20$34129770$+,0.35
chr20:34369000-34371400,ENSG00000125991.14$ERGIC3$chr20$34129770$+,0.37
chr20:34127400-34129800,ENSG00000125995.11$ROMO1$chr20$34287194$+,0.4
chr20:34130200-34131600,ENSG00000125995.11$ROMO1$chr20$34287194$+,0.39
chr20:34201800-34203800,ENSG00000125995.11$ROMO1$chr20$34287194$+,0.39
chr20:34303000-34304200,ENSG00000125995.11$ROMO1$chr20$34287194$+,0.61
chr20:34331200-34333400,ENSG00000125995.11$ROMO1$chr20$34287194$+,0.43
chr20:34349800-34351400,ENSG00000125995.11$ROMO1$chr20$34287194$+,0.42
chr20:34352600-34353600,ENSG00000125995.11$ROMO1$chr20$34287194$+,0.43
chr20:34369000-34371400,ENSG00000125995.11$ROMO1$chr20$34287194$+,0.37
chr20:34382200-34382800,ENSG00000125995.11$ROMO1$chr20$34287194$+,0.46
chr20:34424800-34426400,ENSG00000125995.11$ROMO1$chr20$34287194$+,0.35
chr20:33992200-33993600,ENSG00000126001.11$CEP250$chr20$34042985$+,0.52
chr20:30864000-30865000,ENSG00000126003.6$PLAGL2$chr20$30795594$-,0.59
chr20:30883400-30885800,ENSG00000126003.6$PLAGL2$chr20$30795594$-,0.52
chrX:53025000-53026800,ENSG00000126012.7$KDM5C$chrX$53254604$-,0.36
chrX:53108800-53111000,ENSG00000126012.7$KDM5C$chrX$53254604$-,0.55
chrX:53122200-53122800,ENSG00000126012.7$KDM5C$chrX$53254604$-,0.61
chrX:53124000-53125800,ENSG00000126012.7$KDM5C$chrX$53254604$-,0.5
chrX:53255000-53257200,ENSG00000126012.7$KDM5C$chrX$53254604$-,0.42
chrX:53388400-53390800,ENSG00000126012.7$KDM5C$chrX$53254604$-,0.39
chrX:53449600-53451000,ENSG00000126012.7$KDM5C$chrX$53254604$-,0.46
chr3:50334400-50336600,ENSG00000126062.3$TMEM115$chr3$50397041$-,0.49
chr1:35984800-35986400,ENSG00000126067.7$PSMB2$chr1$36107445$-,0.37
chr1:36184600-36185800,ENSG00000126067.7$PSMB2$chr1$36107445$-,0.41
chr1:36241800-36243600,ENSG00000126067.7$PSMB2$chr1$36107445$-,0.4
chr1:45450000-45451600,ENSG00000126088.8$UROD$chr1$45477819$+,0.54
chr1:45473800-45476000,ENSG00000126088.8$UROD$chr1$45477819$+,0.54
chr1:45498600-45500200,ENSG00000126088.8$UROD$chr1$45477819$+,0.71
chr1:45627800-45629600,ENSG00000126088.8$UROD$chr1$45477819$+,0.37
chr1:45204200-45205000,ENSG00000126106.9$TMEM53$chr1$45140227$-,0.39
chr1:45211400-45212600,ENSG00000126106.9$TMEM53$chr1$45140227$-,0.36
chr1:45264000-45265800,ENSG00000126107.10$HECTD3$chr1$45477001$-,0.36
chr1:45450000-45451600,ENSG00000126107.10$HECTD3$chr1$45477001$-,0.57
chr1:45473800-45476000,ENSG00000126107.10$HECTD3$chr1$45477001$-,0.35
chr1:45498600-45500200,ENSG00000126107.10$HECTD3$chr1$45477001$-,0.65
chr1:45627800-45629600,ENSG00000126107.10$HECTD3$chr1$45477001$-,0.38
chr14:103925400-103927600,ENSG00000126214.16$KLC1$chr14$104028233$+,0.38
chr13:113259800-113261400,ENSG00000126216.8$TUBGCP3$chr13$113242481$-,0.54
chr13:113763600-113765800,ENSG00000126218.7$F10$chr13$113777128$+,0.36
chr13:113763600-113765800,ENSG00000126226.17$PCID2$chr13$113863029$-,0.47
chr13:113945600-113947800,ENSG00000126226.17$PCID2$chr13$113863029$-,0.55
chr13:113949800-113951000,ENSG00000126226.17$PCID2$chr13$113863029$-,0.43
chr19:36192400-36193400,ENSG00000126243.4$LRFN3$chr19$36426260$+,0.38
chr19:36239800-36242000,ENSG00000126243.4$LRFN3$chr19$36426260$+,0.35
chr19:36369000-36371400,ENSG00000126243.4$LRFN3$chr19$36426260$+,0.55
chr19:36372800-36373800,ENSG00000126243.4$LRFN3$chr19$36426260$+,0.47
chr19:36383600-36385200,ENSG00000126243.4$LRFN3$chr19$36426260$+,0.47
chr19:36460400-36461000,ENSG00000126243.4$LRFN3$chr19$36426260$+,0.59
chr19:36483600-36485800,ENSG00000126243.4$LRFN3$chr19$36426260$+,0.52
chr19:36505600-36507200,ENSG00000126243.4$LRFN3$chr19$36426260$+,0.51
chr19:36632000-36634000,ENSG00000126243.4$LRFN3$chr19$36426260$+,0.37
chr19:36104000-36105200,ENSG00000126246.5$IGFLR1$chr19$36233354$-,0.36
chr19:36192400-36193400,ENSG00000126246.5$IGFLR1$chr19$36233354$-,0.49
chr19:36237000-36239400,ENSG00000126246.5$IGFLR1$chr19$36233354$-,0.47
chr19:36239800-36242000,ENSG00000126246.5$IGFLR1$chr19$36233354$-,0.5
chr19:36483600-36485800,ENSG00000126247.6$CAPNS1$chr19$36630477$+,0.42
chr19:36505600-36507200,ENSG00000126247.6$CAPNS1$chr19$36630477$+,0.38
chr19:36632000-36634000,ENSG00000126247.6$CAPNS1$chr19$36630477$+,0.4
chr19:36703600-36705000,ENSG00000126247.6$CAPNS1$chr19$36630477$+,0.43
chr19:34778200-34779800,ENSG00000126249.3$PDCD2L$chr19$34895289$+,0.36
chr19:34793400-34794400,ENSG00000126249.3$PDCD2L$chr19$34895289$+,0.45
chr19:35823400-35825000,ENSG00000126251.5$GPR42$chr19$35861831$+,0.39
chr19:35842600-35845000,ENSG00000126251.5$GPR42$chr19$35861831$+,0.4
chr19:35984800-35987200,ENSG00000126254.7$RBM42$chr19$36119932$+,0.39
chr19:36104000-36105200,ENSG00000126254.7$RBM42$chr19$36119932$+,0.62
chr19:36192400-36193400,ENSG00000126254.7$RBM42$chr19$36119932$+,0.49
chr19:36237000-36239400,ENSG00000126254.7$RBM42$chr19$36119932$+,0.43
chr19:36239800-36242000,ENSG00000126254.7$RBM42$chr19$36119932$+,0.41
chr19:34778200-34779800,ENSG00000126261.8$UBA2$chr19$34919257$+,0.4
chr19:36237000-36239400,ENSG00000126264.5$HCST$chr19$36393382$+,0.42
chr19:36239800-36242000,ENSG00000126264.5$HCST$chr19$36393382$+,0.44
chr19:36369000-36371400,ENSG00000126264.5$HCST$chr19$36393382$+,0.54
chr19:36372800-36373800,ENSG00000126264.5$HCST$chr19$36393382$+,0.46
chr19:36383600-36385200,ENSG00000126264.5$HCST$chr19$36393382$+,0.44
chr19:36460400-36461000,ENSG00000126264.5$HCST$chr19$36393382$+,0.48
chr19:36483600-36485800,ENSG00000126264.5$HCST$chr19$36393382$+,0.35
chr19:36505600-36507200,ENSG00000126264.5$HCST$chr19$36393382$+,0.38
chr19:35823400-35825000,ENSG00000126266.2$FFAR1$chr19$35842445$+,0.36
chr19:35848200-35850000,ENSG00000126266.2$FFAR1$chr19$35842445$+,0.49
chr19:35945400-35947200,ENSG00000126267.4$COX6B1$chr19$36139125$+,0.38
chr19:36104000-36105200,ENSG00000126267.4$COX6B1$chr19$36139125$+,0.54
chr19:36192400-36193400,ENSG00000126267.4$COX6B1$chr19$36139125$+,0.5
chr19:36237000-36239400,ENSG00000126267.4$COX6B1$chr19$36139125$+,0.53
chr19:36239800-36242000,ENSG00000126267.4$COX6B1$chr19$36139125$+,0.52
chr19:36372800-36373800,ENSG00000126267.4$COX6B1$chr19$36139125$+,0.37
chr19:36383600-36385200,ENSG00000126267.4$COX6B1$chr19$36139125$+,0.36
chr17:38724400-38726400,ENSG00000126353.3$CCR7$chr17$38721724$-,0.56
chr17:38766400-38767200,ENSG00000126353.3$CCR7$chr17$38721724$-,0.45
chr17:38798600-38798800,ENSG00000126353.3$CCR7$chr17$38721724$-,0.36
chr17:38815800-38816800,ENSG00000126353.3$CCR7$chr17$38721724$-,0.35
chr17:38208800-38210200,ENSG00000126368.5$NR1D1$chr17$38256978$-,0.39
chr17:38294400-38296000,ENSG00000126368.5$NR1D1$chr17$38256978$-,0.5
chr11:65026600-65029000,ENSG00000126391.9$FRMD8$chr11$65154070$+,0.35
chr11:65141200-65143400,ENSG00000126391.9$FRMD8$chr11$65154070$+,0.83
chr11:63934000-63936200,ENSG00000126432.9$PRDX5$chr11$64085560$+,0.43
chr11:63959400-63960800,ENSG00000126432.9$PRDX5$chr11$64085560$+,0.35
chr11:64026600-64028000,ENSG00000126432.9$PRDX5$chr11$64085560$+,0.64
chr11:64070600-64072000,ENSG00000126432.9$PRDX5$chr11$64085560$+,0.71
chr11:64074000-64076000,ENSG00000126432.9$PRDX5$chr11$64085560$+,0.73
chr19:50046400-50048200,ENSG00000126453.5$BCL2L12$chr19$50168823$+,0.36
chr19:50049400-50051200,ENSG00000126453.5$BCL2L12$chr19$50168823$+,0.42
chr19:50051600-50053200,ENSG00000126453.5$BCL2L12$chr19$50168823$+,0.38
chr19:50053800-50054000,ENSG00000126453.5$BCL2L12$chr19$50168823$+,0.39
chr19:50083800-50085400,ENSG00000126453.5$BCL2L12$chr19$50168823$+,0.39
chr19:50091400-50093600,ENSG00000126453.5$BCL2L12$chr19$50168823$+,0.46
chr19:50123400-50124200,ENSG00000126453.5$BCL2L12$chr19$50168823$+,0.56
chr19:50144000-50145600,ENSG00000126453.5$BCL2L12$chr19$50168823$+,0.44
chr19:50177600-50179600,ENSG00000126453.5$BCL2L12$chr19$50168823$+,0.57
chr19:50267800-50269600,ENSG00000126453.5$BCL2L12$chr19$50168823$+,0.39
chr19:50317000-50318200,ENSG00000126453.5$BCL2L12$chr19$50168823$+,0.38
chr19:50319600-50320800,ENSG00000126453.5$BCL2L12$chr19$50168823$+,0.4
chr19:50046400-50048200,ENSG00000126456.11$IRF3$chr19$50169132$-,0.36
chr19:50049400-50051200,ENSG00000126456.11$IRF3$chr19$50169132$-,0.39
chr19:50051600-50053200,ENSG00000126456.11$IRF3$chr19$50169132$-,0.41
chr19:50053800-50054000,ENSG00000126456.11$IRF3$chr19$50169132$-,0.42
chr19:50083800-50085400,ENSG00000126456.11$IRF3$chr19$50169132$-,0.44
chr19:50091400-50093600,ENSG00000126456.11$IRF3$chr19$50169132$-,0.54
chr19:50123400-50124200,ENSG00000126456.11$IRF3$chr19$50169132$-,0.6
chr19:50144000-50145600,ENSG00000126456.11$IRF3$chr19$50169132$-,0.5
chr19:50177600-50179600,ENSG00000126456.11$IRF3$chr19$50169132$-,0.6
chr19:50267800-50269600,ENSG00000126456.11$IRF3$chr19$50169132$-,0.37
chr19:50317000-50318200,ENSG00000126456.11$IRF3$chr19$50169132$-,0.39
chr19:50319600-50320800,ENSG00000126456.11$IRF3$chr19$50169132$-,0.44
chr19:50049400-50051200,ENSG00000126457.16$PRMT1$chr19$50179043$+,0.35
chr19:50053800-50054000,ENSG00000126457.16$PRMT1$chr19$50179043$+,0.35
chr19:50091400-50093600,ENSG00000126457.16$PRMT1$chr19$50179043$+,0.39
chr19:50123400-50124200,ENSG00000126457.16$PRMT1$chr19$50179043$+,0.47
chr19:50144000-50145600,ENSG00000126457.16$PRMT1$chr19$50179043$+,0.41
chr19:50169000-50171400,ENSG00000126457.16$PRMT1$chr19$50179043$+,0.55
chr19:50083800-50085400,ENSG00000126458.3$RRAS$chr19$50143458$-,0.44
chr19:50091400-50093600,ENSG00000126458.3$RRAS$chr19$50143458$-,0.51
chr19:50123400-50124200,ENSG00000126458.3$RRAS$chr19$50143458$-,0.65
chr19:50169000-50171400,ENSG00000126458.3$RRAS$chr19$50143458$-,0.54
chr19:50177600-50179600,ENSG00000126458.3$RRAS$chr19$50143458$-,0.47
chr19:50046400-50048200,ENSG00000126460.6$PRRG2$chr19$50083903$+,0.62
chr19:50049400-50051200,ENSG00000126460.6$PRRG2$chr19$50083903$+,0.65
chr19:50051600-50053200,ENSG00000126460.6$PRRG2$chr19$50083903$+,0.65
chr19:50053800-50054000,ENSG00000126460.6$PRRG2$chr19$50083903$+,0.66
chr19:50091400-50093600,ENSG00000126460.6$PRRG2$chr19$50083903$+,0.71
chr19:50123400-50124200,ENSG00000126460.6$PRRG2$chr19$50083903$+,0.61
chr19:50144000-50145600,ENSG00000126460.6$PRRG2$chr19$50083903$+,0.51
chr19:50169000-50171400,ENSG00000126460.6$PRRG2$chr19$50083903$+,0.5
chr19:50177600-50179600,ENSG00000126460.6$PRRG2$chr19$50083903$+,0.49
chr19:50317000-50318200,ENSG00000126460.6$PRRG2$chr19$50083903$+,0.38
chr19:50083800-50085400,ENSG00000126461.10$SCAF1$chr19$50145382$+,0.43
chr19:50091400-50093600,ENSG00000126461.10$SCAF1$chr19$50145382$+,0.45
chr19:50123400-50124200,ENSG00000126461.10$SCAF1$chr19$50145382$+,0.69
chr19:50169000-50171400,ENSG00000126461.10$SCAF1$chr19$50145382$+,0.46
chr19:50177600-50179600,ENSG00000126461.10$SCAF1$chr19$50145382$+,0.37
chr19:49955200-49956200,ENSG00000126464.9$PRR12$chr19$50094900$+,0.36
chr19:50046400-50048200,ENSG00000126464.9$PRR12$chr19$50094900$+,0.48
chr19:50049400-50051200,ENSG00000126464.9$PRR12$chr19$50094900$+,0.54
chr19:50051600-50053200,ENSG00000126464.9$PRR12$chr19$50094900$+,0.55
chr19:50053800-50054000,ENSG00000126464.9$PRR12$chr19$50094900$+,0.5
chr19:50083800-50085400,ENSG00000126464.9$PRR12$chr19$50094900$+,0.52
chr19:50091400-50093600,ENSG00000126464.9$PRR12$chr19$50094900$+,0.42
chr19:50123400-50124200,ENSG00000126464.9$PRR12$chr19$50094900$+,0.59
chr19:50144000-50145600,ENSG00000126464.9$PRR12$chr19$50094900$+,0.53
chr19:50169000-50171400,ENSG00000126464.9$PRR12$chr19$50094900$+,0.4
chr19:50177600-50179600,ENSG00000126464.9$PRR12$chr19$50094900$+,0.39
chr19:50267800-50269600,ENSG00000126467.6$TSKS$chr19$50266587$-,0.51
chr7:65508000-65510000,ENSG00000126522.12$ASL$chr7$65540785$+,0.52
chr7:65541400-65543800,ENSG00000126522.12$ASL$chr7$65540785$+,0.37
chr7:65578000-65579400,ENSG00000126522.12$ASL$chr7$65540785$+,0.55
chr7:66307600-66309400,ENSG00000126524.5$SBDS$chr7$66460588$-,0.42
chr7:66385000-66385800,ENSG00000126524.5$SBDS$chr7$66460588$-,0.46
chr7:66399400-66401800,ENSG00000126524.5$SBDS$chr7$66460588$-,0.55
chr7:66462400-66464400,ENSG00000126524.5$SBDS$chr7$66460588$-,0.53
chr4:70525600-70527800,ENSG00000126545.9$CSN1S1$chr4$70796799$+,0.36
chr17:40373600-40374800,ENSG00000126561.12$STAT5A$chr17$40439565$+,0.54
chr17:40382000-40383800,ENSG00000126561.12$STAT5A$chr17$40439565$+,0.55
chr17:40413800-40416200,ENSG00000126561.12$STAT5A$chr17$40439565$+,0.54
chr17:40429000-40431400,ENSG00000126561.12$STAT5A$chr17$40439565$+,0.53
chr17:40525800-40527800,ENSG00000126561.12$STAT5A$chr17$40439565$+,0.43
chr17:40541200-40543200,ENSG00000126561.12$STAT5A$chr17$40439565$+,0.39
chr17:40924000-40925400,ENSG00000126562.12$WNK4$chr17$40932696$+,0.47
chr17:40926000-40928400,ENSG00000126562.12$WNK4$chr17$40932696$+,0.53
chr17:40976200-40977600,ENSG00000126562.12$WNK4$chr17$40932696$+,0.36
chr17:40924000-40925400,ENSG00000126581.8$BECN1$chr17$40985367$-,0.53
chr17:40926000-40928400,ENSG00000126581.8$BECN1$chr17$40985367$-,0.52
chr17:40976200-40977600,ENSG00000126581.8$BECN1$chr17$40985367$-,0.71
chr17:41114400-41116000,ENSG00000126581.8$BECN1$chr17$40985367$-,0.46
chr17:41130200-41132400,ENSG00000126581.8$BECN1$chr17$40985367$-,0.49
chr17:41149000-41150400,ENSG00000126581.8$BECN1$chr17$40985367$-,0.38
chr16:3549000-3551000,ENSG00000126602.6$TRAP1$chr16$3767598$-,0.36
chr16:3715000-3717400,ENSG00000126602.6$TRAP1$chr16$3767598$-,0.41
chr16:3988200-3990200,ENSG00000126602.6$TRAP1$chr16$3767598$-,0.41
chr17:28327000-28328600,ENSG00000126653.11$NSRP1$chr17$28442539$+,0.4
chr17:28428000-28429400,ENSG00000126653.11$NSRP1$chr17$28442539$+,0.77
chr17:28469400-28470800,ENSG00000126653.11$NSRP1$chr17$28442539$+,0.55
chr17:28484200-28486400,ENSG00000126653.11$NSRP1$chr17$28442539$+,0.54
chr1:27969800-27971800,ENSG00000126705.9$AHDC1$chr1$27930942$-,0.63
chr1:28050600-28052200,ENSG00000126705.9$AHDC1$chr1$27930942$-,0.4
chr1:28053400-28055000,ENSG00000126705.9$AHDC1$chr1$27930942$-,0.42
chr1:28098000-28099200,ENSG00000126705.9$AHDC1$chr1$27930942$-,0.45
chr1:27969800-27971800,ENSG00000126709.10$IFI6$chr1$27998729$-,0.43
chr1:28050600-28052200,ENSG00000126709.10$IFI6$chr1$27998729$-,0.63
chr1:28053400-28055000,ENSG00000126709.10$IFI6$chr1$27998729$-,0.63
chr1:28098000-28099200,ENSG00000126709.10$IFI6$chr1$27998729$-,0.54
chr12:6600400-6602000,ENSG00000126746.13$ZNF384$chr12$6798738$-,0.37
chr12:6671800-6673200,ENSG00000126746.13$ZNF384$chr12$6798738$-,0.44
chr12:6716600-6718800,ENSG00000126746.13$ZNF384$chr12$6798738$-,0.51
chr12:6769800-6771800,ENSG00000126746.13$ZNF384$chr12$6798738$-,0.49
chr12:6834000-6835400,ENSG00000126746.13$ZNF384$chr12$6798738$-,0.52
chr12:6862800-6864400,ENSG00000126746.13$ZNF384$chr12$6798738$-,0.44
chrX:47340000-47341800,ENSG00000126756.7$UXT$chrX$47518560$-,0.4
chrX:47381800-47383200,ENSG00000126756.7$UXT$chrX$47518560$-,0.38
chrX:47418800-47420400,ENSG00000126756.7$UXT$chrX$47518560$-,0.48
chrX:47454400-47456600,ENSG00000126756.7$UXT$chrX$47518560$-,0.56
chrX:47478200-47480400,ENSG00000126756.7$UXT$chrX$47518560$-,0.63
chrX:47694600-47695600,ENSG00000126756.7$UXT$chrX$47518560$-,0.48
chrX:47696600-47698600,ENSG00000126756.7$UXT$chrX$47518560$-,0.45
chrX:47338000-47339000,ENSG00000126759.8$CFP$chrX$47489704$-,0.4
chrX:47340000-47341800,ENSG00000126759.8$CFP$chrX$47489704$-,0.43
chrX:47343200-47345400,ENSG00000126759.8$CFP$chrX$47489704$-,0.47
chrX:47381800-47383200,ENSG00000126759.8$CFP$chrX$47489704$-,0.45
chrX:47418800-47420400,ENSG00000126759.8$CFP$chrX$47489704$-,0.55
chrX:47454400-47456600,ENSG00000126759.8$CFP$chrX$47489704$-,0.73
chrX:47478200-47480400,ENSG00000126759.8$CFP$chrX$47489704$-,0.66
chrX:47515600-47517800,ENSG00000126759.8$CFP$chrX$47489704$-,0.66
chrX:47518800-47519800,ENSG00000126759.8$CFP$chrX$47489704$-,0.67
chrX:47343200-47345400,ENSG00000126767.13$ELK1$chrX$47510003$-,0.45
chrX:47381800-47383200,ENSG00000126767.13$ELK1$chrX$47510003$-,0.47
chrX:47418800-47420400,ENSG00000126767.13$ELK1$chrX$47510003$-,0.51
chrX:47454400-47456600,ENSG00000126767.13$ELK1$chrX$47510003$-,0.58
chrX:47478200-47480400,ENSG00000126767.13$ELK1$chrX$47510003$-,0.65
chrX:47515600-47517800,ENSG00000126767.13$ELK1$chrX$47510003$-,0.68
chrX:47518800-47519800,ENSG00000126767.13$ELK1$chrX$47510003$-,0.65
chrX:47694600-47695600,ENSG00000126767.13$ELK1$chrX$47510003$-,0.44
chrX:47696600-47698600,ENSG00000126767.13$ELK1$chrX$47510003$-,0.42
chrX:48519200-48520400,ENSG00000126768.8$TIMM17B$chrX$48755426$-,0.35
chrX:48596400-48597600,ENSG00000126768.8$TIMM17B$chrX$48755426$-,0.44
chrX:48657600-48659600,ENSG00000126768.8$TIMM17B$chrX$48755426$-,0.47
chrX:48660600-48662800,ENSG00000126768.8$TIMM17B$chrX$48755426$-,0.51
chrX:48706800-48708400,ENSG00000126768.8$TIMM17B$chrX$48755426$-,0.46
chrX:48747400-48749000,ENSG00000126768.8$TIMM17B$chrX$48755426$-,0.5
chrX:48749200-48751000,ENSG00000126768.8$TIMM17B$chrX$48755426$-,0.52
chrX:48805600-48806600,ENSG00000126768.8$TIMM17B$chrX$48755426$-,0.49
chrX:48859400-48860600,ENSG00000126768.8$TIMM17B$chrX$48755426$-,0.39
chrX:48868800-48870200,ENSG00000126768.8$TIMM17B$chrX$48755426$-,0.36
chrX:48901200-48902200,ENSG00000126768.8$TIMM17B$chrX$48755426$-,0.4
chrX:48955600-48957800,ENSG00000126768.8$TIMM17B$chrX$48755426$-,0.35
chr14:60430200-60432000,ENSG00000126773.8$PCNXL4$chr14$60558629$+,0.39
chr14:60517200-60519400,ENSG00000126773.8$PCNXL4$chr14$60558629$+,0.71
chr14:60632200-60633600,ENSG00000126773.8$PCNXL4$chr14$60558629$+,0.5
chr14:55516400-55518000,ENSG00000126787.8$DLGAP5$chr14$55658396$-,0.35
chr14:55613000-55614000,ENSG00000126787.8$DLGAP5$chr14$55658396$-,0.69
chr14:55630600-55631400,ENSG00000126787.8$DLGAP5$chr14$55658396$-,0.67
chr14:55679200-55680400,ENSG00000126787.8$DLGAP5$chr14$55658396$-,0.67
chr14:55737000-55738400,ENSG00000126787.8$DLGAP5$chr14$55658396$-,0.47
chr14:55763800-55766200,ENSG00000126787.8$DLGAP5$chr14$55658396$-,0.36
chr14:59970200-59972400,ENSG00000126790.7$L3HYPDH$chr14$59951148$-,0.62
chr14:64995000-64997000,ENSG00000126803.8$HSPA2$chr14$65002623$+,0.54
chr14:65005000-65006600,ENSG00000126803.8$HSPA2$chr14$65002623$+,0.51
chr14:64916000-64917600,ENSG00000126804.9$ZBTB1$chr14$64970430$+,0.48
chr14:64995000-64997000,ENSG00000126804.9$ZBTB1$chr14$64970430$+,0.58
chr14:65005000-65006600,ENSG00000126804.9$ZBTB1$chr14$64970430$+,0.43
chr14:61190800-61192000,ENSG00000126814.6$TRMT5$chr14$61448076$-,0.38
chr14:61200800-61201400,ENSG00000126814.6$TRMT5$chr14$61448076$-,0.36
chr14:61359800-61362200,ENSG00000126814.6$TRMT5$chr14$61448076$-,0.59
chr14:64099400-64101400,ENSG00000126821.7$SGPP1$chr14$64194757$-,0.46
chr14:64109400-64111800,ENSG00000126821.7$SGPP1$chr14$64194757$-,0.49
chr14:64203600-64205200,ENSG00000126821.7$SGPP1$chr14$64194757$-,0.57
chr14:64225200-64227600,ENSG00000126821.7$SGPP1$chr14$64194757$-,0.5
chr14:64318800-64319800,ENSG00000126821.7$SGPP1$chr14$64194757$-,0.5
chr14:64325200-64325400,ENSG00000126821.7$SGPP1$chr14$64194757$-,0.43
chr14:64325800-64328000,ENSG00000126821.7$SGPP1$chr14$64194757$-,0.44
chr14:64350600-64353000,ENSG00000126821.7$SGPP1$chr14$64194757$-,0.51
chr14:65179400-65179800,ENSG00000126822.11$PLEKHG3$chr14$65170820$+,0.51
chr12:9201400-9202600,ENSG00000126838.5$PZP$chr12$9360966$-,0.38
chr12:9215600-9217400,ENSG00000126838.5$PZP$chr12$9360966$-,0.46
chr12:9393200-9395400,ENSG00000126838.5$PZP$chr12$9360966$-,0.55
chr12:9435000-9436400,ENSG00000126838.5$PZP$chr12$9360966$-,0.61
chr16:90147800-90149000,ENSG00000126856.9$PRDM7$chr16$90158480$-,0.4
chr17:30333400-30334200,ENSG00000126858.12$RHOT1$chr17$30469473$+,0.42
chr17:30409800-30411200,ENSG00000126858.12$RHOT1$chr17$30469473$+,0.44
chr17:30455000-30456800,ENSG00000126858.12$RHOT1$chr17$30469473$+,0.61
chr17:30463200-30464600,ENSG00000126858.12$RHOT1$chr17$30469473$+,0.56
chr17:30474000-30476400,ENSG00000126858.12$RHOT1$chr17$30469473$+,0.6
chr7:158623000-158625000,ENSG00000126870.11$WDR60$chr7$158649269$+,0.51
chr7:158634800-158636000,ENSG00000126870.11$WDR60$chr7$158649269$+,0.44
chr9:133999800-134000400,ENSG00000126882.8$FAM78A$chr9$134151934$-,0.37
chr9:134126200-134128400,ENSG00000126882.8$FAM78A$chr9$134151934$-,0.42
chr9:134249600-134251000,ENSG00000126882.8$FAM78A$chr9$134151934$-,0.43
chr9:134267600-134269400,ENSG00000126882.8$FAM78A$chr9$134151934$-,0.48
chr9:134249600-134251000,ENSG00000126883.12$NUP214$chr9$134000948$+,0.39
chrX:152984200-152986600,ENSG00000126895.9$AVPR2$chrX$153167985$+,0.37
chrX:152987200-152989200,ENSG00000126895.9$AVPR2$chrX$153167985$+,0.37
chrX:153640600-153642600,ENSG00000126903.11$SLC10A3$chrX$153719016$-,0.42
chrX:153655000-153657400,ENSG00000126903.11$SLC10A3$chrX$153719016$-,0.36
chrX:153663600-153665200,ENSG00000126903.11$SLC10A3$chrX$153719016$-,0.37
chr19:3971000-3971800,ENSG00000126934.9$MAP2K2$chr19$4124126$-,0.41
chr19:4179600-4182000,ENSG00000126934.9$MAP2K2$chr19$4124126$-,0.47
chr19:4183000-4185000,ENSG00000126934.9$MAP2K2$chr19$4124126$-,0.57
chr19:4245600-4247000,ENSG00000126934.9$MAP2K2$chr19$4124126$-,0.42
chr19:4247400-4249400,ENSG00000126934.9$MAP2K2$chr19$4124126$-,0.37
chr19:4400400-4402000,ENSG00000126934.9$MAP2K2$chr19$4124126$-,0.39
chrX:100604000-100605000,ENSG00000126945.8$HNRNPH2$chrX$100663283$+,0.64
chrX:100673600-100676000,ENSG00000126945.8$HNRNPH2$chrX$100663283$+,0.55
chrX:100871200-100872200,ENSG00000126945.8$HNRNPH2$chrX$100663283$+,0.42
chrX:100877000-100878000,ENSG00000126945.8$HNRNPH2$chrX$100663283$+,0.41
chrX:100307200-100307800,ENSG00000126950.7$TMEM35$chrX$100333709$+,0.42
chrX:100351800-100352600,ENSG00000126950.7$TMEM35$chrX$100333709$+,0.49
chrX:100351800-100352600,ENSG00000126953.5$TIMM8A$chrX$100604184$-,0.4
chrX:100660200-100662400,ENSG00000126953.5$TIMM8A$chrX$100604184$-,0.47
chrX:100673600-100676000,ENSG00000126953.5$TIMM8A$chrX$100604184$-,0.58
chrX:64193400-64195400,ENSG00000126970.11$ZC4H2$chrX$64254593$-,0.53
chrX:64346600-64349000,ENSG00000126970.11$ZC4H2$chrX$64254593$-,0.44
chr5:178975000-178977200,ENSG00000127022.10$CANX$chr5$179105629$+,0.36
chr5:179131800-179133400,ENSG00000127022.10$CANX$chr5$179105629$+,0.61
chr1:1311200-1313400,ENSG00000127054.14$CPSF3L$chr1$1260071$-,0.52
chr1:1445600-1447000,ENSG00000127054.14$CPSF3L$chr1$1260071$-,0.43
chr9:95551800-95554000,ENSG00000127080.5$IPPK$chr9$95432547$-,0.41
chr9:95640400-95641200,ENSG00000127080.5$IPPK$chr9$95432547$-,0.38
chr9:95551800-95554000,ENSG00000127081.9$ZNF484$chr9$95640304$-,0.39
chr9:95632000-95634400,ENSG00000127081.9$ZNF484$chr9$95640304$-,0.67
chr9:95759000-95759400,ENSG00000127081.9$ZNF484$chr9$95640304$-,0.35
chr9:95781800-95784200,ENSG00000127081.9$ZNF484$chr9$95640304$-,0.37
chr9:95804600-95806800,ENSG00000127081.9$ZNF484$chr9$95640304$-,0.35
chr9:95632000-95634400,ENSG00000127084.13$FGD3$chr9$95709733$+,0.41
chr9:95640400-95641200,ENSG00000127084.13$FGD3$chr9$95709733$+,0.44
chr9:95759000-95759400,ENSG00000127084.13$FGD3$chr9$95709733$+,0.66
chr9:95760800-95761000,ENSG00000127084.13$FGD3$chr9$95709733$+,0.55
chr9:95781800-95784200,ENSG00000127084.13$FGD3$chr9$95709733$+,0.45
chr9:95804600-95806800,ENSG00000127084.13$FGD3$chr9$95709733$+,0.38
chr1:42460800-42461000,ENSG00000127124.9$HIVEP3$chr1$42501596$-,0.63
chr1:42462600-42464200,ENSG00000127124.9$HIVEP3$chr1$42501596$-,0.75
chr1:42709400-42709800,ENSG00000127125.7$PPCS$chr1$42921788$+,0.36
chr1:42772200-42773200,ENSG00000127125.7$PPCS$chr1$42921788$+,0.48
chr1:42773600-42774400,ENSG00000127125.7$PPCS$chr1$42921788$+,0.44
chr1:42923000-42924800,ENSG00000127125.7$PPCS$chr1$42921788$+,0.41
chr14:99746400-99748000,ENSG00000127152.13$BCL11B$chr14$99737861$-,0.48
chr14:99906800-99909000,ENSG00000127152.13$BCL11B$chr14$99737861$-,0.4
chr19:17334200-17336600,ENSG00000127220.5$ABHD8$chr19$17421045$-,0.49
chr19:17378800-17380200,ENSG00000127220.5$ABHD8$chr19$17421045$-,0.61
chr19:17443000-17445200,ENSG00000127220.5$ABHD8$chr19$17421045$-,0.67
chr19:17445400-17447400,ENSG00000127220.5$ABHD8$chr19$17421045$-,0.63
chr19:17520200-17521200,ENSG00000127220.5$ABHD8$chr19$17421045$-,0.38
chr19:17531400-17532000,ENSG00000127220.5$ABHD8$chr19$17421045$-,0.48
chr19:17558200-17560200,ENSG00000127220.5$ABHD8$chr19$17421045$-,0.51
chr3:193322800-193324000,ENSG00000127249.10$ATP13A4$chr3$193310900$-,0.7
chr3:193331000-193333200,ENSG00000127249.10$ATP13A4$chr3$193310900$-,0.6
chr12:66668800-66670400,ENSG00000127311.5$HELB$chr12$66696325$+,0.58
chr12:66677000-66679000,ENSG00000127311.5$HELB$chr12$66696325$+,0.6
chr12:66687800-66688000,ENSG00000127311.5$HELB$chr12$66696325$+,0.6
chr12:66689400-66691600,ENSG00000127311.5$HELB$chr12$66696325$+,0.5
chr12:66701600-66703000,ENSG00000127311.5$HELB$chr12$66696325$+,0.7
chr12:66717600-66718000,ENSG00000127311.5$HELB$chr12$66696325$+,0.67
chr12:66719000-66720400,ENSG00000127311.5$HELB$chr12$66696325$+,0.63
chr12:68855600-68856800,ENSG00000127314.13$RAP1B$chr12$69004619$+,0.39
chr12:69081400-69083600,ENSG00000127314.13$RAP1B$chr12$69004619$+,0.6
chr12:68549600-68552000,ENSG00000127318.6$IL22$chr12$68647387$-,0.41
chr12:68553200-68554400,ENSG00000127318.6$IL22$chr12$68647387$-,0.4
chr12:68556000-68558200,ENSG00000127318.6$IL22$chr12$68647387$-,0.35
chr12:68582800-68585200,ENSG00000127318.6$IL22$chr12$68647387$-,0.42
chr12:68591600-68591800,ENSG00000127318.6$IL22$chr12$68647387$-,0.41
chr12:68596000-68597800,ENSG00000127318.6$IL22$chr12$68647387$-,0.37
chr12:67978200-67979800,ENSG00000127334.10$DYRK2$chr12$68042118$+,0.37
chr12:68027000-68027200,ENSG00000127334.10$DYRK2$chr12$68042118$+,0.66
chr12:68027400-68029200,ENSG00000127334.10$DYRK2$chr12$68042118$+,0.72
chr12:69630800-69633200,ENSG00000127337.2$YEATS4$chr12$69753483$+,0.4
chr12:69684400-69685600,ENSG00000127337.2$YEATS4$chr12$69753483$+,0.55
chr12:69718000-69719600,ENSG00000127337.2$YEATS4$chr12$69753483$+,0.53
chr12:69754200-69756400,ENSG00000127337.2$YEATS4$chr12$69753483$+,0.36
chr7:141436000-141437600,ENSG00000127362.2$TAS2R3$chr7$141463897$+,0.4
chr7:141436000-141437600,ENSG00000127364.2$TAS2R4$chr7$141478242$+,0.45
chr7:141674800-141677000,ENSG00000127364.2$TAS2R4$chr7$141478242$+,0.4
chr7:150927800-150929200,ENSG00000127377.4$CRYGN$chr7$151137899$-,0.37
chr7:151095400-151095600,ENSG00000127377.4$CRYGN$chr7$151137899$-,0.47
chr7:151146000-151147000,ENSG00000127377.4$CRYGN$chr7$151137899$-,0.58
chr7:151217200-151218600,ENSG00000127377.4$CRYGN$chr7$151137899$-,0.56
chr7:151329800-151331400,ENSG00000127377.4$CRYGN$chr7$151137899$-,0.36
chr7:150117400-150118800,ENSG00000127399.10$LRRC61$chr7$150019728$+,0.41
chr7:150136800-150138000,ENSG00000127399.10$LRRC61$chr7$150019728$+,0.44
chr7:150252600-150254200,ENSG00000127399.10$LRRC61$chr7$150019728$+,0.36
chr7:150266200-150268600,ENSG00000127399.10$LRRC61$chr7$150019728$+,0.37
chr4:792000-794200,ENSG00000127415.8$IDUA$chr4$980785$+,0.35
chr4:911400-911600,ENSG00000127415.8$IDUA$chr4$980785$+,0.38
chr4:926800-929000,ENSG00000127415.8$IDUA$chr4$980785$+,0.55
chr4:911400-911600,ENSG00000127418.10$FGFRL1$chr4$1003724$+,0.51
chr4:926800-929000,ENSG00000127418.10$FGFRL1$chr4$1003724$+,0.48
chr4:978000-980400,ENSG00000127418.10$FGFRL1$chr4$1003724$+,0.53
chr4:792000-794200,ENSG00000127419.12$TMEM175$chr4$926175$+,0.45
chr4:911400-911600,ENSG00000127419.12$TMEM175$chr4$926175$+,0.59
chr4:926800-929000,ENSG00000127419.12$TMEM175$chr4$926175$+,0.4
chr4:978000-980400,ENSG00000127419.12$TMEM175$chr4$926175$+,0.56
chr1:26324400-26326600,ENSG00000127423.6$AUNIP$chr1$26185903$-,0.4
chr19:9896800-9897800,ENSG00000127445.9$PIN1$chr19$9945933$+,0.51
chr19:9927200-9929000,ENSG00000127445.9$PIN1$chr19$9945933$+,0.52
chr19:9929800-9931600,ENSG00000127445.9$PIN1$chr19$9945933$+,0.5
chr19:9936400-9938000,ENSG00000127445.9$PIN1$chr19$9945933$+,0.53
chr19:9939400-9941000,ENSG00000127445.9$PIN1$chr19$9945933$+,0.63
chr19:9971200-9971600,ENSG00000127445.9$PIN1$chr19$9945933$+,0.43
chr19:9730000-9731400,ENSG00000127452.4$FBXL12$chr19$9938492$-,0.35
chr19:9896800-9897800,ENSG00000127452.4$FBXL12$chr19$9938492$-,0.6
chr19:9927200-9929000,ENSG00000127452.4$FBXL12$chr19$9938492$-,0.59
chr19:9929800-9931600,ENSG00000127452.4$FBXL12$chr19$9938492$-,0.6
chr19:9939400-9941000,ENSG00000127452.4$FBXL12$chr19$9938492$-,0.37
chr19:9971200-9971600,ENSG00000127452.4$FBXL12$chr19$9938492$-,0.54
chr1:19541600-19542800,ENSG00000127463.9$EMC1$chr1$19578046$-,0.61
chr1:20363600-20365800,ENSG00000127472.6$PLA2G5$chr1$20354672$+,0.57
chr1:19541600-19542800,ENSG00000127481.10$UBR4$chr1$19536770$-,0.71
chr1:19575800-19577400,ENSG00000127481.10$UBR4$chr1$19536770$-,0.51
chr1:21102600-21103800,ENSG00000127483.13$HP1BP3$chr1$21113816$-,0.45
chr1:21257800-21260200,ENSG00000127483.13$HP1BP3$chr1$21113816$-,0.4
chr19:16455800-16457000,ENSG00000127526.9$SLC35E1$chr19$16683193$-,0.38
chr19:16539400-16541800,ENSG00000127526.9$SLC35E1$chr19$16683193$-,0.52
chr19:16607600-16610000,ENSG00000127526.9$SLC35E1$chr19$16683193$-,0.44
chr19:16354000-16356400,ENSG00000127527.9$EPS15L1$chr19$16582896$-,0.36
chr19:16455800-16457000,ENSG00000127527.9$EPS15L1$chr19$16582896$-,0.46
chr19:16539400-16541800,ENSG00000127527.9$EPS15L1$chr19$16582896$-,0.61
chr19:16607600-16610000,ENSG00000127527.9$EPS15L1$chr19$16582896$-,0.69
chr19:16317600-16320000,ENSG00000127528.5$KLF2$chr19$16435628$+,0.36
chr19:16354000-16356400,ENSG00000127528.5$KLF2$chr19$16435628$+,0.47
chr19:16455800-16457000,ENSG00000127528.5$KLF2$chr19$16435628$+,0.56
chr19:16539400-16541800,ENSG00000127528.5$KLF2$chr19$16435628$+,0.35
chr19:16939200-16940600,ENSG00000127533.3$F2RL3$chr19$16999671$+,0.47
chr19:16941000-16942800,ENSG00000127533.3$F2RL3$chr19$16999671$+,0.5
chr19:1593400-1594800,ENSG00000127540.7$UQCR11$chr19$1605480$-,0.61
chr19:1724800-1726800,ENSG00000127540.7$UQCR11$chr19$1605480$-,0.6
chr16:2020000-2021600,ENSG00000127554.12$GFER$chr16$2034208$+,0.54
chr16:2069000-2071200,ENSG00000127554.12$GFER$chr16$2034208$+,0.35
chr16:2098600-2099800,ENSG00000127554.12$GFER$chr16$2034208$+,0.37
chr16:1904400-1906400,ENSG00000127561.10$SYNGR3$chr16$2039661$+,0.35
chr16:2008200-2009600,ENSG00000127561.10$SYNGR3$chr16$2039661$+,0.52
chr16:2020000-2021600,ENSG00000127561.10$SYNGR3$chr16$2039661$+,0.59
chr16:2060200-2062400,ENSG00000127561.10$SYNGR3$chr16$2039661$+,0.47
chr16:2069000-2071200,ENSG00000127561.10$SYNGR3$chr16$2039661$+,0.48
chr16:2098600-2099800,ENSG00000127561.10$SYNGR3$chr16$2039661$+,0.44
chr16:2916400-2918000,ENSG00000127564.12$PKMYT1$chr16$3030540$-,0.39
chr16:2918600-2920000,ENSG00000127564.12$PKMYT1$chr16$3030540$-,0.42
chr16:2933800-2934600,ENSG00000127564.12$PKMYT1$chr16$3030540$-,0.4
chr16:2953600-2954600,ENSG00000127564.12$PKMYT1$chr16$3030540$-,0.4
chr16:2955400-2957800,ENSG00000127564.12$PKMYT1$chr16$3030540$-,0.51
chr16:2960000-2961600,ENSG00000127564.12$PKMYT1$chr16$3030540$-,0.52
chr16:2968600-2970400,ENSG00000127564.12$PKMYT1$chr16$3030540$-,0.46
chr16:858200-859800,ENSG00000127580.11$WDR24$chr16$740444$-,0.43
chr16:858200-859800,ENSG00000127586.12$CHTF18$chr16$838046$+,0.62
chr1:39503800-39506000,ENSG00000127603.19$MACF1$chr1$39546988$+,0.38
chr19:10947000-10948200,ENSG00000127616.13$SMARCA4$chr19$11071598$+,0.44
chr19:11037600-11038800,ENSG00000127616.13$SMARCA4$chr19$11071598$+,0.72
chr19:11046200-11048200,ENSG00000127616.13$SMARCA4$chr19$11071598$+,0.6
chr19:11236600-11237600,ENSG00000127616.13$SMARCA4$chr19$11071598$+,0.36
chr19:4663800-4665400,ENSG00000127666.8$TICAM1$chr19$4831716$-,0.39
chr19:4724800-4726000,ENSG00000127666.8$TICAM1$chr19$4831716$-,0.51
chr19:4732600-4733400,ENSG00000127666.8$TICAM1$chr19$4831716$-,0.57
chr17:3586000-3587400,ENSG00000127774.6$EMC6$chr17$3572109$+,0.43
chr17:3671800-3673000,ENSG00000127774.6$EMC6$chr17$3572109$+,0.35
chr17:2434000-2435000,ENSG00000127804.8$METTL16$chr17$2415185$-,0.66
chr17:2494400-2496200,ENSG00000127804.8$METTL16$chr17$2415185$-,0.58
chr17:2563800-2566200,ENSG00000127804.8$METTL16$chr17$2415185$-,0.37
chr2:220070400-220071000,ENSG00000127824.9$TUBA4A$chr2$220142892$-,0.41
chr2:219277000-219278200,ENSG00000127831.6$VIL1$chr2$219283815$+,0.58
chr2:219097600-219100000,ENSG00000127837.5$AAMP$chr2$219134980$-,0.68
chr2:219165600-219166800,ENSG00000127837.5$AAMP$chr2$219134980$-,0.63
chr2:219097600-219100000,ENSG00000127838.9$PNKD$chr2$219135115$+,0.62
chr2:219165600-219166800,ENSG00000127838.9$PNKD$chr2$219135115$+,0.62
chr2:219277000-219278200,ENSG00000127838.9$PNKD$chr2$219135115$+,0.37
chr13:24153800-24155600,ENSG00000127863.11$TNFRSF19$chr13$24144509$+,0.45
chr13:26760600-26762800,ENSG00000127870.12$RNF6$chr13$26796791$-,0.59
chr13:26904000-26906000,ENSG00000127870.12$RNF6$chr13$26796791$-,0.43
chr13:26946000-26947600,ENSG00000127870.12$RNF6$chr13$26796791$-,0.44
chr19:57105400-57106400,ENSG00000127903.12$ZNF835$chr19$57183151$-,0.49
chr19:57107200-57109000,ENSG00000127903.12$ZNF835$chr19$57183151$-,0.37
chr7:91510400-91511200,ENSG00000127914.12$AKAP9$chr7$91570181$+,0.55
chr7:91580800-91583000,ENSG00000127914.12$AKAP9$chr7$91570181$+,0.62
chr7:96292600-96294200,ENSG00000127922.5$SHFM1$chr7$96339203$-,0.51
chr7:96313800-96316000,ENSG00000127922.5$SHFM1$chr7$96339203$-,0.57
chr7:75222600-75224800,ENSG00000127946.12$HIP1$chr7$75368280$-,0.37
chr7:75365400-75367800,ENSG00000127946.12$HIP1$chr7$75368280$-,0.39
chr7:75495000-75497000,ENSG00000127946.12$HIP1$chr7$75368280$-,0.53
chr7:75542800-75543600,ENSG00000127948.9$POR$chr7$75528518$+,0.51
chr7:76749600-76751200,ENSG00000127951.5$FGL2$chr7$76829143$-,0.54
chr7:76751800-76752600,ENSG00000127951.5$FGL2$chr7$76829143$-,0.55
chr7:75495000-75497000,ENSG00000127952.12$STYXL1$chr7$75677322$-,0.35
chr7:75542800-75543600,ENSG00000127952.12$STYXL1$chr7$75677322$-,0.4
chr7:75648800-75650200,ENSG00000127952.12$STYXL1$chr7$75677322$-,0.64
chr7:75807200-75808400,ENSG00000127952.12$STYXL1$chr7$75677322$-,0.37
chr7:92154400-92156800,ENSG00000127980.11$PEX1$chr7$92157845$-,0.35
chr7:92158800-92160800,ENSG00000127980.11$PEX1$chr7$92157845$-,0.39
chr7:92212000-92212600,ENSG00000127980.11$PEX1$chr7$92157845$-,0.54
chr7:92219800-92221000,ENSG00000127980.11$PEX1$chr7$92157845$-,0.53
chr7:92307000-92309200,ENSG00000127980.11$PEX1$chr7$92157845$-,0.46
chr7:91568400-91569800,ENSG00000127989.9$MTERF$chr7$91510034$-,0.41
chr7:91571200-91573200,ENSG00000127989.9$MTERF$chr7$91510034$-,0.57
chr7:91580800-91583000,ENSG00000127989.9$MTERF$chr7$91510034$-,0.5
chr7:94136200-94138600,ENSG00000127990.11$SGCE$chr7$94285521$-,0.41
chr7:92154400-92156800,ENSG00000127993.10$RBM48$chr7$92158087$+,0.56
chr7:92212000-92212600,ENSG00000127993.10$RBM48$chr7$92158087$+,0.56
chr7:92219800-92221000,ENSG00000127993.10$RBM48$chr7$92158087$+,0.54
chr7:92307000-92309200,ENSG00000127993.10$RBM48$chr7$92158087$+,0.44
chr19:40313200-40314800,ENSG00000128000.11$ZNF780B$chr19$40562116$-,0.4
chr19:40372200-40373000,ENSG00000128000.11$ZNF780B$chr19$40562116$-,0.36
chr19:40469400-40470200,ENSG00000128000.11$ZNF780B$chr19$40562116$-,0.35
chr19:40503400-40505400,ENSG00000128000.11$ZNF780B$chr19$40562116$-,0.57
chr19:40597400-40597800,ENSG00000128000.11$ZNF780B$chr19$40562116$-,0.56
chr19:39748600-39750400,ENSG00000128011.4$LRFN1$chr19$39805976$-,0.47
chr19:39879200-39881200,ENSG00000128011.4$LRFN1$chr19$39805976$-,0.44
chr19:39885800-39886200,ENSG00000128011.4$LRFN1$chr19$39805976$-,0.44
chr19:39748600-39750400,ENSG00000128016.4$ZFP36$chr19$39897453$+,0.49
chr19:39879200-39881200,ENSG00000128016.4$ZFP36$chr19$39897453$+,0.4
chr19:39885800-39886200,ENSG00000128016.4$ZFP36$chr19$39897453$+,0.54
chr19:39934000-39935800,ENSG00000128016.4$ZFP36$chr19$39897453$+,0.52
chr19:39969200-39971400,ENSG00000128016.4$ZFP36$chr19$39897453$+,0.48
chr19:39972000-39974400,ENSG00000128016.4$ZFP36$chr19$39897453$+,0.52
chr19:40028000-40029800,ENSG00000128016.4$ZFP36$chr19$39897453$+,0.42
chr4:57618600-57619600,ENSG00000128040.6$SPINK2$chr4$57687908$-,0.53
chr4:57663600-57666000,ENSG00000128040.6$SPINK2$chr4$57687908$-,0.68
chr4:57771800-57773800,ENSG00000128040.6$SPINK2$chr4$57687908$-,0.67
chr4:53587200-53588200,ENSG00000128045.5$RASL11B$chr4$53728457$+,0.36
chr4:53589000-53590200,ENSG00000128045.5$RASL11B$chr4$53728457$+,0.35
chr4:57214400-57215400,ENSG00000128050.4$PAICS$chr4$57301907$+,0.46
chr4:57251200-57253000,ENSG00000128050.4$PAICS$chr4$57301907$+,0.65
chr4:57214400-57215400,ENSG00000128059.4$PPAT$chr4$57301781$-,0.49
chr4:57251200-57253000,ENSG00000128059.4$PPAT$chr4$57301781$-,0.62
chr22:50766000-50767000,ENSG00000128159.7$TUBGCP6$chr22$50683421$-,0.47
chr22:50779400-50781600,ENSG00000128159.7$TUBGCP6$chr22$50683421$-,0.47
chr22:50763200-50765600,ENSG00000128165.7$ADM2$chr22$50919985$+,0.35
chr22:50766000-50767000,ENSG00000128165.7$ADM2$chr22$50919985$+,0.38
chr22:50779400-50781600,ENSG00000128165.7$ADM2$chr22$50919985$+,0.44
chr22:50929000-50930400,ENSG00000128165.7$ADM2$chr22$50919985$+,0.64
chr22:50947200-50949200,ENSG00000128165.7$ADM2$chr22$50919985$+,0.59
chr22:51001800-51004200,ENSG00000128165.7$ADM2$chr22$50919985$+,0.48
chr22:51067200-51069600,ENSG00000128165.7$ADM2$chr22$50919985$+,0.38
chr22:20315400-20317000,ENSG00000128185.5$DGCR6L$chr22$20307603$-,0.73
chr22:20059200-20061000,ENSG00000128191.9$DGCR8$chr22$20067755$+,0.53
chr22:26756000-26757200,ENSG00000128203.6$ASPHD2$chr22$26825239$+,0.56
chr22:26823000-26824600,ENSG00000128203.6$ASPHD2$chr22$26825239$+,0.37
chr22:26880200-26882600,ENSG00000128203.6$ASPHD2$chr22$26825239$+,0.56
chr22:26905800-26908000,ENSG00000128203.6$ASPHD2$chr22$26825239$+,0.51
chr22:26909000-26911000,ENSG00000128203.6$ASPHD2$chr22$26825239$+,0.5
chr22:24091800-24092800,ENSG00000128218.7$VPREB3$chr22$24096655$-,0.48
chr22:21939000-21940600,ENSG00000128228.4$SDF2L1$chr22$21996550$+,0.45
chr22:21955800-21957400,ENSG00000128228.4$SDF2L1$chr22$21996550$+,0.46
chr22:22000400-22001800,ENSG00000128228.4$SDF2L1$chr22$21996550$+,0.47
chr22:22019400-22020200,ENSG00000128228.4$SDF2L1$chr22$21996550$+,0.53
chr22:22021000-22023000,ENSG00000128228.4$SDF2L1$chr22$21996550$+,0.52
chr22:22138800-22140200,ENSG00000128228.4$SDF2L1$chr22$21996550$+,0.36
chr22:30984800-30987200,ENSG00000128242.8$GAL3ST1$chr22$30970574$-,0.36
chr22:32365400-32367600,ENSG00000128245.10$YWHAH$chr22$32340447$+,0.47
chr22:29784800-29786200,ENSG00000128250.5$RFPL1$chr22$29834572$+,0.39
chr22:32528400-32529600,ENSG00000128253.9$RFPL2$chr22$32600718$-,0.42
chr22:32540200-32541600,ENSG00000128253.9$RFPL2$chr22$32600718$-,0.52
chr22:32143200-32145400,ENSG00000128254.9$C22orf24$chr22$32341504$-,0.39
chr22:32338000-32340000,ENSG00000128254.9$C22orf24$chr22$32341504$-,0.4
chr22:32365400-32367600,ENSG00000128254.9$C22orf24$chr22$32341504$-,0.58
chr22:36461000-36463200,ENSG00000128284.15$APOL3$chr22$36562225$-,0.4
chr22:36575200-36577200,ENSG00000128284.15$APOL3$chr22$36562225$-,0.77
chr22:26756000-26757200,ENSG00000128294.11$TPST2$chr22$26992681$-,0.35
chr22:26905800-26908000,ENSG00000128294.11$TPST2$chr22$26992681$-,0.35
chr22:26909000-26911000,ENSG00000128294.11$TPST2$chr22$26992681$-,0.53
chr22:38243600-38245000,ENSG00000128310.2$GALR3$chr22$38219389$+,0.38
chr22:36461000-36463200,ENSG00000128335.9$APOL2$chr22$36636000$-,0.39
chr22:36575200-36577200,ENSG00000128335.9$APOL2$chr22$36636000$-,0.55
chr22:38243600-38245000,ENSG00000128346.6$C22orf23$chr22$38349676$-,0.44
chr22:38250000-38252000,ENSG00000128346.6$C22orf23$chr22$38349676$-,0.42
chr22:38453800-38454600,ENSG00000128346.6$C22orf23$chr22$38349676$-,0.52
chr22:39190200-39191000,ENSG00000128394.12$APOBEC3F$chr22$39436609$+,0.35
chr22:39384400-39386400,ENSG00000128394.12$APOBEC3F$chr22$39436609$+,0.53
chr22:39397800-39400000,ENSG00000128394.12$APOBEC3F$chr22$39436609$+,0.49
chr22:39425000-39425600,ENSG00000128394.12$APOBEC3F$chr22$39436609$+,0.66
chr22:39431400-39433800,ENSG00000128394.12$APOBEC3F$chr22$39436609$+,0.56
chr22:39539400-39541000,ENSG00000128394.12$APOBEC3F$chr22$39436609$+,0.44
chr22:39549200-39550400,ENSG00000128394.12$APOBEC3F$chr22$39436609$+,0.41
chr15:34394600-34396000,ENSG00000128463.8$EMC4$chr15$34517200$+,0.42
chr15:34577000-34578200,ENSG00000128463.8$EMC4$chr15$34517200$+,0.49
chr17:19851000-19853400,ENSG00000128487.12$SPECC1$chr17$19912657$+,0.43
chr17:19896200-19897000,ENSG00000128487.12$SPECC1$chr17$19912657$+,0.58
chr7:111847600-111849800,ENSG00000128512.15$DOCK4$chr7$111846466$-,0.4
chr7:111925600-111927400,ENSG00000128512.15$DOCK4$chr7$111846466$-,0.5
chr7:111941800-111943400,ENSG00000128512.15$DOCK4$chr7$111846466$-,0.41
chr7:128377400-128378800,ENSG00000128524.4$ATP6V1F$chr7$128502880$+,0.57
chr7:128648200-128650600,ENSG00000128524.4$ATP6V1F$chr7$128502880$+,0.48
chr7:128668200-128670600,ENSG00000128524.4$ATP6V1F$chr7$128502880$+,0.42
chr7:128672000-128673600,ENSG00000128524.4$ATP6V1F$chr7$128502880$+,0.36
chr7:102037600-102039400,ENSG00000128563.9$PRKRIP1$chr7$102004319$+,0.56
chr7:102117400-102118400,ENSG00000128563.9$PRKRIP1$chr7$102004319$+,0.38
chr7:102152800-102153800,ENSG00000128563.9$PRKRIP1$chr7$102004319$+,0.52
chr7:100925800-100926600,ENSG00000128564.5$VGF$chr7$100808874$-,0.45
chr7:100965400-100966600,ENSG00000128564.5$VGF$chr7$100808874$-,0.37
chr7:129192600-129195000,ENSG00000128578.5$STRIP2$chr7$129074274$+,0.47
chr7:129277800-129279200,ENSG00000128578.5$STRIP2$chr7$129074274$+,0.39
chr7:100925800-100926600,ENSG00000128581.11$RABL5$chr7$100965104$-,0.56
chr7:100932200-100934600,ENSG00000128581.11$RABL5$chr7$100965104$-,0.52
chr7:100994800-100996600,ENSG00000128581.11$RABL5$chr7$100965104$-,0.57
chr7:130726600-130728400,ENSG00000128585.13$MKLN1$chr7$130794855$+,0.47
chr7:108167200-108169200,ENSG00000128590.4$DNAJB9$chr7$108210012$+,0.6
chr7:128248600-128249600,ENSG00000128595.12$CALU$chr7$128379346$+,0.41
chr7:128377400-128378800,ENSG00000128596.12$CCDC136$chr7$128430811$+,0.67
chr7:128648200-128650600,ENSG00000128596.12$CCDC136$chr7$128430811$+,0.35
chr7:128668200-128670600,ENSG00000128596.12$CCDC136$chr7$128430811$+,0.45
chr7:129592800-129594800,ENSG00000128607.9$KLHDC10$chr7$129710350$+,0.38
chr7:129689400-129690600,ENSG00000128607.9$KLHDC10$chr7$129710350$+,0.58
chr7:123186800-123187800,ENSG00000128609.10$NDUFA5$chr7$123198309$-,0.81
chr2:176975800-176978200,ENSG00000128652.7$HOXD3$chr2$177001340$+,0.41
chr2:176975800-176978200,ENSG00000128654.9$MTX2$chr2$177134123$+,0.4
chr2:178975600-178977200,ENSG00000128655.12$PDE11A$chr2$178973066$-,0.54
chr2:171625800-171627600,ENSG00000128683.9$GAD1$chr2$171669723$+,0.42
chr2:171627800-171630200,ENSG00000128683.9$GAD1$chr2$171669723$+,0.47
chr2:190537800-190539400,ENSG00000128694.7$OSGEPL1$chr2$190627953$-,0.47
chr2:190539800-190541800,ENSG00000128694.7$OSGEPL1$chr2$190627953$-,0.42
chr2:190549600-190551400,ENSG00000128694.7$OSGEPL1$chr2$190627953$-,0.45
chr2:190739200-190741400,ENSG00000128694.7$OSGEPL1$chr2$190627953$-,0.41
chr2:190537800-190539400,ENSG00000128699.9$ORMDL1$chr2$190649097$-,0.42
chr2:190539800-190541800,ENSG00000128699.9$ORMDL1$chr2$190649097$-,0.44
chr2:190549600-190551400,ENSG00000128699.9$ORMDL1$chr2$190649097$-,0.36
chr2:190625600-190627000,ENSG00000128699.9$ORMDL1$chr2$190649097$-,0.61
chr2:190739200-190741400,ENSG00000128699.9$ORMDL1$chr2$190649097$-,0.42
chr2:172738200-172740600,ENSG00000128708.8$HAT1$chr2$172778958$+,0.57
chr2:172751200-172752600,ENSG00000128708.8$HAT1$chr2$172778958$+,0.65
chr2:172855600-172856600,ENSG00000128708.8$HAT1$chr2$172778958$+,0.5
chr2:172862000-172864400,ENSG00000128708.8$HAT1$chr2$172778958$+,0.37
chr2:172865200-172866800,ENSG00000128708.8$HAT1$chr2$172778958$+,0.4
chr2:176952400-176954400,ENSG00000128709.10$HOXD9$chr2$176987088$+,0.35
chr2:176975800-176978200,ENSG00000128709.10$HOXD9$chr2$176987088$+,0.43
chr2:176952400-176954400,ENSG00000128710.5$HOXD10$chr2$176973518$+,0.46
chr2:176975800-176978200,ENSG00000128710.5$HOXD10$chr2$176973518$+,0.36
chr2:176952400-176954400,ENSG00000128713.11$HOXD11$chr2$176968944$+,0.37
chr2:176975800-176978200,ENSG00000128713.11$HOXD11$chr2$176968944$+,0.43
chr2:176975800-176978200,ENSG00000128714.5$HOXD13$chr2$176957619$+,0.43
chr15:28565000-28566800,ENSG00000128731.11$HERC2$chr15$28567298$-,0.37
chr18:12654800-12657000,ENSG00000128789.16$PSMG2$chr18$12658737$+,0.36
chr18:12678800-12680200,ENSG00000128789.16$PSMG2$chr18$12658737$+,0.39
chr18:9167600-9168600,ENSG00000128791.7$TWSG1$chr18$9334765$+,0.4
chr18:9169000-9169600,ENSG00000128791.7$TWSG1$chr18$9334765$+,0.41
chr18:9170400-9170800,ENSG00000128791.7$TWSG1$chr18$9334765$+,0.41
chr18:9204200-9205000,ENSG00000128791.7$TWSG1$chr18$9334765$+,0.36
chr18:9225800-9227200,ENSG00000128791.7$TWSG1$chr18$9334765$+,0.48
chr18:9227800-9228400,ENSG00000128791.7$TWSG1$chr18$9334765$+,0.46
chr18:9483800-9485800,ENSG00000128791.7$TWSG1$chr18$9334765$+,0.56
chr15:40213600-40215600,ENSG00000128829.7$EIF2AK4$chr15$40226347$+,0.59
chr15:52533200-52534400,ENSG00000128833.8$MYO5C$chr15$52587995$-,0.44
chr15:52059800-52062000,ENSG00000128872.5$TMOD2$chr15$52043758$+,0.73
chr15:52119600-52122000,ENSG00000128872.5$TMOD2$chr15$52043758$+,0.35
chr15:43029600-43030800,ENSG00000128881.12$TTBK2$chr15$43213007$-,0.35
chr15:44093400-44094600,ENSG00000128886.7$ELL3$chr15$44069741$-,0.66
chr15:40764000-40765600,ENSG00000128891.11$C15orf57$chr15$40857256$-,0.55
chr15:40784800-40787200,ENSG00000128891.11$C15orf57$chr15$40857256$-,0.59
chr15:40798600-40800200,ENSG00000128891.11$C15orf57$chr15$40857256$-,0.67
chr15:40891600-40891800,ENSG00000128891.11$C15orf57$chr15$40857256$-,0.64
chr15:41097800-41099200,ENSG00000128891.11$C15orf57$chr15$40857256$-,0.39
chr15:41402600-41403000,ENSG00000128908.11$INO80$chr15$41408552$-,0.71
chr15:41405200-41407600,ENSG00000128908.11$INO80$chr15$41408552$-,0.37
chr15:41452600-41454800,ENSG00000128908.11$INO80$chr15$41408552$-,0.58
chr15:41625600-41627400,ENSG00000128908.11$INO80$chr15$41408552$-,0.39
chr15:60822000-60824400,ENSG00000128915.7$NARG2$chr15$60771359$-,0.6
chr15:60884800-60887000,ENSG00000128915.7$NARG2$chr15$60771359$-,0.35
chr15:60887200-60889400,ENSG00000128915.7$NARG2$chr15$60771359$-,0.38
chr15:60901800-60903400,ENSG00000128915.7$NARG2$chr15$60771359$-,0.4
chr15:60981800-60983400,ENSG00000128915.7$NARG2$chr15$60771359$-,0.38
chr15:41175800-41177800,ENSG00000128917.5$DLL4$chr15$41221538$+,0.36
chr15:58991000-58993200,ENSG00000128923.6$FAM63B$chr15$59063391$+,0.36
chr15:59042600-59043800,ENSG00000128923.6$FAM63B$chr15$59063391$+,0.55
chr15:59061000-59063000,ENSG00000128923.6$FAM63B$chr15$59063391$+,0.4
chr15:59070800-59072000,ENSG00000128923.6$FAM63B$chr15$59063391$+,0.52
chr15:40673800-40675200,ENSG00000128928.4$IVD$chr15$40697686$+,0.46
chr15:40675600-40678000,ENSG00000128928.4$IVD$chr15$40697686$+,0.54
chr15:40764000-40765600,ENSG00000128928.4$IVD$chr15$40697686$+,0.42
chr15:40784800-40787200,ENSG00000128928.4$IVD$chr15$40697686$+,0.36
chr15:40798600-40800200,ENSG00000128928.4$IVD$chr15$40697686$+,0.49
chr15:48577000-48579400,ENSG00000128951.9$DUT$chr15$48623208$+,0.62
chr15:48644600-48645000,ENSG00000128951.9$DUT$chr15$48623208$+,0.73
chr15:41097800-41099200,ENSG00000128965.7$CHAC1$chr15$41245160$+,0.38
chr15:41175800-41177800,ENSG00000128965.7$CHAC1$chr15$41245160$+,0.52
chr15:41187400-41189000,ENSG00000128965.7$CHAC1$chr15$41245160$+,0.59
chr15:41405200-41407600,ENSG00000128965.7$CHAC1$chr15$41245160$+,0.38
chr15:68550800-68552800,ENSG00000128973.7$CLN6$chr15$68549549$-,0.54
chr15:52887000-52887400,ENSG00000128989.6$ARPP19$chr15$52862080$-,0.44
chr15:62420200-62422200,ENSG00000129003.11$VPS13C$chr15$62352672$-,0.47
chr15:68550800-68552800,ENSG00000129007.10$CALML4$chr15$68498417$-,0.39
chr15:71182400-71184800,ENSG00000129028.4$THAP10$chr15$71185124$-,0.38
chr3:129004800-129006000,ENSG00000129071.5$MBD4$chr3$129158878$-,0.58
chr3:129035400-129037400,ENSG00000129071.5$MBD4$chr3$129158878$-,0.41
chr3:129118600-129120000,ENSG00000129071.5$MBD4$chr3$129158878$-,0.68
chr11:14380400-14382400,ENSG00000129083.8$COPB1$chr11$14521573$-,0.35
chr11:14414600-14417000,ENSG00000129083.8$COPB1$chr11$14521573$-,0.35
chr11:14456600-14459000,ENSG00000129083.8$COPB1$chr11$14521573$-,0.61
chr11:14515200-14515400,ENSG00000129083.8$COPB1$chr11$14521573$-,0.55
chr11:14701000-14703400,ENSG00000129084.13$PSMA1$chr11$14665181$-,0.39
chr7:55954400-55954800,ENSG00000129103.13$SUMF2$chr7$56131695$+,0.41
chr7:55955800-55957800,ENSG00000129103.13$SUMF2$chr7$56131695$+,0.38
chr7:56133000-56135400,ENSG00000129103.13$SUMF2$chr7$56131695$+,0.44
chr7:56141400-56142800,ENSG00000129103.13$SUMF2$chr7$56131695$+,0.52
chr7:56171200-56173600,ENSG00000129103.13$SUMF2$chr7$56131695$+,0.56
chr7:56174600-56176000,ENSG00000129103.13$SUMF2$chr7$56131695$+,0.65
chr4:177117000-177118600,ENSG00000129128.8$SPCS3$chr4$177241115$+,0.45
chr4:177238800-177240400,ENSG00000129128.8$SPCS3$chr4$177241115$+,0.36
chr11:18035200-18036800,ENSG00000129158.6$SERGEF$chr11$18034709$-,0.35
chr11:18125200-18127000,ENSG00000129158.6$SERGEF$chr11$18034709$-,0.49
chr11:18127600-18128800,ENSG00000129158.6$SERGEF$chr11$18034709$-,0.48
chr11:18136800-18137600,ENSG00000129158.6$SERGEF$chr11$18034709$-,0.51
chr11:18035200-18036800,ENSG00000129167.5$TPH1$chr11$18063973$-,0.59
chr11:18125200-18127000,ENSG00000129167.5$TPH1$chr11$18063973$-,0.54
chr11:18127600-18128800,ENSG00000129167.5$TPH1$chr11$18063973$-,0.49
chr11:18136800-18137600,ENSG00000129167.5$TPH1$chr11$18063973$-,0.36
chr11:19305000-19307000,ENSG00000129170.4$CSRP3$chr11$19232120$-,0.48
chr17:7531200-7532000,ENSG00000129194.3$SOX15$chr17$7493488$-,0.36
chr17:5195000-5196400,ENSG00000129197.10$RPAIN$chr17$5322961$+,0.38
chr17:5291800-5292800,ENSG00000129197.10$RPAIN$chr17$5322961$+,0.58
chr17:5342400-5344400,ENSG00000129197.10$RPAIN$chr17$5322961$+,0.55
chr17:7337800-7338800,ENSG00000129214.10$SHBG$chr17$7517382$+,0.36
chr17:7356800-7358800,ENSG00000129214.10$SHBG$chr17$7517382$+,0.43
chr17:7359400-7361600,ENSG00000129214.10$SHBG$chr17$7517382$+,0.41
chr17:7426000-7426800,ENSG00000129214.10$SHBG$chr17$7517382$+,0.51
chr17:7528600-7530600,ENSG00000129214.10$SHBG$chr17$7517382$+,0.73
chr17:7531200-7532000,ENSG00000129214.10$SHBG$chr17$7517382$+,0.72
chr17:7592200-7594200,ENSG00000129214.10$SHBG$chr17$7517382$+,0.54
chr17:4643200-4644600,ENSG00000129219.9$PLD2$chr17$4710391$+,0.6
chr17:4693800-4694800,ENSG00000129219.9$PLD2$chr17$4710391$+,0.58
chr17:4698600-4699400,ENSG00000129219.9$PLD2$chr17$4710391$+,0.52
chr17:4700000-4701800,ENSG00000129219.9$PLD2$chr17$4710391$+,0.57
chr17:4891600-4893600,ENSG00000129219.9$PLD2$chr17$4710391$+,0.41
chr17:6346400-6347000,ENSG00000129221.10$AIPL1$chr17$6338519$-,0.6
chr17:7426000-7426800,ENSG00000129226.9$CD68$chr17$7482785$+,0.36
chr17:7528600-7530600,ENSG00000129226.9$CD68$chr17$7482785$+,0.35
chr17:6346400-6347000,ENSG00000129235.6$TXNDC17$chr17$6544078$+,0.39
chr17:6734000-6736000,ENSG00000129235.6$TXNDC17$chr17$6544078$+,0.35
chr17:7528600-7530600,ENSG00000129244.4$ATP1B2$chr17$7549945$+,0.39
chr17:7531200-7532000,ENSG00000129244.4$ATP1B2$chr17$7549945$+,0.43
chr17:7356800-7358800,ENSG00000129245.7$FXR2$chr17$7518189$-,0.4
chr17:7359400-7361600,ENSG00000129245.7$FXR2$chr17$7518189$-,0.45
chr17:7426000-7426800,ENSG00000129245.7$FXR2$chr17$7518189$-,0.56
chr17:7528600-7530600,ENSG00000129245.7$FXR2$chr17$7518189$-,0.74
chr17:7531200-7532000,ENSG00000129245.7$FXR2$chr17$7518189$-,0.69
chr17:7592200-7594200,ENSG00000129245.7$FXR2$chr17$7518189$-,0.48
chr17:4643200-4644600,ENSG00000129250.7$KIF1C$chr17$4901243$+,0.35
chr17:4700000-4701800,ENSG00000129250.7$KIF1C$chr17$4901243$+,0.35
chr17:4891600-4893600,ENSG00000129250.7$KIF1C$chr17$4901243$+,0.57
chr17:4943000-4944000,ENSG00000129250.7$KIF1C$chr17$4901243$+,0.58
chr17:7426000-7426800,ENSG00000129255.10$MPDU1$chr17$7486847$+,0.43
chr17:7528600-7530600,ENSG00000129255.10$MPDU1$chr17$7486847$+,0.52
chr17:7531200-7532000,ENSG00000129255.10$MPDU1$chr17$7486847$+,0.43
chr17:34067200-34069200,ENSG00000129270.11$MMP28$chr17$34122711$-,0.5
chr17:34131200-34132400,ENSG00000129270.11$MMP28$chr17$34122711$-,0.69
chr17:34176400-34178400,ENSG00000129270.11$MMP28$chr17$34122711$-,0.38
chr17:34399400-34400600,ENSG00000129277.9$CCL4$chr17$34430983$+,0.65
chr17:34408400-34410400,ENSG00000129277.9$CCL4$chr17$34430983$+,0.68
chr17:34837800-34839600,ENSG00000129282.8$MRM1$chr17$34958001$+,0.47
chr17:34898600-34900000,ENSG00000129282.8$MRM1$chr17$34958001$+,0.57
chr17:34961600-34962800,ENSG00000129282.8$MRM1$chr17$34958001$+,0.58
chr8:133688200-133689600,ENSG00000129292.16$PHF20L1$chr8$133787618$+,0.45
chr8:133707200-133708600,ENSG00000129292.16$PHF20L1$chr8$133787618$+,0.45
chr8:133625200-133627200,ENSG00000129295.4$LRRC6$chr8$133687838$-,0.44
chr8:133688200-133689600,ENSG00000129295.4$LRRC6$chr8$133687838$-,0.35
chr8:133707200-133708600,ENSG00000129295.4$LRRC6$chr8$133687838$-,0.69
chr8:133786600-133787600,ENSG00000129295.4$LRRC6$chr8$133687838$-,0.4
chr12:49076600-49077400,ENSG00000129315.5$CCNT1$chr12$49110681$-,0.58
chr12:44094800-44095800,ENSG00000129317.10$PUS7L$chr12$44152620$-,0.67
chr12:44200800-44202600,ENSG00000129317.10$PUS7L$chr12$44152620$-,0.6
chr19:10589000-10590800,ENSG00000129347.15$KRI1$chr19$10676713$-,0.51
chr19:10616000-10617600,ENSG00000129347.15$KRI1$chr19$10676713$-,0.5
chr19:10682600-10683800,ENSG00000129347.15$KRI1$chr19$10676713$-,0.7
chr19:10691400-10692600,ENSG00000129347.15$KRI1$chr19$10676713$-,0.61
chr19:10718800-10721200,ENSG00000129347.15$KRI1$chr19$10676713$-,0.48
chr19:10762200-10763800,ENSG00000129347.15$KRI1$chr19$10676713$-,0.51
chr19:10826800-10828600,ENSG00000129347.15$KRI1$chr19$10676713$-,0.57
chr19:10616000-10617600,ENSG00000129351.13$ILF3$chr19$10764937$+,0.41
chr19:10682600-10683800,ENSG00000129351.13$ILF3$chr19$10764937$+,0.53
chr19:10691400-10692600,ENSG00000129351.13$ILF3$chr19$10764937$+,0.54
chr19:10718800-10721200,ENSG00000129351.13$ILF3$chr19$10764937$+,0.57
chr19:10762200-10763800,ENSG00000129351.13$ILF3$chr19$10764937$+,0.41
chr19:10826800-10828600,ENSG00000129351.13$ILF3$chr19$10764937$+,0.51
chr19:10947000-10948200,ENSG00000129351.13$ILF3$chr19$10764937$+,0.36
chr19:10589000-10590800,ENSG00000129353.10$SLC44A2$chr19$10713133$+,0.36
chr19:10616000-10617600,ENSG00000129353.10$SLC44A2$chr19$10713133$+,0.47
chr19:10682600-10683800,ENSG00000129353.10$SLC44A2$chr19$10713133$+,0.67
chr19:10691400-10692600,ENSG00000129353.10$SLC44A2$chr19$10713133$+,0.67
chr19:10718800-10721200,ENSG00000129353.10$SLC44A2$chr19$10713133$+,0.57
chr19:10762200-10763800,ENSG00000129353.10$SLC44A2$chr19$10713133$+,0.57
chr19:10826800-10828600,ENSG00000129353.10$SLC44A2$chr19$10713133$+,0.39
chr19:10691400-10692600,ENSG00000129354.7$AP1M2$chr19$10697991$-,0.42
chr19:10718800-10721200,ENSG00000129354.7$AP1M2$chr19$10697991$-,0.37
chr19:10589000-10590800,ENSG00000129355.6$CDKN2D$chr19$10679735$-,0.35
chr19:10616000-10617600,ENSG00000129355.6$CDKN2D$chr19$10679735$-,0.46
chr19:10682600-10683800,ENSG00000129355.6$CDKN2D$chr19$10679735$-,0.58
chr19:10691400-10692600,ENSG00000129355.6$CDKN2D$chr19$10679735$-,0.64
chr19:10718800-10721200,ENSG00000129355.6$CDKN2D$chr19$10679735$-,0.45
chr19:10762200-10763800,ENSG00000129355.6$CDKN2D$chr19$10679735$-,0.36
chr19:10826800-10828600,ENSG00000129355.6$CDKN2D$chr19$10679735$-,0.4
chr19:51612200-51612600,ENSG00000129450.4$SIGLEC9$chr19$51628165$+,0.59
chr14:23706200-23708000,ENSG00000129460.11$NGDN$chr14$23938897$+,0.36
chr14:23756000-23757400,ENSG00000129460.11$NGDN$chr14$23938897$+,0.4
chr14:23788800-23790000,ENSG00000129460.11$NGDN$chr14$23938897$+,0.39
chr14:23947200-23949000,ENSG00000129460.11$NGDN$chr14$23938897$+,0.44
chr14:24021000-24022400,ENSG00000129460.11$NGDN$chr14$23938897$+,0.61
chr14:24023200-24025600,ENSG00000129460.11$NGDN$chr14$23938897$+,0.54
chr14:24034600-24036200,ENSG00000129460.11$NGDN$chr14$23938897$+,0.54
chr14:24057800-24059800,ENSG00000129460.11$NGDN$chr14$23938897$+,0.44
chr14:24682800-24684600,ENSG00000129465.11$RIPK3$chr14$24809251$-,0.5
chr14:24685200-24686400,ENSG00000129465.11$RIPK3$chr14$24809251$-,0.53
chr14:24712400-24714800,ENSG00000129465.11$RIPK3$chr14$24809251$-,0.62
chr14:24715000-24717400,ENSG00000129465.11$RIPK3$chr14$24809251$-,0.46
chr14:24738000-24740200,ENSG00000129465.11$RIPK3$chr14$24809251$-,0.44
chr14:24758400-24760200,ENSG00000129465.11$RIPK3$chr14$24809251$-,0.5
chr14:24769800-24771600,ENSG00000129465.11$RIPK3$chr14$24809251$-,0.45
chr14:24912400-24913600,ENSG00000129465.11$RIPK3$chr14$24809251$-,0.45
chr14:24758400-24760200,ENSG00000129467.9$ADCY4$chr14$24804299$-,0.35
chr14:24769800-24771600,ENSG00000129467.9$ADCY4$chr14$24804299$-,0.39
chr14:21853000-21854400,ENSG00000129472.8$RAB2B$chr14$21945132$-,0.38
chr14:21901200-21902000,ENSG00000129472.8$RAB2B$chr14$21945132$-,0.55
chr14:21925000-21925600,ENSG00000129472.8$RAB2B$chr14$21945132$-,0.56
chr14:21943000-21944400,ENSG00000129472.8$RAB2B$chr14$21945132$-,0.35
chr14:21946000-21948400,ENSG00000129472.8$RAB2B$chr14$21945132$-,0.35
chr14:21951200-21951800,ENSG00000129472.8$RAB2B$chr14$21945132$-,0.53
chr14:21970600-21972200,ENSG00000129472.8$RAB2B$chr14$21945132$-,0.61
chr14:21972800-21974400,ENSG00000129472.8$RAB2B$chr14$21945132$-,0.55
chr14:23706200-23708000,ENSG00000129473.5$BCL2L2$chr14$23767999$+,0.4
chr14:23753200-23754400,ENSG00000129473.5$BCL2L2$chr14$23767999$+,0.47
chr14:23756000-23757400,ENSG00000129473.5$BCL2L2$chr14$23767999$+,0.4
chr14:23788800-23790000,ENSG00000129473.5$BCL2L2$chr14$23767999$+,0.5
chr14:23423200-23425600,ENSG00000129474.11$AJUBA$chr14$23451851$-,0.59
chr14:23426600-23427400,ENSG00000129474.11$AJUBA$chr14$23451851$-,0.53
chr14:23473600-23475800,ENSG00000129474.11$AJUBA$chr14$23451851$-,0.52
chr14:23496800-23499000,ENSG00000129474.11$AJUBA$chr14$23451851$-,0.35
chr14:23504400-23505400,ENSG00000129474.11$AJUBA$chr14$23451851$-,0.36
chr14:23540800-23542800,ENSG00000129474.11$AJUBA$chr14$23451851$-,0.4
chr14:31840600-31841600,ENSG00000129480.8$DTD2$chr14$31926716$-,0.62
chr14:31846000-31848200,ENSG00000129480.8$DTD2$chr14$31926716$-,0.6
chr14:31886400-31888800,ENSG00000129480.8$DTD2$chr14$31926716$-,0.53
chr14:32029400-32030200,ENSG00000129480.8$DTD2$chr14$31926716$-,0.5
chr14:20878800-20880800,ENSG00000129484.9$PARP2$chr14$20811741$+,0.46
chr14:31840600-31841600,ENSG00000129493.10$HEATR5A$chr14$31889788$-,0.67
chr14:31846000-31848200,ENSG00000129493.10$HEATR5A$chr14$31889788$-,0.72
chr14:31886400-31888800,ENSG00000129493.10$HEATR5A$chr14$31889788$-,0.4
chr14:31926800-31928600,ENSG00000129493.10$HEATR5A$chr14$31889788$-,0.63
chr14:32029400-32030200,ENSG00000129493.10$HEATR5A$chr14$31889788$-,0.46
chr14:35009200-35010000,ENSG00000129515.14$SNX6$chr14$35099389$-,0.51
chr14:35023200-35024600,ENSG00000129515.14$SNX6$chr14$35099389$-,0.44
chr14:35151600-35153000,ENSG00000129515.14$SNX6$chr14$35099389$-,0.69
chr14:35184000-35185800,ENSG00000129515.14$SNX6$chr14$35099389$-,0.5
chr14:35191600-35193400,ENSG00000129515.14$SNX6$chr14$35099389$-,0.37
chr14:35210400-35212800,ENSG00000129515.14$SNX6$chr14$35099389$-,0.35
chr14:35023200-35024600,ENSG00000129518.4$EAPP$chr14$35008916$-,0.77
chr14:35099800-35102200,ENSG00000129518.4$EAPP$chr14$35008916$-,0.45
chr14:35151600-35153000,ENSG00000129518.4$EAPP$chr14$35008916$-,0.47
chr14:35009200-35010000,ENSG00000129521.9$EGLN3$chr14$34931980$-,0.47
chr14:35023200-35024600,ENSG00000129521.9$EGLN3$chr14$34931980$-,0.47
chr14:35151600-35153000,ENSG00000129521.9$EGLN3$chr14$34931980$-,0.39
chr14:24423400-24425400,ENSG00000129535.8$NRL$chr14$24584223$-,0.54
chr14:24474800-24475800,ENSG00000129535.8$NRL$chr14$24584223$-,0.52
chr14:24564200-24566400,ENSG00000129535.8$NRL$chr14$24584223$-,0.61
chr14:24603400-24604800,ENSG00000129535.8$NRL$chr14$24584223$-,0.52
chr14:24628800-24630600,ENSG00000129535.8$NRL$chr14$24584223$-,0.45
chr14:24682800-24684600,ENSG00000129535.8$NRL$chr14$24584223$-,0.52
chr14:24685200-24686400,ENSG00000129535.8$NRL$chr14$24584223$-,0.47
chr14:24712400-24714800,ENSG00000129535.8$NRL$chr14$24584223$-,0.45
chr14:24715000-24717400,ENSG00000129535.8$NRL$chr14$24584223$-,0.37
chr14:24758400-24760200,ENSG00000129535.8$NRL$chr14$24584223$-,0.39
chr14:24564200-24566400,ENSG00000129559.8$NEDD8$chr14$24701660$-,0.48
chr14:24582400-24582800,ENSG00000129559.8$NEDD8$chr14$24701660$-,0.57
chr14:24603400-24604800,ENSG00000129559.8$NEDD8$chr14$24701660$-,0.59
chr14:24628800-24630600,ENSG00000129559.8$NEDD8$chr14$24701660$-,0.45
chr14:24682800-24684600,ENSG00000129559.8$NEDD8$chr14$24701660$-,0.48
chr14:24685200-24686400,ENSG00000129559.8$NEDD8$chr14$24701660$-,0.47
chr14:24712400-24714800,ENSG00000129559.8$NEDD8$chr14$24701660$-,0.69
chr14:24715000-24717400,ENSG00000129559.8$NEDD8$chr14$24701660$-,0.53
chr14:24738000-24740200,ENSG00000129559.8$NEDD8$chr14$24701660$-,0.46
chr14:24758400-24760200,ENSG00000129559.8$NEDD8$chr14$24701660$-,0.5
chr14:24769800-24771600,ENSG00000129559.8$NEDD8$chr14$24701660$-,0.44
chr14:23065400-23066800,ENSG00000129562.6$DAD1$chr14$23058175$-,0.65
chr14:23181400-23183400,ENSG00000129562.6$DAD1$chr14$23058175$-,0.4
chr14:20812200-20814200,ENSG00000129566.8$TEP1$chr14$20881588$-,0.62
chr14:20929600-20931600,ENSG00000129566.8$TEP1$chr14$20881588$-,0.56
chr14:20936600-20937600,ENSG00000129566.8$TEP1$chr14$20881588$-,0.48
chr14:20998800-20999600,ENSG00000129566.8$TEP1$chr14$20881588$-,0.44
chr14:21120800-21122600,ENSG00000129566.8$TEP1$chr14$20881588$-,0.38
chr5:112195800-112196600,ENSG00000129625.8$REEP5$chr5$112258236$-,0.59
chr5:112202000-112203800,ENSG00000129625.8$REEP5$chr5$112258236$-,0.66
chr5:112209400-112210400,ENSG00000129625.8$REEP5$chr5$112258236$-,0.61
chr5:112281800-112282600,ENSG00000129625.8$REEP5$chr5$112258236$-,0.48
chr5:112298600-112300400,ENSG00000129625.8$REEP5$chr5$112258236$-,0.5
chr5:112331600-112333200,ENSG00000129625.8$REEP5$chr5$112258236$-,0.38
chr16:47517600-47518800,ENSG00000129636.8$ITFG1$chr16$47498060$-,0.53
chr16:47556600-47558800,ENSG00000129636.8$ITFG1$chr16$47498060$-,0.61
chr16:47571000-47573400,ENSG00000129636.8$ITFG1$chr16$47498060$-,0.48
chr17:74059200-74061000,ENSG00000129654.7$FOXJ1$chr17$74137380$-,0.48
chr17:74095800-74096000,ENSG00000129654.7$FOXJ1$chr17$74137380$-,0.65
chr17:74097200-74099000,ENSG00000129654.7$FOXJ1$chr17$74137380$-,0.65
chr17:74251200-74253200,ENSG00000129654.7$FOXJ1$chr17$74137380$-,0.45
chr17:74251200-74253200,ENSG00000129667.8$RHBDF2$chr17$74497872$-,0.36
chr17:74449200-74450200,ENSG00000129667.8$RHBDF2$chr17$74497872$-,0.53
chr17:74619200-74621400,ENSG00000129667.8$RHBDF2$chr17$74497872$-,0.5
chr17:74251200-74253200,ENSG00000129673.5$AANAT$chr17$74449433$+,0.5
chr17:74644000-74645400,ENSG00000129673.5$AANAT$chr17$74449433$+,0.37
chrX:135679400-135679600,ENSG00000129675.11$ARHGEF6$chrX$135864247$-,0.35
chrX:135764600-135764800,ENSG00000129675.11$ARHGEF6$chrX$135864247$-,0.37
chrX:135801600-135803000,ENSG00000129675.11$ARHGEF6$chrX$135864247$-,0.42
chrX:135817200-135819400,ENSG00000129675.11$ARHGEF6$chrX$135864247$-,0.46
chrX:135879600-135881400,ENSG00000129675.11$ARHGEF6$chrX$135864247$-,0.62
chrX:135954000-135955400,ENSG00000129675.11$ARHGEF6$chrX$135864247$-,0.45
chrX:135331600-135333200,ENSG00000129680.11$MAP7D3$chrX$135338641$-,0.6
chrX:135333800-135334400,ENSG00000129680.11$MAP7D3$chrX$135338641$-,0.83
chr8:37886600-37887600,ENSG00000129691.11$ASH2L$chr8$37962760$+,0.57
chr8:37923800-37926200,ENSG00000129691.11$ASH2L$chr8$37962760$+,0.52
chr8:38086400-38088400,ENSG00000129691.11$ASH2L$chr8$37962760$+,0.42
chr8:38090000-38092000,ENSG00000129691.11$ASH2L$chr8$37962760$+,0.44
chr8:33296000-33297000,ENSG00000129696.8$TTI2$chr8$33371119$-,0.49
chr8:33340400-33342000,ENSG00000129696.8$TTI2$chr8$33371119$-,0.52
chr8:33343200-33345200,ENSG00000129696.8$TTI2$chr8$33371119$-,0.54
chr8:33390200-33392200,ENSG00000129696.8$TTI2$chr8$33371119$-,0.6
chr3:20101000-20103400,ENSG00000129810.10$SGOL1$chr3$20227784$-,0.4
chr3:20120800-20123200,ENSG00000129810.10$SGOL1$chr3$20227784$-,0.44
chr3:20201000-20203000,ENSG00000129810.10$SGOL1$chr3$20227784$-,0.54
chr3:20238600-20240200,ENSG00000129810.10$SGOL1$chr3$20227784$-,0.71
chr3:20276600-20278600,ENSG00000129810.10$SGOL1$chr3$20227784$-,0.66
chr16:89305800-89307200,ENSG00000129910.3$CDH15$chr16$89238175$+,0.51
chr16:89308000-89310400,ENSG00000129910.3$CDH15$chr16$89238175$+,0.53
chr16:89313000-89315400,ENSG00000129910.3$CDH15$chr16$89238175$+,0.58
chr19:1724800-1726800,ENSG00000129911.4$KLF16$chr19$1863567$-,0.36
chr19:1938800-1940400,ENSG00000129911.4$KLF16$chr19$1863567$-,0.43
chr19:3493800-3495400,ENSG00000129932.3$DOHH$chr19$3500938$-,0.6
chr19:3627000-3628000,ENSG00000129932.3$DOHH$chr19$3500938$-,0.36
chr19:19304200-19306600,ENSG00000129933.16$MAU2$chr19$19431490$+,0.4
chr19:19468200-19470000,ENSG00000129933.16$MAU2$chr19$19431490$+,0.57
chr19:19494600-19496000,ENSG00000129933.16$MAU2$chr19$19431490$+,0.5
chr19:19509800-19512000,ENSG00000129933.16$MAU2$chr19$19431490$+,0.47
chr19:489600-491800,ENSG00000129946.6$SHC2$chr19$460996$-,0.35
chr19:1724800-1726800,ENSG00000129968.11$ABHD17A$chr19$1885546$-,0.36
chr19:1938800-1940400,ENSG00000129968.11$ABHD17A$chr19$1885546$-,0.57
chr19:55771000-55772600,ENSG00000129990.10$SYT5$chr19$55691809$-,0.44
chr16:88924400-88926800,ENSG00000129993.10$CBFA2T3$chr16$89043612$-,0.41
chr19:1353000-1354600,ENSG00000130005.7$GAMT$chr19$1401569$-,0.43
chr19:1405800-1407800,ENSG00000130005.7$GAMT$chr19$1401569$-,0.55
chr6:170149400-170151000,ENSG00000130024.10$PHF10$chr6$170124151$-,0.68
chr6:170152400-170154600,ENSG00000130024.10$PHF10$chr6$170124151$-,0.52
chr12:3852400-3854800,ENSG00000130038.5$EFCAB4B$chr12$3873985$-,0.5
chrX:69652000-69653800,ENSG00000130055.9$GDPD2$chrX$69642881$+,0.58
chrX:23684000-23685600,ENSG00000130066.12$SAT1$chrX$23801290$+,0.44
chrX:23686400-23688000,ENSG00000130066.12$SAT1$chrX$23801290$+,0.5
chrX:23688600-23689000,ENSG00000130066.12$SAT1$chrX$23801290$+,0.39
chrX:23753800-23754400,ENSG00000130066.12$SAT1$chrX$23801290$+,0.55
chrX:23757600-23757800,ENSG00000130066.12$SAT1$chrX$23801290$+,0.59
chrX:23758400-23760600,ENSG00000130066.12$SAT1$chrX$23801290$+,0.64
chrX:23761400-23762800,ENSG00000130066.12$SAT1$chrX$23801290$+,0.62
chrX:23763000-23765000,ENSG00000130066.12$SAT1$chrX$23801290$+,0.55
chrX:23923600-23925400,ENSG00000130066.12$SAT1$chrX$23801290$+,0.43
chrX:23926600-23927400,ENSG00000130066.12$SAT1$chrX$23801290$+,0.39
chrX:23948400-23950800,ENSG00000130066.12$SAT1$chrX$23801290$+,0.42
chrX:24028000-24029000,ENSG00000130066.12$SAT1$chrX$23801290$+,0.4
chrX:24031800-24034200,ENSG00000130066.12$SAT1$chrX$23801290$+,0.39
chrX:54465400-54466800,ENSG00000130119.11$GNL3L$chrX$54556644$+,0.44
chrX:54554800-54556400,ENSG00000130119.11$GNL3L$chrX$54556644$+,0.36
chrX:54666400-54668600,ENSG00000130119.11$GNL3L$chrX$54556644$+,0.43
chrX:14889400-14890800,ENSG00000130150.7$MOSPD2$chrX$14891563$+,0.45
chr19:11544800-11546400,ENSG00000130159.9$ECSIT$chr19$11639989$-,0.41
chr19:11547000-11549400,ENSG00000130159.9$ECSIT$chr19$11639989$-,0.38
chr19:11614800-11616800,ENSG00000130159.9$ECSIT$chr19$11639989$-,0.54
chr19:11617000-11618800,ENSG00000130159.9$ECSIT$chr19$11639989$-,0.52
chr19:11637000-11639400,ENSG00000130159.9$ECSIT$chr19$11639989$-,0.42
chr19:11697000-11699400,ENSG00000130159.9$ECSIT$chr19$11639989$-,0.38
chr19:11749400-11750600,ENSG00000130159.9$ECSIT$chr19$11639989$-,0.35
chr19:10947000-10948200,ENSG00000130164.7$LDLR$chr19$11200038$+,0.36
chr19:11236600-11237600,ENSG00000130164.7$LDLR$chr19$11200038$+,0.41
chr19:11614800-11616800,ENSG00000130165.6$ELOF1$chr19$11670051$-,0.47
chr19:11617000-11618800,ENSG00000130165.6$ELOF1$chr19$11670051$-,0.52
chr19:11637000-11639400,ENSG00000130165.6$ELOF1$chr19$11670051$-,0.59
chr19:11697000-11699400,ENSG00000130165.6$ELOF1$chr19$11670051$-,0.65
chr19:11749400-11750600,ENSG00000130165.6$ELOF1$chr19$11670051$-,0.49
chr19:11497000-11498800,ENSG00000130175.5$PRKCSH$chr19$11546109$+,0.6
chr19:11614800-11616800,ENSG00000130175.5$PRKCSH$chr19$11546109$+,0.46
chr19:11617000-11618800,ENSG00000130175.5$PRKCSH$chr19$11546109$+,0.63
chr19:11637000-11639400,ENSG00000130175.5$PRKCSH$chr19$11546109$+,0.51
chr19:11637000-11639400,ENSG00000130176.3$CNN1$chr19$11649532$+,0.44
chr13:114921800-114924200,ENSG00000130177.10$CDC16$chr13$115000362$+,0.36
chr13:114958800-114961200,ENSG00000130177.10$CDC16$chr13$115000362$+,0.51
chr13:115009600-115011200,ENSG00000130177.10$CDC16$chr13$115000362$+,0.64
chr13:115098600-115101000,ENSG00000130177.10$CDC16$chr13$115000362$+,0.42
chr16:3207000-3207800,ENSG00000130182.3$ZSCAN10$chr16$3149318$-,0.37
chr16:3285600-3287200,ENSG00000130182.3$ZSCAN10$chr16$3149318$-,0.38
chr8:143929800-143931600,ENSG00000130193.7$THEM6$chr8$143808621$+,0.37
chr19:45344200-45345400,ENSG00000130202.5$PVRL2$chr19$45349432$+,0.55
chr19:45392200-45393600,ENSG00000130203.5$APOE$chr19$45409011$+,0.45
chr19:45456200-45457600,ENSG00000130203.5$APOE$chr19$45409011$+,0.47
chr19:45344200-45345400,ENSG00000130204.8$TOMM40$chr19$45393826$+,0.63
chr19:45456200-45457600,ENSG00000130204.8$TOMM40$chr19$45393826$+,0.55
chr19:45505200-45507000,ENSG00000130204.8$TOMM40$chr19$45393826$+,0.35
chr19:45540800-45542200,ENSG00000130204.8$TOMM40$chr19$45393826$+,0.52
chr19:45344200-45345400,ENSG00000130208.5$APOC1$chr19$45417504$+,0.4
chr19:45392200-45393600,ENSG00000130208.5$APOC1$chr19$45417504$+,0.49
chr19:45456200-45457600,ENSG00000130208.5$APOC1$chr19$45417504$+,0.53
chr9:92155000-92155400,ENSG00000130222.6$GADD45G$chr9$92219928$+,0.59
chr8:21774600-21776200,ENSG00000130227.12$XPO7$chr8$21777180$+,0.43
chr8:21866200-21867400,ENSG00000130227.12$XPO7$chr8$21777180$+,0.53
chr8:21868400-21869400,ENSG00000130227.12$XPO7$chr8$21777180$+,0.51
chr8:21879000-21880000,ENSG00000130227.12$XPO7$chr8$21777180$+,0.41
chr19:38724400-38725000,ENSG00000130244.8$FAM98C$chr19$38893775$+,0.4
chr19:38850400-38852800,ENSG00000130244.8$FAM98C$chr19$38893775$+,0.49
chr19:38853000-38854400,ENSG00000130244.8$FAM98C$chr19$38893775$+,0.55
chr19:38864200-38865400,ENSG00000130244.8$FAM98C$chr19$38893775$+,0.56
chr19:38919200-38920600,ENSG00000130244.8$FAM98C$chr19$38893775$+,0.52
chr19:5614600-5616600,ENSG00000130254.7$SAFB2$chr19$5624057$-,0.64
chr19:5681200-5683600,ENSG00000130254.7$SAFB2$chr19$5624057$-,0.51
chr19:5720800-5721600,ENSG00000130254.7$SAFB2$chr19$5624057$-,0.49
chr19:5788200-5790400,ENSG00000130254.7$SAFB2$chr19$5624057$-,0.45
chr19:5794000-5795000,ENSG00000130254.7$SAFB2$chr19$5624057$-,0.47
chr19:1724800-1726800,ENSG00000130270.12$ATP8B3$chr19$1812275$-,0.37
chr19:1938800-1940400,ENSG00000130270.12$ATP8B3$chr19$1812275$-,0.42
chr19:19304200-19306600,ENSG00000130287.9$NCAN$chr19$19322782$+,0.35
chr19:19312000-19314200,ENSG00000130287.9$NCAN$chr19$19322782$+,0.44
chr19:17334200-17336600,ENSG00000130299.12$GTPBP3$chr19$17445729$+,0.48
chr19:17378800-17380200,ENSG00000130299.12$GTPBP3$chr19$17445729$+,0.51
chr19:17520200-17521200,ENSG00000130299.12$GTPBP3$chr19$17445729$+,0.6
chr19:17531400-17532000,ENSG00000130299.12$GTPBP3$chr19$17445729$+,0.53
chr19:17558200-17560200,ENSG00000130299.12$GTPBP3$chr19$17445729$+,0.54
chr19:17520200-17521200,ENSG00000130300.4$PLVAP$chr19$17488159$-,0.36
chr19:17334200-17336600,ENSG00000130303.8$BST2$chr19$17516457$-,0.36
chr19:17378800-17380200,ENSG00000130303.8$BST2$chr19$17516457$-,0.58
chr19:17443000-17445200,ENSG00000130303.8$BST2$chr19$17516457$-,0.53
chr19:17445400-17447400,ENSG00000130303.8$BST2$chr19$17516457$-,0.56
chr19:17520200-17521200,ENSG00000130303.8$BST2$chr19$17516457$-,0.55
chr19:17531400-17532000,ENSG00000130303.8$BST2$chr19$17516457$-,0.57
chr19:17558200-17560200,ENSG00000130303.8$BST2$chr19$17516457$-,0.65
chr19:17733200-17734000,ENSG00000130303.8$BST2$chr19$17516457$-,0.37
chr19:17334200-17336600,ENSG00000130307.7$USHBP1$chr19$17393595$-,0.45
chr19:17378800-17380200,ENSG00000130307.7$USHBP1$chr19$17393595$-,0.51
chr19:17443000-17445200,ENSG00000130307.7$USHBP1$chr19$17393595$-,0.54
chr19:17445400-17447400,ENSG00000130307.7$USHBP1$chr19$17393595$-,0.46
chr19:17520200-17521200,ENSG00000130307.7$USHBP1$chr19$17393595$-,0.47
chr19:17531400-17532000,ENSG00000130307.7$USHBP1$chr19$17393595$-,0.44
chr19:17558200-17560200,ENSG00000130307.7$USHBP1$chr19$17393595$-,0.37
chr19:17520200-17521200,ENSG00000130309.6$COLGALT1$chr19$17666403$+,0.48
chr19:17531400-17532000,ENSG00000130309.6$COLGALT1$chr19$17666403$+,0.45
chr19:17733200-17734000,ENSG00000130309.6$COLGALT1$chr19$17666403$+,0.47
chr19:17334200-17336600,ENSG00000130311.6$DDA1$chr19$17420327$+,0.51
chr19:17378800-17380200,ENSG00000130311.6$DDA1$chr19$17420327$+,0.59
chr19:17443000-17445200,ENSG00000130311.6$DDA1$chr19$17420327$+,0.64
chr19:17445400-17447400,ENSG00000130311.6$DDA1$chr19$17420327$+,0.56
chr19:17520200-17521200,ENSG00000130311.6$DDA1$chr19$17420327$+,0.54
chr19:17531400-17532000,ENSG00000130311.6$DDA1$chr19$17420327$+,0.59
chr19:17558200-17560200,ENSG00000130311.6$DDA1$chr19$17420327$+,0.48
chr19:17378800-17380200,ENSG00000130313.2$PGLS$chr19$17622438$+,0.35
chr19:17443000-17445200,ENSG00000130313.2$PGLS$chr19$17622438$+,0.4
chr19:17445400-17447400,ENSG00000130313.2$PGLS$chr19$17622438$+,0.41
chr19:17520200-17521200,ENSG00000130313.2$PGLS$chr19$17622438$+,0.53
chr19:17531400-17532000,ENSG00000130313.2$PGLS$chr19$17622438$+,0.54
chr19:17558200-17560200,ENSG00000130313.2$PGLS$chr19$17622438$+,0.54
chr19:17733200-17734000,ENSG00000130313.2$PGLS$chr19$17622438$+,0.4
chr6:158245400-158247800,ENSG00000130340.10$SNX9$chr6$158244296$+,0.39
chr6:159391800-159394000,ENSG00000130363.7$RSPH3$chr6$159421219$-,0.46
chr6:159410600-159412800,ENSG00000130363.7$RSPH3$chr6$159421219$-,0.45
chr6:159419000-159420200,ENSG00000130363.7$RSPH3$chr6$159421219$-,0.43
chr19:6111200-6112600,ENSG00000130382.7$MLLT1$chr19$6279959$-,0.44
chr19:6360800-6361400,ENSG00000130382.7$MLLT1$chr19$6279959$-,0.56
chr19:6390600-6392600,ENSG00000130382.7$MLLT1$chr19$6279959$-,0.44
chr19:6425200-6427200,ENSG00000130382.7$MLLT1$chr19$6279959$-,0.57
chr19:6429400-6430200,ENSG00000130382.7$MLLT1$chr19$6279959$-,0.47
chr19:6457400-6459800,ENSG00000130382.7$MLLT1$chr19$6279959$-,0.4
chr19:5681200-5683600,ENSG00000130383.6$FUT5$chr19$5903798$-,0.35
chr19:5720800-5721600,ENSG00000130383.6$FUT5$chr19$5903798$-,0.37
chr19:5788200-5790400,ENSG00000130383.6$FUT5$chr19$5903798$-,0.57
chr19:5794000-5795000,ENSG00000130383.6$FUT5$chr19$5903798$-,0.61
chr6:168211600-168213400,ENSG00000130396.16$MLLT4$chr6$168227602$+,0.53
chr6:168224600-168226800,ENSG00000130396.16$MLLT4$chr6$168227602$+,0.35
chr19:38919200-38920600,ENSG00000130402.7$ACTN4$chr19$39138289$+,0.35
chr19:39069200-39071600,ENSG00000130402.7$ACTN4$chr19$39138289$+,0.4
chr19:39110600-39113000,ENSG00000130402.7$ACTN4$chr19$39138289$+,0.63
chr19:39259400-39261200,ENSG00000130402.7$ACTN4$chr19$39138289$+,0.39
chr2:240782000-240784200,ENSG00000130414.7$NDUFA10$chr2$240964819$-,0.4
chr2:240873600-240874600,ENSG00000130414.7$NDUFA10$chr2$240964819$-,0.58
chr7:100301800-100303200,ENSG00000130427.2$EPO$chr7$100318423$+,0.39
chr7:98921800-98923000,ENSG00000130429.8$ARPC1B$chr7$98971872$+,0.53
chr7:99007400-99009600,ENSG00000130429.8$ARPC1B$chr7$98971872$+,0.46
chr7:99033800-99036000,ENSG00000130429.8$ARPC1B$chr7$98971872$+,0.52
chr7:99098400-99099400,ENSG00000130429.8$ARPC1B$chr7$98971872$+,0.42
chr7:99101400-99102000,ENSG00000130429.8$ARPC1B$chr7$98971872$+,0.47
chr7:99212800-99214200,ENSG00000130429.8$ARPC1B$chr7$98971872$+,0.43
chr5:60476800-60479000,ENSG00000130449.5$ZSWIM6$chr5$60628100$+,0.37
chr19:17894600-17895800,ENSG00000130475.10$FCHO1$chr19$17858527$+,0.64
chr19:17969400-17970600,ENSG00000130475.10$FCHO1$chr19$17858527$+,0.36
chr22:50929000-50930400,ENSG00000130487.4$KLHDC7B$chr22$50986462$+,0.44
chr22:50947200-50949200,ENSG00000130487.4$KLHDC7B$chr22$50986462$+,0.56
chr22:51001800-51004200,ENSG00000130487.4$KLHDC7B$chr22$50986462$+,0.62
chr22:51067200-51069600,ENSG00000130487.4$KLHDC7B$chr22$50986462$+,0.44
chr22:50779400-50781600,ENSG00000130489.8$SCO2$chr22$50964868$-,0.42
chr22:50929000-50930400,ENSG00000130489.8$SCO2$chr22$50964868$-,0.55
chr22:50947200-50949200,ENSG00000130489.8$SCO2$chr22$50964868$-,0.67
chr22:51001800-51004200,ENSG00000130489.8$SCO2$chr22$50964868$-,0.6
chr22:51067200-51069600,ENSG00000130489.8$SCO2$chr22$50964868$-,0.46
chr22:51195600-51197000,ENSG00000130489.8$SCO2$chr22$50964868$-,0.43
chr19:18633000-18634000,ENSG00000130511.11$SSBP4$chr19$18529674$+,0.38
chr19:18651800-18653600,ENSG00000130511.11$SSBP4$chr19$18529674$+,0.43
chr19:18667400-18668800,ENSG00000130511.11$SSBP4$chr19$18529674$+,0.36
chr19:18681000-18682200,ENSG00000130511.11$SSBP4$chr19$18529674$+,0.36
chr19:18312800-18314200,ENSG00000130517.9$PGPEP1$chr19$18451397$+,0.46
chr19:18312800-18314200,ENSG00000130518.12$KIAA1683$chr19$18385319$-,0.41
chr19:18312800-18314200,ENSG00000130522.4$JUND$chr19$18392432$-,0.5
chr19:49728800-49730000,ENSG00000130528.7$HRC$chr19$49658681$-,0.45
chr19:49734200-49736400,ENSG00000130528.7$HRC$chr19$49658681$-,0.38
chr19:6925200-6927200,ENSG00000130544.7$ZNF557$chr19$7069455$+,0.46
chr19:6945600-6946000,ENSG00000130544.7$ZNF557$chr19$7069455$+,0.44
chr19:6947200-6948800,ENSG00000130544.7$ZNF557$chr19$7069455$+,0.47
chr19:7004400-7004800,ENSG00000130544.7$ZNF557$chr19$7069455$+,0.42
chr19:7012800-7014600,ENSG00000130544.7$ZNF557$chr19$7069455$+,0.51
chr19:7088800-7089600,ENSG00000130544.7$ZNF557$chr19$7069455$+,0.52
chr19:7098200-7098800,ENSG00000130544.7$ZNF557$chr19$7069455$+,0.44
chr19:6425200-6427200,ENSG00000130545.11$CRB3$chr19$6463788$+,0.44
chr19:6429400-6430200,ENSG00000130545.11$CRB3$chr19$6463788$+,0.38
chr19:6457400-6459800,ENSG00000130545.11$CRB3$chr19$6463788$+,0.47
chr19:6489200-6490400,ENSG00000130545.11$CRB3$chr19$6463788$+,0.41
chr9:138754400-138754800,ENSG00000130559.14$CAMSAP1$chr9$138799074$-,0.61
chr9:138790400-138792400,ENSG00000130559.14$CAMSAP1$chr9$138799074$-,0.64
chr9:138754400-138754800,ENSG00000130560.4$UBAC1$chr9$138853226$-,0.41
chr9:138790400-138792400,ENSG00000130560.4$UBAC1$chr9$138853226$-,0.46
chr20:62153000-62155400,ENSG00000130589.12$HELZ2$chr20$62205592$-,0.38
chr20:62211800-62213200,ENSG00000130589.12$HELZ2$chr20$62205592$-,0.63
chr20:62525000-62526200,ENSG00000130590.9$SAMD10$chr20$62611361$-,0.5
chr20:62554600-62556800,ENSG00000130590.9$SAMD10$chr20$62611361$-,0.54
chr20:62750600-62752600,ENSG00000130590.9$SAMD10$chr20$62611361$-,0.35
chr11:1649600-1651400,ENSG00000130592.9$LSP1$chr11$1874200$+,0.35
chr10:135122600-135124400,ENSG00000130640.9$TUBGCP2$chr10$135125841$-,0.4
chr10:135131800-135133400,ENSG00000130640.9$TUBGCP2$chr10$135125841$-,0.47
chr10:135122600-135124400,ENSG00000130643.4$CALY$chr10$135150475$-,0.46
chr10:135131800-135133400,ENSG00000130643.4$CALY$chr10$135150475$-,0.53
chr10:135208400-135210600,ENSG00000130643.4$CALY$chr10$135150475$-,0.48
chr10:135221400-135222200,ENSG00000130649.5$CYP2E1$chr10$135333910$+,0.36
chr10:135222800-135223200,ENSG00000130649.5$CYP2E1$chr10$135333910$+,0.36
chr9:140428600-140430200,ENSG00000130653.11$PNPLA7$chr9$140444986$-,0.55
chr9:140447000-140448200,ENSG00000130653.11$PNPLA7$chr9$140444986$-,0.52
chr16:204200-205400,ENSG00000130656.4$HBZ$chr16$202686$+,0.46
chr16:283400-284400,ENSG00000130656.4$HBZ$chr16$202686$+,0.36
chr19:39431800-39433800,ENSG00000130669.13$PAK4$chr19$39616410$+,0.35
chr19:39440000-39441600,ENSG00000130669.13$PAK4$chr19$39616410$+,0.36
chr19:39611600-39614000,ENSG00000130669.13$PAK4$chr19$39616410$+,0.43
chr19:39748600-39750400,ENSG00000130669.13$PAK4$chr19$39616410$+,0.49
chr20:25622800-25625200,ENSG00000130684.9$ZNF337$chr20$25677477$-,0.68
chr20:25663600-25664200,ENSG00000130684.9$ZNF337$chr20$25677477$-,0.65
chr20:25699200-25701400,ENSG00000130684.9$ZNF337$chr20$25677477$-,0.5
chr20:25832000-25834400,ENSG00000130684.9$ZNF337$chr20$25677477$-,0.62
chr1:26436000-26437200,ENSG00000130695.9$CEP85$chr1$26560691$+,0.35
chr1:26471200-26472600,ENSG00000130695.9$CEP85$chr1$26560691$+,0.47
chr1:26516400-26518800,ENSG00000130695.9$CEP85$chr1$26560691$+,0.49
chr20:60559000-60561000,ENSG00000130699.12$TAF4$chr20$60640866$-,0.38
chr20:60561400-60562800,ENSG00000130699.12$TAF4$chr20$60640866$-,0.36
chr20:60585600-60587600,ENSG00000130699.12$TAF4$chr20$60640866$-,0.36
chr20:60561400-60562800,ENSG00000130703.11$OSBPL2$chr20$60813580$+,0.39
chr20:60585600-60587600,ENSG00000130703.11$OSBPL2$chr20$60813580$+,0.39
chr20:60559000-60561000,ENSG00000130706.8$ADRM1$chr20$60877149$+,0.35
chr20:60585600-60587600,ENSG00000130706.8$ADRM1$chr20$60877149$+,0.36
chr9:133586400-133588800,ENSG00000130711.3$PRDM12$chr9$133539981$+,0.52
chr9:133586400-133588800,ENSG00000130713.11$EXOSC2$chr9$133569108$+,0.62
chr9:134126200-134128400,ENSG00000130714.11$POMT1$chr9$134378289$+,0.35
chr9:134249600-134251000,ENSG00000130714.11$POMT1$chr9$134378289$+,0.35
chr9:134267600-134269400,ENSG00000130714.11$POMT1$chr9$134378289$+,0.38
chr9:134406200-134408400,ENSG00000130714.11$POMT1$chr9$134378289$+,0.69
chr9:134414000-134416400,ENSG00000130714.11$POMT1$chr9$134378289$+,0.56
chr9:134615000-134616800,ENSG00000130714.11$POMT1$chr9$134378289$+,0.37
chr9:134249600-134251000,ENSG00000130717.8$UCK1$chr9$134406655$-,0.39
chr9:134267600-134269400,ENSG00000130717.8$UCK1$chr9$134406655$-,0.41
chr9:134414000-134416400,ENSG00000130717.8$UCK1$chr9$134406655$-,0.71
chr9:134615000-134616800,ENSG00000130717.8$UCK1$chr9$134406655$-,0.36
chr9:134637400-134638600,ENSG00000130717.8$UCK1$chr9$134406655$-,0.44
chr9:134126200-134128400,ENSG00000130723.13$PRRC2B$chr9$134269480$+,0.38
chr9:134249600-134251000,ENSG00000130723.13$PRRC2B$chr9$134269480$+,0.57
chr9:134406200-134408400,ENSG00000130723.13$PRRC2B$chr9$134269480$+,0.37
chr19:58895600-58897800,ENSG00000130724.4$CHMP2A$chr19$59066491$-,0.46
chr19:58910800-58912800,ENSG00000130724.4$CHMP2A$chr19$59066491$-,0.47
chr19:58917600-58919200,ENSG00000130724.4$CHMP2A$chr19$59066491$-,0.48
chr19:58920800-58922000,ENSG00000130724.4$CHMP2A$chr19$59066491$-,0.46
chr19:58952200-58953400,ENSG00000130724.4$CHMP2A$chr19$59066491$-,0.49
chr19:58961800-58962800,ENSG00000130724.4$CHMP2A$chr19$59066491$-,0.57
chr19:58987800-58989800,ENSG00000130724.4$CHMP2A$chr19$59066491$-,0.49
chr19:59000000-59001000,ENSG00000130724.4$CHMP2A$chr19$59066491$-,0.52
chr19:59054000-59055200,ENSG00000130724.4$CHMP2A$chr19$59066491$-,0.56
chr19:59085200-59086600,ENSG00000130724.4$CHMP2A$chr19$59066491$-,0.55
chr19:58895600-58897800,ENSG00000130725.3$UBE2M$chr19$59070327$-,0.37
chr19:58910800-58912800,ENSG00000130725.3$UBE2M$chr19$59070327$-,0.38
chr19:58917600-58919200,ENSG00000130725.3$UBE2M$chr19$59070327$-,0.38
chr19:58920800-58922000,ENSG00000130725.3$UBE2M$chr19$59070327$-,0.39
chr19:58952200-58953400,ENSG00000130725.3$UBE2M$chr19$59070327$-,0.4
chr19:58961800-58962800,ENSG00000130725.3$UBE2M$chr19$59070327$-,0.42
chr19:58987800-58989800,ENSG00000130725.3$UBE2M$chr19$59070327$-,0.49
chr19:59000000-59001000,ENSG00000130725.3$UBE2M$chr19$59070327$-,0.47
chr19:59054000-59055200,ENSG00000130725.3$UBE2M$chr19$59070327$-,0.53
chr19:59063400-59065800,ENSG00000130725.3$UBE2M$chr19$59070327$-,0.63
chr19:59085200-59086600,ENSG00000130725.3$UBE2M$chr19$59070327$-,0.64
chr19:58788200-58789600,ENSG00000130726.7$TRIM28$chr19$59055458$+,0.35
chr19:58836000-58838000,ENSG00000130726.7$TRIM28$chr19$59055458$+,0.36
chr19:58892800-58895200,ENSG00000130726.7$TRIM28$chr19$59055458$+,0.4
chr19:58895600-58897800,ENSG00000130726.7$TRIM28$chr19$59055458$+,0.35
chr19:58910800-58912800,ENSG00000130726.7$TRIM28$chr19$59055458$+,0.36
chr19:58917600-58919200,ENSG00000130726.7$TRIM28$chr19$59055458$+,0.39
chr19:58920800-58922000,ENSG00000130726.7$TRIM28$chr19$59055458$+,0.39
chr19:58952200-58953400,ENSG00000130726.7$TRIM28$chr19$59055458$+,0.4
chr19:58961800-58962800,ENSG00000130726.7$TRIM28$chr19$59055458$+,0.54
chr19:58987800-58989800,ENSG00000130726.7$TRIM28$chr19$59055458$+,0.52
chr19:59000000-59001000,ENSG00000130726.7$TRIM28$chr19$59055458$+,0.54
chr19:59054000-59055200,ENSG00000130726.7$TRIM28$chr19$59055458$+,0.35
chr19:59063400-59065800,ENSG00000130726.7$TRIM28$chr19$59055458$+,0.62
chr19:59085200-59086600,ENSG00000130726.7$TRIM28$chr19$59055458$+,0.57
chr16:858200-859800,ENSG00000130731.11$C16orf13$chr16$686358$-,0.36
chr19:10947000-10948200,ENSG00000130733.6$YIPF2$chr19$11039357$-,0.38
chr19:11037600-11038800,ENSG00000130733.6$YIPF2$chr19$11039357$-,0.35
chr19:11046200-11048200,ENSG00000130733.6$YIPF2$chr19$11039357$-,0.63
chr19:11069600-11071000,ENSG00000130733.6$YIPF2$chr19$11039357$-,0.66
chr19:10488800-10490600,ENSG00000130734.5$ATG4D$chr19$10654571$+,0.35
chr19:10499200-10501600,ENSG00000130734.5$ATG4D$chr19$10654571$+,0.35
chr19:10589000-10590800,ENSG00000130734.5$ATG4D$chr19$10654571$+,0.52
chr19:10616000-10617600,ENSG00000130734.5$ATG4D$chr19$10654571$+,0.64
chr19:10682600-10683800,ENSG00000130734.5$ATG4D$chr19$10654571$+,0.46
chr19:10691400-10692600,ENSG00000130734.5$ATG4D$chr19$10654571$+,0.52
chr19:10718800-10721200,ENSG00000130734.5$ATG4D$chr19$10654571$+,0.45
chr19:10762200-10763800,ENSG00000130734.5$ATG4D$chr19$10654571$+,0.5
chrX:23923600-23925400,ENSG00000130741.6$EIF2S3$chrX$24072833$+,0.48
chrX:23926600-23927400,ENSG00000130741.6$EIF2S3$chrX$24072833$+,0.47
chrX:23948400-23950800,ENSG00000130741.6$EIF2S3$chrX$24072833$+,0.46
chrX:24004400-24004600,ENSG00000130741.6$EIF2S3$chrX$24072833$+,0.39
chrX:24028000-24029000,ENSG00000130741.6$EIF2S3$chrX$24072833$+,0.48
chrX:24031800-24034200,ENSG00000130741.6$EIF2S3$chrX$24072833$+,0.52
chrX:24044400-24045400,ENSG00000130741.6$EIF2S3$chrX$24072833$+,0.7
chr19:47535000-47536200,ENSG00000130748.6$TMEM160$chr19$47551888$-,0.56
chr19:47633200-47634000,ENSG00000130748.6$TMEM160$chr19$47551888$-,0.56
chr19:47695800-47698000,ENSG00000130748.6$TMEM160$chr19$47551888$-,0.4
chr19:47750400-47751400,ENSG00000130748.6$TMEM160$chr19$47551888$-,0.41
chr19:47535000-47536200,ENSG00000130749.5$ZC3H4$chr19$47617009$-,0.53
chr19:47548800-47551200,ENSG00000130749.5$ZC3H4$chr19$47617009$-,0.53
chr19:47552000-47553200,ENSG00000130749.5$ZC3H4$chr19$47617009$-,0.49
chr19:47633200-47634000,ENSG00000130749.5$ZC3H4$chr19$47617009$-,0.66
chr19:47695800-47698000,ENSG00000130749.5$ZC3H4$chr19$47617009$-,0.48
chr19:47750400-47751400,ENSG00000130749.5$ZC3H4$chr19$47617009$-,0.39
chr19:47799200-47800200,ENSG00000130749.5$ZC3H4$chr19$47617009$-,0.42
chr19:47535000-47536200,ENSG00000130751.5$NPAS1$chr19$47523077$+,0.43
chr19:47552000-47553200,ENSG00000130751.5$NPAS1$chr19$47523077$+,0.37
chr19:39611600-39614000,ENSG00000130755.8$GMFG$chr19$39833012$-,0.39
chr19:39614200-39616400,ENSG00000130755.8$GMFG$chr19$39833012$-,0.35
chr19:39748600-39750400,ENSG00000130755.8$GMFG$chr19$39833012$-,0.41
chr19:39879200-39881200,ENSG00000130755.8$GMFG$chr19$39833012$-,0.51
chr19:39885800-39886200,ENSG00000130755.8$GMFG$chr19$39833012$-,0.58
chr19:39934000-39935800,ENSG00000130755.8$GMFG$chr19$39833012$-,0.56
chr19:39969200-39971400,ENSG00000130755.8$GMFG$chr19$39833012$-,0.58
chr19:39972000-39974400,ENSG00000130755.8$GMFG$chr19$39833012$-,0.53
chr19:40562600-40563600,ENSG00000130758.3$MAP3K10$chr19$40697651$+,0.48
chr19:40597400-40597800,ENSG00000130758.3$MAP3K10$chr19$40697651$+,0.56
chr19:40695400-40696600,ENSG00000130758.3$MAP3K10$chr19$40697651$+,0.38
chr19:40852600-40853800,ENSG00000130758.3$MAP3K10$chr19$40697651$+,0.42
chr1:3542000-3543400,ENSG00000130764.5$LRRC47$chr1$3713068$-,0.43
chr1:3771600-3773200,ENSG00000130764.5$LRRC47$chr1$3713068$-,0.51
chr1:3814600-3816000,ENSG00000130764.5$LRRC47$chr1$3713068$-,0.37
chr1:28556600-28558800,ENSG00000130766.4$SESN2$chr1$28586038$+,0.57
chr1:28685200-28686600,ENSG00000130766.4$SESN2$chr1$28586038$+,0.48
chr1:28731200-28732400,ENSG00000130766.4$SESN2$chr1$28586038$+,0.43
chr1:28732600-28734600,ENSG00000130766.4$SESN2$chr1$28586038$+,0.42
chr1:28238000-28240400,ENSG00000130768.10$SMPDL3B$chr1$28261504$+,0.48
chr1:28283800-28286000,ENSG00000130768.10$SMPDL3B$chr1$28261504$+,0.44
chr1:28556600-28558800,ENSG00000130770.13$ATPIF1$chr1$28562620$+,0.69
chr1:28732600-28734600,ENSG00000130770.13$ATPIF1$chr1$28562620$+,0.36
chr1:28877600-28879400,ENSG00000130770.13$ATPIF1$chr1$28562620$+,0.37
chr1:28880200-28882200,ENSG00000130770.13$ATPIF1$chr1$28562620$+,0.38
chr1:28556600-28558800,ENSG00000130772.9$MED18$chr1$28655513$+,0.39
chr1:28685200-28686600,ENSG00000130772.9$MED18$chr1$28655513$+,0.55
chr1:28731200-28732400,ENSG00000130772.9$MED18$chr1$28655513$+,0.45
chr1:28732600-28734600,ENSG00000130772.9$MED18$chr1$28655513$+,0.47
chr1:28050600-28052200,ENSG00000130775.11$THEMIS2$chr1$28199055$+,0.37
chr1:28053400-28055000,ENSG00000130775.11$THEMIS2$chr1$28199055$+,0.43
chr1:28098000-28099200,ENSG00000130775.11$THEMIS2$chr1$28199055$+,0.46
chr1:28184400-28186600,ENSG00000130775.11$THEMIS2$chr1$28199055$+,0.63
chr1:28238000-28240400,ENSG00000130775.11$THEMIS2$chr1$28199055$+,0.52
chr1:28283800-28286000,ENSG00000130775.11$THEMIS2$chr1$28199055$+,0.5
chr12:122933000-122935400,ENSG00000130779.15$CLIP1$chr12$122907179$-,0.56
chr12:122954400-122956800,ENSG00000130779.15$CLIP1$chr12$122907179$-,0.41
chr12:123244400-123244800,ENSG00000130783.9$CCDC62$chr12$123258874$+,0.54
chr12:123310200-123312600,ENSG00000130783.9$CCDC62$chr12$123258874$+,0.63
chr12:123317800-123319400,ENSG00000130783.9$CCDC62$chr12$123258874$+,0.65
chr12:123310200-123312600,ENSG00000130787.9$HIP1R$chr12$123319000$+,0.53
chr19:9257400-9257800,ENSG00000130803.10$ZNF317$chr19$9251056$+,0.53
chr19:10137400-10139800,ENSG00000130810.15$PPAN$chr19$10216965$+,0.41
chr19:10178000-10180200,ENSG00000130810.15$PPAN$chr19$10216965$+,0.47
chr19:10206000-10208400,ENSG00000130810.15$PPAN$chr19$10216965$+,0.56
chr19:10137400-10139800,ENSG00000130811.6$EIF3G$chr19$10230596$-,0.39
chr19:10178000-10180200,ENSG00000130811.6$EIF3G$chr19$10230596$-,0.41
chr19:10206000-10208400,ENSG00000130811.6$EIF3G$chr19$10230596$-,0.36
chr19:10306000-10306800,ENSG00000130811.6$EIF3G$chr19$10230596$-,0.49
chr19:10341400-10343600,ENSG00000130811.6$EIF3G$chr19$10230596$-,0.41
chr19:10360600-10362400,ENSG00000130811.6$EIF3G$chr19$10230596$-,0.36
chr19:10137400-10139800,ENSG00000130812.6$ANGPTL6$chr19$10213472$-,0.37
chr19:10178000-10180200,ENSG00000130812.6$ANGPTL6$chr19$10213472$-,0.47
chr19:10206000-10208400,ENSG00000130812.6$ANGPTL6$chr19$10213472$-,0.51
chr19:10306000-10306800,ENSG00000130812.6$ANGPTL6$chr19$10213472$-,0.38
chr19:10360600-10362400,ENSG00000130812.6$ANGPTL6$chr19$10213472$-,0.35
chr19:10137400-10139800,ENSG00000130813.13$C19orf66$chr19$10196798$+,0.6
chr19:10178000-10180200,ENSG00000130813.13$C19orf66$chr19$10196798$+,0.81
chr19:10206000-10208400,ENSG00000130813.13$C19orf66$chr19$10196798$+,0.6
chr19:10306000-10306800,ENSG00000130813.13$C19orf66$chr19$10196798$+,0.4
chr19:10341400-10343600,ENSG00000130813.13$C19orf66$chr19$10196798$+,0.37
chr19:10360600-10362400,ENSG00000130813.13$C19orf66$chr19$10196798$+,0.36
chr19:10306000-10306800,ENSG00000130816.10$DNMT1$chr19$10341962$-,0.63
chr19:10360600-10362400,ENSG00000130816.10$DNMT1$chr19$10341962$-,0.57
chr19:10424800-10426200,ENSG00000130816.10$DNMT1$chr19$10341962$-,0.45
chr19:10426600-10428000,ENSG00000130816.10$DNMT1$chr19$10341962$-,0.41
chr19:10488800-10490600,ENSG00000130816.10$DNMT1$chr19$10341962$-,0.46
chr19:10499200-10501600,ENSG00000130816.10$DNMT1$chr19$10341962$-,0.4
chr19:9543400-9545400,ENSG00000130818.6$ZNF426$chr19$9649303$-,0.39
chr19:9546400-9548600,ENSG00000130818.6$ZNF426$chr19$9649303$-,0.41
chrX:152865400-152867800,ENSG00000130821.11$SLC6A8$chrX$152953554$+,0.47
chrX:152868200-152870200,ENSG00000130821.11$SLC6A8$chrX$152953554$+,0.42
chrX:152879800-152881000,ENSG00000130821.11$SLC6A8$chrX$152953554$+,0.43
chrX:152932800-152935200,ENSG00000130821.11$SLC6A8$chrX$152953554$+,0.55
chrX:152984200-152986600,ENSG00000130821.11$SLC6A8$chrX$152953554$+,0.54
chrX:152987200-152989200,ENSG00000130821.11$SLC6A8$chrX$152953554$+,0.52
chrX:152879800-152881000,ENSG00000130822.11$PNCK$chrX$152954465$-,0.39
chrX:152932800-152935200,ENSG00000130822.11$PNCK$chrX$152954465$-,0.48
chrX:152984200-152986600,ENSG00000130822.11$PNCK$chrX$152954465$-,0.49
chrX:152987200-152989200,ENSG00000130822.11$PNCK$chrX$152954465$-,0.44
chrX:153972600-153973000,ENSG00000130826.11$DKC1$chrX$153991031$+,0.66
chrX:154002800-154004800,ENSG00000130826.11$DKC1$chrX$153991031$+,0.64
chrX:154033800-154035000,ENSG00000130826.11$DKC1$chrX$153991031$+,0.56
chrX:154117000-154117800,ENSG00000130826.11$DKC1$chrX$153991031$+,0.42
chrX:154146000-154147400,ENSG00000130826.11$DKC1$chrX$153991031$+,0.41
chrX:153544800-153546800,ENSG00000130827.5$PLXNA3$chrX$153686621$+,0.37
chrX:153548400-153550600,ENSG00000130827.5$PLXNA3$chrX$153686621$+,0.4
chrX:153561600-153563800,ENSG00000130827.5$PLXNA3$chrX$153686621$+,0.36
chrX:153640600-153642600,ENSG00000130827.5$PLXNA3$chrX$153686621$+,0.53
chrX:153655000-153657400,ENSG00000130827.5$PLXNA3$chrX$153686621$+,0.66
chrX:153663600-153665200,ENSG00000130827.5$PLXNA3$chrX$153686621$+,0.61
chrX:152879800-152881000,ENSG00000130829.13$DUSP9$chrX$152907946$+,0.37
chrX:154033800-154035000,ENSG00000130830.10$MPP1$chrX$154049282$-,0.36
chr19:54015000-54015600,ENSG00000130844.12$ZNF331$chr19$54024235$+,0.54
chr19:54038400-54040800,ENSG00000130844.12$ZNF331$chr19$54024235$+,0.37
chr18:74473200-74475200,ENSG00000130856.11$ZNF236$chr18$74534563$+,0.55
chr18:74513000-74514800,ENSG00000130856.11$ZNF236$chr18$74534563$+,0.64
chr18:74535200-74537400,ENSG00000130856.11$ZNF236$chr18$74534563$+,0.45
chr19:33572800-33574200,ENSG00000130881.9$LRP3$chr19$33668509$+,0.46
chr19:33624200-33626400,ENSG00000130881.9$LRP3$chr19$33668509$+,0.58
chr19:33634200-33635800,ENSG00000130881.9$LRP3$chr19$33668509$+,0.55
chr12:123457400-123458800,ENSG00000130921.3$C12orf65$chr12$123717463$+,0.35
chr12:123684400-123686000,ENSG00000130921.3$C12orf65$chr12$123717463$+,0.52
chr17:65389600-65389800,ENSG00000130935.5$NOL11$chr17$65713949$+,0.35
chr17:65423000-65424600,ENSG00000130935.5$NOL11$chr17$65713949$+,0.36
chr17:65729000-65731400,ENSG00000130935.5$NOL11$chr17$65713949$+,0.54
chr17:65819000-65821200,ENSG00000130935.5$NOL11$chr17$65713949$+,0.51
chr17:65862800-65864800,ENSG00000130935.5$NOL11$chr17$65713949$+,0.37
chr1:9971200-9973600,ENSG00000130939.14$UBE4B$chr1$10092890$+,0.38
chr22:46662200-46663400,ENSG00000130943.5$PKDREJ$chr22$46659219$-,0.66
chr9:97346200-97348200,ENSG00000130957.4$FBP2$chr9$97356075$-,0.6
chr9:97373600-97375800,ENSG00000130957.4$FBP2$chr9$97356075$-,0.36
chrX:47217200-47219400,ENSG00000130985.12$UBA1$chrX$47050260$+,0.39
chrX:47225000-47227000,ENSG00000130985.12$UBA1$chrX$47050260$+,0.39
chrX:47243200-47244400,ENSG00000130985.12$UBA1$chrX$47050260$+,0.41
chrX:47249400-47251000,ENSG00000130985.12$UBA1$chrX$47050260$+,0.41
chrX:47340000-47341800,ENSG00000130985.12$UBA1$chrX$47050260$+,0.38
chr4:2236000-2236400,ENSG00000130997.12$POLN$chr4$2243848$-,0.53
chr4:2349000-2350000,ENSG00000130997.12$POLN$chr4$2243848$-,0.42
chr6:149758200-149758800,ENSG00000131013.3$PPIL4$chr6$149867174$-,0.35
chr6:149824200-149826000,ENSG00000131013.3$PPIL4$chr6$149867174$-,0.49
chr6:149862000-149863000,ENSG00000131013.3$PPIL4$chr6$149867174$-,0.57
chr6:149888400-149890200,ENSG00000131013.3$PPIL4$chr6$149867174$-,0.59
chr6:149963600-149965400,ENSG00000131013.3$PPIL4$chr6$149867174$-,0.38
chr6:149969800-149970800,ENSG00000131013.3$PPIL4$chr6$149867174$-,0.44
chr6:150007200-150008800,ENSG00000131013.3$PPIL4$chr6$149867174$-,0.37
chr6:150017400-150019200,ENSG00000131013.3$PPIL4$chr6$149867174$-,0.35
chr6:150274400-150276800,ENSG00000131015.4$ULBP2$chr6$150263136$+,0.73
chr6:150380600-150382000,ENSG00000131015.4$ULBP2$chr6$150263136$+,0.38
chr6:150388200-150389800,ENSG00000131015.4$ULBP2$chr6$150263136$+,0.44
chr6:150399800-150402200,ENSG00000131015.4$ULBP2$chr6$150263136$+,0.4
chr6:150380600-150382000,ENSG00000131019.6$ULBP3$chr6$150390231$-,0.42
chr6:150388200-150389800,ENSG00000131019.6$ULBP3$chr6$150390231$-,0.36
chr6:150399800-150402200,ENSG00000131019.6$ULBP3$chr6$150390231$-,0.47
chr6:149888400-149890200,ENSG00000131023.8$LATS1$chr6$150039392$-,0.41
chr6:149963600-149965400,ENSG00000131023.8$LATS1$chr6$150039392$-,0.52
chr6:149969800-149970800,ENSG00000131023.8$LATS1$chr6$150039392$-,0.47
chr6:150007200-150008800,ENSG00000131023.8$LATS1$chr6$150039392$-,0.53
chr6:150017400-150019200,ENSG00000131023.8$LATS1$chr6$150039392$-,0.56
chr6:150065200-150067200,ENSG00000131023.8$LATS1$chr6$150039392$-,0.43
chr6:150274400-150276800,ENSG00000131023.8$LATS1$chr6$150039392$-,0.36
chr20:30311800-30312600,ENSG00000131044.12$TTLL9$chr20$30458505$+,0.37
chr20:30357400-30359600,ENSG00000131044.12$TTLL9$chr20$30458505$+,0.43
chr20:30468200-30470200,ENSG00000131044.12$TTLL9$chr20$30458505$+,0.7
chr20:30537400-30539200,ENSG00000131044.12$TTLL9$chr20$30458505$+,0.47
chr20:30539600-30542000,ENSG00000131044.12$TTLL9$chr20$30458505$+,0.51
chr20:34127400-34129800,ENSG00000131051.16$RBM39$chr20$34330234$-,0.36
chr20:34130200-34131600,ENSG00000131051.16$RBM39$chr20$34330234$-,0.35
chr20:34201800-34203800,ENSG00000131051.16$RBM39$chr20$34330234$-,0.36
chr20:34303000-34304200,ENSG00000131051.16$RBM39$chr20$34330234$-,0.55
chr20:34349800-34351400,ENSG00000131051.16$RBM39$chr20$34330234$-,0.49
chr20:34352600-34353600,ENSG00000131051.16$RBM39$chr20$34330234$-,0.45
chr20:34369000-34371400,ENSG00000131051.16$RBM39$chr20$34330234$-,0.4
chr20:34382200-34382800,ENSG00000131051.16$RBM39$chr20$34330234$-,0.47
chr20:34424800-34426400,ENSG00000131051.16$RBM39$chr20$34330234$-,0.36
chr20:34539600-34541200,ENSG00000131051.16$RBM39$chr20$34330234$-,0.37
chr20:34543200-34545000,ENSG00000131051.16$RBM39$chr20$34330234$-,0.43
chr20:30229200-30231600,ENSG00000131055.4$COX4I2$chr20$30225691$+,0.72
chr20:32220400-32222400,ENSG00000131061.9$ZNF341$chr20$32319463$+,0.39
chr20:32249600-32251800,ENSG00000131061.9$ZNF341$chr20$32319463$+,0.46
chr20:32305800-32307600,ENSG00000131061.9$ZNF341$chr20$32319463$+,0.65
chr20:33387800-33389800,ENSG00000131067.12$GGT7$chr20$33460663$-,0.42
chr20:33413000-33414400,ENSG00000131067.12$GGT7$chr20$33460663$-,0.55
chr20:30101600-30102200,ENSG00000131068.3$DEFB118$chr20$29956421$+,0.37
chr20:33387800-33389800,ENSG00000131069.15$ACSS2$chr20$33459949$+,0.42
chr20:33413000-33414400,ENSG00000131069.15$ACSS2$chr20$33459949$+,0.64
chr17:43129800-43130800,ENSG00000131094.3$C1QL1$chr17$43045439$-,0.54
chr17:43135600-43138000,ENSG00000131094.3$C1QL1$chr17$43045439$-,0.5
chr17:42071600-42073800,ENSG00000131096.6$PYY$chr17$42081837$-,0.57
chr17:42092400-42093400,ENSG00000131096.6$PYY$chr17$42081837$-,0.49
chr17:42110800-42112000,ENSG00000131096.6$PYY$chr17$42081837$-,0.53
chr17:42201600-42202400,ENSG00000131096.6$PYY$chr17$42081837$-,0.38
chr22:18119600-18121000,ENSG00000131100.8$ATP6V1E1$chr22$18111584$-,0.54
chr22:18122400-18124600,ENSG00000131100.8$ATP6V1E1$chr22$18111584$-,0.6
chr22:18125200-18126200,ENSG00000131100.8$ATP6V1E1$chr22$18111584$-,0.7
chr19:44575200-44575800,ENSG00000131115.11$ZNF227$chr19$44711700$+,0.41
chr19:44576800-44578000,ENSG00000131115.11$ZNF227$chr19$44711700$+,0.38
chr19:44615600-44617000,ENSG00000131115.11$ZNF227$chr19$44711700$+,0.37
chr19:44618200-44620000,ENSG00000131115.11$ZNF227$chr19$44711700$+,0.42
chr19:44643200-44645400,ENSG00000131115.11$ZNF227$chr19$44711700$+,0.41
chr19:44646400-44648000,ENSG00000131115.11$ZNF227$chr19$44711700$+,0.45
chr19:44717400-44719600,ENSG00000131115.11$ZNF227$chr19$44711700$+,0.6
chr19:44764200-44765400,ENSG00000131115.11$ZNF227$chr19$44711700$+,0.63
chr19:44807400-44808800,ENSG00000131115.11$ZNF227$chr19$44711700$+,0.39
chr19:43933400-43935400,ENSG00000131116.7$ZNF428$chr19$44124026$-,0.38
chr19:44008600-44011000,ENSG00000131116.7$ZNF428$chr19$44124026$-,0.36
chr19:44035800-44037000,ENSG00000131116.7$ZNF428$chr19$44124026$-,0.43
chr19:44080000-44081600,ENSG00000131116.7$ZNF428$chr19$44124026$-,0.54
chr19:44124200-44126600,ENSG00000131116.7$ZNF428$chr19$44124026$-,0.41
chr19:44313400-44314400,ENSG00000131116.7$ZNF428$chr19$44124026$-,0.35
chr19:44330200-44331800,ENSG00000131116.7$ZNF428$chr19$44124026$-,0.39
chr19:43933400-43935400,ENSG00000131126.14$TEX101$chr19$43905648$+,0.38
chr19:43936800-43938200,ENSG00000131126.14$TEX101$chr19$43905648$+,0.44
chr4:234400-236800,ENSG00000131127.9$ZNF141$chr4$331603$+,0.59
chr4:237600-238400,ENSG00000131127.9$ZNF141$chr4$331603$+,0.46
chr4:299400-301600,ENSG00000131127.9$ZNF141$chr4$331603$+,0.64
chr4:465800-467000,ENSG00000131127.9$ZNF141$chr4$331603$+,0.52
chr4:468000-469000,ENSG00000131127.9$ZNF141$chr4$331603$+,0.42
chr4:476600-477800,ENSG00000131127.9$ZNF141$chr4$331603$+,0.46
chr4:501400-503600,ENSG00000131127.9$ZNF141$chr4$331603$+,0.38
chr19:8009200-8010400,ENSG00000131142.9$CCL25$chr19$8117651$+,0.48
chr16:85852800-85854200,ENSG00000131143.4$COX4I1$chr16$85832239$+,0.63
chr16:85854600-85857000,ENSG00000131143.4$COX4I1$chr16$85832239$+,0.63
chr16:85852800-85854200,ENSG00000131148.4$EMC8$chr16$85833214$-,0.58
chr16:85854600-85857000,ENSG00000131148.4$EMC8$chr16$85833214$-,0.68
chr16:89752000-89753000,ENSG00000131165.10$CHMP1A$chr16$89724253$-,0.67
chr16:89793400-89794600,ENSG00000131165.10$CHMP1A$chr16$89724253$-,0.36
chr16:89795200-89797600,ENSG00000131165.10$CHMP1A$chr16$89724253$-,0.41
chr16:89798000-89799200,ENSG00000131165.10$CHMP1A$chr16$89724253$-,0.41
chr16:89799400-89800200,ENSG00000131165.10$CHMP1A$chr16$89724253$-,0.37
chr16:89815800-89816600,ENSG00000131165.10$CHMP1A$chr16$89724253$-,0.4
chrX:80374800-80376000,ENSG00000131171.8$SH3BGRL$chrX$80457442$+,0.59
chrX:80456200-80457000,ENSG00000131171.8$SH3BGRL$chrX$80457442$+,0.38
chrX:80472200-80472400,ENSG00000131171.8$SH3BGRL$chrX$80457442$+,0.48
chrX:80473800-80474600,ENSG00000131171.8$SH3BGRL$chrX$80457442$+,0.5
chrX:76927400-76928000,ENSG00000131174.4$COX7B$chrX$77154935$+,0.36
chrX:76986600-76989000,ENSG00000131174.4$COX7B$chrX$77154935$+,0.36
chrX:76995600-76997000,ENSG00000131174.4$COX7B$chrX$77154935$+,0.42
chrX:77023200-77025600,ENSG00000131174.4$COX7B$chrX$77154935$+,0.4
chrX:77025800-77026000,ENSG00000131174.4$COX7B$chrX$77154935$+,0.38
chrX:77026200-77027600,ENSG00000131174.4$COX7B$chrX$77154935$+,0.47
chrX:77146000-77147400,ENSG00000131174.4$COX7B$chrX$77154935$+,0.53
chrX:77165000-77165600,ENSG00000131174.4$COX7B$chrX$77154935$+,0.58
chr5:176629400-176630600,ENSG00000131183.6$SLC34A1$chr5$176806236$+,0.35
chr5:176646600-176648600,ENSG00000131183.6$SLC34A1$chr5$176806236$+,0.46
chr5:176744400-176745800,ENSG00000131183.6$SLC34A1$chr5$176806236$+,0.52
chr5:176851000-176853200,ENSG00000131183.6$SLC34A1$chr5$176806236$+,0.47
chr5:176978600-176980600,ENSG00000131183.6$SLC34A1$chr5$176806236$+,0.43
chr5:176646600-176648600,ENSG00000131187.5$F12$chr5$176836577$-,0.38
chr5:176744400-176745800,ENSG00000131187.5$F12$chr5$176836577$-,0.41
chr5:176851000-176853200,ENSG00000131187.5$F12$chr5$176836577$-,0.55
chr5:177025000-177026800,ENSG00000131187.5$F12$chr5$176836577$-,0.36
chr5:177027800-177030000,ENSG00000131187.5$F12$chr5$176836577$-,0.43
chr5:176851000-176853200,ENSG00000131188.7$PRR7$chr5$176873446$+,0.53
chr5:176978600-176980600,ENSG00000131188.7$PRR7$chr5$176873446$+,0.41
chr5:177018400-177019200,ENSG00000131188.7$PRR7$chr5$176873446$+,0.36
chr5:177025000-177026800,ENSG00000131188.7$PRR7$chr5$176873446$+,0.39
chr5:177027800-177030000,ENSG00000131188.7$PRR7$chr5$176873446$+,0.4
chr1:39318000-39319200,ENSG00000131233.8$GJA9$chr1$39347289$-,0.59
chr1:39336600-39338400,ENSG00000131233.8$GJA9$chr1$39347289$-,0.55
chr1:39418600-39419800,ENSG00000131233.8$GJA9$chr1$39347289$-,0.53
chr1:39429400-39430200,ENSG00000131233.8$GJA9$chr1$39347289$-,0.54
chr1:39442200-39444600,ENSG00000131233.8$GJA9$chr1$39347289$-,0.46
chr1:39490800-39491800,ENSG00000131233.8$GJA9$chr1$39347289$-,0.43
chr1:40349200-40350600,ENSG00000131236.12$CAP1$chr1$40505905$+,0.42
chr1:40368000-40369400,ENSG00000131236.12$CAP1$chr1$40505905$+,0.49
chr1:40609000-40610800,ENSG00000131236.12$CAP1$chr1$40505905$+,0.41
chr1:40626000-40626800,ENSG00000131236.12$CAP1$chr1$40505905$+,0.35
chr1:40349200-40350600,ENSG00000131238.12$PPT1$chr1$40563375$-,0.42
chr1:40609000-40610800,ENSG00000131238.12$PPT1$chr1$40563375$-,0.52
chr1:40626000-40626800,ENSG00000131238.12$PPT1$chr1$40563375$-,0.47
chr1:40632600-40634000,ENSG00000131238.12$PPT1$chr1$40563375$-,0.42
chr1:40720800-40722800,ENSG00000131238.12$PPT1$chr1$40563375$-,0.46
chrX:73571000-73572200,ENSG00000131263.8$RLIM$chrX$73834452$-,0.37
chrX:73756600-73758200,ENSG00000131263.8$RLIM$chrX$73834452$-,0.46
chrX:73827800-73828800,ENSG00000131263.8$RLIM$chrX$73834452$-,0.57
chrX:73831000-73833200,ENSG00000131263.8$RLIM$chrX$73834452$-,0.36
chrX:74492600-74493800,ENSG00000131269.11$ABCB7$chrX$74376567$-,0.52
chrX:74501000-74502600,ENSG00000131269.11$ABCB7$chrX$74376567$-,0.5
chr14:103064400-103066600,ENSG00000131323.10$TRAF3$chr14$103243813$+,0.4
chr14:103099200-103101000,ENSG00000131323.10$TRAF3$chr14$103243813$+,0.36
chr19:16939200-16940600,ENSG00000131351.10$HAUS8$chr19$17186435$-,0.35
chr19:17334200-17336600,ENSG00000131351.10$HAUS8$chr19$17186435$-,0.46
chr19:14777800-14780200,ENSG00000131355.10$EMR3$chr19$14800839$-,0.6
chr3:15393000-15394400,ENSG00000131370.11$SH3BP5$chr3$15382875$-,0.43
chr3:15608800-15610000,ENSG00000131373.10$HACL1$chr3$15643338$-,0.65
chr3:18499000-18500400,ENSG00000131374.10$TBC1D5$chr3$18486309$-,0.5
chr3:18606200-18607800,ENSG00000131374.10$TBC1D5$chr3$18486309$-,0.36
chr3:15104400-15106400,ENSG00000131375.5$CAPN7$chr3$15247659$+,0.51
chr3:15141000-15142200,ENSG00000131375.5$CAPN7$chr3$15247659$+,0.51
chr3:15294200-15295400,ENSG00000131375.5$CAPN7$chr3$15247659$+,0.57
chr3:15393000-15394400,ENSG00000131375.5$CAPN7$chr3$15247659$+,0.37
chr3:16637400-16639400,ENSG00000131378.9$RFTN1$chr3$16555533$-,0.38
chr3:16641000-16641600,ENSG00000131378.9$RFTN1$chr3$16555533$-,0.56
chr3:15027200-15029000,ENSG00000131381.8$ZFYVE20$chr3$15140670$-,0.38
chr3:15036600-15037400,ENSG00000131381.8$ZFYVE20$chr3$15140670$-,0.36
chr3:15104400-15106400,ENSG00000131381.8$ZFYVE20$chr3$15140670$-,0.56
chr3:15294200-15295400,ENSG00000131381.8$ZFYVE20$chr3$15140670$-,0.43
chr19:50651400-50652000,ENSG00000131398.9$KCNC3$chr19$50836772$-,0.38
chr19:50651400-50652000,ENSG00000131400.3$NAPSA$chr19$50869087$-,0.36
chr5:132027800-132029000,ENSG00000131437.11$KIF3A$chr5$132073330$-,0.67
chr5:132050000-132050800,ENSG00000131437.11$KIF3A$chr5$132073330$-,0.71
chr5:132200200-132201800,ENSG00000131437.11$KIF3A$chr5$132073330$-,0.47
chr5:132203000-132204800,ENSG00000131437.11$KIF3A$chr5$132073330$-,0.4
chr5:180285600-180287400,ENSG00000131446.11$MGAT1$chr5$180242652$-,0.54
chr17:40727000-40729400,ENSG00000131462.3$TUBG1$chr17$40761694$+,0.66
chr17:40750200-40752600,ENSG00000131462.3$TUBG1$chr17$40761694$+,0.69
chr17:40809600-40811400,ENSG00000131462.3$TUBG1$chr17$40761694$+,0.57
chr17:40924000-40925400,ENSG00000131462.3$TUBG1$chr17$40761694$+,0.4
chr17:40926000-40928400,ENSG00000131462.3$TUBG1$chr17$40761694$+,0.39
chr17:40809600-40811400,ENSG00000131467.6$PSME3$chr17$40976402$+,0.36
chr17:40924000-40925400,ENSG00000131467.6$PSME3$chr17$40976402$+,0.56
chr17:40926000-40928400,ENSG00000131467.6$PSME3$chr17$40976402$+,0.54
chr17:41114400-41116000,ENSG00000131467.6$PSME3$chr17$40976402$+,0.42
chr17:41130200-41132400,ENSG00000131467.6$PSME3$chr17$40976402$+,0.45
chr17:41149000-41150400,ENSG00000131467.6$PSME3$chr17$40976402$+,0.38
chr17:40727000-40729400,ENSG00000131470.10$PSMC3IP$chr17$40729849$-,0.41
chr17:40750200-40752600,ENSG00000131470.10$PSMC3IP$chr17$40729849$-,0.61
chr17:40809600-40811400,ENSG00000131470.10$PSMC3IP$chr17$40729849$-,0.52
chr17:40976200-40977600,ENSG00000131471.2$AOC3$chr17$41003201$+,0.4
chr17:39990600-39992000,ENSG00000131473.12$ACLY$chr17$40086795$-,0.55
chr17:40013800-40015600,ENSG00000131473.12$ACLY$chr17$40086795$-,0.52
chr17:40021800-40022400,ENSG00000131473.12$ACLY$chr17$40086795$-,0.6
chr17:40075800-40077200,ENSG00000131473.12$ACLY$chr17$40086795$-,0.52
chr17:40116200-40118200,ENSG00000131473.12$ACLY$chr17$40086795$-,0.76
chr17:40170000-40172400,ENSG00000131473.12$ACLY$chr17$40086795$-,0.55
chr17:40809600-40811400,ENSG00000131475.2$VPS25$chr17$40925454$+,0.4
chr17:40926000-40928400,ENSG00000131475.2$VPS25$chr17$40925454$+,0.36
chr17:40976200-40977600,ENSG00000131475.2$VPS25$chr17$40925454$+,0.64
chr17:41114400-41116000,ENSG00000131475.2$VPS25$chr17$40925454$+,0.42
chr17:41130200-41132400,ENSG00000131475.2$VPS25$chr17$40925454$+,0.36
chr17:40924000-40925400,ENSG00000131477.6$RAMP2$chr17$40910465$+,0.59
chr17:40926000-40928400,ENSG00000131477.6$RAMP2$chr17$40910465$+,0.37
chr5:139936600-139938800,ENSG00000131495.4$NDUFA2$chr5$140027370$-,0.4
chr5:140079200-140080000,ENSG00000131495.4$NDUFA2$chr5$140027370$-,0.45
chr5:140088600-140090800,ENSG00000131495.4$NDUFA2$chr5$140027370$-,0.44
chr5:140091000-140092000,ENSG00000131495.4$NDUFA2$chr5$140027370$-,0.41
chr5:140104800-140106400,ENSG00000131495.4$NDUFA2$chr5$140027370$-,0.48
chr5:139682800-139684600,ENSG00000131503.16$ANKHD1$chr5$139781399$+,0.61
chr5:139812400-139813600,ENSG00000131503.16$ANKHD1$chr5$139781399$+,0.6
chr5:140929400-140930600,ENSG00000131504.11$DIAPH1$chr5$140998622$-,0.57
chr5:141390400-141392000,ENSG00000131507.9$NDFIP1$chr5$141488070$+,0.42
chr5:141404600-141405800,ENSG00000131507.9$NDFIP1$chr5$141488070$+,0.35
chr7:132767000-132767800,ENSG00000131558.10$EXOC4$chr7$132937829$+,0.44
chr7:132973600-132976000,ENSG00000131558.10$EXOC4$chr7$132937829$+,0.68
chr7:132987400-132987600,ENSG00000131558.10$EXOC4$chr7$132937829$+,0.76
chr7:132997400-132999200,ENSG00000131558.10$EXOC4$chr7$132937829$+,0.77
chr7:133039000-133041400,ENSG00000131558.10$EXOC4$chr7$132937829$+,0.4
chr1:1311200-1313400,ENSG00000131584.14$ACAP3$chr1$1244989$-,0.64
chr1:1038400-1040800,ENSG00000131591.13$C1orf159$chr1$1051741$-,0.49
chr1:1049600-1051200,ENSG00000131591.13$C1orf159$chr1$1051741$-,0.37
chr1:910000-912200,ENSG00000131591.13$C1orf159$chr1$1051741$-,0.51
chr1:946600-948600,ENSG00000131591.13$C1orf159$chr1$1051741$-,0.43
chr11:70047200-70049000,ENSG00000131626.11$PPFIA1$chr11$70116806$+,0.54
chr16:1462000-1464400,ENSG00000131634.9$TMEM204$chr16$1578689$+,0.41
chr16:1471400-1473000,ENSG00000131634.9$TMEM204$chr16$1578689$+,0.56
chr16:1612600-1613200,ENSG00000131634.9$TMEM204$chr16$1578689$+,0.53
chr16:2916400-2918000,ENSG00000131650.9$KREMEN2$chr16$3013945$+,0.35
chr16:2918600-2920000,ENSG00000131650.9$KREMEN2$chr16$3013945$+,0.39
chr16:2933800-2934600,ENSG00000131650.9$KREMEN2$chr16$3013945$+,0.35
chr16:2953600-2954600,ENSG00000131650.9$KREMEN2$chr16$3013945$+,0.41
chr16:2955400-2957800,ENSG00000131650.9$KREMEN2$chr16$3013945$+,0.42
chr16:2960000-2961600,ENSG00000131650.9$KREMEN2$chr16$3013945$+,0.46
chr16:2968600-2970400,ENSG00000131650.9$KREMEN2$chr16$3013945$+,0.46
chr16:2968600-2970400,ENSG00000131652.9$THOC6$chr16$3074028$+,0.37
chr16:2060200-2062400,ENSG00000131653.8$TRAF7$chr16$2205699$+,0.46
chr16:2069000-2071200,ENSG00000131653.8$TRAF7$chr16$2205699$+,0.37
chr16:2098600-2099800,ENSG00000131653.8$TRAF7$chr16$2205699$+,0.55
chr16:2186000-2187000,ENSG00000131653.8$TRAF7$chr16$2205699$+,0.64
chr16:2254400-2255800,ENSG00000131653.8$TRAF7$chr16$2205699$+,0.58
chr9:95781800-95784200,ENSG00000131669.5$NINJ1$chr9$95896570$-,0.42
chr9:95804600-95806800,ENSG00000131669.5$NINJ1$chr9$95896570$-,0.49
chr1:9025400-9027800,ENSG00000131686.10$CA6$chr1$9005926$+,0.5
chr1:9029200-9029800,ENSG00000131686.10$CA6$chr1$9005926$+,0.4
chr1:6295600-6297400,ENSG00000131697.13$NPHP4$chr1$6052533$-,0.36
chrX:117498000-117500000,ENSG00000131725.9$WDR44$chrX$117480036$+,0.64
chrX:117627400-117629600,ENSG00000131725.9$WDR44$chrX$117480036$+,0.4
chrX:117665600-117666200,ENSG00000131725.9$WDR44$chrX$117480036$+,0.44
chr5:80490200-80492000,ENSG00000131732.7$ZCCHC9$chr5$80597409$+,0.51
chr5:80585200-80587000,ENSG00000131732.7$ZCCHC9$chr5$80597409$+,0.68
chr5:80587400-80588600,ENSG00000131732.7$ZCCHC9$chr5$80597409$+,0.63
chr17:39494400-39494600,ENSG00000131738.5$KRT33B$chr17$39526052$-,0.62
chr17:39722400-39723600,ENSG00000131738.5$KRT33B$chr17$39526052$-,0.37
chr17:38522600-38523800,ENSG00000131747.10$TOP2A$chr17$38574202$-,0.48
chr17:38555200-38555800,ENSG00000131747.10$TOP2A$chr17$38574202$-,0.65
chr17:38406800-38409000,ENSG00000131759.13$RARA$chr17$38465444$+,0.46
chr17:38522600-38523800,ENSG00000131759.13$RARA$chr17$38465444$+,0.4
chr1:146645000-146647200,ENSG00000131778.13$CHD1L$chr1$146714291$+,0.36
chr1:146697400-146698800,ENSG00000131778.13$CHD1L$chr1$146714291$+,0.5
chr1:145397800-145400200,ENSG00000131779.6$PEX11B$chr1$145516252$+,0.37
chr1:145421000-145422600,ENSG00000131779.6$PEX11B$chr1$145516252$+,0.45
chr1:145431400-145431600,ENSG00000131779.6$PEX11B$chr1$145516252$+,0.41
chr1:145464800-145465400,ENSG00000131779.6$PEX11B$chr1$145516252$+,0.55
chr1:145465800-145467400,ENSG00000131779.6$PEX11B$chr1$145516252$+,0.54
chr1:145468600-145469800,ENSG00000131779.6$PEX11B$chr1$145516252$+,0.52
chr1:145505800-145507000,ENSG00000131779.6$PEX11B$chr1$145516252$+,0.53
chr1:145508400-145509600,ENSG00000131779.6$PEX11B$chr1$145516252$+,0.57
chr1:145607800-145610200,ENSG00000131779.6$PEX11B$chr1$145516252$+,0.41
chr1:145615400-145615800,ENSG00000131779.6$PEX11B$chr1$145516252$+,0.36
chr1:145660400-145661600,ENSG00000131779.6$PEX11B$chr1$145516252$+,0.4
chr1:146697400-146698800,ENSG00000131781.8$FMO5$chr1$146714700$-,0.55
chr1:145508400-145509600,ENSG00000131788.11$PIAS3$chr1$145575233$+,0.41
chr1:145514600-145515600,ENSG00000131788.11$PIAS3$chr1$145575233$+,0.41
chr1:145517000-145519000,ENSG00000131788.11$PIAS3$chr1$145575233$+,0.38
chr1:145607800-145610200,ENSG00000131788.11$PIAS3$chr1$145575233$+,0.37
chr1:145615400-145615800,ENSG00000131788.11$PIAS3$chr1$145575233$+,0.37
chr1:146503800-146504600,ENSG00000131791.6$PRKAB2$chr1$146644129$-,0.37
chr1:146541800-146542400,ENSG00000131791.6$PRKAB2$chr1$146644129$-,0.39
chr1:146645000-146647200,ENSG00000131791.6$PRKAB2$chr1$146644129$-,0.39
chr1:146697400-146698800,ENSG00000131791.6$PRKAB2$chr1$146644129$-,0.48
chr1:145397800-145400200,ENSG00000131795.8$RBM8A$chr1$145507598$+,0.42
chr1:145421000-145422600,ENSG00000131795.8$RBM8A$chr1$145507598$+,0.43
chr1:145431400-145431600,ENSG00000131795.8$RBM8A$chr1$145507598$+,0.36
chr1:145464800-145465400,ENSG00000131795.8$RBM8A$chr1$145507598$+,0.44
chr1:145465800-145467400,ENSG00000131795.8$RBM8A$chr1$145507598$+,0.49
chr1:145468600-145469800,ENSG00000131795.8$RBM8A$chr1$145507598$+,0.46
chr1:145514600-145515600,ENSG00000131795.8$RBM8A$chr1$145507598$+,0.5
chr1:145517000-145519000,ENSG00000131795.8$RBM8A$chr1$145507598$+,0.48
chr1:145607800-145610200,ENSG00000131795.8$RBM8A$chr1$145507598$+,0.43
chr1:145615400-145615800,ENSG00000131795.8$RBM8A$chr1$145507598$+,0.37
chr1:145660400-145661600,ENSG00000131795.8$RBM8A$chr1$145507598$+,0.39
chr11:30343200-30344200,ENSG00000131808.6$FSHB$chr11$30252563$+,0.39
chr19:57751000-57751600,ENSG00000131845.10$ZNF304$chr19$57862675$+,0.35
chr19:57789400-57791400,ENSG00000131845.10$ZNF304$chr19$57862675$+,0.49
chr19:57872200-57874400,ENSG00000131845.10$ZNF304$chr19$57862675$+,0.54
chr19:57900000-57901200,ENSG00000131845.10$ZNF304$chr19$57862675$+,0.57
chr19:57921400-57922400,ENSG00000131845.10$ZNF304$chr19$57862675$+,0.57
chr19:57944600-57946400,ENSG00000131845.10$ZNF304$chr19$57862675$+,0.39
chr19:56903200-56904600,ENSG00000131848.5$ZSCAN5A$chr19$56879752$-,0.68
chr19:56916000-56917600,ENSG00000131848.5$ZSCAN5A$chr19$56879752$-,0.49
chr19:58791000-58793400,ENSG00000131849.10$ZNF132$chr19$58951589$-,0.45
chr19:58815000-58816200,ENSG00000131849.10$ZNF132$chr19$58951589$-,0.49
chr19:58836000-58838000,ENSG00000131849.10$ZNF132$chr19$58951589$-,0.56
chr19:58872400-58873400,ENSG00000131849.10$ZNF132$chr19$58951589$-,0.52
chr19:58892800-58895200,ENSG00000131849.10$ZNF132$chr19$58951589$-,0.49
chr19:58895600-58897800,ENSG00000131849.10$ZNF132$chr19$58951589$-,0.51
chr19:58910800-58912800,ENSG00000131849.10$ZNF132$chr19$58951589$-,0.58
chr19:58917600-58919200,ENSG00000131849.10$ZNF132$chr19$58951589$-,0.69
chr19:58920800-58922000,ENSG00000131849.10$ZNF132$chr19$58951589$-,0.69
chr19:58961800-58962800,ENSG00000131849.10$ZNF132$chr19$58951589$-,0.75
chr19:58987800-58989800,ENSG00000131849.10$ZNF132$chr19$58951589$-,0.69
chr19:59000000-59001000,ENSG00000131849.10$ZNF132$chr19$58951589$-,0.64
chr19:59054000-59055200,ENSG00000131849.10$ZNF132$chr19$58951589$-,0.61
chr19:59063400-59065800,ENSG00000131849.10$ZNF132$chr19$58951589$-,0.58
chr19:59085200-59086600,ENSG00000131849.10$ZNF132$chr19$58951589$-,0.51
chr19:57682400-57684800,ENSG00000131864.6$USP29$chr19$57630506$+,0.48
chr19:57703800-57705600,ENSG00000131864.6$USP29$chr19$57630506$+,0.44
chr19:57751000-57751600,ENSG00000131864.6$USP29$chr19$57630506$+,0.45
chr19:57789400-57791400,ENSG00000131864.6$USP29$chr19$57630506$+,0.39
chr15:101815200-101817000,ENSG00000131871.10$VIMP$chr15$101817705$-,0.36
chr15:101815200-101817000,ENSG00000131873.5$CHSY1$chr15$101792137$-,0.56
chr15:101815200-101817000,ENSG00000131876.12$SNRPA1$chr15$101835487$-,0.57
chr17:18162400-18163800,ENSG00000131899.6$LLGL1$chr17$18128901$+,0.41
chr1:27248800-27251200,ENSG00000131910.4$NR0B2$chr1$27240457$-,0.41
chr1:26828000-26829400,ENSG00000131914.6$LIN28A$chr1$26737269$+,0.39
chr8:42472800-42475200,ENSG00000131931.4$THAP1$chr8$42698468$-,0.48
chr8:42500000-42501600,ENSG00000131931.4$THAP1$chr8$42698468$-,0.43
chr8:42520600-42523000,ENSG00000131931.4$THAP1$chr8$42698468$-,0.43
chr8:42547200-42549000,ENSG00000131931.4$THAP1$chr8$42698468$-,0.46
chr8:42586800-42589200,ENSG00000131931.4$THAP1$chr8$42698468$-,0.41
chr8:42732200-42734400,ENSG00000131931.4$THAP1$chr8$42698468$-,0.6
chr8:42740000-42741200,ENSG00000131931.4$THAP1$chr8$42698468$-,0.65
chr8:42742200-42743400,ENSG00000131931.4$THAP1$chr8$42698468$-,0.57
chr8:42759200-42760800,ENSG00000131931.4$THAP1$chr8$42698468$-,0.48
chr8:42922000-42922800,ENSG00000131931.4$THAP1$chr8$42698468$-,0.35
chr19:33572800-33574200,ENSG00000131941.3$RHPN2$chr19$33555794$-,0.42
chr19:30100800-30103000,ENSG00000131943.13$C19orf12$chr19$30206364$-,0.39
chr19:30141000-30143200,ENSG00000131943.13$C19orf12$chr19$30206364$-,0.52
chr19:30181400-30182400,ENSG00000131943.13$C19orf12$chr19$30206364$-,0.57
chr19:30250800-30252000,ENSG00000131943.13$C19orf12$chr19$30206364$-,0.59
chr19:30336600-30337400,ENSG00000131943.13$C19orf12$chr19$30206364$-,0.43
chr19:30462600-30462800,ENSG00000131943.13$C19orf12$chr19$30206364$-,0.35
chr19:33291400-33292600,ENSG00000131944.5$C19orf40$chr19$33463115$+,0.54
chr19:33490400-33492400,ENSG00000131944.5$C19orf40$chr19$33463115$+,0.7
chr19:33572800-33574200,ENSG00000131944.5$C19orf40$chr19$33463115$+,0.57
chr19:33624200-33626400,ENSG00000131944.5$C19orf40$chr19$33463115$+,0.46
chr19:33634200-33635800,ENSG00000131944.5$C19orf40$chr19$33463115$+,0.5
chr14:58664200-58666200,ENSG00000131966.9$ACTR10$chr14$58666798$+,0.35
chr14:58708600-58710800,ENSG00000131966.9$ACTR10$chr14$58666798$+,0.53
chr14:58735000-58735600,ENSG00000131966.9$ACTR10$chr14$58666798$+,0.44
chr14:58769800-58770800,ENSG00000131966.9$ACTR10$chr14$58666798$+,0.39
chr14:55336000-55338400,ENSG00000131979.14$GCH1$chr14$55369570$-,0.44
chr14:55361200-55363200,ENSG00000131979.14$GCH1$chr14$55369570$-,0.46
chr14:55413000-55415400,ENSG00000131979.14$GCH1$chr14$55369570$-,0.56
chr14:55492000-55493200,ENSG00000131979.14$GCH1$chr14$55369570$-,0.45
chr14:55516400-55518000,ENSG00000131979.14$GCH1$chr14$55369570$-,0.41
chr14:55613000-55614000,ENSG00000131981.11$LGALS3$chr14$55590828$+,0.42
chr19:14013600-14015000,ENSG00000132000.7$PODNL1$chr19$14064204$-,0.54
chr19:14015200-14017400,ENSG00000132000.7$PODNL1$chr19$14064204$-,0.47
chr19:14037000-14039400,ENSG00000132000.7$PODNL1$chr19$14064204$-,0.7
chr19:14202200-14203800,ENSG00000132000.7$PODNL1$chr19$14064204$-,0.4
chr19:14306000-14308200,ENSG00000132000.7$PODNL1$chr19$14064204$-,0.38
chr19:14384800-14386800,ENSG00000132002.3$DNAJB1$chr19$14640582$-,0.35
chr19:14530200-14531400,ENSG00000132002.3$DNAJB1$chr19$14640582$-,0.38
chr19:14682800-14683600,ENSG00000132002.3$DNAJB1$chr19$14640582$-,0.53
chr19:14777800-14780200,ENSG00000132002.3$DNAJB1$chr19$14640582$-,0.35
chr19:12588600-12590800,ENSG00000132004.8$FBXW9$chr19$12807457$-,0.36
chr19:12662800-12664800,ENSG00000132004.8$FBXW9$chr19$12807457$-,0.52
chr19:12713800-12715600,ENSG00000132004.8$FBXW9$chr19$12807457$-,0.46
chr19:12745800-12747400,ENSG00000132004.8$FBXW9$chr19$12807457$-,0.47
chr19:12750400-12752400,ENSG00000132004.8$FBXW9$chr19$12807457$-,0.5
chr19:12778000-12779600,ENSG00000132004.8$FBXW9$chr19$12807457$-,0.63
chr19:12790200-12791800,ENSG00000132004.8$FBXW9$chr19$12807457$-,0.74
chr19:12848800-12850600,ENSG00000132004.8$FBXW9$chr19$12807457$-,0.59
chr19:12886800-12888600,ENSG00000132004.8$FBXW9$chr19$12807457$-,0.6
chr19:12910200-12912200,ENSG00000132004.8$FBXW9$chr19$12807457$-,0.64
chr19:12912800-12914400,ENSG00000132004.8$FBXW9$chr19$12807457$-,0.58
chr19:12916000-12917600,ENSG00000132004.8$FBXW9$chr19$12807457$-,0.58
chr19:12935600-12937200,ENSG00000132004.8$FBXW9$chr19$12807457$-,0.56
chr19:12957800-12959200,ENSG00000132004.8$FBXW9$chr19$12807457$-,0.52
chr19:14013600-14015000,ENSG00000132005.4$RFX1$chr19$14117851$-,0.43
chr19:14015200-14017400,ENSG00000132005.4$RFX1$chr19$14117851$-,0.42
chr19:14037000-14039400,ENSG00000132005.4$RFX1$chr19$14117851$-,0.39
chr19:14062200-14063200,ENSG00000132005.4$RFX1$chr19$14117851$-,0.39
chr19:14064200-14065800,ENSG00000132005.4$RFX1$chr19$14117851$-,0.39
chr19:14199000-14200800,ENSG00000132005.4$RFX1$chr19$14117851$-,0.52
chr19:14202200-14203800,ENSG00000132005.4$RFX1$chr19$14117851$-,0.53
chr19:12109600-12112000,ENSG00000132010.11$ZNF20$chr19$12251222$-,0.35
chr19:12174600-12175600,ENSG00000132010.11$ZNF20$chr19$12251222$-,0.47
chr19:12176200-12177800,ENSG00000132010.11$ZNF20$chr19$12251222$-,0.48
chr19:12248200-12250400,ENSG00000132010.11$ZNF20$chr19$12251222$-,0.36
chr19:12265000-12266800,ENSG00000132010.11$ZNF20$chr19$12251222$-,0.49
chr19:13857600-13858400,ENSG00000132016.7$C19orf57$chr19$14017265$-,0.36
chr19:14013600-14015000,ENSG00000132016.7$C19orf57$chr19$14017265$-,0.6
chr19:14037000-14039400,ENSG00000132016.7$C19orf57$chr19$14017265$-,0.65
chr19:14062200-14063200,ENSG00000132016.7$C19orf57$chr19$14017265$-,0.54
chr19:14064200-14065800,ENSG00000132016.7$C19orf57$chr19$14017265$-,0.59
chr19:14013600-14015000,ENSG00000132017.6$DCAF15$chr19$14063304$+,0.6
chr19:14015200-14017400,ENSG00000132017.6$DCAF15$chr19$14063304$+,0.5
chr19:14037000-14039400,ENSG00000132017.6$DCAF15$chr19$14063304$+,0.56
chr19:14285800-14286800,ENSG00000132017.6$DCAF15$chr19$14063304$+,0.41
chr19:14306000-14308200,ENSG00000132017.6$DCAF15$chr19$14063304$+,0.37
chr19:14013600-14015000,ENSG00000132024.13$CC2D1A$chr19$14017014$+,0.48
chr19:14037000-14039400,ENSG00000132024.13$CC2D1A$chr19$14017014$+,0.66
chr19:14062200-14063200,ENSG00000132024.13$CC2D1A$chr19$14017014$+,0.6
chr19:14064200-14065800,ENSG00000132024.13$CC2D1A$chr19$14017014$+,0.62
chr19:14202200-14203800,ENSG00000132024.13$CC2D1A$chr19$14017014$+,0.35
chr19:12912800-12914400,ENSG00000132026.9$RTBDN$chr19$12946242$-,0.37
chr19:12957800-12959200,ENSG00000132026.9$RTBDN$chr19$12946242$-,0.47
chr2:20170000-20172400,ENSG00000132031.8$MATN3$chr2$20212455$-,0.36
chr2:20190200-20191600,ENSG00000132031.8$MATN3$chr2$20212455$-,0.45
chr11:4208600-4209800,ENSG00000132109.8$TRIM21$chr11$4414926$-,0.4
chr1:46664000-46666200,ENSG00000132128.12$LRRC41$chr1$46769280$-,0.47
chr1:46803800-46805800,ENSG00000132128.12$LRRC41$chr1$46769280$-,0.63
chr1:46997800-47000000,ENSG00000132128.12$LRRC41$chr1$46769280$-,0.36
chr17:35320600-35321800,ENSG00000132130.7$LHX1$chr17$35294084$+,0.49
chr17:35328800-35331200,ENSG00000132130.7$LHX1$chr17$35294084$+,0.46
chr17:35332800-35334800,ENSG00000132130.7$LHX1$chr17$35294084$+,0.49
chr17:34067200-34069200,ENSG00000132139.8$GAS2L2$chr17$34079897$-,0.41
chr17:33166400-33166800,ENSG00000132141.9$CCT6B$chr17$33308097$-,0.42
chr17:33167200-33169400,ENSG00000132141.9$CCT6B$chr17$33308097$-,0.51
chr17:33286600-33288000,ENSG00000132141.9$CCT6B$chr17$33308097$-,0.48
chr17:33289400-33291400,ENSG00000132141.9$CCT6B$chr17$33308097$-,0.62
chr17:33355000-33356400,ENSG00000132141.9$CCT6B$chr17$33308097$-,0.46
chr17:33359200-33361000,ENSG00000132141.9$CCT6B$chr17$33308097$-,0.54
chr17:33416400-33418600,ENSG00000132141.9$CCT6B$chr17$33308097$-,0.4
chr17:33466200-33468600,ENSG00000132141.9$CCT6B$chr17$33308097$-,0.37
chr17:33498000-33500200,ENSG00000132141.9$CCT6B$chr17$33308097$-,0.37
chr17:33588600-33590400,ENSG00000132141.9$CCT6B$chr17$33308097$-,0.36
chr17:35639600-35641800,ENSG00000132142.15$ACACA$chr17$35766909$-,0.53
chr17:35767800-35769000,ENSG00000132142.15$ACACA$chr17$35766909$-,0.46
chr17:35870200-35871400,ENSG00000132142.15$ACACA$chr17$35766909$-,0.45
chr3:47824000-47825800,ENSG00000132153.10$DHX30$chr3$47844399$+,0.53
chr3:47870200-47871600,ENSG00000132153.10$DHX30$chr3$47844399$+,0.5
chr3:12594400-12596400,ENSG00000132155.7$RAF1$chr3$12705725$-,0.43
chr3:12597000-12598000,ENSG00000132155.7$RAF1$chr3$12705725$-,0.44
chr3:12647600-12649200,ENSG00000132155.7$RAF1$chr3$12705725$-,0.56
chr3:12760800-12763000,ENSG00000132155.7$RAF1$chr3$12705725$-,0.58
chr3:12850600-12853000,ENSG00000132155.7$RAF1$chr3$12705725$-,0.49
chr3:12883200-12884600,ENSG00000132155.7$RAF1$chr3$12705725$-,0.35
chr18:658600-661000,ENSG00000132199.14$ENOSF1$chr18$712676$-,0.51
chr18:741800-743800,ENSG00000132199.14$ENOSF1$chr18$712676$-,0.57
chr18:788600-790600,ENSG00000132199.14$ENOSF1$chr18$712676$-,0.55
chr18:2887600-2889000,ENSG00000132205.6$EMILIN2$chr18$2847028$+,0.38
chr16:30192200-30194600,ENSG00000132207.13$SLX1A$chr16$30205208$+,0.37
chr11:6440800-6441800,ENSG00000132254.8$ARFIP2$chr11$6502666$-,0.63
chr11:6547000-6548600,ENSG00000132254.8$ARFIP2$chr11$6502666$-,0.66
chr11:6199400-6201400,ENSG00000132259.8$CNGA4$chr11$6255995$+,0.51
chr11:5695200-5696200,ENSG00000132274.11$TRIM22$chr11$5710919$+,0.57
chr11:5721000-5723200,ENSG00000132274.11$TRIM22$chr11$5710919$+,0.5
chr11:6503400-6505400,ENSG00000132275.6$RRP8$chr11$6624850$-,0.44
chr11:6547000-6548600,ENSG00000132275.6$RRP8$chr11$6624850$-,0.51
chr11:6687600-6689800,ENSG00000132275.6$RRP8$chr11$6624850$-,0.48
chr11:6701600-6703800,ENSG00000132275.6$RRP8$chr11$6624850$-,0.4
chr11:6723400-6725600,ENSG00000132275.6$RRP8$chr11$6624850$-,0.4
chr11:6440800-6441800,ENSG00000132286.7$TIMM10B$chr11$6502677$+,0.61
chr11:6547000-6548600,ENSG00000132286.7$TIMM10B$chr11$6502677$+,0.64
chr8:132953800-132954400,ENSG00000132294.9$EFR3A$chr8$132916335$+,0.49
chr8:132998600-133000200,ENSG00000132294.9$EFR3A$chr8$132916335$+,0.45
chr2:86190000-86192000,ENSG00000132300.14$PTCD3$chr2$86333305$+,0.4
chr2:86338000-86338200,ENSG00000132300.14$PTCD3$chr2$86333305$+,0.55
chr2:86408200-86408600,ENSG00000132300.14$PTCD3$chr2$86333305$+,0.56
chr2:86425200-86426600,ENSG00000132300.14$PTCD3$chr2$86333305$+,0.43
chr2:86338000-86338200,ENSG00000132305.16$IMMT$chr2$86422893$-,0.41
chr2:86408200-86408600,ENSG00000132305.16$IMMT$chr2$86422893$-,0.61
chr2:86425200-86426600,ENSG00000132305.16$IMMT$chr2$86422893$-,0.5
chr2:237267600-237269800,ENSG00000132321.12$IQCA1$chr2$237416185$-,0.39
chr2:237283600-237284200,ENSG00000132321.12$IQCA1$chr2$237416185$-,0.35
chr2:238872600-238875000,ENSG00000132323.4$ILKAP$chr2$239112370$-,0.42
chr2:238967000-238968800,ENSG00000132323.4$ILKAP$chr2$239112370$-,0.38
chr2:238980000-238980200,ENSG00000132323.4$ILKAP$chr2$239112370$-,0.37
chr2:238995000-238997000,ENSG00000132323.4$ILKAP$chr2$239112370$-,0.45
chr2:239227800-239228800,ENSG00000132323.4$ILKAP$chr2$239112370$-,0.44
chr2:239265800-239268000,ENSG00000132323.4$ILKAP$chr2$239112370$-,0.45
chr2:239227800-239228800,ENSG00000132326.7$PER2$chr2$239198743$-,0.56
chr2:238833800-238835600,ENSG00000132330.12$SCLY$chr2$238969530$+,0.42
chr2:238860800-238861000,ENSG00000132330.12$SCLY$chr2$238969530$+,0.42
chr2:238872600-238875000,ENSG00000132330.12$SCLY$chr2$238969530$+,0.49
chr2:238980000-238980200,ENSG00000132330.12$SCLY$chr2$238969530$+,0.8
chr2:238995000-238997000,ENSG00000132330.12$SCLY$chr2$238969530$+,0.68
chr2:239112600-239114000,ENSG00000132330.12$SCLY$chr2$238969530$+,0.42
chr2:239227800-239228800,ENSG00000132330.12$SCLY$chr2$238969530$+,0.35
chr12:131238600-131240200,ENSG00000132341.7$RAN$chr12$131356424$+,0.38
chr12:131323800-131325600,ENSG00000132341.7$RAN$chr12$131356424$+,0.64
chr5:40640600-40642400,ENSG00000132356.7$PRKAA1$chr5$40798476$-,0.35
chr5:40756200-40758600,ENSG00000132356.7$PRKAA1$chr5$40798476$-,0.63
chr5:40879400-40880000,ENSG00000132356.7$PRKAA1$chr5$40798476$-,0.52
chr5:40756200-40758600,ENSG00000132357.9$CARD6$chr5$40841286$+,0.43
chr5:40795000-40797400,ENSG00000132357.9$CARD6$chr5$40841286$+,0.45
chr5:40799000-40800600,ENSG00000132357.9$CARD6$chr5$40841286$+,0.53
chr5:40879400-40880000,ENSG00000132357.9$CARD6$chr5$40841286$+,0.64
chr17:2738800-2741200,ENSG00000132359.9$RAP1GAP2$chr17$2680350$+,0.4
chr17:1303800-1306000,ENSG00000132376.15$INPP5K$chr17$1420182$-,0.36
chr17:1588200-1590400,ENSG00000132376.15$INPP5K$chr17$1420182$-,0.54
chr17:1621000-1622800,ENSG00000132376.15$INPP5K$chr17$1420182$-,0.47
chr17:4315400-4317200,ENSG00000132382.10$MYBBP1A$chr17$4458926$-,0.53
chr17:4323800-4325600,ENSG00000132382.10$MYBBP1A$chr17$4458926$-,0.46
chr17:4700000-4701800,ENSG00000132382.10$MYBBP1A$chr17$4458926$-,0.38
chr17:1588200-1590400,ENSG00000132383.7$RPA1$chr17$1732996$+,0.43
chr17:1621000-1622800,ENSG00000132383.7$RPA1$chr17$1732996$+,0.5
chr17:1793400-1795200,ENSG00000132383.7$RPA1$chr17$1732996$+,0.59
chr17:1951200-1953000,ENSG00000132383.7$RPA1$chr17$1732996$+,0.45
chr17:1588200-1590400,ENSG00000132386.6$SERPINF1$chr17$1665253$+,0.39
chr17:1621000-1622800,ENSG00000132386.6$SERPINF1$chr17$1665253$+,0.37
chr17:4315400-4317200,ENSG00000132388.8$UBE2G1$chr17$4269923$-,0.58
chr17:4323800-4325600,ENSG00000132388.8$UBE2G1$chr17$4269923$-,0.58
chr3:127840600-127842200,ENSG00000132394.6$EEFSEC$chr3$127872297$+,0.58
chr3:127842600-127843800,ENSG00000132394.6$EEFSEC$chr3$127872297$+,0.64
chr3:127961400-127963200,ENSG00000132394.6$EEFSEC$chr3$127872297$+,0.44
chr3:128010200-128011400,ENSG00000132394.6$EEFSEC$chr3$127872297$+,0.45
chr3:128166000-128168200,ENSG00000132394.6$EEFSEC$chr3$127872297$+,0.35
chr4:6711800-6713600,ENSG00000132405.14$TBC1D14$chr4$6910969$+,0.35
chr4:6716000-6717800,ENSG00000132405.14$TBC1D14$chr4$6910969$+,0.37
chr4:6830400-6832600,ENSG00000132405.14$TBC1D14$chr4$6910969$+,0.65
chr4:4292600-4295000,ENSG00000132406.7$TMEM128$chr4$4249950$-,0.5
chr4:4336600-4337600,ENSG00000132406.7$TMEM128$chr4$4249950$-,0.38
chr6:99963600-99964600,ENSG00000132423.6$COQ3$chr6$99842080$-,0.35
chr6:99968000-99968800,ENSG00000132423.6$COQ3$chr6$99842080$-,0.35
chr6:99972400-99973800,ENSG00000132423.6$COQ3$chr6$99842080$-,0.4
chr6:99840000-99841400,ENSG00000132424.10$PNISR$chr6$99873207$-,0.54
chr6:99842200-99842800,ENSG00000132424.10$PNISR$chr6$99873207$-,0.55
chr6:99963600-99964600,ENSG00000132424.10$PNISR$chr6$99873207$-,0.41
chr6:99968000-99968800,ENSG00000132424.10$PNISR$chr6$99873207$-,0.46
chr6:99969600-99971200,ENSG00000132424.10$PNISR$chr6$99873207$-,0.38
chr6:99972400-99973800,ENSG00000132424.10$PNISR$chr6$99873207$-,0.51
chr7:54841000-54843200,ENSG00000132432.9$SEC61G$chr7$54827667$-,0.68
chr7:55502200-55502600,ENSG00000132434.5$LANCL2$chr7$55433141$+,0.64
chr7:55524800-55526000,ENSG00000132434.5$LANCL2$chr7$55433141$+,0.44
chr7:55664600-55666200,ENSG00000132434.5$LANCL2$chr7$55433141$+,0.36
chr7:50291400-50293000,ENSG00000132436.7$FIGNL1$chr7$50518088$-,0.37
chr7:50298000-50298400,ENSG00000132436.7$FIGNL1$chr7$50518088$-,0.38
chr7:50323400-50325800,ENSG00000132436.7$FIGNL1$chr7$50518088$-,0.46
chr7:50442000-50442400,ENSG00000132436.7$FIGNL1$chr7$50518088$-,0.49
chr7:50442600-50443200,ENSG00000132436.7$FIGNL1$chr7$50518088$-,0.44
chr7:50454600-50455400,ENSG00000132436.7$FIGNL1$chr7$50518088$-,0.44
chr7:50456800-50458400,ENSG00000132436.7$FIGNL1$chr7$50518088$-,0.47
chr7:50534400-50536600,ENSG00000132436.7$FIGNL1$chr7$50518088$-,0.66
chr4:71568200-71570000,ENSG00000132463.9$GRSF1$chr4$71705662$-,0.45
chr4:71728200-71730200,ENSG00000132463.9$GRSF1$chr4$71705662$-,0.58
chr4:71766800-71767600,ENSG00000132463.9$GRSF1$chr4$71705662$-,0.62
chr4:71551600-71553400,ENSG00000132464.7$ENAM$chr4$71494461$+,0.52
chr4:71568200-71570000,ENSG00000132464.7$ENAM$chr4$71494461$+,0.51
chr4:71551600-71553400,ENSG00000132465.6$IGJ$chr4$71547534$-,0.44
chr4:74043000-74045000,ENSG00000132466.13$ANKRD17$chr4$74124515$-,0.47
chr4:74045200-74047600,ENSG00000132466.13$ANKRD17$chr4$74124515$-,0.51
chr4:74054600-74056000,ENSG00000132466.13$ANKRD17$chr4$74124515$-,0.55
chr4:74067400-74069200,ENSG00000132466.13$ANKRD17$chr4$74124515$-,0.63
chr4:74113600-74115200,ENSG00000132466.13$ANKRD17$chr4$74124515$-,0.69
chr4:71568200-71570000,ENSG00000132467.2$UTP3$chr4$71554196$+,0.6
chr17:73661000-73662800,ENSG00000132470.9$ITGB4$chr17$73717408$+,0.51
chr17:73661000-73662800,ENSG00000132471.7$WBP2$chr17$73852588$-,0.4
chr17:73877400-73879600,ENSG00000132471.7$WBP2$chr17$73852588$-,0.66
chr17:73899000-73900400,ENSG00000132471.7$WBP2$chr17$73852588$-,0.5
chr17:73661000-73662800,ENSG00000132475.4$H3F3B$chr17$73781974$-,0.47
chr17:73877400-73879600,ENSG00000132475.4$H3F3B$chr17$73781974$-,0.42
chr17:73577400-73579000,ENSG00000132478.5$UNK$chr17$73780681$+,0.36
chr17:73661000-73662800,ENSG00000132478.5$UNK$chr17$73780681$+,0.59
chr17:73877400-73879600,ENSG00000132478.5$UNK$chr17$73780681$+,0.53
chr17:73899000-73900400,ENSG00000132478.5$UNK$chr17$73780681$+,0.42
chr17:73877400-73879600,ENSG00000132481.2$TRIM47$chr17$73874656$-,0.48
chr17:73899000-73900400,ENSG00000132481.2$TRIM47$chr17$73874656$-,0.36
chr17:7143000-7145000,ENSG00000132507.13$EIF5A$chr17$7210318$+,0.5
chr17:7146600-7148200,ENSG00000132507.13$EIF5A$chr17$7210318$+,0.52
chr17:7156200-7158200,ENSG00000132507.13$EIF5A$chr17$7210318$+,0.51
chr17:7298400-7300000,ENSG00000132507.13$EIF5A$chr17$7210318$+,0.37
chr17:7337800-7338800,ENSG00000132507.13$EIF5A$chr17$7210318$+,0.4
chr17:7356800-7358800,ENSG00000132507.13$EIF5A$chr17$7210318$+,0.39
chr17:7359400-7361600,ENSG00000132507.13$EIF5A$chr17$7210318$+,0.36
chr17:7819000-7820800,ENSG00000132510.6$KDM6B$chr17$7743222$+,0.35
chr17:6908000-6908800,ENSG00000132514.9$CLEC10A$chr17$6983626$-,0.41
chr17:6936600-6939000,ENSG00000132514.9$CLEC10A$chr17$6983626$-,0.4
chr17:7143000-7145000,ENSG00000132514.9$CLEC10A$chr17$6983626$-,0.55
chr17:7146600-7148200,ENSG00000132514.9$CLEC10A$chr17$6983626$-,0.42
chr17:7156200-7158200,ENSG00000132514.9$CLEC10A$chr17$6983626$-,0.42
chr17:4891600-4893600,ENSG00000132517.10$SLC52A1$chr17$4955304$-,0.48
chr17:4943000-4944000,ENSG00000132517.10$SLC52A1$chr17$4955304$-,0.67
chr17:4980600-4981200,ENSG00000132517.10$SLC52A1$chr17$4955304$-,0.68
chr17:5093600-5094600,ENSG00000132517.10$SLC52A1$chr17$4955304$-,0.45
chr17:5095600-5096800,ENSG00000132517.10$SLC52A1$chr17$4955304$-,0.49
chr17:5195000-5196400,ENSG00000132517.10$SLC52A1$chr17$4955304$-,0.35
chr17:7854400-7855600,ENSG00000132518.6$GUCY2D$chr17$7905912$+,0.56
chr17:8074400-8076800,ENSG00000132518.6$GUCY2D$chr17$7905912$+,0.4
chr17:8077200-8079400,ENSG00000132518.6$GUCY2D$chr17$7905912$+,0.37
chr17:8080000-8081600,ENSG00000132518.6$GUCY2D$chr17$7905912$+,0.35
chr17:7143000-7145000,ENSG00000132522.11$GPS2$chr17$7218883$-,0.4
chr17:7146600-7148200,ENSG00000132522.11$GPS2$chr17$7218883$-,0.44
chr17:7156200-7158200,ENSG00000132522.11$GPS2$chr17$7218883$-,0.46
chr17:7298400-7300000,ENSG00000132522.11$GPS2$chr17$7218883$-,0.52
chr17:7426000-7426800,ENSG00000132522.11$GPS2$chr17$7218883$-,0.36
chr17:6734000-6736000,ENSG00000132530.12$XAF1$chr17$6658766$+,0.39
chr17:7143000-7145000,ENSG00000132535.14$DLG4$chr17$7123021$-,0.44
chr17:7146600-7148200,ENSG00000132535.14$DLG4$chr17$7123021$-,0.41
chr17:7156200-7158200,ENSG00000132535.14$DLG4$chr17$7123021$-,0.41
chr8:99058800-99060000,ENSG00000132541.6$HRSP12$chr8$99129469$-,0.53
chr8:99097400-99098400,ENSG00000132541.6$HRSP12$chr8$99129469$-,0.67
chr8:100037800-100040000,ENSG00000132549.14$VPS13B$chr8$100025494$+,0.64
chr8:100059400-100059600,ENSG00000132549.14$VPS13B$chr8$100025494$+,0.59
chr8:99985600-99987800,ENSG00000132549.14$VPS13B$chr8$100025494$+,0.51
chr8:101161200-101162200,ENSG00000132554.15$RGS22$chr8$101143496$-,0.45
chr8:101163400-101165600,ENSG00000132554.15$RGS22$chr8$101143496$-,0.4
chr8:101193600-101194200,ENSG00000132554.15$RGS22$chr8$101143496$-,0.42
chr5:137668200-137669200,ENSG00000132563.11$REEP2$chr5$137774706$+,0.44
chr5:137743000-137744000,ENSG00000132563.11$REEP2$chr5$137774706$+,0.58
chr5:134148400-134150600,ENSG00000132570.10$PCBD2$chr5$134240596$+,0.41
chr5:134208800-134209800,ENSG00000132570.10$PCBD2$chr5$134240596$+,0.6
chr17:26892000-26893000,ENSG00000132581.5$SDF2$chr17$26989207$-,0.38
chr17:26924400-26926200,ENSG00000132581.5$SDF2$chr17$26989207$-,0.49
chr17:26926800-26928200,ENSG00000132581.5$SDF2$chr17$26989207$-,0.5
chr17:26985800-26988200,ENSG00000132581.5$SDF2$chr17$26989207$-,0.39
chr17:27056000-27058000,ENSG00000132581.5$SDF2$chr17$26989207$-,0.43
chr17:27118800-27121200,ENSG00000132581.5$SDF2$chr17$26989207$-,0.41
chr17:27140000-27141600,ENSG00000132581.5$SDF2$chr17$26989207$-,0.39
chr17:27118800-27121200,ENSG00000132589.11$FLOT2$chr17$27224697$-,0.4
chr17:27140000-27141600,ENSG00000132589.11$FLOT2$chr17$27224697$-,0.4
chr17:27180600-27181400,ENSG00000132589.11$FLOT2$chr17$27224697$-,0.53
chr17:27182400-27183800,ENSG00000132589.11$FLOT2$chr17$27224697$-,0.52
chr17:27256600-27258400,ENSG00000132589.11$FLOT2$chr17$27224697$-,0.47
chr17:27279400-27281800,ENSG00000132589.11$FLOT2$chr17$27224697$-,0.44
chr17:27056000-27058000,ENSG00000132591.7$ERAL1$chr17$27181956$+,0.4
chr17:27118800-27121200,ENSG00000132591.7$ERAL1$chr17$27181956$+,0.46
chr17:27140000-27141600,ENSG00000132591.7$ERAL1$chr17$27181956$+,0.5
chr16:68276800-68278600,ENSG00000132600.12$PRMT7$chr16$68344877$+,0.53
chr16:68328600-68329200,ENSG00000132600.12$PRMT7$chr16$68344877$+,0.5
chr16:68458600-68461000,ENSG00000132600.12$PRMT7$chr16$68344877$+,0.35
chr16:69245200-69246400,ENSG00000132603.9$NIP7$chr16$69373333$+,0.35
chr16:69286200-69286800,ENSG00000132603.9$NIP7$chr16$69373333$+,0.45
chr16:69456800-69458200,ENSG00000132603.9$NIP7$chr16$69373333$+,0.55
chr16:69456800-69458200,ENSG00000132604.6$TERF2$chr16$69442474$-,0.39
chr16:69245200-69246400,ENSG00000132612.14$VPS4A$chr16$69345259$+,0.44
chr16:69286200-69286800,ENSG00000132612.14$VPS4A$chr16$69345259$+,0.39
chr16:69370200-69372600,ENSG00000132612.14$VPS4A$chr16$69345259$+,0.63
chr16:69456800-69458200,ENSG00000132612.14$VPS4A$chr16$69345259$+,0.52
chr20:2667800-2670200,ENSG00000132635.12$PCED1A$chr20$2821836$-,0.43
chr20:2806200-2808000,ENSG00000132635.12$PCED1A$chr20$2821836$-,0.63
chr20:4982400-4983600,ENSG00000132646.6$PCNA$chr20$5107272$-,0.42
chr20:5080800-5082800,ENSG00000132646.6$PCNA$chr20$5107272$-,0.52
chr20:5091600-5093000,ENSG00000132646.6$PCNA$chr20$5107272$-,0.67
chr20:5105400-5107000,ENSG00000132646.6$PCNA$chr20$5107272$-,0.35
chr20:5186000-5188000,ENSG00000132646.6$PCNA$chr20$5107272$-,0.54
chr20:23314600-23316600,ENSG00000132661.3$NXT1$chr20$23331373$+,0.71
chr20:23336200-23338200,ENSG00000132661.3$NXT1$chr20$23331373$+,0.54
chr20:23401800-23404200,ENSG00000132661.3$NXT1$chr20$23331373$+,0.5
chr20:18476200-18477400,ENSG00000132664.7$POLR3F$chr20$18447771$+,0.7
chr20:18478000-18480000,ENSG00000132664.7$POLR3F$chr20$18447771$+,0.66
chr20:18486000-18487800,ENSG00000132664.7$POLR3F$chr20$18447771$+,0.49
chr20:18546600-18547400,ENSG00000132664.7$POLR3F$chr20$18447771$+,0.55
chr20:18548800-18549800,ENSG00000132664.7$POLR3F$chr20$18447771$+,0.61
chr20:18567400-18568400,ENSG00000132664.7$POLR3F$chr20$18447771$+,0.5
chr20:2806200-2808000,ENSG00000132670.16$PTPRA$chr20$2844830$+,0.49
chr20:2822200-2823600,ENSG00000132670.16$PTPRA$chr20$2844830$+,0.52
chr1:155502800-155503400,ENSG00000132676.11$DAP3$chr1$155657751$+,0.37
chr1:155539400-155541400,ENSG00000132676.11$DAP3$chr1$155657751$+,0.49
chr1:155577600-155579400,ENSG00000132676.11$DAP3$chr1$155657751$+,0.61
chr1:155582000-155583400,ENSG00000132676.11$DAP3$chr1$155657751$+,0.58
chr1:155651200-155652400,ENSG00000132676.11$DAP3$chr1$155657751$+,0.61
chr1:155713800-155715000,ENSG00000132676.11$DAP3$chr1$155657751$+,0.56
chr1:155778000-155779200,ENSG00000132680.6$KIAA0907$chr1$155904191$-,0.36
chr1:155825000-155826600,ENSG00000132680.6$KIAA0907$chr1$155904191$-,0.52
chr1:155987800-155990200,ENSG00000132680.6$KIAA0907$chr1$155904191$-,0.45
chr1:156025400-156026800,ENSG00000132680.6$KIAA0907$chr1$155904191$-,0.37
chr1:156568600-156570800,ENSG00000132692.14$BCAN$chr1$156611182$+,0.35
chr1:157016000-157017600,ENSG00000132694.14$ARHGEF11$chr1$157015162$-,0.39
chr1:156025400-156026800,ENSG00000132698.9$RAB25$chr1$156030951$+,0.53
chr1:156571600-156573200,ENSG00000132702.8$HAPLN2$chr1$156589086$+,0.43
chr1:160173400-160175600,ENSG00000132716.14$DCAF8$chr1$160254920$-,0.41
chr1:160203000-160205000,ENSG00000132716.14$DCAF8$chr1$160254920$-,0.53
chr1:155778000-155779200,ENSG00000132718.7$SYT11$chr1$155829300$+,0.48
chr1:155825000-155826600,ENSG00000132718.7$SYT11$chr1$155829300$+,0.64
chr1:155987800-155990200,ENSG00000132718.7$SYT11$chr1$155829300$+,0.45
chr11:68897800-68900200,ENSG00000132740.4$IGHMBP2$chr11$68671310$+,0.36
chr11:67375000-67377200,ENSG00000132744.3$ACY3$chr11$67418130$-,0.62
chr11:67498000-67500400,ENSG00000132744.3$ACY3$chr11$67418130$-,0.71
chr11:67573600-67575400,ENSG00000132744.3$ACY3$chr11$67418130$-,0.55
chr1:45765800-45766400,ENSG00000132763.10$MMACHC$chr1$45965725$+,0.42
chr1:45767200-45769000,ENSG00000132763.10$MMACHC$chr1$45965725$+,0.42
chr1:45954000-45956000,ENSG00000132763.10$MMACHC$chr1$45965725$+,0.63
chr1:45957400-45959200,ENSG00000132763.10$MMACHC$chr1$45965725$+,0.65
chr1:45988000-45990000,ENSG00000132763.10$MMACHC$chr1$45965725$+,0.72
chr1:46015200-46016200,ENSG00000132763.10$MMACHC$chr1$45965725$+,0.71
chr1:46047400-46049200,ENSG00000132763.10$MMACHC$chr1$45965725$+,0.67
chr1:46127800-46129400,ENSG00000132763.10$MMACHC$chr1$45965725$+,0.55
chr1:45672400-45674400,ENSG00000132773.7$TOE1$chr1$45805342$+,0.35
chr1:45765800-45766400,ENSG00000132773.7$TOE1$chr1$45805342$+,0.66
chr1:45767200-45769000,ENSG00000132773.7$TOE1$chr1$45805342$+,0.65
chr1:45954000-45956000,ENSG00000132773.7$TOE1$chr1$45805342$+,0.48
chr1:45957400-45959200,ENSG00000132773.7$TOE1$chr1$45805342$+,0.45
chr1:45964000-45965200,ENSG00000132773.7$TOE1$chr1$45805342$+,0.49
chr1:45988000-45990000,ENSG00000132773.7$TOE1$chr1$45805342$+,0.37
chr1:46015200-46016200,ENSG00000132773.7$TOE1$chr1$45805342$+,0.36
chr1:45765800-45766400,ENSG00000132780.12$NASP$chr1$46049518$+,0.37
chr1:45954000-45956000,ENSG00000132780.12$NASP$chr1$46049518$+,0.58
chr1:45957400-45959200,ENSG00000132780.12$NASP$chr1$46049518$+,0.59
chr1:45964000-45965200,ENSG00000132780.12$NASP$chr1$46049518$+,0.57
chr1:45988000-45990000,ENSG00000132780.12$NASP$chr1$46049518$+,0.54
chr1:46015200-46016200,ENSG00000132780.12$NASP$chr1$46049518$+,0.55
chr1:46127800-46129400,ENSG00000132780.12$NASP$chr1$46049518$+,0.37
chr1:45672400-45674400,ENSG00000132781.13$MUTYH$chr1$45806142$-,0.37
chr1:45765800-45766400,ENSG00000132781.13$MUTYH$chr1$45806142$-,0.68
chr1:45767200-45769000,ENSG00000132781.13$MUTYH$chr1$45806142$-,0.73
chr1:45954000-45956000,ENSG00000132781.13$MUTYH$chr1$45806142$-,0.51
chr1:45957400-45959200,ENSG00000132781.13$MUTYH$chr1$45806142$-,0.41
chr1:45964000-45965200,ENSG00000132781.13$MUTYH$chr1$45806142$-,0.48
chr1:45988000-45990000,ENSG00000132781.13$MUTYH$chr1$45806142$-,0.39
chr1:46015200-46016200,ENSG00000132781.13$MUTYH$chr1$45806142$-,0.35
chr20:44421400-44422800,ENSG00000132801.5$ZSWIM3$chr20$44486256$+,0.55
chr20:44427000-44428800,ENSG00000132801.5$ZSWIM3$chr20$44486256$+,0.42
chr20:44508800-44509800,ENSG00000132801.5$ZSWIM3$chr20$44486256$+,0.61
chr20:44560800-44562600,ENSG00000132801.5$ZSWIM3$chr20$44486256$+,0.51
chr20:44601000-44602400,ENSG00000132801.5$ZSWIM3$chr20$44486256$+,0.39
chr20:44615400-44616600,ENSG00000132801.5$ZSWIM3$chr20$44486256$+,0.48
chr20:55924600-55926000,ENSG00000132819.12$RBM38$chr20$55966463$+,0.58
chr20:55927000-55929200,ENSG00000132819.12$RBM38$chr20$55966463$+,0.52
chr20:55979400-55980400,ENSG00000132819.12$RBM38$chr20$55966463$+,0.47
chr20:42937000-42939200,ENSG00000132823.6$OSER1$chr20$42839431$-,0.4
chr20:42939800-42940600,ENSG00000132823.6$OSER1$chr20$42839431$-,0.44
chr20:43103000-43104400,ENSG00000132824.9$SERINC3$chr20$43150750$-,0.53
chr20:43157800-43160200,ENSG00000132824.9$SERINC3$chr20$43150750$-,0.62
chr20:43281400-43282800,ENSG00000132824.9$SERINC3$chr20$43150750$-,0.4
chr5:78489400-78490200,ENSG00000132837.10$DMGDH$chr5$78531861$-,0.53
chr5:78541400-78541800,ENSG00000132837.10$DMGDH$chr5$78531861$-,0.52
chr5:78542000-78543400,ENSG00000132837.10$DMGDH$chr5$78531861$-,0.48
chr5:78564800-78567200,ENSG00000132837.10$DMGDH$chr5$78531861$-,0.5
chr5:77578800-77580400,ENSG00000132842.9$AP3B1$chr5$77590579$-,0.57
chr5:77651600-77652200,ENSG00000132842.9$AP3B1$chr5$77590579$-,0.61
chr5:77653800-77655600,ENSG00000132842.9$AP3B1$chr5$77590579$-,0.64
chr5:77657400-77659000,ENSG00000132842.9$AP3B1$chr5$77590579$-,0.74
chr5:77663000-77664600,ENSG00000132842.9$AP3B1$chr5$77590579$-,0.66
chr5:77664800-77667000,ENSG00000132842.9$AP3B1$chr5$77590579$-,0.66
chr5:77682800-77684400,ENSG00000132842.9$AP3B1$chr5$77590579$-,0.66
chr5:76383200-76385200,ENSG00000132846.5$ZBED3$chr5$76383148$-,0.42
chr1:62191400-62192400,ENSG00000132849.14$INADL$chr1$62208149$+,0.62
chr1:62201200-62203000,ENSG00000132849.14$INADL$chr1$62208149$+,0.63
chr1:62235000-62235400,ENSG00000132849.14$INADL$chr1$62208149$+,0.62
chr1:62252200-62254200,ENSG00000132849.14$INADL$chr1$62208149$+,0.54
chr1:16561000-16563200,ENSG00000132881.7$RSG1$chr1$16563657$-,0.38
chr1:16596400-16598600,ENSG00000132881.7$RSG1$chr1$16563657$-,0.66
chr1:16653400-16655400,ENSG00000132881.7$RSG1$chr1$16563657$-,0.45
chr1:16765400-16767200,ENSG00000132881.7$RSG1$chr1$16563657$-,0.37
chr1:15847800-15850200,ENSG00000132906.13$CASP9$chr1$15853029$-,0.53
chr1:15854000-15856000,ENSG00000132906.13$CASP9$chr1$15853029$-,0.36
chr5:150077800-150079800,ENSG00000132912.8$DCTN4$chr5$150138671$-,0.43
chr5:150113200-150115600,ENSG00000132912.8$DCTN4$chr5$150138671$-,0.68
chr5:150225200-150227600,ENSG00000132912.8$DCTN4$chr5$150138671$-,0.59
chr5:149280800-149282000,ENSG00000132915.6$PDE6A$chr5$149324356$-,0.46
chr5:149338200-149339800,ENSG00000132915.6$PDE6A$chr5$149324356$-,0.54
chr13:20282800-20283400,ENSG00000132950.14$ZMYM5$chr13$20437776$-,0.4
chr13:20295600-20296000,ENSG00000132950.14$ZMYM5$chr13$20437776$-,0.4
chr13:20330200-20332600,ENSG00000132950.14$ZMYM5$chr13$20437776$-,0.37
chr13:20357400-20358400,ENSG00000132950.14$ZMYM5$chr13$20437776$-,0.54
chr13:20549000-20550000,ENSG00000132950.14$ZMYM5$chr13$20437776$-,0.47
chr13:31035600-31038000,ENSG00000132952.7$USPL1$chr13$31191830$+,0.43
chr13:31039800-31042200,ENSG00000132952.7$USPL1$chr13$31191830$+,0.44
chr13:31205000-31206200,ENSG00000132952.7$USPL1$chr13$31191830$+,0.68
chr13:31340000-31342200,ENSG00000132952.7$USPL1$chr13$31191830$+,0.38
chr13:21370600-21372800,ENSG00000132953.12$XPO4$chr13$21477187$-,0.45
chr13:21470200-21471800,ENSG00000132953.12$XPO4$chr13$21477187$-,0.63
chr13:21472200-21472400,ENSG00000132953.12$XPO4$chr13$21477187$-,0.55
chr13:21518800-21521000,ENSG00000132953.12$XPO4$chr13$21477187$-,0.56
chr13:29293000-29295000,ENSG00000132963.7$POMP$chr13$29233241$+,0.55
chr13:26760600-26762800,ENSG00000132964.7$CDK8$chr13$26828276$+,0.48
chr13:26796800-26798000,ENSG00000132964.7$CDK8$chr13$26828276$+,0.61
chr13:26904000-26906000,ENSG00000132964.7$CDK8$chr13$26828276$+,0.36
chr13:31205000-31206200,ENSG00000132965.5$ALOX5AP$chr13$31309645$+,0.46
chr13:31340000-31342200,ENSG00000132965.5$ALOX5AP$chr13$31309645$+,0.49
chr17:17342800-17345000,ENSG00000133027.13$PEMT$chr17$17495022$-,0.42
chr17:17531400-17532800,ENSG00000133027.13$PEMT$chr17$17495022$-,0.52
chr17:10592800-10594200,ENSG00000133028.6$SCO1$chr17$10601692$-,0.54
chr17:10631200-10633000,ENSG00000133028.6$SCO1$chr17$10601692$-,0.52
chr1:204367200-204368000,ENSG00000133056.9$PIK3C2B$chr1$204463852$-,0.53
chr1:204476800-204479200,ENSG00000133056.9$PIK3C2B$chr1$204463852$-,0.59
chr1:204510200-204511400,ENSG00000133056.9$PIK3C2B$chr1$204463852$-,0.4
chr1:204552800-204555000,ENSG00000133056.9$PIK3C2B$chr1$204463852$-,0.39
chr1:205084600-205086800,ENSG00000133059.12$DSTYK$chr1$205180727$-,0.41
chr1:205091800-205092600,ENSG00000133059.12$DSTYK$chr1$205180727$-,0.39
chr1:205110200-205112000,ENSG00000133059.12$DSTYK$chr1$205180727$-,0.55
chr1:205601400-205603400,ENSG00000133065.6$SLC41A1$chr1$205782876$-,0.37
chr1:205720000-205720800,ENSG00000133065.6$SLC41A1$chr1$205782876$-,0.47
chr1:205744600-205745800,ENSG00000133065.6$SLC41A1$chr1$205782876$-,0.5
chr1:205817800-205820000,ENSG00000133065.6$SLC41A1$chr1$205782876$-,0.6
chr1:202114400-202116800,ENSG00000133067.13$LGR6$chr1$202163029$+,0.38
chr1:205177400-205179800,ENSG00000133069.10$TMCC2$chr1$205197304$+,0.48
chr13:40237600-40238800,ENSG00000133103.12$COG6$chr13$40229764$+,0.63
chr13:40272600-40274600,ENSG00000133103.12$COG6$chr13$40229764$+,0.67
chr13:32377600-32379200,ENSG00000133105.3$RXFP2$chr13$32313674$+,0.39
chr13:45830800-45833200,ENSG00000133112.12$TPT1$chr13$45915505$-,0.48
chr13:45490000-45491800,ENSG00000133114.13$GPALPP1$chr13$45563687$+,0.49
chrX:102610600-102611800,ENSG00000133134.7$BEX2$chrX$102565974$-,0.52
chrX:102715400-102717600,ENSG00000133134.7$BEX2$chrX$102565974$-,0.45
chrX:102738200-102739600,ENSG00000133134.7$BEX2$chrX$102565974$-,0.42
chrX:105968600-105969600,ENSG00000133135.9$RNF128$chrX$105937024$+,0.35
chrX:102808600-102810800,ENSG00000133142.13$TCEAL4$chrX$102831159$+,0.52
chrX:102861800-102862600,ENSG00000133142.13$TCEAL4$chrX$102831159$+,0.38
chrX:102863200-102864400,ENSG00000133142.13$TCEAL4$chrX$102831159$+,0.42
chr17:71229600-71231400,ENSG00000133193.8$FAM104A$chr17$71232892$-,0.41
chr17:71229600-71231400,ENSG00000133195.7$SLC39A11$chr17$71088851$-,0.57
chr19:1938800-1940400,ENSG00000133243.4$BTBD2$chr19$2034880$-,0.41
chr19:8442200-8443400,ENSG00000133246.7$PRAM1$chr19$8567996$-,0.35
chr19:55771000-55772600,ENSG00000133247.9$SUV420H2$chr19$55851221$+,0.55
chr19:55802800-55803800,ENSG00000133247.9$SUV420H2$chr19$55851221$+,0.6
chr19:55919200-55920600,ENSG00000133247.9$SUV420H2$chr19$55851221$+,0.54
chr19:8442200-8443400,ENSG00000133250.9$ZNF414$chr19$8579048$-,0.38
chr19:8675600-8678000,ENSG00000133250.9$ZNF414$chr19$8579048$-,0.43
chr19:55771000-55772600,ENSG00000133265.6$HSPBP1$chr19$55791749$-,0.55
chr19:55802800-55803800,ENSG00000133265.6$HSPBP1$chr19$55791749$-,0.65
chr19:55919200-55920600,ENSG00000133265.6$HSPBP1$chr19$55791749$-,0.42
chr5:93916200-93916400,ENSG00000133302.8$ANKRD32$chr5$93954052$+,0.63
chr5:93916600-93918400,ENSG00000133302.8$ANKRD32$chr5$93954052$+,0.64
chr5:93946600-93947400,ENSG00000133302.8$ANKRD32$chr5$93954052$+,0.71
chr5:93967200-93968800,ENSG00000133302.8$ANKRD32$chr5$93954052$+,0.55
chr5:93970400-93972000,ENSG00000133302.8$ANKRD32$chr5$93954052$+,0.63
chr5:93977800-93978000,ENSG00000133302.8$ANKRD32$chr5$93954052$+,0.54
chr18:72023600-72024600,ENSG00000133313.10$CNDP2$chr18$72163051$+,0.36
chr18:72092200-72093600,ENSG00000133313.10$CNDP2$chr18$72163051$+,0.45
chr18:72160800-72161800,ENSG00000133313.10$CNDP2$chr18$72163051$+,0.35
chr18:72203800-72204200,ENSG00000133313.10$CNDP2$chr18$72163051$+,0.63
chr11:63959400-63960800,ENSG00000133315.6$MACROD1$chr11$63933578$-,0.55
chr11:64026600-64028000,ENSG00000133315.6$MACROD1$chr11$63933578$-,0.36
chr11:62359600-62362000,ENSG00000133316.11$WDR74$chr11$62609281$-,0.37
chr11:62429600-62432000,ENSG00000133316.11$WDR74$chr11$62609281$-,0.39
chr11:62446800-62449200,ENSG00000133316.11$WDR74$chr11$62609281$-,0.43
chr11:62486400-62488600,ENSG00000133316.11$WDR74$chr11$62609281$-,0.52
chr11:62522000-62524400,ENSG00000133316.11$WDR74$chr11$62609281$-,0.51
chr11:62527800-62529000,ENSG00000133316.11$WDR74$chr11$62609281$-,0.56
chr11:62536800-62538200,ENSG00000133316.11$WDR74$chr11$62609281$-,0.51
chr11:62553200-62554600,ENSG00000133316.11$WDR74$chr11$62609281$-,0.48
chr11:62596400-62598600,ENSG00000133316.11$WDR74$chr11$62609281$-,0.59
chr11:63184600-63187000,ENSG00000133317.10$LGALS12$chr11$63273556$+,0.35
chr11:63419600-63421600,ENSG00000133318.9$RTN3$chr11$63448918$+,0.61
chr11:63446400-63448600,ENSG00000133321.6$RARRES3$chr11$63304281$+,0.46
chr11:63446400-63448600,ENSG00000133328.3$HRASLS2$chr11$63330855$-,0.35
chr16:16005600-16007400,ENSG00000133393.8$FOPNL$chr16$15982482$-,0.56
chr5:31533000-31535400,ENSG00000133401.11$PDZD2$chr5$31639517$+,0.37
chr22:31555000-31556200,ENSG00000133422.8$MORC2$chr22$31364284$-,0.46
chr22:24200400-24202800,ENSG00000133460.15$SLC2A11$chr22$24198890$+,0.35
chr22:40287800-40289800,ENSG00000133477.12$FAM83F$chr22$40390953$+,0.43
chr7:150252600-150254200,ENSG00000133561.11$GIMAP6$chr7$150329473$-,0.39
chr7:150254800-150256600,ENSG00000133561.11$GIMAP6$chr7$150329473$-,0.5
chr7:150266200-150268600,ENSG00000133561.11$GIMAP6$chr7$150329473$-,0.46
chr7:150291000-150293400,ENSG00000133561.11$GIMAP6$chr7$150329473$-,0.49
chr7:150306800-150308400,ENSG00000133561.11$GIMAP6$chr7$150329473$-,0.5
chr7:150332600-150335000,ENSG00000133561.11$GIMAP6$chr7$150329473$-,0.66
chr7:150341400-150343800,ENSG00000133561.11$GIMAP6$chr7$150329473$-,0.63
chr7:150136800-150138000,ENSG00000133574.5$GIMAP4$chr7$150264365$+,0.36
chr7:150252600-150254200,ENSG00000133574.5$GIMAP4$chr7$150264365$+,0.66
chr7:150254800-150256600,ENSG00000133574.5$GIMAP4$chr7$150264365$+,0.65
chr7:150266200-150268600,ENSG00000133574.5$GIMAP4$chr7$150264365$+,0.61
chr7:150291000-150293400,ENSG00000133574.5$GIMAP4$chr7$150264365$+,0.53
chr7:150306800-150308400,ENSG00000133574.5$GIMAP4$chr7$150264365$+,0.53
chr7:150332600-150335000,ENSG00000133574.5$GIMAP4$chr7$150264365$+,0.4
chr7:150341400-150343800,ENSG00000133574.5$GIMAP4$chr7$150264365$+,0.37
chr7:140395000-140396400,ENSG00000133597.5$ADCK2$chr7$140372953$+,0.46
chr7:140095600-140097800,ENSG00000133606.6$MKRN1$chr7$140179369$-,0.43
chr7:140098200-140099000,ENSG00000133606.6$MKRN1$chr7$140179369$-,0.4
chr7:150778000-150780000,ENSG00000133612.14$AGAP3$chr7$150782918$+,0.41
chr7:149278400-149278800,ENSG00000133619.13$KRBA1$chr7$149411872$+,0.39
chr7:149322000-149324400,ENSG00000133619.13$KRBA1$chr7$149411872$+,0.44
chr7:152402800-152404200,ENSG00000133627.13$ACTR3B$chr7$152456834$+,0.48
chr10:81982200-81982600,ENSG00000133678.9$TMEM254$chr10$81838402$+,0.45
chr12:25221400-25222400,ENSG00000133703.7$KRAS$chr12$25403870$-,0.38
chr12:25346800-25347800,ENSG00000133703.7$KRAS$chr12$25403870$-,0.62
chr12:25435000-25437400,ENSG00000133703.7$KRAS$chr12$25403870$-,0.59
chr12:25540000-25542000,ENSG00000133703.7$KRAS$chr12$25403870$-,0.46
chr5:145590600-145590800,ENSG00000133706.13$LARS$chr5$145562223$-,0.68
chr5:145591200-145591600,ENSG00000133706.13$LARS$chr5$145562223$-,0.67
chr5:145692200-145693400,ENSG00000133706.13$LARS$chr5$145562223$-,0.43
chr8:82481400-82483800,ENSG00000133731.5$IMPA1$chr8$82598928$-,0.35
chr8:82486000-82488200,ENSG00000133731.5$IMPA1$chr8$82598928$-,0.38
chr8:82619200-82621400,ENSG00000133731.5$IMPA1$chr8$82598928$-,0.74
chr8:86020000-86021800,ENSG00000133739.11$LRRCC1$chr8$86019382$+,0.35
chr8:86090200-86092600,ENSG00000133739.11$LRRCC1$chr8$86019382$+,0.47
chr8:86130000-86132200,ENSG00000133739.11$LRRCC1$chr8$86019382$+,0.44
chr8:86156200-86157600,ENSG00000133739.11$LRRCC1$chr8$86019382$+,0.41
chr8:86018000-86019000,ENSG00000133740.6$E2F5$chr8$86089460$+,0.61
chr8:86020000-86021800,ENSG00000133740.6$E2F5$chr8$86089460$+,0.61
chr8:86090200-86092600,ENSG00000133740.6$E2F5$chr8$86089460$+,0.39
chr8:86130000-86132200,ENSG00000133740.6$E2F5$chr8$86089460$+,0.6
chr8:86156200-86157600,ENSG00000133740.6$E2F5$chr8$86089460$+,0.57
chr8:86156200-86157600,ENSG00000133742.9$CA1$chr8$86291243$-,0.35
chr11:9686400-9688200,ENSG00000133789.10$SWAP70$chr11$9685624$+,0.44
chr11:13204400-13206000,ENSG00000133794.13$ARNTL$chr11$13298199$+,0.45
chr11:13479400-13480400,ENSG00000133794.13$ARNTL$chr11$13298199$+,0.43
chr11:10649200-10651600,ENSG00000133800.4$LYVE1$chr11$10633236$-,0.56
chr11:10316200-10318400,ENSG00000133805.11$AMPD3$chr11$10329860$+,0.56
chr11:10316200-10318400,ENSG00000133812.10$SBF2$chr11$10315754$-,0.35
chr11:14380400-14382400,ENSG00000133818.8$RRAS2$chr11$14386052$-,0.76
chr11:14401800-14403800,ENSG00000133818.8$RRAS2$chr11$14386052$-,0.49
chr11:14414600-14417000,ENSG00000133818.8$RRAS2$chr11$14386052$-,0.42
chr12:72030400-72031000,ENSG00000133858.11$ZFC3H1$chr12$72061505$-,0.71
chr12:72146800-72148600,ENSG00000133858.11$ZFC3H1$chr12$72061505$-,0.44
chr12:72231200-72233200,ENSG00000133858.11$ZFC3H1$chr12$72061505$-,0.35
chr8:29873200-29874200,ENSG00000133872.9$TMEM66$chr8$29940723$-,0.58
chr8:29885000-29887400,ENSG00000133872.9$TMEM66$chr8$29940723$-,0.52
chr8:29889400-29890200,ENSG00000133872.9$TMEM66$chr8$29940723$-,0.59
chr8:29921600-29921800,ENSG00000133872.9$TMEM66$chr8$29940723$-,0.6
chr8:29978200-29978800,ENSG00000133872.9$TMEM66$chr8$29940723$-,0.53
chr8:29987400-29988400,ENSG00000133872.9$TMEM66$chr8$29940723$-,0.51
chr8:30011400-30013200,ENSG00000133872.9$TMEM66$chr8$29940723$-,0.47
chr8:33340400-33342000,ENSG00000133874.1$RNF122$chr8$33424643$-,0.42
chr8:33343200-33345200,ENSG00000133874.1$RNF122$chr8$33424643$-,0.51
chr8:33390200-33392200,ENSG00000133874.1$RNF122$chr8$33424643$-,0.65
chr11:65026600-65029000,ENSG00000133884.5$DPF2$chr11$65101225$+,0.36
chr11:65141200-65143400,ENSG00000133884.5$DPF2$chr11$65101225$+,0.51
chr11:64690600-64691800,ENSG00000133895.10$MEN1$chr11$64578766$-,0.49
chr11:64692800-64695200,ENSG00000133895.10$MEN1$chr11$64578766$-,0.37
chr14:76034200-76036200,ENSG00000133935.6$C14orf1$chr14$76127532$-,0.52
chr14:91458600-91459400,ENSG00000133943.16$C14orf159$chr14$91526677$+,0.39
chr14:91481400-91482600,ENSG00000133943.16$C14orf159$chr14$91526677$+,0.5
chr14:91511200-91513000,ENSG00000133943.16$C14orf159$chr14$91526677$+,0.46
chr14:91643000-91644600,ENSG00000133943.16$C14orf159$chr14$91526677$+,0.41
chr14:91659400-91661600,ENSG00000133943.16$C14orf159$chr14$91526677$+,0.37
chr14:91726200-91728600,ENSG00000133943.16$C14orf159$chr14$91526677$+,0.45
chr14:93652000-93654200,ENSG00000133958.9$UNC79$chr14$93799565$+,0.44
chr14:93729000-93730800,ENSG00000133958.9$UNC79$chr14$93799565$+,0.44
chr14:74828000-74830000,ENSG00000133980.4$VRTN$chr14$74769772$+,0.58
chr14:70814800-70816200,ENSG00000133983.10$COX16$chr14$70826448$-,0.64
chr14:70826800-70827400,ENSG00000133983.10$COX16$chr14$70826448$-,0.42
chr14:70872600-70873800,ENSG00000133983.10$COX16$chr14$70826448$-,0.58
chr14:70883800-70884800,ENSG00000133983.10$COX16$chr14$70826448$-,0.45
chr14:71106200-71108400,ENSG00000133985.2$TTC9$chr14$71108504$+,0.47
chr14:71116200-71117000,ENSG00000133985.2$TTC9$chr14$71108504$+,0.66
chr14:71283000-71285200,ENSG00000133985.2$TTC9$chr14$71108504$+,0.37
chr14:70826800-70827400,ENSG00000133997.7$MED6$chr14$71067384$-,0.36
chr14:70883800-70884800,ENSG00000133997.7$MED6$chr14$71067384$-,0.36
chr14:71106200-71108400,ENSG00000133997.7$MED6$chr14$71067384$-,0.66
chr14:71116200-71117000,ENSG00000133997.7$MED6$chr14$71067384$-,0.41
chr8:22912600-22913000,ENSG00000134020.6$PEBP4$chr8$22857513$-,0.4
chr18:46064200-46065000,ENSG00000134030.9$CTIF$chr18$46065417$+,0.36
chr18:51611800-51613800,ENSG00000134046.7$MBD2$chr18$51751158$-,0.47
chr18:51796800-51799200,ENSG00000134046.7$MBD2$chr18$51751158$-,0.56
chr18:51810600-51813000,ENSG00000134046.7$MBD2$chr18$51751158$-,0.68
chr18:51883000-51884000,ENSG00000134046.7$MBD2$chr18$51751158$-,0.47
chr18:44677400-44678800,ENSG00000134049.3$IER3IP1$chr18$44702745$-,0.52
chr5:68512000-68513400,ENSG00000134057.10$CCNB1$chr5$68462837$+,0.53
chr5:68514400-68516600,ENSG00000134057.10$CCNB1$chr5$68462837$+,0.54
chr5:68461600-68462800,ENSG00000134058.6$CDK7$chr5$68530668$+,0.45
chr5:68512000-68513400,ENSG00000134058.6$CDK7$chr5$68530668$+,0.6
chr5:68514400-68516600,ENSG00000134058.6$CDK7$chr5$68530668$+,0.56
chr5:66473200-66474400,ENSG00000134061.4$CD180$chr5$66492627$-,0.44
chr3:10028800-10030600,ENSG00000134070.4$IRAK2$chr3$10206549$+,0.41
chr3:10068600-10070600,ENSG00000134070.4$IRAK2$chr3$10206549$+,0.42
chr3:10156400-10157200,ENSG00000134070.4$IRAK2$chr3$10206549$+,0.43
chr3:10162400-10163200,ENSG00000134070.4$IRAK2$chr3$10206549$+,0.49
chr3:10164000-10165000,ENSG00000134070.4$IRAK2$chr3$10206549$+,0.53
chr3:10182600-10183400,ENSG00000134070.4$IRAK2$chr3$10206549$+,0.6
chr3:10214600-10216800,ENSG00000134070.4$IRAK2$chr3$10206549$+,0.72
chr3:10288800-10290000,ENSG00000134070.4$IRAK2$chr3$10206549$+,0.44
chr3:10362800-10364200,ENSG00000134070.4$IRAK2$chr3$10206549$+,0.39
chr3:9291400-9293800,ENSG00000134077.11$THUMPD3$chr3$9404526$+,0.47
chr3:9342400-9344800,ENSG00000134077.11$THUMPD3$chr3$9404526$+,0.6
chr3:9492600-9495000,ENSG00000134077.11$THUMPD3$chr3$9404526$+,0.42
chr3:10028800-10030600,ENSG00000134086.7$VHL$chr3$10182692$+,0.43
chr3:10068600-10070600,ENSG00000134086.7$VHL$chr3$10182692$+,0.35
chr3:10156400-10157200,ENSG00000134086.7$VHL$chr3$10182692$+,0.43
chr3:10162400-10163200,ENSG00000134086.7$VHL$chr3$10182692$+,0.59
chr3:10164000-10165000,ENSG00000134086.7$VHL$chr3$10182692$+,0.7
chr3:10205000-10206800,ENSG00000134086.7$VHL$chr3$10182692$+,0.51
chr3:10214600-10216800,ENSG00000134086.7$VHL$chr3$10182692$+,0.59
chr3:10288800-10290000,ENSG00000134086.7$VHL$chr3$10182692$+,0.36
chr3:4915600-4916600,ENSG00000134107.4$BHLHE40$chr3$5020801$+,0.39
chr3:4928600-4929400,ENSG00000134107.4$BHLHE40$chr3$5020801$+,0.42
chr3:4929800-4932000,ENSG00000134107.4$BHLHE40$chr3$5020801$+,0.39
chr3:4968600-4970600,ENSG00000134107.4$BHLHE40$chr3$5020801$+,0.6
chr3:5006600-5008800,ENSG00000134107.4$BHLHE40$chr3$5020801$+,0.65
chr3:5163200-5164000,ENSG00000134107.4$BHLHE40$chr3$5020801$+,0.39
chr3:5169800-5171800,ENSG00000134108.8$ARL8B$chr3$5163905$+,0.69
chr3:5189600-5192000,ENSG00000134108.8$ARL8B$chr3$5163905$+,0.66
chr3:5192800-5193800,ENSG00000134108.8$ARL8B$chr3$5163905$+,0.68
chr3:5163200-5164000,ENSG00000134109.6$EDEM1$chr3$5229331$+,0.4
chr3:5169800-5171800,ENSG00000134109.6$EDEM1$chr3$5229331$+,0.41
chr3:5189600-5192000,ENSG00000134109.6$EDEM1$chr3$5229331$+,0.53
chr3:5192800-5193800,ENSG00000134109.6$EDEM1$chr3$5229331$+,0.47
chr15:34394600-34396000,ENSG00000134152.6$KATNBL1$chr15$34502297$-,0.38
chr15:34515800-34516600,ENSG00000134152.6$KATNBL1$chr15$34502297$-,0.58
chr15:34517800-34520200,ENSG00000134152.6$KATNBL1$chr15$34502297$-,0.49
chr15:34577000-34578200,ENSG00000134152.6$KATNBL1$chr15$34502297$-,0.38
chr15:34689600-34691200,ENSG00000134152.6$KATNBL1$chr15$34502297$-,0.35
chr15:34710600-34711200,ENSG00000134152.6$KATNBL1$chr15$34502297$-,0.37
chr15:34310000-34312400,ENSG00000134153.5$EMC7$chr15$34394149$-,0.4
chr15:34328600-34330400,ENSG00000134153.5$EMC7$chr15$34394149$-,0.46
chr15:34331600-34333800,ENSG00000134153.5$EMC7$chr15$34394149$-,0.5
chr15:34515800-34516600,ENSG00000134153.5$EMC7$chr15$34394149$-,0.42
chr15:34517800-34520200,ENSG00000134153.5$EMC7$chr15$34394149$-,0.36
chr1:109182000-109184200,ENSG00000134186.7$PRPF38B$chr1$109234945$+,0.41
chr1:109204200-109206200,ENSG00000134186.7$PRPF38B$chr1$109234945$+,0.61
chr1:109221200-109223200,ENSG00000134186.7$PRPF38B$chr1$109234945$+,0.58
chr1:109250400-109252200,ENSG00000134186.7$PRPF38B$chr1$109234945$+,0.7
chr1:109288400-109289200,ENSG00000134186.7$PRPF38B$chr1$109234945$+,0.57
chr1:108610400-108611600,ENSG00000134215.11$VAV3$chr1$108507766$-,0.45
chr1:108743600-108745800,ENSG00000134215.11$VAV3$chr1$108507766$-,0.38
chr1:108751200-108752800,ENSG00000134215.11$VAV3$chr1$108507766$-,0.4
chr1:111836600-111839000,ENSG00000134216.14$CHIA$chr1$111833484$+,0.35
chr1:109755200-109756200,ENSG00000134222.12$PSRC1$chr1$109825808$-,0.54
chr1:109761000-109761800,ENSG00000134222.12$PSRC1$chr1$109825808$-,0.48
chr1:109762600-109763400,ENSG00000134222.12$PSRC1$chr1$109825808$-,0.45
chr1:109947400-109949400,ENSG00000134222.12$PSRC1$chr1$109825808$-,0.5
chr1:109969800-109971600,ENSG00000134222.12$PSRC1$chr1$109825808$-,0.45
chr1:114289400-114291000,ENSG00000134242.11$PTPN22$chr1$114414381$-,0.37
chr1:114355400-114356400,ENSG00000134242.11$PTPN22$chr1$114414381$-,0.42
chr1:114378200-114379800,ENSG00000134242.11$PTPN22$chr1$114414381$-,0.37
chr1:114470200-114471400,ENSG00000134242.11$PTPN22$chr1$114414381$-,0.62
chr1:109947400-109949400,ENSG00000134243.7$SORT1$chr1$109940573$-,0.41
chr1:110895400-110897200,ENSG00000134248.9$LAMTOR5$chr1$110950564$-,0.52
chr1:111201400-111202200,ENSG00000134248.9$LAMTOR5$chr1$110950564$-,0.43
chr1:120623800-120625400,ENSG00000134250.13$NOTCH2$chr1$120612240$-,0.76
chr1:120627800-120630000,ENSG00000134250.13$NOTCH2$chr1$120612240$-,0.71
chr1:120630400-120631400,ENSG00000134250.13$NOTCH2$chr1$120612240$-,0.6
chr1:120665400-120667600,ENSG00000134250.13$NOTCH2$chr1$120612240$-,0.67
chr1:120690600-120691200,ENSG00000134250.13$NOTCH2$chr1$120612240$-,0.49
chr1:111524200-111526600,ENSG00000134255.9$CEPT1$chr1$111682249$+,0.43
chr1:111714000-111716400,ENSG00000134255.9$CEPT1$chr1$111682249$+,0.62
chr1:111721600-111723400,ENSG00000134255.9$CEPT1$chr1$111682249$+,0.59
chr1:111836600-111839000,ENSG00000134255.9$CEPT1$chr1$111682249$+,0.36
chr1:114355400-114356400,ENSG00000134262.8$AP4B1$chr1$114447823$-,0.42
chr1:114378200-114379800,ENSG00000134262.8$AP4B1$chr1$114447823$-,0.5
chr1:114470200-114471400,ENSG00000134262.8$AP4B1$chr1$114447823$-,0.66
chr18:12654800-12657000,ENSG00000134278.10$SPIRE1$chr18$12658133$-,0.4
chr18:12678800-12680200,ENSG00000134278.10$SPIRE1$chr18$12658133$-,0.45
chr12:42539000-42541200,ENSG00000134283.13$PPHLN1$chr12$42632249$+,0.52
chr12:42602000-42603600,ENSG00000134283.13$PPHLN1$chr12$42632249$+,0.75
chr12:42731800-42733600,ENSG00000134283.13$PPHLN1$chr12$42632249$+,0.44
chr12:49413000-49415400,ENSG00000134285.6$FKBP11$chr12$49320257$-,0.49
chr12:49437000-49439000,ENSG00000134285.6$FKBP11$chr12$49320257$-,0.38
chr12:49462400-49463400,ENSG00000134285.6$FKBP11$chr12$49320257$-,0.41
chr12:49504600-49506400,ENSG00000134285.6$FKBP11$chr12$49320257$-,0.35
chr12:49413000-49415400,ENSG00000134287.5$ARF3$chr12$49351334$-,0.37
chr12:49437000-49439000,ENSG00000134287.5$ARF3$chr12$49351334$-,0.36
chr12:49462400-49463400,ENSG00000134287.5$ARF3$chr12$49351334$-,0.45
chr12:49504600-49506400,ENSG00000134287.5$ARF3$chr12$49351334$-,0.37
chr12:48511600-48513000,ENSG00000134291.7$TMEM106C$chr12$48357352$+,0.37
chr12:46634000-46635600,ENSG00000134294.9$SLC38A2$chr12$46766650$-,0.4
chr12:46642600-46644600,ENSG00000134294.9$SLC38A2$chr12$46766650$-,0.4
chr12:46743000-46744000,ENSG00000134294.9$SLC38A2$chr12$46766650$-,0.73
chr12:46793000-46793800,ENSG00000134294.9$SLC38A2$chr12$46766650$-,0.66
chr12:46906200-46908200,ENSG00000134294.9$SLC38A2$chr12$46766650$-,0.5
chr2:7044200-7046000,ENSG00000134321.7$RSAD2$chr2$7005937$+,0.53
chr2:7046400-7047400,ENSG00000134321.7$RSAD2$chr2$7005937$+,0.53
chr2:7047600-7047800,ENSG00000134321.7$RSAD2$chr2$7005937$+,0.53
chr2:7044200-7046000,ENSG00000134326.7$CMPK2$chr2$7006766$-,0.53
chr2:7046400-7047400,ENSG00000134326.7$CMPK2$chr2$7006766$-,0.58
chr2:7047600-7047800,ENSG00000134326.7$CMPK2$chr2$7006766$-,0.52
chr11:18431800-18433000,ENSG00000134333.9$LDHA$chr11$18415935$+,0.6
chr5:55058600-55061000,ENSG00000134352.15$IL6ST$chr5$55290821$-,0.35
chr5:55235000-55236600,ENSG00000134352.15$IL6ST$chr5$55290821$-,0.49
chr5:55314000-55316400,ENSG00000134352.15$IL6ST$chr5$55290821$-,0.58
chr5:55333000-55334000,ENSG00000134352.15$IL6ST$chr5$55290821$-,0.49
chr5:55370400-55372800,ENSG00000134352.15$IL6ST$chr5$55290821$-,0.49
chr5:55380200-55382600,ENSG00000134352.15$IL6ST$chr5$55290821$-,0.43
chr1:193123000-193123600,ENSG00000134371.9$CDC73$chr1$193091147$+,0.63
chr1:193129600-193130600,ENSG00000134371.9$CDC73$chr1$193091147$+,0.71
chr1:193141600-193142800,ENSG00000134371.9$CDC73$chr1$193091147$+,0.74
chr1:193143800-193146000,ENSG00000134371.9$CDC73$chr1$193091147$+,0.72
chr1:193146800-193149200,ENSG00000134371.9$CDC73$chr1$193091147$+,0.67
chr1:193161800-193162400,ENSG00000134371.9$CDC73$chr1$193091147$+,0.44
chr1:193164200-193166200,ENSG00000134371.9$CDC73$chr1$193091147$+,0.46
chr1:193207400-193208400,ENSG00000134371.9$CDC73$chr1$193091147$+,0.38
chr1:201950400-201951800,ENSG00000134375.6$TIMM17A$chr1$201924619$+,0.65
chr1:197093200-197093800,ENSG00000134376.10$CRB1$chr1$197170592$+,0.62
chr1:197093200-197093800,ENSG00000134389.8$CFHR5$chr1$196946667$+,0.38
chr18:55251400-55253200,ENSG00000134440.7$NARS$chr18$55289445$-,0.57
chr18:55298000-55299400,ENSG00000134440.7$NARS$chr18$55289445$-,0.57
chr18:59699600-59701800,ENSG00000134444.9$KIAA1468$chr18$59854491$+,0.46
chr18:59831600-59833600,ENSG00000134444.9$KIAA1468$chr18$59854491$+,0.62
chr18:59862200-59862800,ENSG00000134444.9$KIAA1468$chr18$59854491$+,0.56
chr18:59886600-59887800,ENSG00000134444.9$KIAA1468$chr18$59854491$+,0.52
chr10:5820200-5822200,ENSG00000134452.15$FBXO18$chr10$5931535$+,0.37
chr10:5914800-5917000,ENSG00000134452.15$FBXO18$chr10$5931535$+,0.6
chr10:6019800-6021400,ENSG00000134452.15$FBXO18$chr10$5931535$+,0.43
chr10:6045000-6046000,ENSG00000134452.15$FBXO18$chr10$5931535$+,0.42
chr10:6075400-6077400,ENSG00000134452.15$FBXO18$chr10$5931535$+,0.36
chr10:6019800-6021400,ENSG00000134453.11$RBM17$chr10$6130950$+,0.36
chr10:6045000-6046000,ENSG00000134453.11$RBM17$chr10$6130950$+,0.42
chr10:6072800-6074000,ENSG00000134453.11$RBM17$chr10$6130950$+,0.62
chr10:6075400-6077400,ENSG00000134453.11$RBM17$chr10$6130950$+,0.49
chr10:6246200-6248000,ENSG00000134453.11$RBM17$chr10$6130950$+,0.38
chr10:6019800-6021400,ENSG00000134460.11$IL2RA$chr10$6104288$-,0.46
chr10:6045000-6046000,ENSG00000134460.11$IL2RA$chr10$6104288$-,0.57
chr10:6072800-6074000,ENSG00000134460.11$IL2RA$chr10$6104288$-,0.63
chr10:6075400-6077400,ENSG00000134460.11$IL2RA$chr10$6104288$-,0.61
chr10:6246200-6248000,ENSG00000134460.11$IL2RA$chr10$6104288$-,0.44
chr10:5709000-5711000,ENSG00000134461.11$ANKRD16$chr10$5931869$-,0.38
chr10:5744400-5745200,ENSG00000134461.11$ANKRD16$chr10$5931869$-,0.36
chr10:5756800-5758400,ENSG00000134461.11$ANKRD16$chr10$5931869$-,0.37
chr10:5820200-5822200,ENSG00000134461.11$ANKRD16$chr10$5931869$-,0.48
chr10:5914800-5917000,ENSG00000134461.11$ANKRD16$chr10$5931869$-,0.71
chr10:6019800-6021400,ENSG00000134461.11$ANKRD16$chr10$5931869$-,0.47
chr10:6045000-6046000,ENSG00000134461.11$ANKRD16$chr10$5931869$-,0.43
chr10:6072800-6074000,ENSG00000134461.11$ANKRD16$chr10$5931869$-,0.39
chr10:6075400-6077400,ENSG00000134461.11$ANKRD16$chr10$5931869$-,0.35
chr10:5820200-5822200,ENSG00000134470.15$IL15RA$chr10$6020150$-,0.39
chr10:5914800-5917000,ENSG00000134470.15$IL15RA$chr10$6020150$-,0.49
chr10:6045000-6046000,ENSG00000134470.15$IL15RA$chr10$6020150$-,0.61
chr10:6072800-6074000,ENSG00000134470.15$IL15RA$chr10$6020150$-,0.52
chr10:6075400-6077400,ENSG00000134470.15$IL15RA$chr10$6020150$-,0.48
chr5:86561600-86563200,ENSG00000134480.9$CCNH$chr5$86708836$-,0.38
chr5:86575400-86576200,ENSG00000134480.9$CCNH$chr5$86708836$-,0.43
chr5:86610200-86611400,ENSG00000134480.9$CCNH$chr5$86708836$-,0.41
chr5:86642600-86644200,ENSG00000134480.9$CCNH$chr5$86708836$-,0.57
chr5:86737000-86737800,ENSG00000134480.9$CCNH$chr5$86708836$-,0.71
chr18:22007200-22009400,ENSG00000134489.6$HRH4$chr18$22040593$+,0.48
chr18:22071600-22073000,ENSG00000134489.6$HRH4$chr18$22040593$+,0.58
chr18:21030800-21032800,ENSG00000134490.9$TMEM241$chr18$21017925$-,0.59
chr18:21082000-21083000,ENSG00000134490.9$TMEM241$chr18$21017925$-,0.57
chr18:21091600-21093600,ENSG00000134490.9$TMEM241$chr18$21017925$-,0.51
chr18:21094600-21096600,ENSG00000134490.9$TMEM241$chr18$21017925$-,0.45
chr18:21143000-21144600,ENSG00000134490.9$TMEM241$chr18$21017925$-,0.42
chr5:169089400-169091600,ENSG00000134516.11$DOCK2$chr5$169064251$+,0.43
chr12:10766800-10769000,ENSG00000134545.9$KLRC1$chr12$10607284$-,0.46
chr12:11112400-11114800,ENSG00000134551.8$PRH2$chr12$11081835$+,0.42
chr11:46956800-46958200,ENSG00000134569.5$LRP4$chr11$46940193$-,0.41
chr11:47271000-47272400,ENSG00000134574.7$DDB2$chr11$47236493$+,0.58
chr11:47234400-47236600,ENSG00000134575.5$ACP2$chr11$47270457$-,0.67
chrX:134137400-134139000,ENSG00000134590.9$FAM127A$chrX$134166333$+,0.5
chrX:134164000-134166000,ENSG00000134590.9$FAM127A$chrX$134166333$+,0.38
chrX:129245000-129246600,ENSG00000134594.4$RAB33A$chrX$129305623$+,0.44
chrX:129293000-129295400,ENSG00000134594.4$RAB33A$chrX$129305623$+,0.54
chrX:129300600-129301800,ENSG00000134594.4$RAB33A$chrX$129305623$+,0.49
chrX:129300600-129301800,ENSG00000134597.9$RBMX2$chrX$129535943$+,0.42
chrX:129536600-129539000,ENSG00000134597.9$RBMX2$chrX$129535943$+,0.35
chrX:131134400-131136000,ENSG00000134602.11$MST4$chrX$131157293$+,0.55
chrX:131137200-131137400,ENSG00000134602.11$MST4$chrX$131157293$+,0.57
chrX:131171200-131172800,ENSG00000134602.11$MST4$chrX$131157293$+,0.57
chr11:94224400-94226200,ENSG00000134627.7$PIWIL4$chr11$94277006$+,0.49
chr1:31628200-31630000,ENSG00000134644.11$PUM1$chr1$31538838$-,0.52
chr1:32252000-32254000,ENSG00000134668.8$SPOCD1$chr1$32281652$-,0.67
chr1:32478000-32479400,ENSG00000134668.8$SPOCD1$chr1$32281652$-,0.43
chr1:32500200-32501400,ENSG00000134668.8$SPOCD1$chr1$32281652$-,0.35
chr1:33190000-33192000,ENSG00000134684.6$YARS$chr1$33283754$-,0.42
chr1:33268000-33268800,ENSG00000134684.6$YARS$chr1$33283754$-,0.66
chr1:33418600-33421000,ENSG00000134684.6$YARS$chr1$33283754$-,0.35
chr1:33437600-33439600,ENSG00000134684.6$YARS$chr1$33283754$-,0.35
chr1:33816000-33817600,ENSG00000134686.12$PHC2$chr1$33896653$-,0.46
chr1:38020000-38020800,ENSG00000134690.6$CDCA8$chr1$38158090$+,0.38
chr1:38147800-38148800,ENSG00000134690.6$CDCA8$chr1$38158090$+,0.63
chr1:38153600-38155600,ENSG00000134690.6$CDCA8$chr1$38158090$+,0.56
chr1:38020000-38020800,ENSG00000134697.8$GNL2$chr1$38061536$-,0.5
chr1:38147800-38148800,ENSG00000134697.8$GNL2$chr1$38061536$-,0.47
chr1:38153600-38155600,ENSG00000134697.8$GNL2$chr1$38061536$-,0.45
chr1:52499600-52500200,ENSG00000134717.13$BTF3L4$chr1$52521797$+,0.59
chr1:52536000-52538200,ENSG00000134717.13$BTF3L4$chr1$52521797$+,0.5
chr1:52871000-52873400,ENSG00000134744.9$ZCCHC11$chr1$53019159$-,0.37
chr1:52887400-52887600,ENSG00000134744.9$ZCCHC11$chr1$53019159$-,0.35
chr1:52995000-52996200,ENSG00000134744.9$ZCCHC11$chr1$53019159$-,0.6
chr1:53003200-53005600,ENSG00000134744.9$ZCCHC11$chr1$53019159$-,0.71
chr1:53010400-53011200,ENSG00000134744.9$ZCCHC11$chr1$53019159$-,0.71
chr1:53013000-53013600,ENSG00000134744.9$ZCCHC11$chr1$53019159$-,0.57
chr1:52871000-52873400,ENSG00000134748.12$PRPF38A$chr1$52870236$+,0.43
chr1:52887400-52887600,ENSG00000134748.12$PRPF38A$chr1$52870236$+,0.61
chr1:52995000-52996200,ENSG00000134748.12$PRPF38A$chr1$52870236$+,0.42
chr1:53010400-53011200,ENSG00000134748.12$PRPF38A$chr1$52870236$+,0.4
chr18:29589200-29591200,ENSG00000134758.9$RNF138$chr18$29671818$+,0.41
chr18:29651800-29652800,ENSG00000134758.9$RNF138$chr18$29671818$+,0.53
chr18:29697000-29698400,ENSG00000134758.9$RNF138$chr18$29671818$+,0.51
chr18:29736400-29738800,ENSG00000134758.9$RNF138$chr18$29671818$+,0.51
chr18:33608400-33609600,ENSG00000134759.9$ELP2$chr18$33709407$+,0.44
chr18:33671800-33673800,ENSG00000134759.9$ELP2$chr18$33709407$+,0.63
chr18:33764800-33767200,ENSG00000134759.9$ELP2$chr18$33709407$+,0.55
chr18:34438400-34439200,ENSG00000134779.10$TPGS2$chr18$34409158$-,0.72
chr11:57103600-57104600,ENSG00000134809.4$TIMM10$chr11$57298276$-,0.36
chr11:57298800-57300400,ENSG00000134809.4$TIMM10$chr11$57298276$-,0.46
chr11:57335800-57337600,ENSG00000134809.4$TIMM10$chr11$57298276$-,0.56
chr11:57403800-57405800,ENSG00000134809.4$TIMM10$chr11$57298276$-,0.44
chr11:57433000-57434400,ENSG00000134809.4$TIMM10$chr11$57298276$-,0.39
chr11:57445000-57445800,ENSG00000134809.4$TIMM10$chr11$57298276$-,0.35
chr19:47750400-47751400,ENSG00000134815.14$DHX34$chr19$47852538$+,0.41
chr19:47799200-47800200,ENSG00000134815.14$DHX34$chr19$47852538$+,0.54
chr4:56210400-56212200,ENSG00000134851.8$TMEM165$chr4$56262124$+,0.56
chr4:56418800-56420800,ENSG00000134851.8$TMEM165$chr4$56262124$+,0.35
chr4:56418800-56420800,ENSG00000134852.10$CLOCK$chr4$56413305$-,0.69
chr13:101157600-101160000,ENSG00000134864.6$GGACT$chr13$101241782$-,0.42
chr13:101225000-101226600,ENSG00000134864.6$GGACT$chr13$101241782$-,0.67
chr13:101233000-101235000,ENSG00000134864.6$GGACT$chr13$101241782$-,0.73
chr13:101327800-101328800,ENSG00000134864.6$GGACT$chr13$101241782$-,0.51
chr13:96032400-96034200,ENSG00000134873.5$CLDN10$chr13$96085858$+,0.48
chr13:96055200-96057600,ENSG00000134873.5$CLDN10$chr13$96085858$+,0.61
chr13:99685000-99687200,ENSG00000134882.11$UBAC2$chr13$99853028$+,0.53
chr13:103496800-103497800,ENSG00000134897.9$BIVM$chr13$103451399$+,0.36
chr13:103331800-103334200,ENSG00000134899.13$ERCC5$chr13$103497194$+,0.35
chr13:103234400-103235600,ENSG00000134900.7$TPP2$chr13$103249353$+,0.52
chr13:103243400-103244800,ENSG00000134900.7$TPP2$chr13$103249353$+,0.42
chr13:103331800-103334200,ENSG00000134900.7$TPP2$chr13$103249353$+,0.47
chr13:103496800-103497800,ENSG00000134901.8$KDELC1$chr13$103451357$-,0.54
chr13:111266800-111268000,ENSG00000134905.12$CARS2$chr13$111365950$-,0.51
chr11:125493800-125495200,ENSG00000134910.8$STT3A$chr11$125461607$+,0.67
chr11:125501400-125503400,ENSG00000134910.8$STT3A$chr11$125461607$+,0.55
chr11:125519400-125520400,ENSG00000134910.8$STT3A$chr11$125461607$+,0.49
chr11:124979600-124981000,ENSG00000134955.7$SLC37A2$chr11$124932963$+,0.38
chr4:39368200-39370400,ENSG00000134962.6$KLB$chr4$39408473$+,0.39
chr5:114949400-114950000,ENSG00000134970.13$TMED7$chr5$114968689$-,0.69
chr5:114962400-114963800,ENSG00000134970.13$TMED7$chr5$114968689$-,0.69
chr5:112064000-112064200,ENSG00000134982.12$APC$chr5$112043195$+,0.73
chr5:110405000-110407400,ENSG00000134987.7$WDR36$chr5$110427414$+,0.57
chr5:110408200-110408800,ENSG00000134987.7$WDR36$chr5$110427414$+,0.59
chr5:110549200-110550800,ENSG00000134987.7$WDR36$chr5$110427414$+,0.37
chr5:110609400-110611000,ENSG00000134987.7$WDR36$chr5$110427414$+,0.44
chr5:110611200-110611400,ENSG00000134987.7$WDR36$chr5$110427414$+,0.39
chr5:110620000-110620400,ENSG00000134987.7$WDR36$chr5$110427414$+,0.45
chr5:110620600-110623000,ENSG00000134987.7$WDR36$chr5$110427414$+,0.44
chr5:110634400-110636400,ENSG00000134987.7$WDR36$chr5$110427414$+,0.39
chr9:77625000-77627000,ENSG00000134996.11$OSTF1$chr9$77703459$+,0.48
chr9:77628000-77629600,ENSG00000134996.11$OSTF1$chr9$77703459$+,0.47
chr9:77643600-77644800,ENSG00000134996.11$OSTF1$chr9$77703459$+,0.56
chr9:77686200-77688400,ENSG00000134996.11$OSTF1$chr9$77703459$+,0.65
chr9:77730600-77733000,ENSG00000134996.11$OSTF1$chr9$77703459$+,0.58
chr9:77770400-77772400,ENSG00000134996.11$OSTF1$chr9$77703459$+,0.61
chr9:77781400-77783000,ENSG00000134996.11$OSTF1$chr9$77703459$+,0.56
chr9:79055400-79057400,ENSG00000135002.7$RFK$chr9$79009433$-,0.65
chr9:79062200-79064200,ENSG00000135002.7$RFK$chr9$79009433$-,0.39
chr9:86299800-86301000,ENSG00000135018.9$UBQLN1$chr9$86323118$-,0.73
chr9:86430200-86432000,ENSG00000135018.9$UBQLN1$chr9$86323118$-,0.51
chr9:86569800-86571200,ENSG00000135018.9$UBQLN1$chr9$86323118$-,0.36
chr9:88417800-88420200,ENSG00000135040.11$NAA35$chr9$88556061$+,0.42
chr9:88528600-88529800,ENSG00000135040.11$NAA35$chr9$88556061$+,0.7
chr9:77501000-77503400,ENSG00000135045.6$C9orf40$chr9$77567802$-,0.65
chr9:77625000-77627000,ENSG00000135045.6$C9orf40$chr9$77567802$-,0.53
chr9:77628000-77629600,ENSG00000135045.6$C9orf40$chr9$77567802$-,0.54
chr9:77643600-77644800,ENSG00000135045.6$C9orf40$chr9$77567802$-,0.52
chr9:77686200-77688400,ENSG00000135045.6$C9orf40$chr9$77567802$-,0.48
chr9:74384000-74386000,ENSG00000135048.9$TMEM2$chr9$74431606$-,0.48
chr9:74421400-74423400,ENSG00000135048.9$TMEM2$chr9$74431606$-,0.69
chr9:74490600-74493000,ENSG00000135048.9$TMEM2$chr9$74431606$-,0.54
chr9:74531600-74532800,ENSG00000135048.9$TMEM2$chr9$74431606$-,0.4
chr9:88308800-88310800,ENSG00000135049.11$AGTPBP1$chr9$88356944$-,0.61
chr9:88351800-88352000,ENSG00000135049.11$AGTPBP1$chr9$88356944$-,0.64
chr9:88417800-88420200,ENSG00000135049.11$AGTPBP1$chr9$88356944$-,0.59
chr9:88918000-88920400,ENSG00000135070.9$ISCA1$chr9$88897676$-,0.67
chr5:156449400-156450000,ENSG00000135077.4$HAVCR2$chr5$156569880$-,0.39
chr5:156555400-156557000,ENSG00000135077.4$HAVCR2$chr5$156569880$-,0.55
chr5:156584200-156585000,ENSG00000135077.4$HAVCR2$chr5$156569880$-,0.62
chr5:156612200-156613800,ENSG00000135077.4$HAVCR2$chr5$156569880$-,0.58
chr5:156614800-156615200,ENSG00000135077.4$HAVCR2$chr5$156569880$-,0.56
chr5:156617400-156618400,ENSG00000135077.4$HAVCR2$chr5$156569880$-,0.52
chr5:156618600-156621000,ENSG00000135077.4$HAVCR2$chr5$156569880$-,0.54
chr5:156663400-156665200,ENSG00000135077.4$HAVCR2$chr5$156569880$-,0.4
chr5:156668600-156670000,ENSG00000135077.4$HAVCR2$chr5$156569880$-,0.38
chr5:156670600-156671400,ENSG00000135077.4$HAVCR2$chr5$156569880$-,0.39
chr5:156671600-156673800,ENSG00000135077.4$HAVCR2$chr5$156569880$-,0.4
chr5:156686000-156687800,ENSG00000135077.4$HAVCR2$chr5$156569880$-,0.37
chr5:156738800-156740800,ENSG00000135077.4$HAVCR2$chr5$156569880$-,0.38
chr12:118815400-118816600,ENSG00000135090.9$TAOK3$chr12$118810750$-,0.67
chr12:109489400-109490000,ENSG00000135093.8$USP30$chr12$109460894$+,0.41
chr12:117543200-117544600,ENSG00000135108.10$FBXO21$chr12$117628336$-,0.5
chr12:121251800-121254000,ENSG00000135114.8$OASL$chr12$121477045$-,0.41
chr12:121452600-121453800,ENSG00000135114.8$OASL$chr12$121477045$-,0.48
chr12:121454400-121456400,ENSG00000135114.8$OASL$chr12$121477045$-,0.52
chr12:121557800-121560000,ENSG00000135114.8$OASL$chr12$121477045$-,0.5
chr12:117255000-117256600,ENSG00000135119.10$RNFT2$chr12$117176096$+,0.58
chr12:121557800-121560000,ENSG00000135124.10$P2RX4$chr12$121647660$+,0.48
chr12:121735200-121736200,ENSG00000135124.10$P2RX4$chr12$121647660$+,0.47
chr12:121751200-121753600,ENSG00000135124.10$P2RX4$chr12$121647660$+,0.56
chr12:121771400-121772800,ENSG00000135124.10$P2RX4$chr12$121647660$+,0.52
chr12:121790800-121791800,ENSG00000135124.10$P2RX4$chr12$121647660$+,0.51
chr12:120315200-120316800,ENSG00000135127.7$CCDC64$chr12$120427673$+,0.49
chr12:120424600-120426800,ENSG00000135127.7$CCDC64$chr12$120427673$+,0.56
chr12:120455600-120456400,ENSG00000135127.7$CCDC64$chr12$120427673$+,0.62
chr12:113371800-113373000,ENSG00000135144.3$DTX1$chr12$113494514$+,0.37
chr12:113486400-113488400,ENSG00000135144.3$DTX1$chr12$113494514$+,0.64
chr12:113540600-113542800,ENSG00000135144.3$DTX1$chr12$113494514$+,0.52
chr12:113547200-113548800,ENSG00000135144.3$DTX1$chr12$113494514$+,0.56
chr12:113624000-113626400,ENSG00000135144.3$DTX1$chr12$113494514$+,0.41
chr12:112387600-112389800,ENSG00000135148.7$TRAFD1$chr12$112563305$+,0.42
chr12:112399200-112399400,ENSG00000135148.7$TRAFD1$chr12$112563305$+,0.4
chr12:112404400-112406600,ENSG00000135148.7$TRAFD1$chr12$112563305$+,0.5
chr12:112419800-112421200,ENSG00000135148.7$TRAFD1$chr12$112563305$+,0.43
chr12:112463400-112465400,ENSG00000135148.7$TRAFD1$chr12$112563305$+,0.45
chr12:112595800-112597800,ENSG00000135148.7$TRAFD1$chr12$112563305$+,0.54
chr12:112608000-112609200,ENSG00000135148.7$TRAFD1$chr12$112563305$+,0.55
chr12:112774800-112775400,ENSG00000135148.7$TRAFD1$chr12$112563305$+,0.38
chr7:86703800-86706200,ENSG00000135164.14$DMTF1$chr7$86781677$+,0.42
chr7:86780200-86781200,ENSG00000135164.14$DMTF1$chr7$86781677$+,0.36
chr7:86804400-86806000,ENSG00000135164.14$DMTF1$chr7$86781677$+,0.44
chr7:86807000-86807400,ENSG00000135164.14$DMTF1$chr7$86781677$+,0.47
chr7:86819000-86821400,ENSG00000135164.14$DMTF1$chr7$86781677$+,0.41
chr7:86826400-86826600,ENSG00000135164.14$DMTF1$chr7$86781677$+,0.45
chr7:86827200-86827800,ENSG00000135164.14$DMTF1$chr7$86781677$+,0.44
chr7:97501800-97503800,ENSG00000135175.5$OCM2$chr7$97620481$-,0.35
chr7:97599800-97601000,ENSG00000135175.5$OCM2$chr7$97620481$-,0.59
chr7:97680000-97681000,ENSG00000135175.5$OCM2$chr7$97620481$-,0.48
chr7:86703800-86706200,ENSG00000135185.7$TMEM243$chr7$86849903$-,0.44
chr7:86780200-86781200,ENSG00000135185.7$TMEM243$chr7$86849903$-,0.44
chr7:86804400-86806000,ENSG00000135185.7$TMEM243$chr7$86849903$-,0.73
chr7:86807000-86807400,ENSG00000135185.7$TMEM243$chr7$86849903$-,0.66
chr7:86819000-86821400,ENSG00000135185.7$TMEM243$chr7$86849903$-,0.69
chr7:86826400-86826600,ENSG00000135185.7$TMEM243$chr7$86849903$-,0.78
chr7:86827200-86827800,ENSG00000135185.7$TMEM243$chr7$86849903$-,0.79
chr7:76540800-76542800,ENSG00000135205.10$CCDC146$chr7$76751751$+,0.4
chr7:77333800-77334400,ENSG00000135211.5$TMEM60$chr7$77427897$-,0.45
chr7:77445800-77446000,ENSG00000135211.5$TMEM60$chr7$77427897$-,0.83
chr7:77471600-77473600,ENSG00000135211.5$TMEM60$chr7$77427897$-,0.72
chr7:77474400-77476800,ENSG00000135211.5$TMEM60$chr7$77427897$-,0.55
chr7:77530200-77530600,ENSG00000135211.5$TMEM60$chr7$77427897$-,0.55
chr7:77552200-77553200,ENSG00000135211.5$TMEM60$chr7$77427897$-,0.5
chr7:77564400-77565800,ENSG00000135211.5$TMEM60$chr7$77427897$-,0.55
chr7:77572800-77574800,ENSG00000135211.5$TMEM60$chr7$77427897$-,0.52
chr7:75072400-75072800,ENSG00000135213.8$POM121C$chr7$75115548$-,0.6
chr7:75089400-75091000,ENSG00000135213.8$POM121C$chr7$75115548$-,0.68
chr7:75153400-75153600,ENSG00000135213.8$POM121C$chr7$75115548$-,0.61
chr7:75155000-75156600,ENSG00000135213.8$POM121C$chr7$75115548$-,0.56
chr7:75222600-75224800,ENSG00000135213.8$POM121C$chr7$75115548$-,0.42
chr7:108167200-108169200,ENSG00000135241.12$PNPLA8$chr7$108210110$-,0.64
chr7:128050400-128051600,ENSG00000135245.9$HILPDA$chr7$128095903$+,0.45
chr7:128115800-128116800,ENSG00000135245.9$HILPDA$chr7$128095903$+,0.49
chr7:128169000-128170600,ENSG00000135245.9$HILPDA$chr7$128095903$+,0.4
chr7:128377400-128378800,ENSG00000135248.11$FAM71F1$chr7$128349115$+,0.51
chr7:105029800-105030800,ENSG00000135249.3$RINT1$chr7$105172532$+,0.56
chr7:105031800-105033200,ENSG00000135249.3$RINT1$chr7$105172532$+,0.4
chr7:105069000-105071400,ENSG00000135249.3$RINT1$chr7$105172532$+,0.43
chr7:105118800-105120200,ENSG00000135249.3$RINT1$chr7$105172532$+,0.51
chr7:105159400-105161800,ENSG00000135249.3$RINT1$chr7$105172532$+,0.59
chr7:105163000-105163800,ENSG00000135249.3$RINT1$chr7$105172532$+,0.58
chr7:105031800-105033200,ENSG00000135250.12$SRPK2$chr7$105039755$-,0.44
chr7:115782200-115783400,ENSG00000135269.13$TES$chr7$115850547$+,0.46
chr7:115784600-115786800,ENSG00000135269.13$TES$chr7$115850547$+,0.5
chr7:115820400-115821000,ENSG00000135269.13$TES$chr7$115850547$+,0.6
chr7:114453000-114454800,ENSG00000135272.5$MDFIC$chr7$114562209$+,0.49
chr7:114464800-114466200,ENSG00000135272.5$MDFIC$chr7$114562209$+,0.63
chr7:114529200-114531400,ENSG00000135272.5$MDFIC$chr7$114562209$+,0.52
chr7:114638800-114639400,ENSG00000135272.5$MDFIC$chr7$114562209$+,0.41
chr7:114676800-114679000,ENSG00000135272.5$MDFIC$chr7$114562209$+,0.51
chr6:74097600-74098800,ENSG00000135297.11$MTO1$chr6$74171301$+,0.39
chr6:74148000-74148800,ENSG00000135297.11$MTO1$chr6$74171301$+,0.41
chr6:74175800-74176400,ENSG00000135297.11$MTO1$chr6$74171301$+,0.61
chr6:74180000-74182000,ENSG00000135297.11$MTO1$chr6$74171301$+,0.52
chr6:90084600-90086600,ENSG00000135299.12$ANKRD6$chr6$90142889$+,0.52
chr6:74097600-74098800,ENSG00000135314.8$KHDC1$chr6$74020088$-,0.52
chr6:86334200-86336600,ENSG00000135316.13$SYNCRIP$chr6$86353510$-,0.4
chr6:86336800-86337000,ENSG00000135316.13$SYNCRIP$chr6$86353510$-,0.42
chr6:86337200-86339200,ENSG00000135316.13$SYNCRIP$chr6$86353510$-,0.39
chr6:86343200-86345400,ENSG00000135316.13$SYNCRIP$chr6$86353510$-,0.45
chr6:86354200-86355800,ENSG00000135316.13$SYNCRIP$chr6$86353510$-,0.36
chr6:86208000-86210000,ENSG00000135317.8$SNX14$chr6$86303874$-,0.57
chr6:86334200-86336600,ENSG00000135317.8$SNX14$chr6$86303874$-,0.68
chr6:86336800-86337000,ENSG00000135317.8$SNX14$chr6$86303874$-,0.55
chr6:86337200-86339200,ENSG00000135317.8$SNX14$chr6$86303874$-,0.67
chr6:86343200-86345400,ENSG00000135317.8$SNX14$chr6$86303874$-,0.7
chr6:86354200-86355800,ENSG00000135317.8$SNX14$chr6$86303874$-,0.62
chr6:86208000-86210000,ENSG00000135318.7$NT5E$chr6$86159809$+,0.44
chr6:84615200-84616400,ENSG00000135324.5$MRAP2$chr6$84743475$+,0.38
chr6:88286600-88287200,ENSG00000135334.8$AKIRIN2$chr6$88411927$-,0.44
chr6:88354400-88355600,ENSG00000135334.8$AKIRIN2$chr6$88411927$-,0.65
chr6:88387200-88388600,ENSG00000135334.8$AKIRIN2$chr6$88411927$-,0.73
chr6:88224400-88225200,ENSG00000135336.10$ORC3$chr6$88299839$+,0.55
chr6:88286600-88287200,ENSG00000135336.10$ORC3$chr6$88299839$+,0.63
chr6:88354400-88355600,ENSG00000135336.10$ORC3$chr6$88299839$+,0.68
chr6:88387200-88388600,ENSG00000135336.10$ORC3$chr6$88299839$+,0.44
chr6:91102200-91104000,ENSG00000135341.13$MAP3K7$chr6$91296764$-,0.38
chr6:91211400-91213600,ENSG00000135341.13$MAP3K7$chr6$91296764$-,0.57
chr6:91271200-91273400,ENSG00000135341.13$MAP3K7$chr6$91296764$-,0.67
chr6:90530000-90531000,ENSG00000135355.3$GJA10$chr6$90604188$+,0.35
chr11:36308000-36310400,ENSG00000135362.9$PRR5L$chr11$36317838$+,0.35
chr11:36311200-36312800,ENSG00000135362.9$PRR5L$chr11$36317838$+,0.43
chr11:46147600-46149600,ENSG00000135365.11$PHF21A$chr11$46142985$-,0.62
chr11:46230800-46232600,ENSG00000135365.11$PHF21A$chr11$46142985$-,0.4
chr11:34107000-34109400,ENSG00000135372.4$NAT10$chr11$34127149$+,0.56
chr11:34128000-34130400,ENSG00000135372.4$NAT10$chr11$34127149$+,0.37
chr11:32814000-32815000,ENSG00000135378.3$PRRG4$chr11$32851489$+,0.5
chr11:34107000-34109400,ENSG00000135387.15$CAPRIN1$chr11$34073230$+,0.52
chr11:34124400-34126600,ENSG00000135387.15$CAPRIN1$chr11$34073230$+,0.5
chr11:34128000-34130400,ENSG00000135387.15$CAPRIN1$chr11$34073230$+,0.5
chr12:56212400-56214400,ENSG00000135392.11$DNAJC14$chr12$56224608$-,0.43
chr12:56174200-56175800,ENSG00000135404.7$CD63$chr12$56123491$-,0.36
chr12:53772000-53773600,ENSG00000135409.6$AMHR2$chr12$53817639$+,0.45
chr12:53833400-53835000,ENSG00000135409.6$AMHR2$chr12$53817639$+,0.47
chr12:53844600-53845800,ENSG00000135409.6$AMHR2$chr12$53817639$+,0.54
chr12:54972000-54974400,ENSG00000135413.4$LACRT$chr12$55028679$-,0.41
chr12:56659200-56660400,ENSG00000135423.8$GLS2$chr12$56882198$-,0.38
chr12:56661200-56662800,ENSG00000135423.8$GLS2$chr12$56882198$-,0.38
chr12:56708000-56709000,ENSG00000135423.8$GLS2$chr12$56882198$-,0.44
chr12:56710400-56711600,ENSG00000135423.8$GLS2$chr12$56882198$-,0.39
chr12:56726000-56727200,ENSG00000135423.8$GLS2$chr12$56882198$-,0.49
chr12:56754800-56756400,ENSG00000135423.8$GLS2$chr12$56882198$-,0.56
chr12:56818000-56820200,ENSG00000135423.8$GLS2$chr12$56882198$-,0.51
chr12:56843400-56845400,ENSG00000135423.8$GLS2$chr12$56882198$-,0.59
chr12:56174200-56175800,ENSG00000135424.11$ITGA7$chr12$56109827$-,0.56
chr12:56198000-56199600,ENSG00000135424.11$ITGA7$chr12$56109827$-,0.55
chr12:56212400-56214400,ENSG00000135424.11$ITGA7$chr12$56109827$-,0.47
chr12:56292600-56293400,ENSG00000135424.11$ITGA7$chr12$56109827$-,0.39
chr12:55413200-55414600,ENSG00000135426.10$TESPA1$chr12$55378530$-,0.56
chr12:55465400-55467000,ENSG00000135426.10$TESPA1$chr12$55378530$-,0.36
chr12:50014200-50016400,ENSG00000135436.4$FAM186B$chr12$49999422$-,0.66
chr12:57999000-58001400,ENSG00000135439.7$AGAP2$chr12$58135940$-,0.38
chr12:58086400-58088000,ENSG00000135439.7$AGAP2$chr12$58135940$-,0.47
chr12:58088600-58090200,ENSG00000135439.7$AGAP2$chr12$58135940$-,0.41
chr12:58139400-58141400,ENSG00000135439.7$AGAP2$chr12$58135940$-,0.53
chr12:58150000-58152400,ENSG00000135439.7$AGAP2$chr12$58135940$-,0.54
chr12:58152600-58154400,ENSG00000135439.7$AGAP2$chr12$58135940$-,0.54
chr12:56174200-56175800,ENSG00000135441.3$BLOC1S1$chr12$56109820$+,0.56
chr12:56198000-56199600,ENSG00000135441.3$BLOC1S1$chr12$56109820$+,0.53
chr12:56212400-56214400,ENSG00000135441.3$BLOC1S1$chr12$56109820$+,0.48
chr12:56292600-56293400,ENSG00000135441.3$BLOC1S1$chr12$56109820$+,0.38
chr12:57821400-57823800,ENSG00000135446.12$CDK4$chr12$58149796$-,0.38
chr12:57825200-57827400,ENSG00000135446.12$CDK4$chr12$58149796$-,0.38
chr12:57999000-58001400,ENSG00000135446.12$CDK4$chr12$58149796$-,0.39
chr12:58086400-58088000,ENSG00000135446.12$CDK4$chr12$58149796$-,0.42
chr12:58088600-58090200,ENSG00000135446.12$CDK4$chr12$58149796$-,0.41
chr12:58139400-58141400,ENSG00000135446.12$CDK4$chr12$58149796$-,0.49
chr12:58152600-58154400,ENSG00000135446.12$CDK4$chr12$58149796$-,0.48
chr12:58240800-58243200,ENSG00000135446.12$CDK4$chr12$58149796$-,0.48
chr12:58298000-58300200,ENSG00000135446.12$CDK4$chr12$58149796$-,0.41
chr12:54972000-54974400,ENSG00000135447.12$PPP1R1A$chr12$54982443$-,0.57
chr12:49504600-49506400,ENSG00000135451.8$TROAP$chr12$49717019$+,0.36
chr12:58139400-58141400,ENSG00000135452.5$TSPAN31$chr12$58131796$+,0.36
chr12:57881000-57881800,ENSG00000135454.9$B4GALNT1$chr12$58027138$-,0.41
chr12:57999000-58001400,ENSG00000135454.9$B4GALNT1$chr12$58027138$-,0.62
chr12:58086400-58088000,ENSG00000135454.9$B4GALNT1$chr12$58027138$-,0.54
chr12:58088600-58090200,ENSG00000135454.9$B4GALNT1$chr12$58027138$-,0.41
chr12:51440400-51441600,ENSG00000135457.5$TFCP2$chr12$51566926$-,0.43
chr12:51442600-51444800,ENSG00000135457.5$TFCP2$chr12$51566926$-,0.36
chr12:51557600-51558000,ENSG00000135457.5$TFCP2$chr12$51566926$-,0.71
chr12:51594600-51595200,ENSG00000135457.5$TFCP2$chr12$51566926$-,0.65
chr12:51609400-51611000,ENSG00000135457.5$TFCP2$chr12$51566926$-,0.59
chr12:51612400-51614200,ENSG00000135457.5$TFCP2$chr12$51566926$-,0.37
chr12:56527000-56528200,ENSG00000135469.9$COQ10A$chr12$56660642$+,0.41
chr12:56543800-56545600,ENSG00000135469.9$COQ10A$chr12$56660642$+,0.4
chr12:56596000-56597400,ENSG00000135469.9$COQ10A$chr12$56660642$+,0.6
chr12:56612800-56615000,ENSG00000135469.9$COQ10A$chr12$56660642$+,0.58
chr12:56616200-56618200,ENSG00000135469.9$COQ10A$chr12$56660642$+,0.58
chr12:56618600-56620200,ENSG00000135469.9$COQ10A$chr12$56660642$+,0.66
chr12:56661200-56662800,ENSG00000135469.9$COQ10A$chr12$56660642$+,0.41
chr12:56708000-56709000,ENSG00000135469.9$COQ10A$chr12$56660642$+,0.53
chr12:56710400-56711600,ENSG00000135469.9$COQ10A$chr12$56660642$+,0.53
chr12:56726000-56727200,ENSG00000135469.9$COQ10A$chr12$56660642$+,0.43
chr12:56754800-56756400,ENSG00000135469.9$COQ10A$chr12$56660642$+,0.45
chr12:56843400-56845400,ENSG00000135469.9$COQ10A$chr12$56660642$+,0.39
chr12:56596000-56597400,ENSG00000135473.10$PAN2$chr12$56727837$-,0.41
chr12:56612800-56615000,ENSG00000135473.10$PAN2$chr12$56727837$-,0.51
chr12:56616200-56618200,ENSG00000135473.10$PAN2$chr12$56727837$-,0.54
chr12:56618600-56620200,ENSG00000135473.10$PAN2$chr12$56727837$-,0.49
chr12:56659200-56660400,ENSG00000135473.10$PAN2$chr12$56727837$-,0.43
chr12:56661200-56662800,ENSG00000135473.10$PAN2$chr12$56727837$-,0.5
chr12:56708000-56709000,ENSG00000135473.10$PAN2$chr12$56727837$-,0.6
chr12:56710400-56711600,ENSG00000135473.10$PAN2$chr12$56727837$-,0.66
chr12:56754800-56756400,ENSG00000135473.10$PAN2$chr12$56727837$-,0.52
chr12:56818000-56820200,ENSG00000135473.10$PAN2$chr12$56727837$-,0.4
chr12:56843400-56845400,ENSG00000135473.10$PAN2$chr12$56727837$-,0.4
chr12:53643400-53645400,ENSG00000135476.7$ESPL1$chr12$53662083$+,0.6
chr12:53688200-53689200,ENSG00000135476.7$ESPL1$chr12$53662083$+,0.68
chr12:53712400-53714800,ENSG00000135476.7$ESPL1$chr12$53662083$+,0.54
chr12:53737200-53739000,ENSG00000135476.7$ESPL1$chr12$53662083$+,0.5
chr12:53746200-53747600,ENSG00000135476.7$ESPL1$chr12$53662083$+,0.45
chr12:53772000-53773600,ENSG00000135476.7$ESPL1$chr12$53662083$+,0.41
chr12:53833400-53835000,ENSG00000135476.7$ESPL1$chr12$53662083$+,0.46
chr12:53844600-53845800,ENSG00000135476.7$ESPL1$chr12$53662083$+,0.38
chr12:56292600-56293400,ENSG00000135482.2$ZC3H10$chr12$56511943$+,0.4
chr12:56358600-56360400,ENSG00000135482.2$ZC3H10$chr12$56511943$+,0.4
chr12:56372800-56373600,ENSG00000135482.2$ZC3H10$chr12$56511943$+,0.35
chr12:56433800-56435200,ENSG00000135482.2$ZC3H10$chr12$56511943$+,0.47
chr12:56527000-56528200,ENSG00000135482.2$ZC3H10$chr12$56511943$+,0.76
chr12:56543800-56545600,ENSG00000135482.2$ZC3H10$chr12$56511943$+,0.56
chr12:56596000-56597400,ENSG00000135482.2$ZC3H10$chr12$56511943$+,0.45
chr12:56612800-56615000,ENSG00000135482.2$ZC3H10$chr12$56511943$+,0.44
chr12:56616200-56618200,ENSG00000135482.2$ZC3H10$chr12$56511943$+,0.44
chr12:56618600-56620200,ENSG00000135482.2$ZC3H10$chr12$56511943$+,0.41
chr12:56661200-56662800,ENSG00000135482.2$ZC3H10$chr12$56511943$+,0.39
chr12:56726000-56727200,ENSG00000135482.2$ZC3H10$chr12$56511943$+,0.35
chr12:56754800-56756400,ENSG00000135482.2$ZC3H10$chr12$56511943$+,0.41
chr12:56818000-56820200,ENSG00000135482.2$ZC3H10$chr12$56511943$+,0.35
chr12:54600600-54602800,ENSG00000135486.13$HNRNPA1$chr12$54673977$+,0.64
chr12:54664000-54664800,ENSG00000135486.13$HNRNPA1$chr12$54673977$+,0.65
chr12:57881000-57881800,ENSG00000135502.12$SLC26A10$chr12$58013310$+,0.37
chr12:57914400-57916000,ENSG00000135502.12$SLC26A10$chr12$58013310$+,0.4
chr12:57999000-58001400,ENSG00000135502.12$SLC26A10$chr12$58013310$+,0.6
chr12:58086400-58088000,ENSG00000135502.12$SLC26A10$chr12$58013310$+,0.44
chr12:58088600-58090200,ENSG00000135502.12$SLC26A10$chr12$58013310$+,0.41
chr12:52373200-52375200,ENSG00000135503.8$ACVR1B$chr12$52345451$+,0.56
chr12:52462200-52463800,ENSG00000135503.8$ACVR1B$chr12$52345451$+,0.51
chr12:57853800-57855800,ENSG00000135506.11$OS9$chr12$58087738$+,0.38
chr12:57999000-58001400,ENSG00000135506.11$OS9$chr12$58087738$+,0.45
chr12:58139400-58141400,ENSG00000135506.11$OS9$chr12$58087738$+,0.57
chr12:58150000-58152400,ENSG00000135506.11$OS9$chr12$58087738$+,0.49
chr12:58152600-58154400,ENSG00000135506.11$OS9$chr12$58087738$+,0.44
chr12:56612800-56615000,ENSG00000135517.6$MIP$chr12$56862950$-,0.36
chr12:56616200-56618200,ENSG00000135517.6$MIP$chr12$56862950$-,0.39
chr12:56618600-56620200,ENSG00000135517.6$MIP$chr12$56862950$-,0.36
chr12:56659200-56660400,ENSG00000135517.6$MIP$chr12$56862950$-,0.43
chr12:56661200-56662800,ENSG00000135517.6$MIP$chr12$56862950$-,0.45
chr12:56708000-56709000,ENSG00000135517.6$MIP$chr12$56862950$-,0.42
chr12:56710400-56711600,ENSG00000135517.6$MIP$chr12$56862950$-,0.35
chr12:56726000-56727200,ENSG00000135517.6$MIP$chr12$56862950$-,0.39
chr12:56754800-56756400,ENSG00000135517.6$MIP$chr12$56862950$-,0.56
chr12:56818000-56820200,ENSG00000135517.6$MIP$chr12$56862950$-,0.55
chr12:56843400-56845400,ENSG00000135517.6$MIP$chr12$56862950$-,0.72
chr12:57061200-57063200,ENSG00000135517.6$MIP$chr12$56862950$-,0.37
chr12:49715000-49716600,ENSG00000135519.6$KCNH3$chr12$49932940$+,0.35
chr12:50014200-50016400,ENSG00000135519.6$KCNH3$chr12$49932940$+,0.49
chr6:144162200-144164000,ENSG00000135521.8$LTV1$chr6$144164481$+,0.36
chr6:144192800-144194400,ENSG00000135521.8$LTV1$chr6$144164481$+,0.63
chr6:109760000-109761400,ENSG00000135535.10$CD164$chr6$109703762$-,0.57
chr6:109795400-109795600,ENSG00000135535.10$CD164$chr6$109703762$-,0.42
chr6:108582800-108583800,ENSG00000135537.12$LACE1$chr6$108616098$+,0.69
chr6:135773000-135773200,ENSG00000135541.16$AHI1$chr6$135818914$-,0.44
chr6:135907400-135908800,ENSG00000135541.16$AHI1$chr6$135818914$-,0.42
chr6:125999400-126001600,ENSG00000135547.4$HEY2$chr6$126068810$+,0.5
chr6:122697400-122698200,ENSG00000135549.10$PKIB$chr6$122793076$+,0.52
chr6:122719000-122720800,ENSG00000135549.10$PKIB$chr6$122793076$+,0.44
chr6:122770000-122771000,ENSG00000135549.10$PKIB$chr6$122793076$+,0.64
chr6:122772000-122772400,ENSG00000135549.10$PKIB$chr6$122793076$+,0.67
chr6:122775800-122776600,ENSG00000135549.10$PKIB$chr6$122793076$+,0.7
chr6:142396400-142397400,ENSG00000135577.4$NMBR$chr6$142409936$-,0.44
chr6:142466400-142467800,ENSG00000135577.4$NMBR$chr6$142409936$-,0.44
chr6:109795400-109795600,ENSG00000135587.4$SMPD2$chr6$109761966$+,0.62
chr6:109760000-109761400,ENSG00000135596.13$MICAL1$chr6$109787171$-,0.4
chr6:139252800-139254800,ENSG00000135597.14$REPS1$chr6$139309398$-,0.61
chr6:139348000-139349400,ENSG00000135597.14$REPS1$chr6$139309398$-,0.59
chr6:139430400-139430800,ENSG00000135597.14$REPS1$chr6$139309398$-,0.36
chr6:139450200-139451800,ENSG00000135597.14$REPS1$chr6$139309398$-,0.36
chr6:144386000-144387200,ENSG00000135604.9$STX11$chr6$144471663$+,0.48
chr6:144413400-144415800,ENSG00000135604.9$STX11$chr6$144471663$+,0.43
chr6:144417400-144418200,ENSG00000135604.9$STX11$chr6$144471663$+,0.61
chr6:144535600-144536800,ENSG00000135604.9$STX11$chr6$144471663$+,0.64
chr6:144604200-144605800,ENSG00000135604.9$STX11$chr6$144471663$+,0.58
chr2:73340600-73342400,ENSG00000135617.3$PRADC1$chr2$73460366$-,0.52
chr2:73442000-73443800,ENSG00000135617.3$PRADC1$chr2$73460366$-,0.73
chr2:73484800-73486000,ENSG00000135617.3$PRADC1$chr2$73460366$-,0.57
chr2:73611600-73612400,ENSG00000135617.3$PRADC1$chr2$73460366$-,0.47
chr2:74394600-74395400,ENSG00000135617.3$PRADC1$chr2$73460366$-,0.35
chr2:74942600-74944800,ENSG00000135622.8$SEMA4F$chr2$74881355$+,0.51
chr2:73340600-73342400,ENSG00000135624.11$CCT7$chr2$73460548$+,0.37
chr2:73442000-73443800,ENSG00000135624.11$CCT7$chr2$73460548$+,0.55
chr2:73484800-73486000,ENSG00000135624.11$CCT7$chr2$73460548$+,0.43
chr2:73442000-73443800,ENSG00000135625.6$EGR4$chr2$73520833$-,0.5
chr2:73484800-73486000,ENSG00000135625.6$EGR4$chr2$73520833$-,0.6
chr2:73611600-73612400,ENSG00000135625.6$EGR4$chr2$73520833$-,0.53
chr2:73340600-73342400,ENSG00000135632.7$SMYD5$chr2$73441350$+,0.37
chr2:73484800-73486000,ENSG00000135632.7$SMYD5$chr2$73441350$+,0.51
chr2:73611600-73612400,ENSG00000135632.7$SMYD5$chr2$73441350$+,0.35
chr2:71647200-71648200,ENSG00000135636.9$DYSF$chr2$71680852$+,0.49
chr2:74553800-74556200,ENSG00000135637.9$CCDC142$chr2$74710535$-,0.37
chr2:74619200-74621200,ENSG00000135637.9$CCDC142$chr2$74710535$-,0.49
chr2:74682600-74684400,ENSG00000135637.9$CCDC142$chr2$74710535$-,0.48
chr2:74692600-74695000,ENSG00000135637.9$CCDC142$chr2$74710535$-,0.6
chr2:74696800-74699200,ENSG00000135637.9$CCDC142$chr2$74710535$-,0.63
chr2:74942600-74944800,ENSG00000135637.9$CCDC142$chr2$74710535$-,0.37
chr12:62709400-62709800,ENSG00000135655.9$USP15$chr12$62654119$+,0.6
chr12:62710400-62711200,ENSG00000135655.9$USP15$chr12$62654119$+,0.57
chr12:62711800-62714200,ENSG00000135655.9$USP15$chr12$62654119$+,0.65
chr12:62753000-62754000,ENSG00000135655.9$USP15$chr12$62654119$+,0.54
chr12:65116600-65118800,ENSG00000135677.6$GNS$chr12$65153227$-,0.58
chr12:69081400-69083600,ENSG00000135679.17$MDM2$chr12$69201956$+,0.39
chr16:84705600-84707600,ENSG00000135686.8$KLHL36$chr16$84682131$+,0.59
chr16:84731800-84733600,ENSG00000135686.8$KLHL36$chr16$84682131$+,0.41
chr16:82042600-82044600,ENSG00000135698.5$MPHOSPH6$chr16$82203831$-,0.44
chr16:82225800-82227600,ENSG00000135698.5$MPHOSPH6$chr16$82203831$-,0.68
chr16:75583400-75585200,ENSG00000135702.10$CHST5$chr16$75569145$-,0.47
chr16:75590200-75591400,ENSG00000135702.10$CHST5$chr16$75569145$-,0.37
chr16:66636400-66638000,ENSG00000135720.8$DYNC1LI2$chr16$66785701$-,0.41
chr16:67141800-67143400,ENSG00000135722.4$FBXL8$chr16$67193834$+,0.48
chr16:67261800-67263600,ENSG00000135722.4$FBXL8$chr16$67193834$+,0.48
chr16:67261800-67263600,ENSG00000135723.9$FHOD1$chr16$67281561$-,0.59
chr16:57495800-57496600,ENSG00000135736.5$CCDC102A$chr16$57570511$-,0.36
chr16:67141800-67143400,ENSG00000135740.12$SLC9A5$chr16$67271586$+,0.45
chr16:67261800-67263600,ENSG00000135740.12$SLC9A5$chr16$67271586$+,0.68
chr1:247095800-247096400,ENSG00000135747.7$ZNF670$chr1$247242113$-,0.39
chr1:247265200-247267000,ENSG00000135747.7$ZNF670$chr1$247242113$-,0.52
chr1:247267800-247270200,ENSG00000135747.7$ZNF670$chr1$247242113$-,0.55
chr1:247288800-247289400,ENSG00000135747.7$ZNF670$chr1$247242113$-,0.63
chr1:247290800-247292200,ENSG00000135747.7$ZNF670$chr1$247242113$-,0.59
chr1:233412400-233414800,ENSG00000135749.14$PCNXL2$chr1$233431459$-,0.73
chr1:233491400-233492800,ENSG00000135749.14$PCNXL2$chr1$233431459$-,0.39
chr1:229641600-229643200,ENSG00000135763.5$URB2$chr1$229761981$+,0.4
chr1:229644400-229646200,ENSG00000135763.5$URB2$chr1$229761981$+,0.5
chr1:229649600-229651000,ENSG00000135763.5$URB2$chr1$229761981$+,0.41
chr1:229641600-229643200,ENSG00000135776.4$ABCB10$chr1$229694442$-,0.4
chr1:229644400-229646200,ENSG00000135776.4$ABCB10$chr1$229694442$-,0.47
chr1:229649600-229651000,ENSG00000135776.4$ABCB10$chr1$229694442$-,0.53
chr1:232939600-232941600,ENSG00000135778.7$NTPCR$chr1$233086351$+,0.42
chr1:229641600-229643200,ENSG00000135801.5$TAF5L$chr1$229761794$-,0.37
chr1:229644400-229646200,ENSG00000135801.5$TAF5L$chr1$229761794$-,0.45
chr1:229649600-229651000,ENSG00000135801.5$TAF5L$chr1$229761794$-,0.45
chr1:182308800-182310800,ENSG00000135821.12$GLUL$chr1$182361341$-,0.36
chr1:182399400-182400800,ENSG00000135821.12$GLUL$chr1$182361341$-,0.35
chr1:180861600-180863600,ENSG00000135823.9$STX6$chr1$180992047$-,0.46
chr1:181025600-181027000,ENSG00000135823.9$STX6$chr1$180992047$-,0.62
chr1:181124400-181126000,ENSG00000135823.9$STX6$chr1$180992047$-,0.36
chr1:181135200-181136000,ENSG00000135823.9$STX6$chr1$180992047$-,0.42
chr1:181158000-181160200,ENSG00000135823.9$STX6$chr1$180992047$-,0.36
chr1:182399400-182400800,ENSG00000135828.7$RNASEL$chr1$182558391$-,0.39
chr1:182756800-182758400,ENSG00000135829.12$DHX9$chr1$182808504$+,0.65
chr1:180861600-180863600,ENSG00000135835.6$KIAA1614$chr1$180882290$+,0.41
chr1:179846800-179848000,ENSG00000135837.11$CEP350$chr1$179923873$+,0.41
chr1:179849000-179850800,ENSG00000135837.11$CEP350$chr1$179923873$+,0.4
chr1:184901400-184903000,ENSG00000135842.12$FAM129A$chr1$184943682$-,0.5
chr1:185012000-185014400,ENSG00000135842.12$FAM129A$chr1$184943682$-,0.41
chr1:185034600-185036600,ENSG00000135842.12$FAM129A$chr1$184943682$-,0.42
chr1:172455600-172458000,ENSG00000135845.5$PIGC$chr1$172413230$-,0.48
chr1:172565000-172566800,ENSG00000135845.5$PIGC$chr1$172413230$-,0.51
chr1:180437000-180438800,ENSG00000135847.5$ACBD6$chr1$180472089$-,0.71
chr1:180451400-180452600,ENSG00000135847.5$ACBD6$chr1$180472089$-,0.7
chr1:180599000-180601200,ENSG00000135847.5$ACBD6$chr1$180472089$-,0.45
chr1:174036800-174037800,ENSG00000135870.7$RC3H1$chr1$173991435$-,0.63
chr1:174148000-174149000,ENSG00000135870.7$RC3H1$chr1$173991435$-,0.48
chr2:231832800-231835000,ENSG00000135898.5$GPR55$chr2$231825781$-,0.51
chr2:230925200-230926600,ENSG00000135899.12$SP110$chr2$231090444$-,0.38
chr2:230933400-230934600,ENSG00000135899.12$SP110$chr2$231090444$-,0.41
chr2:231024400-231026800,ENSG00000135899.12$SP110$chr2$231090444$-,0.45
chr2:231215200-231216200,ENSG00000135899.12$SP110$chr2$231090444$-,0.43
chr2:225778600-225781000,ENSG00000135905.14$DOCK10$chr2$225907162$-,0.37
chr2:225913000-225913600,ENSG00000135905.14$DOCK10$chr2$225907162$-,0.53
chr2:225919000-225921000,ENSG00000135905.14$DOCK10$chr2$225907162$-,0.75
chr2:225921200-225922000,ENSG00000135905.14$DOCK10$chr2$225907162$-,0.74
chr2:219438800-219439800,ENSG00000135912.6$TTLL4$chr2$219575568$+,0.45
chr2:219512400-219513600,ENSG00000135912.6$TTLL4$chr2$219575568$+,0.49
chr2:219537200-219538800,ENSG00000135912.6$TTLL4$chr2$219575568$+,0.57
chr2:219666600-219668200,ENSG00000135912.6$TTLL4$chr2$219575568$+,0.51
chr2:219330600-219331400,ENSG00000135913.6$USP37$chr2$219433084$-,0.46
chr2:219438800-219439800,ENSG00000135913.6$USP37$chr2$219433084$-,0.56
chr2:219512400-219513600,ENSG00000135913.6$USP37$chr2$219433084$-,0.57
chr2:219537200-219538800,ENSG00000135913.6$USP37$chr2$219433084$-,0.46
chr2:231920600-231921400,ENSG00000135914.5$HTR2B$chr2$231989832$-,0.66
chr2:232062200-232063000,ENSG00000135914.5$HTR2B$chr2$231989832$-,0.49
chr2:231635000-231636600,ENSG00000135916.11$ITM2C$chr2$231729354$+,0.35
chr2:231688000-231689800,ENSG00000135916.11$ITM2C$chr2$231729354$+,0.56
chr2:231832800-231835000,ENSG00000135916.11$ITM2C$chr2$231729354$+,0.4
chr2:220070400-220071000,ENSG00000135924.11$DNAJB2$chr2$220143989$+,0.45
chr2:219574600-219575600,ENSG00000135925.4$WNT10A$chr2$219745085$+,0.38
chr2:219666600-219668200,ENSG00000135925.4$WNT10A$chr2$219745085$+,0.39
chr2:219097600-219100000,ENSG00000135926.8$TMBIM1$chr2$219157309$-,0.43
chr2:219165600-219166800,ENSG00000135926.8$TMBIM1$chr2$219157309$-,0.62
chr2:233470200-233472000,ENSG00000135930.9$EIF4E2$chr2$233414762$+,0.58
chr2:231417000-231418200,ENSG00000135932.6$CAB39$chr2$231577560$+,0.37
chr2:231635000-231636600,ENSG00000135932.6$CAB39$chr2$231577560$+,0.49
chr2:98203800-98205000,ENSG00000135940.2$COX5B$chr2$98262503$+,0.51
chr2:98281200-98282000,ENSG00000135940.2$COX5B$chr2$98262503$+,0.64
chr2:98450400-98452400,ENSG00000135940.2$COX5B$chr2$98262503$+,0.35
chr2:100046600-100049000,ENSG00000135945.5$REV1$chr2$100106497$-,0.56
chr2:100119600-100122000,ENSG00000135945.5$REV1$chr2$100106497$-,0.73
chr2:99969800-99971800,ENSG00000135945.5$REV1$chr2$100106497$-,0.35
chr2:99755400-99757200,ENSG00000135951.10$TSGA10$chr2$99771427$-,0.64
chr2:99758400-99759400,ENSG00000135951.10$TSGA10$chr2$99771427$-,0.56
chr2:103302000-103304200,ENSG00000135953.6$MFSD9$chr2$103353347$-,0.64
chr2:96845600-96848000,ENSG00000135956.4$TMEM127$chr2$96931732$-,0.61
chr2:96965800-96966000,ENSG00000135956.4$TMEM127$chr2$96931732$-,0.52
chr2:96972000-96974400,ENSG00000135956.4$TMEM127$chr2$96931732$-,0.53
chr2:96998800-97001200,ENSG00000135956.4$TMEM127$chr2$96931732$-,0.47
chr2:97687800-97690000,ENSG00000135956.4$TMEM127$chr2$96931732$-,0.36
chr2:109448800-109450800,ENSG00000135960.5$EDAR$chr2$109605828$-,0.37
chr2:109544200-109546600,ENSG00000135960.5$EDAR$chr2$109605828$-,0.53
chr2:109616400-109618800,ENSG00000135960.5$EDAR$chr2$109605828$-,0.66
chr2:109692000-109692800,ENSG00000135960.5$EDAR$chr2$109605828$-,0.35
chr2:105951000-105953200,ENSG00000135966.8$TGFBRAP1$chr2$105946491$-,0.56
chr2:109072600-109073600,ENSG00000135968.15$GCC2$chr2$109065017$+,0.66
chr2:97642200-97644400,ENSG00000135976.12$ANKRD36$chr2$97779233$+,0.43
chr2:97687800-97690000,ENSG00000135976.12$ANKRD36$chr2$97779233$+,0.52
chr2:97807600-97808200,ENSG00000135976.12$ANKRD36$chr2$97779233$+,0.63
chr2:149278800-149279600,ENSG00000135999.7$EPC2$chr2$149402009$+,0.49
chr2:149324800-149327000,ENSG00000135999.7$EPC2$chr2$149402009$+,0.51
chr2:149487400-149489400,ENSG00000135999.7$EPC2$chr2$149402009$+,0.45
chr12:109018000-109018200,ENSG00000136003.11$ISCU$chr12$108956358$+,0.49
chr12:105499800-105500800,ENSG00000136010.9$ALDH1L2$chr12$105478355$-,0.41
chr12:100536600-100538600,ENSG00000136021.13$SCYL2$chr12$100660918$+,0.57
chr12:100590800-100593200,ENSG00000136021.13$SCYL2$chr12$100660918$+,0.53
chr12:100672600-100675000,ENSG00000136021.13$SCYL2$chr12$100660918$+,0.68
chr12:106749800-106751400,ENSG00000136026.9$CKAP4$chr12$106698057$-,0.55
chr12:106771000-106773400,ENSG00000136026.9$CKAP4$chr12$106698057$-,0.56
chr12:94401000-94402800,ENSG00000136040.4$PLXNC1$chr12$94542499$+,0.39
chr12:94496000-94496800,ENSG00000136040.4$PLXNC1$chr12$94542499$+,0.54
chr12:107825000-107827400,ENSG00000136045.7$PWP1$chr12$108079509$+,0.39
chr12:107934200-107935600,ENSG00000136045.7$PWP1$chr12$108079509$+,0.6
chr12:108155400-108156200,ENSG00000136045.7$PWP1$chr12$108079509$+,0.55
chr12:102224800-102226200,ENSG00000136048.9$DRAM1$chr12$102271129$+,0.43
chr12:105350400-105351800,ENSG00000136051.9$KIAA1033$chr12$105501102$+,0.43
chr12:105379000-105379800,ENSG00000136051.9$KIAA1033$chr12$105501102$+,0.48
chr12:105499800-105500800,ENSG00000136051.9$KIAA1033$chr12$105501102$+,0.38
chr12:105523400-105524800,ENSG00000136051.9$KIAA1033$chr12$105501102$+,0.6
chr12:105630400-105631600,ENSG00000136051.9$KIAA1033$chr12$105501102$+,0.47
chr12:105379000-105379800,ENSG00000136052.5$SLC41A2$chr12$105352522$-,0.72
chr12:105499800-105500800,ENSG00000136052.5$SLC41A2$chr12$105352522$-,0.39
chr3:37900600-37902200,ENSG00000136059.10$VILL$chr3$38029550$+,0.41
chr13:53037800-53038200,ENSG00000136100.8$VPS36$chr13$53024763$-,0.51
chr13:53037800-53038200,ENSG00000136108.10$CKAP2$chr13$53029564$+,0.69
chr13:53189600-53191200,ENSG00000136108.10$CKAP2$chr13$53029564$+,0.35
chr13:53037800-53038200,ENSG00000136114.11$THSD1$chr13$52980629$-,0.36
chr13:73217400-73217800,ENSG00000136122.11$BORA$chr13$73302061$+,0.62
chr13:73362000-73363600,ENSG00000136122.11$BORA$chr13$73302061$+,0.74
chr13:50015600-50017600,ENSG00000136144.7$RCBTB1$chr13$50159719$-,0.39
chr13:50081600-50082000,ENSG00000136144.7$RCBTB1$chr13$50159719$-,0.39
chr13:50333000-50335200,ENSG00000136144.7$RCBTB1$chr13$50159719$-,0.36
chr13:48609400-48611600,ENSG00000136146.10$MED4$chr13$48669267$-,0.45
chr13:50015600-50017600,ENSG00000136147.12$PHF11$chr13$50069746$+,0.65
chr13:50075400-50075800,ENSG00000136147.12$PHF11$chr13$50069746$+,0.66
chr13:50081600-50082000,ENSG00000136147.12$PHF11$chr13$50069746$+,0.74
chr13:45916200-45918200,ENSG00000136152.10$COG3$chr13$46039060$+,0.47
chr13:48783600-48785200,ENSG00000136156.8$ITM2B$chr13$48807294$+,0.67
chr13:48875800-48877200,ENSG00000136156.8$ITM2B$chr13$48807294$+,0.56
chr13:49008200-49008400,ENSG00000136161.8$RCBTB2$chr13$49107369$-,0.57
chr13:49056800-49057800,ENSG00000136161.8$RCBTB2$chr13$49107369$-,0.82
chr13:46627400-46628800,ENSG00000136167.9$LCP1$chr13$46786006$-,0.44
chr13:46708800-46711200,ENSG00000136167.9$LCP1$chr13$46786006$-,0.41
chr13:46793600-46795400,ENSG00000136167.9$LCP1$chr13$46786006$-,0.48
chr13:46862600-46865000,ENSG00000136167.9$LCP1$chr13$46786006$-,0.51
chr13:50015600-50017600,ENSG00000136169.12$SETDB2$chr13$50018429$+,0.38
chr13:50075400-50075800,ENSG00000136169.12$SETDB2$chr13$50018429$+,0.56
chr13:50081600-50082000,ENSG00000136169.12$SETDB2$chr13$50018429$+,0.53
chr7:42925400-42927800,ENSG00000136197.8$C7orf25$chr7$42951904$-,0.8
chr7:42928000-42930200,ENSG00000136197.8$C7orf25$chr7$42951904$-,0.76
chr7:42980200-42981600,ENSG00000136197.8$C7orf25$chr7$42951904$-,0.7
chr7:44056600-44058400,ENSG00000136206.3$SPDYE1$chr7$44040488$+,0.45
chr7:44058800-44061000,ENSG00000136206.3$SPDYE1$chr7$44040488$+,0.38
chr7:44083000-44083800,ENSG00000136206.3$SPDYE1$chr7$44040488$+,0.35
chr7:2386800-2388000,ENSG00000136213.7$CHST12$chr7$2443223$+,0.59
chr7:2392200-2393400,ENSG00000136213.7$CHST12$chr7$2443223$+,0.62
chr7:23486400-23486600,ENSG00000136231.9$IGF2BP3$chr7$23510086$-,0.44
chr7:23529000-23530200,ENSG00000136231.9$IGF2BP3$chr7$23510086$-,0.49
chr7:23530600-23531800,ENSG00000136231.9$IGF2BP3$chr7$23510086$-,0.51
chr7:6279600-6281600,ENSG00000136238.13$RAC1$chr7$6414154$+,0.41
chr7:6383200-6384800,ENSG00000136238.13$RAC1$chr7$6414154$+,0.68
chr7:6411600-6413800,ENSG00000136238.13$RAC1$chr7$6414154$+,0.43
chr7:6523800-6526000,ENSG00000136238.13$RAC1$chr7$6414154$+,0.63
chr7:6544200-6546400,ENSG00000136238.13$RAC1$chr7$6414154$+,0.46
chr7:6565200-6567200,ENSG00000136238.13$RAC1$chr7$6414154$+,0.42
chr7:6593000-6595200,ENSG00000136238.13$RAC1$chr7$6414154$+,0.42
chr7:6641600-6642600,ENSG00000136238.13$RAC1$chr7$6414154$+,0.42
chr7:6383200-6384800,ENSG00000136240.5$KDELR2$chr7$6523873$-,0.37
chr7:6411600-6413800,ENSG00000136240.5$KDELR2$chr7$6523873$-,0.42
chr7:6544200-6546400,ENSG00000136240.5$KDELR2$chr7$6523873$-,0.54
chr7:6565200-6567200,ENSG00000136240.5$KDELR2$chr7$6523873$-,0.56
chr7:6593000-6595200,ENSG00000136240.5$KDELR2$chr7$6523873$-,0.5
chr7:6615600-6617000,ENSG00000136240.5$KDELR2$chr7$6523873$-,0.41
chr7:23143600-23144800,ENSG00000136243.12$NUPL2$chr7$23221446$+,0.56
chr7:6383200-6384800,ENSG00000136247.10$ZDHHC4$chr7$6617065$+,0.35
chr7:6411600-6413800,ENSG00000136247.10$ZDHHC4$chr7$6617065$+,0.44
chr7:6523800-6526000,ENSG00000136247.10$ZDHHC4$chr7$6617065$+,0.63
chr7:6544200-6546400,ENSG00000136247.10$ZDHHC4$chr7$6617065$+,0.61
chr7:6565200-6567200,ENSG00000136247.10$ZDHHC4$chr7$6617065$+,0.64
chr7:6593000-6595200,ENSG00000136247.10$ZDHHC4$chr7$6617065$+,0.65
chr7:6641600-6642600,ENSG00000136247.10$ZDHHC4$chr7$6617065$+,0.45
chr7:6747000-6748000,ENSG00000136247.10$ZDHHC4$chr7$6617065$+,0.46
chr7:6770200-6771400,ENSG00000136247.10$ZDHHC4$chr7$6617065$+,0.45
chr7:6772400-6772800,ENSG00000136247.10$ZDHHC4$chr7$6617065$+,0.48
chr7:45052200-45054000,ENSG00000136270.9$TBRG4$chr7$45151646$-,0.39
chr7:45054200-45055800,ENSG00000136270.9$TBRG4$chr7$45151646$-,0.44
chr7:45083000-45085000,ENSG00000136270.9$TBRG4$chr7$45151646$-,0.45
chr7:45107200-45109400,ENSG00000136270.9$TBRG4$chr7$45151646$-,0.65
chr7:44480200-44482200,ENSG00000136271.6$DDX56$chr7$44614650$-,0.36
chr7:44519200-44521600,ENSG00000136271.6$DDX56$chr7$44614650$-,0.43
chr7:44530800-44532400,ENSG00000136271.6$DDX56$chr7$44614650$-,0.6
chr7:44622400-44623400,ENSG00000136271.6$DDX56$chr7$44614650$-,0.55
chr7:44627400-44628400,ENSG00000136271.6$DDX56$chr7$44614650$-,0.6
chr7:44651600-44652600,ENSG00000136271.6$DDX56$chr7$44614650$-,0.37
chr7:48140600-48143000,ENSG00000136273.7$HUS1$chr7$48019178$-,0.42
chr7:45083000-45085000,ENSG00000136274.8$NACAD$chr7$45128513$-,0.42
chr7:45107200-45109400,ENSG00000136274.8$NACAD$chr7$45128513$-,0.47
chr7:45151800-45153600,ENSG00000136274.8$NACAD$chr7$45128513$-,0.43
chr7:43906800-43908600,ENSG00000136279.14$DBNL$chr7$44084239$+,0.39
chr7:43945800-43947400,ENSG00000136279.14$DBNL$chr7$44084239$+,0.57
chr7:44056600-44058400,ENSG00000136279.14$DBNL$chr7$44084239$+,0.5
chr7:44058800-44061000,ENSG00000136279.14$DBNL$chr7$44084239$+,0.64
chr7:44163800-44165600,ENSG00000136279.14$DBNL$chr7$44084239$+,0.57
chr7:44961000-44962200,ENSG00000136280.11$CCM2$chr7$45039074$+,0.47
chr7:45052200-45054000,ENSG00000136280.11$CCM2$chr7$45039074$+,0.54
chr7:45054200-45055800,ENSG00000136280.11$CCM2$chr7$45039074$+,0.49
chr7:45083000-45085000,ENSG00000136280.11$CCM2$chr7$45039074$+,0.6
chr7:45107200-45109400,ENSG00000136280.11$CCM2$chr7$45039074$+,0.46
chr7:44961000-44962200,ENSG00000136286.10$MYO1G$chr7$45018697$-,0.51
chr7:45052200-45054000,ENSG00000136286.10$MYO1G$chr7$45018697$-,0.35
chr7:45054200-45055800,ENSG00000136286.10$MYO1G$chr7$45018697$-,0.47
chr7:45083000-45085000,ENSG00000136286.10$MYO1G$chr7$45018697$-,0.43
chr7:45107200-45109400,ENSG00000136286.10$MYO1G$chr7$45018697$-,0.41
chr7:45151800-45153600,ENSG00000136286.10$MYO1G$chr7$45018697$-,0.38
chr7:5012800-5013600,ENSG00000136297.10$MMD2$chr7$4998844$-,0.49
chr14:24603400-24604800,ENSG00000136305.7$CIDEB$chr14$24780636$-,0.41
chr14:24628800-24630600,ENSG00000136305.7$CIDEB$chr14$24780636$-,0.57
chr14:24682800-24684600,ENSG00000136305.7$CIDEB$chr14$24780636$-,0.56
chr14:24685200-24686400,ENSG00000136305.7$CIDEB$chr14$24780636$-,0.52
chr14:24712400-24714800,ENSG00000136305.7$CIDEB$chr14$24780636$-,0.47
chr14:24715000-24717400,ENSG00000136305.7$CIDEB$chr14$24780636$-,0.44
chr14:24738000-24740200,ENSG00000136305.7$CIDEB$chr14$24780636$-,0.4
chr14:24758400-24760200,ENSG00000136305.7$CIDEB$chr14$24780636$-,0.56
chr14:24769800-24771600,ENSG00000136305.7$CIDEB$chr14$24780636$-,0.45
chr14:24912400-24913600,ENSG00000136305.7$CIDEB$chr14$24780636$-,0.48
chr14:20812200-20814200,ENSG00000136319.7$TTC5$chr14$20774153$-,0.61
chr14:20878800-20880800,ENSG00000136319.7$TTC5$chr14$20774153$-,0.36
chr14:20929600-20931600,ENSG00000136319.7$TTC5$chr14$20774153$-,0.38
chr14:20936600-20937600,ENSG00000136319.7$TTC5$chr14$20774153$-,0.36
chr14:20998800-20999600,ENSG00000136319.7$TTC5$chr14$20774153$-,0.36
chr14:23937400-23938600,ENSG00000136367.12$ZFHX2$chr14$24025401$-,0.51
chr14:23939400-23941000,ENSG00000136367.12$ZFHX2$chr14$24025401$-,0.56
chr14:23947200-23949000,ENSG00000136367.12$ZFHX2$chr14$24025401$-,0.57
chr14:24021000-24022400,ENSG00000136367.12$ZFHX2$chr14$24025401$-,0.68
chr14:24034600-24036200,ENSG00000136367.12$ZFHX2$chr14$24025401$-,0.72
chr14:24057800-24059800,ENSG00000136367.12$ZFHX2$chr14$24025401$-,0.57
chr15:80071000-80073400,ENSG00000136371.5$MTHFS$chr15$80189721$-,0.45
chr15:80145000-80146800,ENSG00000136371.5$MTHFS$chr15$80189721$-,0.67
chr15:80149800-80151000,ENSG00000136371.5$MTHFS$chr15$80189721$-,0.66
chr15:80186600-80188800,ENSG00000136371.5$MTHFS$chr15$80189721$-,0.39
chr15:80212600-80215000,ENSG00000136371.5$MTHFS$chr15$80189721$-,0.71
chr15:80216400-80217600,ENSG00000136371.5$MTHFS$chr15$80189721$-,0.66
chr15:78514800-78516800,ENSG00000136381.8$IREB2$chr15$78729773$+,0.4
chr15:78797800-78799400,ENSG00000136381.8$IREB2$chr15$78729773$+,0.5
chr15:78831800-78832400,ENSG00000136381.8$IREB2$chr15$78729773$+,0.4
chr15:83708200-83709000,ENSG00000136404.11$TM6SF1$chr15$83776159$+,0.36
chr15:83736200-83737800,ENSG00000136404.11$TM6SF1$chr15$83776159$+,0.53
chr15:78393600-78394600,ENSG00000136425.8$CIB2$chr15$78423886$-,0.54
chr15:78442400-78444600,ENSG00000136425.8$CIB2$chr15$78423886$-,0.65
chr15:78514800-78516800,ENSG00000136425.8$CIB2$chr15$78423886$-,0.56
chr15:78589200-78591400,ENSG00000136425.8$CIB2$chr15$78423886$-,0.41
chr17:46815800-46817400,ENSG00000136436.10$CALCOCO2$chr17$46908350$+,0.63
chr17:46891800-46892600,ENSG00000136436.10$CALCOCO2$chr17$46908350$+,0.66
chr17:46968400-46969600,ENSG00000136436.10$CALCOCO2$chr17$46908350$+,0.49
chr17:47019000-47021200,ENSG00000136436.10$CALCOCO2$chr17$46908350$+,0.46
chr17:48450600-48451800,ENSG00000136444.5$RSAD1$chr17$48556161$+,0.41
chr17:48474800-48476000,ENSG00000136444.5$RSAD1$chr17$48556161$+,0.46
chr17:48511400-48512000,ENSG00000136444.5$RSAD1$chr17$48556161$+,0.54
chr17:43135600-43138000,ENSG00000136448.7$NMT1$chr17$43128978$+,0.57
chr17:43218400-43219600,ENSG00000136448.7$NMT1$chr17$43128978$+,0.45
chr17:43232200-43234000,ENSG00000136448.7$NMT1$chr17$43128978$+,0.56
chr17:48511400-48512000,ENSG00000136449.9$MYCBPAP$chr17$48585745$+,0.46
chr17:55924400-55926800,ENSG00000136450.8$SRSF1$chr17$56084707$-,0.37
chr17:56158400-56160800,ENSG00000136450.8$SRSF1$chr17$56084707$-,0.48
chr17:56199400-56200000,ENSG00000136450.8$SRSF1$chr17$56084707$-,0.43
chr17:56295000-56296200,ENSG00000136450.8$SRSF1$chr17$56084707$-,0.43
chr17:56297000-56298200,ENSG00000136450.8$SRSF1$chr17$56084707$-,0.38
chr17:55924400-55926800,ENSG00000136451.4$VEZF1$chr17$56065620$-,0.37
chr17:48450600-48451800,ENSG00000136457.5$CHAD$chr17$48546327$-,0.37
chr17:61614600-61616800,ENSG00000136463.7$TACO1$chr17$61678231$+,0.51
chr17:61626000-61627000,ENSG00000136463.7$TACO1$chr17$61678231$+,0.6
chr17:61698000-61699400,ENSG00000136463.7$TACO1$chr17$61678231$+,0.53
chr17:61816600-61818400,ENSG00000136463.7$TACO1$chr17$61678231$+,0.41
chr17:61844400-61846800,ENSG00000136463.7$TACO1$chr17$61678231$+,0.37
chr17:61901400-61903800,ENSG00000136463.7$TACO1$chr17$61678231$+,0.35
chr17:62221400-62222800,ENSG00000136478.3$TEX2$chr17$62340661$-,0.47
chr17:61614600-61616800,ENSG00000136485.10$DCAF7$chr17$61627822$+,0.66
chr17:61677000-61678000,ENSG00000136485.10$DCAF7$chr17$61627822$+,0.54
chr17:61679000-61680200,ENSG00000136485.10$DCAF7$chr17$61627822$+,0.62
chr17:61698000-61699400,ENSG00000136485.10$DCAF7$chr17$61627822$+,0.54
chr17:61816600-61818400,ENSG00000136485.10$DCAF7$chr17$61627822$+,0.42
chr17:61844400-61846800,ENSG00000136485.10$DCAF7$chr17$61627822$+,0.49
chr17:61901400-61903800,ENSG00000136487.13$GH2$chr17$61959295$-,0.38
chr17:61677000-61678000,ENSG00000136490.4$LIMD2$chr17$61778532$-,0.45
chr17:61679000-61680200,ENSG00000136490.4$LIMD2$chr17$61778532$-,0.4
chr17:61698000-61699400,ENSG00000136490.4$LIMD2$chr17$61778532$-,0.42
chr17:61816600-61818400,ENSG00000136490.4$LIMD2$chr17$61778532$-,0.6
chr17:61844400-61846800,ENSG00000136490.4$LIMD2$chr17$61778532$-,0.4
chr17:59981200-59982600,ENSG00000136492.4$BRIP1$chr17$59940882$-,0.64
chr17:60003400-60004600,ENSG00000136492.4$BRIP1$chr17$59940882$-,0.46
chr17:60005400-60006200,ENSG00000136492.4$BRIP1$chr17$59940882$-,0.42
chr17:47755000-47756200,ENSG00000136504.7$KAT7$chr17$47865917$+,0.42
chr17:47785600-47787600,ENSG00000136504.7$KAT7$chr17$47865917$+,0.53
chr17:47841200-47842800,ENSG00000136504.7$KAT7$chr17$47865917$+,0.61
chr17:47863800-47865400,ENSG00000136504.7$KAT7$chr17$47865917$+,0.4
chr3:186964800-186966600,ENSG00000136514.2$RTP4$chr3$187086120$+,0.51
chr3:179323200-179325600,ENSG00000136518.12$ACTL6A$chr3$179280668$+,0.49
chr3:179326200-179328400,ENSG00000136518.12$ACTL6A$chr3$179280668$+,0.59
chr3:179369000-179370600,ENSG00000136518.12$ACTL6A$chr3$179280668$+,0.4
chr3:179326200-179328400,ENSG00000136521.8$NDUFB5$chr3$179322478$+,0.56
chr3:179369000-179370600,ENSG00000136521.8$NDUFB5$chr3$179322478$+,0.6
chr3:185541400-185542600,ENSG00000136527.13$TRA2B$chr3$185655924$-,0.53
chr2:160471200-160472000,ENSG00000136536.10$MARCH7$chr2$160569000$+,0.49
chr2:160566200-160568200,ENSG00000136536.10$MARCH7$chr2$160569000$+,0.47
chr2:158237000-158239400,ENSG00000136541.10$ERMN$chr2$158184225$-,0.45
chr2:158251200-158253600,ENSG00000136541.10$ERMN$chr2$158184225$-,0.55
chr2:158262200-158264400,ENSG00000136541.10$ERMN$chr2$158184225$-,0.38
chr2:161849800-161851600,ENSG00000136560.9$TANK$chr2$161993419$+,0.52
chr2:161918400-161920800,ENSG00000136560.9$TANK$chr2$161993419$+,0.54
chr2:162010200-162011400,ENSG00000136560.9$TANK$chr2$161993419$+,0.73
chr2:162015000-162016800,ENSG00000136560.9$TANK$chr2$161993419$+,0.66
chr2:162038800-162039800,ENSG00000136560.9$TANK$chr2$161993419$+,0.57
chr2:162042600-162044600,ENSG00000136560.9$TANK$chr2$161993419$+,0.59
chr2:162058000-162060400,ENSG00000136560.9$TANK$chr2$161993419$+,0.59
chr2:162092600-162094600,ENSG00000136560.9$TANK$chr2$161993419$+,0.49
chr2:162163000-162164400,ENSG00000136560.9$TANK$chr2$161993419$+,0.38
chr2:162165600-162167800,ENSG00000136560.9$TANK$chr2$161993419$+,0.36
chr1:220260600-220262600,ENSG00000136628.13$EPRS$chr1$220220000$-,0.57
chr1:220263600-220264200,ENSG00000136628.13$EPRS$chr1$220220000$-,0.49
chr1:220266000-220267400,ENSG00000136628.13$EPRS$chr1$220220000$-,0.5
chr1:220268200-220270000,ENSG00000136628.13$EPRS$chr1$220220000$-,0.48
chr1:220416600-220418400,ENSG00000136628.13$EPRS$chr1$220220000$-,0.35
chr1:150040200-150042600,ENSG00000136631.8$VPS45$chr1$150039369$+,0.37
chr1:150047400-150049400,ENSG00000136631.8$VPS45$chr1$150039369$+,0.47
chr1:150070600-150071600,ENSG00000136631.8$VPS45$chr1$150039369$+,0.46
chr1:206981600-206984000,ENSG00000136634.5$IL10$chr1$206945839$-,0.51
chr1:206581800-206582400,ENSG00000136653.15$RASSF5$chr1$206680879$+,0.49
chr1:206717600-206719400,ENSG00000136653.15$RASSF5$chr1$206680879$+,0.58
chr2:114308600-114310000,ENSG00000136682.10$CBWD2$chr2$114195268$+,0.37
chr2:114342400-114344200,ENSG00000136682.10$CBWD2$chr2$114195268$+,0.37
chr2:114344600-114346000,ENSG00000136682.10$CBWD2$chr2$114195268$+,0.43
chr2:114360000-114360800,ENSG00000136682.10$CBWD2$chr2$114195268$+,0.46
chr2:114361200-114362800,ENSG00000136682.10$CBWD2$chr2$114195268$+,0.37
chr2:113714800-113717200,ENSG00000136688.6$IL36G$chr2$113730780$+,0.37
chr2:113726400-113727400,ENSG00000136688.6$IL36G$chr2$113730780$+,0.58
chr2:113742000-113744200,ENSG00000136688.6$IL36G$chr2$113730780$+,0.4
chr2:113855000-113857200,ENSG00000136689.14$IL1RN$chr2$113864791$+,0.63
chr2:113672000-113674200,ENSG00000136694.8$IL36A$chr2$113763038$+,0.38
chr2:113714800-113717200,ENSG00000136694.8$IL36A$chr2$113763038$+,0.63
chr2:113726400-113727400,ENSG00000136694.8$IL36A$chr2$113763038$+,0.5
chr2:113742000-113744200,ENSG00000136694.8$IL36A$chr2$113763038$+,0.58
chr2:113773000-113774600,ENSG00000136694.8$IL36A$chr2$113763038$+,0.73
chr2:113855000-113857200,ENSG00000136694.8$IL36A$chr2$113763038$+,0.42
chr2:131089600-131090800,ENSG00000136699.15$SMPD4$chr2$130940323$-,0.51
chr2:128457200-128458800,ENSG00000136709.7$WDR33$chr2$128568761$-,0.44
chr2:128600600-128601000,ENSG00000136709.7$WDR33$chr2$128568761$-,0.56
chr2:128782200-128784400,ENSG00000136709.7$WDR33$chr2$128568761$-,0.39
chr2:130940400-130942600,ENSG00000136710.5$CCDC115$chr2$131099922$-,0.47
chr2:131089600-131090800,ENSG00000136710.5$CCDC115$chr2$131099922$-,0.64
chr2:131114200-131115200,ENSG00000136710.5$CCDC115$chr2$131099922$-,0.68
chr2:128569200-128570000,ENSG00000136715.13$SAP130$chr2$128785694$-,0.43
chr2:128600600-128601000,ENSG00000136715.13$SAP130$chr2$128785694$-,0.35
chr2:128782200-128784400,ENSG00000136715.13$SAP130$chr2$128785694$-,0.4
chr2:130940400-130942600,ENSG00000136718.5$IMP4$chr2$131099798$+,0.43
chr2:131089600-131090800,ENSG00000136718.5$IMP4$chr2$131099798$+,0.59
chr2:131114200-131115200,ENSG00000136718.5$IMP4$chr2$131099798$+,0.69
chr2:128782200-128784400,ENSG00000136731.8$UGGT1$chr2$128848774$+,0.58
chr2:128786200-128787400,ENSG00000136731.8$UGGT1$chr2$128848774$+,0.55
chr10:17659800-17660800,ENSG00000136738.10$STAM$chr10$17686124$+,0.52
chr10:27009600-27011600,ENSG00000136754.12$ABI1$chr10$27150016$-,0.45
chr10:27075600-27076800,ENSG00000136754.12$ABI1$chr10$27150016$-,0.53
chr10:27123400-27124400,ENSG00000136754.12$ABI1$chr10$27150016$-,0.62
chr10:27137400-27139400,ENSG00000136754.12$ABI1$chr10$27150016$-,0.7
chr10:27139600-27141400,ENSG00000136754.12$ABI1$chr10$27150016$-,0.62
chr10:27141800-27142200,ENSG00000136754.12$ABI1$chr10$27150016$-,0.54
chr10:27247600-27250000,ENSG00000136754.12$ABI1$chr10$27150016$-,0.43
chr10:27387600-27388800,ENSG00000136758.14$YME1L1$chr10$27444195$-,0.57
chr10:27389800-27392200,ENSG00000136758.14$YME1L1$chr10$27444195$-,0.46
chr10:27393200-27394800,ENSG00000136758.14$YME1L1$chr10$27444195$-,0.52
chr10:27434800-27437000,ENSG00000136758.14$YME1L1$chr10$27444195$-,0.62
chr10:27532400-27533600,ENSG00000136758.14$YME1L1$chr10$27444195$-,0.42
chr10:27540400-27541800,ENSG00000136758.14$YME1L1$chr10$27444195$-,0.41
chr10:27542000-27542800,ENSG00000136758.14$YME1L1$chr10$27444195$-,0.37
chr10:22261200-22262600,ENSG00000136770.6$DNAJC1$chr10$22292698$-,0.62
chr10:22289200-22291400,ENSG00000136770.6$DNAJC1$chr10$22292698$-,0.42
chr10:22348800-22350400,ENSG00000136770.6$DNAJC1$chr10$22292698$-,0.65
chr9:107526800-107528800,ENSG00000136783.9$NIPSNAP3A$chr9$107509969$+,0.69
chr9:107690400-107692000,ENSG00000136783.9$NIPSNAP3A$chr9$107509969$+,0.35
chr9:107729000-107730600,ENSG00000136783.9$NIPSNAP3A$chr9$107509969$+,0.47
chr9:131484000-131486000,ENSG00000136802.7$LRRC8A$chr9$131644391$+,0.45
chr9:131547800-131549200,ENSG00000136802.7$LRRC8A$chr9$131644391$+,0.57
chr9:131550200-131551800,ENSG00000136802.7$LRRC8A$chr9$131644391$+,0.56
chr9:131579800-131580400,ENSG00000136802.7$LRRC8A$chr9$131644391$+,0.61
chr9:131592200-131593000,ENSG00000136802.7$LRRC8A$chr9$131644391$+,0.57
chr9:131689000-131691400,ENSG00000136802.7$LRRC8A$chr9$131644391$+,0.52
chr9:131799600-131801600,ENSG00000136802.7$LRRC8A$chr9$131644391$+,0.42
chr9:130478400-130480200,ENSG00000136807.7$CDK9$chr9$130547958$+,0.53
chr9:131101600-131102400,ENSG00000136811.12$ODF2$chr9$131217465$+,0.44
chr9:131131200-131133000,ENSG00000136811.12$ODF2$chr9$131217465$+,0.4
chr9:131200600-131202000,ENSG00000136811.12$ODF2$chr9$131217465$+,0.51
chr9:131265200-131266800,ENSG00000136811.12$ODF2$chr9$131217465$+,0.44
chr9:131267600-131269800,ENSG00000136811.12$ODF2$chr9$131217465$+,0.38
chr9:114096400-114098200,ENSG00000136813.10$KIAA0368$chr9$114247025$-,0.43
chr9:114242800-114245000,ENSG00000136813.10$KIAA0368$chr9$114247025$-,0.55
chr9:114286400-114287400,ENSG00000136813.10$KIAA0368$chr9$114247025$-,0.7
chr9:114392400-114393200,ENSG00000136813.10$KIAA0368$chr9$114247025$-,0.4
chr9:132551800-132553200,ENSG00000136816.11$TOR1B$chr9$132565432$+,0.77
chr9:132584000-132586200,ENSG00000136816.11$TOR1B$chr9$132565432$+,0.64
chr9:132595000-132596800,ENSG00000136816.11$TOR1B$chr9$132565432$+,0.56
chr9:132551800-132553200,ENSG00000136819.10$C9orf78$chr9$132598142$-,0.55
chr9:132584000-132586200,ENSG00000136819.10$C9orf78$chr9$132598142$-,0.62
chr9:132595000-132596800,ENSG00000136819.10$C9orf78$chr9$132598142$-,0.44
chr9:132730200-132732600,ENSG00000136819.10$C9orf78$chr9$132598142$-,0.37
chr9:132733800-132735800,ENSG00000136819.10$C9orf78$chr9$132598142$-,0.35
chr9:132738400-132738800,ENSG00000136819.10$C9orf78$chr9$132598142$-,0.4
chr9:106791000-106791600,ENSG00000136824.14$SMC2$chr9$106856541$+,0.46
chr9:132551800-132553200,ENSG00000136827.11$TOR1A$chr9$132586413$-,0.59
chr9:132595000-132596800,ENSG00000136827.11$TOR1A$chr9$132586413$-,0.56
chr9:132730200-132732600,ENSG00000136827.11$TOR1A$chr9$132586413$-,0.37
chr9:132733800-132735800,ENSG00000136827.11$TOR1A$chr9$132586413$-,0.47
chr9:132738400-132738800,ENSG00000136827.11$TOR1A$chr9$132586413$-,0.36
chr9:129621400-129622600,ENSG00000136828.14$RALGPS1$chr9$129677053$+,0.46
chr9:130373400-130374000,ENSG00000136830.7$FAM129B$chr9$130341268$-,0.47
chr9:107526800-107528800,ENSG00000136839.1$OR13C9$chr9$107380485$-,0.38
chr9:100338000-100338800,ENSG00000136842.9$TMOD1$chr9$100263462$+,0.39
chr9:130373400-130374000,ENSG00000136854.13$STXBP1$chr9$130374544$+,0.35
chr9:130478400-130480200,ENSG00000136854.13$STXBP1$chr9$130374544$+,0.39
chr9:129987200-129989400,ENSG00000136856.13$SLC2A8$chr9$130159421$+,0.39
chr9:130006400-130007600,ENSG00000136856.13$SLC2A8$chr9$130159421$+,0.45
chr9:123361000-123362000,ENSG00000136861.13$CDK5RAP2$chr9$123342448$-,0.64
chr9:123381600-123383400,ENSG00000136861.13$CDK5RAP2$chr9$123342448$-,0.49
chr9:115821600-115822600,ENSG00000136866.9$ZFP37$chr9$115819039$-,0.66
chr9:115873800-115875200,ENSG00000136866.9$ZFP37$chr9$115819039$-,0.52
chr9:115821600-115822600,ENSG00000136867.6$SLC31A2$chr9$115913222$+,0.38
chr9:115873800-115875200,ENSG00000136867.6$SLC31A2$chr9$115913222$+,0.43
chr9:116035600-116036800,ENSG00000136867.6$SLC31A2$chr9$115913222$+,0.39
chr9:115821600-115822600,ENSG00000136868.9$SLC31A1$chr9$115983808$+,0.46
chr9:115873800-115875200,ENSG00000136868.9$SLC31A1$chr9$115983808$+,0.5
chr9:116035600-116036800,ENSG00000136868.9$SLC31A1$chr9$115983808$+,0.55
chr9:116173600-116174800,ENSG00000136868.9$SLC31A1$chr9$115983808$+,0.4
chr9:104323000-104325400,ENSG00000136870.6$ZNF189$chr9$104161155$+,0.43
chr9:102674000-102675600,ENSG00000136874.6$STX17$chr9$102668915$+,0.64
chr9:102710000-102710200,ENSG00000136874.6$STX17$chr9$102668915$+,0.54
chr9:115873800-115875200,ENSG00000136875.8$PRPF4$chr9$116037623$+,0.43
chr9:132551800-132553200,ENSG00000136878.8$USP20$chr9$132596977$+,0.46
chr9:132584000-132586200,ENSG00000136878.8$USP20$chr9$132596977$+,0.63
chr9:132738400-132738800,ENSG00000136878.8$USP20$chr9$132596977$+,0.35
chr9:117280200-117281400,ENSG00000136888.6$ATP6V1G1$chr9$117350026$+,0.5
chr9:117371400-117373800,ENSG00000136888.6$ATP6V1G1$chr9$117350026$+,0.49
chr9:117414200-117416600,ENSG00000136888.6$ATP6V1G1$chr9$117350026$+,0.53
chr9:117515600-117518000,ENSG00000136888.6$ATP6V1G1$chr9$117350026$+,0.4
chr9:103187400-103189000,ENSG00000136891.9$TEX10$chr9$103115221$-,0.58
chr9:129987200-129989400,ENSG00000136895.14$GARNL3$chr9$129986544$+,0.41
chr9:130006400-130007600,ENSG00000136895.14$GARNL3$chr9$129986544$+,0.64
chr9:127628800-127630600,ENSG00000136918.3$WDR38$chr9$127615755$+,0.64
chr9:127700400-127702600,ENSG00000136918.3$WDR38$chr9$127615755$+,0.48
chr9:127704200-127705600,ENSG00000136918.3$WDR38$chr9$127615755$+,0.55
chr9:100338000-100338800,ENSG00000136925.10$TSTD2$chr9$100395962$-,0.57
chr9:100393200-100395200,ENSG00000136925.10$TSTD2$chr9$100395962$-,0.36
chr9:100475600-100477800,ENSG00000136925.10$TSTD2$chr9$100395962$-,0.55
chr9:100657200-100658600,ENSG00000136929.8$HEMGN$chr9$100707138$-,0.49
chr9:100676000-100676200,ENSG00000136929.8$HEMGN$chr9$100707138$-,0.53
chr9:100703600-100704000,ENSG00000136929.8$HEMGN$chr9$100707138$-,0.58
chr9:100713000-100713800,ENSG00000136929.8$HEMGN$chr9$100707138$-,0.69
chr9:100816200-100818600,ENSG00000136929.8$HEMGN$chr9$100707138$-,0.39
chr9:100657200-100658600,ENSG00000136932.9$C9orf156$chr9$100684852$-,0.61
chr9:100676000-100676200,ENSG00000136932.9$C9orf156$chr9$100684852$-,0.61
chr9:100703600-100704000,ENSG00000136932.9$C9orf156$chr9$100684852$-,0.6
chr9:100713000-100713800,ENSG00000136932.9$C9orf156$chr9$100684852$-,0.44
chr9:100816200-100818600,ENSG00000136932.9$C9orf156$chr9$100684852$-,0.4
chr9:127905600-127907000,ENSG00000136933.12$RABEPK$chr9$127962821$+,0.52
chr9:128030200-128032000,ENSG00000136933.12$RABEPK$chr9$127962821$+,0.49
chr9:127704200-127705600,ENSG00000136935.9$GOLGA1$chr9$127710771$-,0.44
chr9:100338000-100338800,ENSG00000136936.6$XPA$chr9$100459639$-,0.4
chr9:100393200-100395200,ENSG00000136936.6$XPA$chr9$100459639$-,0.49
chr9:100475600-100477800,ENSG00000136936.6$XPA$chr9$100459639$-,0.6
chr9:100338000-100338800,ENSG00000136937.8$NCBP1$chr9$100395908$+,0.48
chr9:100393200-100395200,ENSG00000136937.8$NCBP1$chr9$100395908$+,0.35
chr9:100475600-100477800,ENSG00000136937.8$NCBP1$chr9$100395908$+,0.44
chr9:100657200-100658600,ENSG00000136938.8$ANP32B$chr9$100745643$+,0.41
chr9:100676000-100676200,ENSG00000136938.8$ANP32B$chr9$100745643$+,0.47
chr9:100703600-100704000,ENSG00000136938.8$ANP32B$chr9$100745643$+,0.6
chr9:100713000-100713800,ENSG00000136938.8$ANP32B$chr9$100745643$+,0.6
chr9:100816200-100818600,ENSG00000136938.8$ANP32B$chr9$100745643$+,0.44
chr9:100955400-100956800,ENSG00000136938.8$ANP32B$chr9$100745643$+,0.4
chr9:125597000-125598600,ENSG00000136939.1$OR1L4$chr9$125486269$+,0.39
chr9:125597000-125598600,ENSG00000136940.9$PDCL$chr9$125590910$-,0.64
chr9:125673000-125674800,ENSG00000136940.9$PDCL$chr9$125590910$-,0.43
chr9:125701400-125703200,ENSG00000136940.9$PDCL$chr9$125590910$-,0.44
chr9:99752200-99754000,ENSG00000136943.6$CTSV$chr9$99801925$-,0.38
chr9:127628800-127630600,ENSG00000136950.9$ARPC5L$chr9$127624409$+,0.61
chr9:127700400-127702600,ENSG00000136950.9$ARPC5L$chr9$127624409$+,0.5
chr9:127704200-127705600,ENSG00000136950.9$ARPC5L$chr9$127624409$+,0.55
chr8:120842600-120844600,ENSG00000136982.5$DSCC1$chr8$120868250$-,0.5
chr8:120845600-120846800,ENSG00000136982.5$DSCC1$chr8$120868250$-,0.57
chr8:120865400-120867600,ENSG00000136982.5$DSCC1$chr8$120868250$-,0.35
chr8:120868600-120870800,ENSG00000136982.5$DSCC1$chr8$120868250$-,0.39
chr8:124006400-124008600,ENSG00000136986.5$DERL1$chr8$124054663$-,0.52
chr8:124124000-124125800,ENSG00000136986.5$DERL1$chr8$124054663$-,0.45
chr8:124141200-124143000,ENSG00000136986.5$DERL1$chr8$124054663$-,0.42
chr8:124160600-124163000,ENSG00000136986.5$DERL1$chr8$124054663$-,0.43
chr8:128738000-128739000,ENSG00000136997.10$MYC$chr8$128747680$+,0.65
chr8:128848000-128850200,ENSG00000136997.10$MYC$chr8$128747680$+,0.54
chr9:7799800-7800800,ENSG00000137038.7$TMEM261$chr9$7888380$-,0.46
chr9:7843600-7844800,ENSG00000137038.7$TMEM261$chr9$7888380$-,0.62
chr9:7944200-7945200,ENSG00000137038.7$TMEM261$chr9$7888380$-,0.6
chr9:7946400-7948200,ENSG00000137038.7$TMEM261$chr9$7888380$-,0.66
chr9:5999400-6001800,ENSG00000137040.8$RANBP6$chr9$6015618$-,0.46
chr9:6023800-6025400,ENSG00000137040.8$RANBP6$chr9$6015618$-,0.61
chr9:6062800-6063800,ENSG00000137040.8$RANBP6$chr9$6015618$-,0.45
chr9:6068200-6070200,ENSG00000137040.8$RANBP6$chr9$6015618$-,0.49
chr9:37466600-37467400,ENSG00000137054.11$POLR1E$chr9$37485932$+,0.61
chr9:26936000-26938400,ENSG00000137055.10$PLAA$chr9$26947461$-,0.69
chr9:26956800-26958600,ENSG00000137055.10$PLAA$chr9$26947461$-,0.6
chr9:34609800-34611600,ENSG00000137070.13$IL11RA$chr9$34650699$+,0.47
chr9:34612600-34615000,ENSG00000137070.13$IL11RA$chr9$34650699$+,0.43
chr9:34618000-34620000,ENSG00000137070.13$IL11RA$chr9$34650699$+,0.41
chr9:34638200-34639400,ENSG00000137070.13$IL11RA$chr9$34650699$+,0.58
chr9:33987400-33989200,ENSG00000137073.16$UBAP2$chr9$34048947$-,0.47
chr9:34127000-34128400,ENSG00000137073.16$UBAP2$chr9$34048947$-,0.51
chr9:34171400-34173200,ENSG00000137073.16$UBAP2$chr9$34048947$-,0.42
chr9:34206000-34207600,ENSG00000137073.16$UBAP2$chr9$34048947$-,0.39
chr9:32999000-33001000,ENSG00000137074.14$APTX$chr9$33025166$-,0.5
chr9:33002000-33003400,ENSG00000137074.14$APTX$chr9$33025166$-,0.62
chr9:33021600-33021800,ENSG00000137074.14$APTX$chr9$33025166$-,0.62
chr9:33077000-33078200,ENSG00000137074.14$APTX$chr9$33025166$-,0.45
chr9:33084000-33085000,ENSG00000137074.14$APTX$chr9$33025166$-,0.46
chr9:36372400-36373800,ENSG00000137075.13$RNF38$chr9$36487545$-,0.4
chr9:36401200-36403400,ENSG00000137075.13$RNF38$chr9$36487545$-,0.37
chr9:36406200-36408400,ENSG00000137075.13$RNF38$chr9$36487545$-,0.44
chr9:36465000-36465600,ENSG00000137075.13$RNF38$chr9$36487545$-,0.67
chr9:36570800-36572400,ENSG00000137075.13$RNF38$chr9$36487545$-,0.42
chr9:36602800-36604000,ENSG00000137075.13$RNF38$chr9$36487545$-,0.45
chr9:35602200-35603800,ENSG00000137076.14$TLN1$chr9$35732392$-,0.52
chr9:35655800-35657800,ENSG00000137076.14$TLN1$chr9$35732392$-,0.52
chr9:35741400-35742800,ENSG00000137076.14$TLN1$chr9$35732392$-,0.64
chr9:35749800-35751800,ENSG00000137076.14$TLN1$chr9$35732392$-,0.56
chr9:35810000-35811800,ENSG00000137076.14$TLN1$chr9$35732392$-,0.62
chr9:35812200-35814400,ENSG00000137076.14$TLN1$chr9$35732392$-,0.64
chr9:35932800-35934400,ENSG00000137076.14$TLN1$chr9$35732392$-,0.43
chr9:35953200-35955600,ENSG00000137076.14$TLN1$chr9$35732392$-,0.37
chr9:35971600-35973000,ENSG00000137076.14$TLN1$chr9$35732392$-,0.39
chr9:35602200-35603800,ENSG00000137078.4$SIT1$chr9$35650937$-,0.5
chr9:35655800-35657800,ENSG00000137078.4$SIT1$chr9$35650937$-,0.54
chr9:35741400-35742800,ENSG00000137078.4$SIT1$chr9$35650937$-,0.4
chr9:35749800-35751800,ENSG00000137078.4$SIT1$chr9$35650937$-,0.36
chr9:35810000-35811800,ENSG00000137078.4$SIT1$chr9$35650937$-,0.35
chr9:35812200-35814400,ENSG00000137078.4$SIT1$chr9$35650937$-,0.37
chr9:21091200-21093200,ENSG00000137080.4$IFNA21$chr9$21166659$-,0.5
chr9:21100400-21101600,ENSG00000137080.4$IFNA21$chr9$21166659$-,0.54
chr9:21141200-21142800,ENSG00000137080.4$IFNA21$chr9$21166659$-,0.54
chr9:21144400-21145800,ENSG00000137080.4$IFNA21$chr9$21166659$-,0.61
chr9:21162800-21163600,ENSG00000137080.4$IFNA21$chr9$21166659$-,0.52
chr9:21182800-21184000,ENSG00000137080.4$IFNA21$chr9$21166659$-,0.64
chr9:21236000-21236800,ENSG00000137080.4$IFNA21$chr9$21166659$-,0.51
chr9:35035600-35038000,ENSG00000137094.10$DNAJB5$chr9$34989638$+,0.61
chr9:35072600-35074800,ENSG00000137094.10$DNAJB5$chr9$34989638$+,0.5
chr9:35094000-35096200,ENSG00000137094.10$DNAJB5$chr9$34989638$+,0.46
chr9:35096600-35097600,ENSG00000137094.10$DNAJB5$chr9$34989638$+,0.5
chr9:35741400-35742800,ENSG00000137098.9$SPAG8$chr9$35812269$-,0.5
chr9:35749800-35751800,ENSG00000137098.9$SPAG8$chr9$35812269$-,0.54
chr9:35932800-35934400,ENSG00000137098.9$SPAG8$chr9$35812269$-,0.51
chr9:34609800-34611600,ENSG00000137100.11$DCTN3$chr9$34620515$-,0.66
chr9:34612600-34615000,ENSG00000137100.11$DCTN3$chr9$34620515$-,0.6
chr9:34618000-34620000,ENSG00000137100.11$DCTN3$chr9$34620515$-,0.39
chr9:34638200-34639400,ENSG00000137100.11$DCTN3$chr9$34620515$-,0.57
chr9:35602200-35603800,ENSG00000137101.8$CD72$chr9$35646807$-,0.52
chr9:35655800-35657800,ENSG00000137101.8$CD72$chr9$35646807$-,0.58
chr9:35741400-35742800,ENSG00000137101.8$CD72$chr9$35646807$-,0.41
chr9:35749800-35751800,ENSG00000137101.8$CD72$chr9$35646807$-,0.38
chr9:35810000-35811800,ENSG00000137101.8$CD72$chr9$35646807$-,0.38
chr9:35655800-35657800,ENSG00000137103.12$TMEM8B$chr9$35814448$+,0.41
chr9:35741400-35742800,ENSG00000137103.12$TMEM8B$chr9$35814448$+,0.58
chr9:35749800-35751800,ENSG00000137103.12$TMEM8B$chr9$35814448$+,0.54
chr9:35810000-35811800,ENSG00000137103.12$TMEM8B$chr9$35814448$+,0.65
chr9:35932800-35934400,ENSG00000137103.12$TMEM8B$chr9$35814448$+,0.48
chr9:35953200-35955600,ENSG00000137103.12$TMEM8B$chr9$35814448$+,0.37
chr9:37466600-37467400,ENSG00000137106.13$GRHPR$chr9$37422663$+,0.5
chr9:38393200-38395600,ENSG00000137124.6$ALDH1B1$chr9$38392661$+,0.44
chr9:35655800-35657800,ENSG00000137133.6$HINT2$chr9$35815351$-,0.36
chr9:35741400-35742800,ENSG00000137133.6$HINT2$chr9$35815351$-,0.62
chr9:35749800-35751800,ENSG00000137133.6$HINT2$chr9$35815351$-,0.62
chr9:35810000-35811800,ENSG00000137133.6$HINT2$chr9$35815351$-,0.66
chr9:35932800-35934400,ENSG00000137133.6$HINT2$chr9$35815351$-,0.45
chr9:35971600-35973000,ENSG00000137133.6$HINT2$chr9$35815351$-,0.41
chr9:35655800-35657800,ENSG00000137135.13$ARHGEF39$chr9$35675863$-,0.39
chr9:19095400-19095800,ENSG00000137145.16$DENND4C$chr9$19230433$+,0.43
chr9:19260600-19261600,ENSG00000137145.16$DENND4C$chr9$19230433$+,0.62
chr9:19275400-19277800,ENSG00000137145.16$DENND4C$chr9$19230433$+,0.53
chr6:42950800-42951600,ENSG00000137161.12$CNPY3$chr6$42896938$+,0.46
chr6:43025200-43026800,ENSG00000137161.12$CNPY3$chr6$42896938$+,0.4
chr6:43137600-43138400,ENSG00000137161.12$CNPY3$chr6$42896938$+,0.36
chr6:36852400-36853600,ENSG00000137168.7$PPIL1$chr6$36842800$-,0.65
chr6:36954600-36956200,ENSG00000137168.7$PPIL1$chr6$36842800$-,0.38
chr6:17988200-17990000,ENSG00000137177.14$KIF13A$chr6$17987854$-,0.38
chr6:28128000-28129400,ENSG00000137185.7$ZSCAN9$chr6$28192664$+,0.41
chr6:28129800-28131200,ENSG00000137185.7$ZSCAN9$chr6$28192664$+,0.38
chr6:28169800-28170800,ENSG00000137185.7$ZSCAN9$chr6$28192664$+,0.47
chr6:28220200-28222600,ENSG00000137185.7$ZSCAN9$chr6$28192664$+,0.54
chr6:28226400-28227800,ENSG00000137185.7$ZSCAN9$chr6$28192664$+,0.4
chr6:37087000-37088200,ENSG00000137193.9$PIM1$chr6$37137979$+,0.54
chr6:37190400-37191400,ENSG00000137193.9$PIM1$chr6$37137979$+,0.46
chr6:37223800-37225400,ENSG00000137193.9$PIM1$chr6$37137979$+,0.43
chr6:37190400-37191400,ENSG00000137200.8$CMTR1$chr6$37400995$+,0.4
chr6:37223800-37225400,ENSG00000137200.8$CMTR1$chr6$37400995$+,0.35
chr6:37321000-37321800,ENSG00000137200.8$CMTR1$chr6$37400995$+,0.46
chr6:37399000-37400600,ENSG00000137200.8$CMTR1$chr6$37400995$+,0.37
chr6:37473400-37473800,ENSG00000137200.8$CMTR1$chr6$37400995$+,0.46
chr6:37509000-37510400,ENSG00000137200.8$CMTR1$chr6$37400995$+,0.37
chr6:43393400-43395000,ENSG00000137207.7$YIPF3$chr6$43484728$-,0.45
chr6:10695800-10698000,ENSG00000137210.9$TMEM14B$chr6$10747992$+,0.59
chr6:44212600-44214000,ENSG00000137216.14$TMEM63B$chr6$44094651$+,0.48
chr6:44281000-44281800,ENSG00000137216.14$TMEM63B$chr6$44094651$+,0.38
chr6:41886800-41888400,ENSG00000137218.6$FRS3$chr6$41754280$-,0.44
chr6:41919800-41921800,ENSG00000137218.6$FRS3$chr6$41754280$-,0.35
chr6:43298800-43301000,ENSG00000137221.10$TJAP1$chr6$43445261$+,0.37
chr6:43393400-43395000,ENSG00000137221.10$TJAP1$chr6$43445261$+,0.55
chr6:43485400-43487800,ENSG00000137221.10$TJAP1$chr6$43445261$+,0.47
chr6:26042400-26044600,ENSG00000137259.2$HIST1H2AB$chr6$26033796$-,0.58
chr6:26057200-26058800,ENSG00000137259.2$HIST1H2AB$chr6$26033796$-,0.51
chr6:26085800-26087600,ENSG00000137259.2$HIST1H2AB$chr6$26033796$-,0.51
chr6:26088200-26090400,ENSG00000137259.2$HIST1H2AB$chr6$26033796$-,0.47
chr6:26115200-26117000,ENSG00000137259.2$HIST1H2AB$chr6$26033796$-,0.46
chr6:26180200-26182000,ENSG00000137259.2$HIST1H2AB$chr6$26033796$-,0.45
chr6:26235600-26237400,ENSG00000137259.2$HIST1H2AB$chr6$26033796$-,0.36
chr6:26239800-26241000,ENSG00000137259.2$HIST1H2AB$chr6$26033796$-,0.35
chr6:24667800-24669600,ENSG00000137261.9$KIAA0319$chr6$24646383$-,0.67
chr6:24699800-24701000,ENSG00000137261.9$KIAA0319$chr6$24646383$-,0.6
chr6:24863600-24866000,ENSG00000137261.9$KIAA0319$chr6$24646383$-,0.35
chr6:24870600-24871000,ENSG00000137261.9$KIAA0319$chr6$24646383$-,0.35
chr6:431400-433000,ENSG00000137265.10$IRF4$chr6$391739$+,0.45
chr6:477600-480000,ENSG00000137265.10$IRF4$chr6$391739$+,0.37
chr6:492400-493400,ENSG00000137265.10$IRF4$chr6$391739$+,0.4
chr6:3058800-3060000,ENSG00000137267.5$TUBB2A$chr6$3157760$-,0.45
chr6:3116200-3118400,ENSG00000137267.5$TUBB2A$chr6$3157760$-,0.62
chr6:3119400-3121400,ENSG00000137267.5$TUBB2A$chr6$3157760$-,0.59
chr6:3257000-3259000,ENSG00000137267.5$TUBB2A$chr6$3157760$-,0.53
chr6:3276400-3278600,ENSG00000137267.5$TUBB2A$chr6$3157760$-,0.37
chr6:3058800-3060000,ENSG00000137274.8$BPHL$chr6$3118608$+,0.46
chr6:3257000-3259000,ENSG00000137274.8$BPHL$chr6$3118608$+,0.43
chr6:3276400-3278600,ENSG00000137274.8$BPHL$chr6$3118608$+,0.36
chr6:2895400-2895600,ENSG00000137275.9$RIPK1$chr6$3064225$+,0.41
chr6:3058800-3060000,ENSG00000137275.9$RIPK1$chr6$3064225$+,0.69
chr6:3116200-3118400,ENSG00000137275.9$RIPK1$chr6$3064225$+,0.55
chr6:3119400-3121400,ENSG00000137275.9$RIPK1$chr6$3064225$+,0.57
chr6:3276400-3278600,ENSG00000137275.9$RIPK1$chr6$3064225$+,0.35
chr6:3257000-3259000,ENSG00000137285.9$TUBB2B$chr6$3231964$-,0.38
chr6:34121600-34123600,ENSG00000137309.15$HMGA1$chr6$34204650$+,0.61
chr6:34130000-34132200,ENSG00000137309.15$HMGA1$chr6$34204650$+,0.62
chr6:34157400-34158800,ENSG00000137309.15$HMGA1$chr6$34204650$+,0.66
chr6:34360800-34362400,ENSG00000137309.15$HMGA1$chr6$34204650$+,0.4
chr6:34455400-34456600,ENSG00000137309.15$HMGA1$chr6$34204650$+,0.36
chr6:31047000-31048200,ENSG00000137310.7$TCF19$chr6$31126319$+,0.6
chr6:31058600-31060400,ENSG00000137310.7$TCF19$chr6$31126319$+,0.48
chr6:31123400-31125600,ENSG00000137310.7$TCF19$chr6$31126319$+,0.36
chr6:31227200-31229200,ENSG00000137310.7$TCF19$chr6$31126319$+,0.46
chr6:31275400-31277400,ENSG00000137310.7$TCF19$chr6$31126319$+,0.46
chr6:31299400-31301600,ENSG00000137310.7$TCF19$chr6$31126319$+,0.39
chr6:30586200-30588000,ENSG00000137312.10$FLOT1$chr6$30710510$-,0.4
chr6:30595000-30597000,ENSG00000137312.10$FLOT1$chr6$30710510$-,0.37
chr6:30616000-30617800,ENSG00000137312.10$FLOT1$chr6$30710510$-,0.46
chr6:30658800-30660400,ENSG00000137312.10$FLOT1$chr6$30710510$-,0.44
chr6:30682400-30684800,ENSG00000137312.10$FLOT1$chr6$30710510$-,0.6
chr6:30685800-30687600,ENSG00000137312.10$FLOT1$chr6$30710510$-,0.52
chr6:30793600-30793800,ENSG00000137312.10$FLOT1$chr6$30710510$-,0.56
chr6:30880000-30882200,ENSG00000137312.10$FLOT1$chr6$30710510$-,0.37
chr6:30682400-30684800,ENSG00000137331.11$IER3$chr6$30712331$-,0.42
chr6:30685800-30687600,ENSG00000137331.11$IER3$chr6$30712331$-,0.39
chr6:30793600-30793800,ENSG00000137331.11$IER3$chr6$30712331$-,0.36
chr6:30564800-30565600,ENSG00000137337.10$MDC1$chr6$30685666$-,0.4
chr6:30573800-30576000,ENSG00000137337.10$MDC1$chr6$30685666$-,0.38
chr6:30586200-30588000,ENSG00000137337.10$MDC1$chr6$30685666$-,0.4
chr6:30595000-30597000,ENSG00000137337.10$MDC1$chr6$30685666$-,0.35
chr6:30658800-30660400,ENSG00000137337.10$MDC1$chr6$30685666$-,0.55
chr6:30682400-30684800,ENSG00000137337.10$MDC1$chr6$30685666$-,0.48
chr6:28220200-28222600,ENSG00000137338.4$PGBD1$chr6$28249314$+,0.46
chr6:28226400-28227800,ENSG00000137338.4$PGBD1$chr6$28249314$+,0.45
chr6:28270800-28272400,ENSG00000137338.4$PGBD1$chr6$28249314$+,0.59
chr6:28301000-28303400,ENSG00000137338.4$PGBD1$chr6$28249314$+,0.45
chr6:28304400-28306800,ENSG00000137338.4$PGBD1$chr6$28249314$+,0.47
chr6:30467400-30469600,ENSG00000137343.13$ATAT1$chr6$30594619$+,0.42
chr6:30479800-30480400,ENSG00000137343.13$ATAT1$chr6$30594619$+,0.41
chr6:30480600-30481000,ENSG00000137343.13$ATAT1$chr6$30594619$+,0.38
chr6:30525600-30528000,ENSG00000137343.13$ATAT1$chr6$30594619$+,0.51
chr6:30564800-30565600,ENSG00000137343.13$ATAT1$chr6$30594619$+,0.61
chr6:30573800-30576000,ENSG00000137343.13$ATAT1$chr6$30594619$+,0.6
chr6:30586200-30588000,ENSG00000137343.13$ATAT1$chr6$30594619$+,0.72
chr6:30595000-30597000,ENSG00000137343.13$ATAT1$chr6$30594619$+,0.36
chr6:30616000-30617800,ENSG00000137343.13$ATAT1$chr6$30594619$+,0.63
chr6:30658800-30660400,ENSG00000137343.13$ATAT1$chr6$30594619$+,0.56
chr6:30682400-30684800,ENSG00000137343.13$ATAT1$chr6$30594619$+,0.5
chr6:30685800-30687600,ENSG00000137343.13$ATAT1$chr6$30594619$+,0.53
chr6:17988200-17990000,ENSG00000137364.4$TPMT$chr6$18155305$-,0.44
chr6:18115000-18116600,ENSG00000137364.4$TPMT$chr6$18155305$-,0.6
chr6:18248800-18249000,ENSG00000137364.4$TPMT$chr6$18155305$-,0.41
chr6:30595000-30597000,ENSG00000137404.10$NRM$chr6$30659197$-,0.38
chr6:30616000-30617800,ENSG00000137404.10$NRM$chr6$30659197$-,0.44
chr6:30682400-30684800,ENSG00000137404.10$NRM$chr6$30659197$-,0.46
chr6:30685800-30687600,ENSG00000137404.10$NRM$chr6$30659197$-,0.43
chr6:36843000-36844400,ENSG00000137409.14$MTCH1$chr6$36954074$-,0.35
chr6:36852400-36853600,ENSG00000137409.14$MTCH1$chr6$36954074$-,0.39
chr6:37087000-37088200,ENSG00000137409.14$MTCH1$chr6$36954074$-,0.39
chr6:37190400-37191400,ENSG00000137409.14$MTCH1$chr6$36954074$-,0.35
chr6:30793600-30793800,ENSG00000137411.12$VARS2$chr6$30876019$+,0.44
chr6:30880000-30882200,ENSG00000137411.12$VARS2$chr6$30876019$+,0.53
chr6:41919800-41921800,ENSG00000137413.11$TAF8$chr6$42018251$+,0.4
chr6:41964200-41966200,ENSG00000137413.11$TAF8$chr6$42018251$+,0.55
chr6:41968600-41970600,ENSG00000137413.11$TAF8$chr6$42018251$+,0.57
chr6:17683400-17685600,ENSG00000137414.5$FAM8A1$chr6$17600586$+,0.48
chr6:17696600-17696800,ENSG00000137414.5$FAM8A1$chr6$17600586$+,0.45
chr6:17707600-17708600,ENSG00000137414.5$FAM8A1$chr6$17600586$+,0.43
chr4:15001000-15002800,ENSG00000137449.11$CPEB2$chr4$15004298$+,0.54
chr4:154606200-154607200,ENSG00000137462.6$TLR2$chr4$154622652$+,0.6
chr11:72752400-72753000,ENSG00000137478.10$FCHSD2$chr11$72853306$-,0.42
chr11:72834200-72834800,ENSG00000137478.10$FCHSD2$chr11$72853306$-,0.62
chr11:73016600-73018800,ENSG00000137478.10$FCHSD2$chr11$72853306$-,0.48
chr11:74814200-74815600,ENSG00000137486.12$ARRB1$chr11$75062873$-,0.42
chr11:74850600-74852600,ENSG00000137486.12$ARRB1$chr11$75062873$-,0.39
chr11:75156400-75157200,ENSG00000137486.12$ARRB1$chr11$75062873$-,0.49
chr11:75244800-75247000,ENSG00000137486.12$ARRB1$chr11$75062873$-,0.36
chr11:74814200-74815600,ENSG00000137491.10$SLCO2B1$chr11$74811608$+,0.46
chr11:74850600-74852600,ENSG00000137491.10$SLCO2B1$chr11$74811608$+,0.51
chr11:76152800-76155000,ENSG00000137492.3$PRKRIR$chr11$76092015$-,0.58
chr11:82788400-82790000,ENSG00000137494.9$ANKRD42$chr11$82904781$+,0.37
chr11:82832600-82834800,ENSG00000137494.9$ANKRD42$chr11$82904781$+,0.51
chr11:82865600-82867000,ENSG00000137494.9$ANKRD42$chr11$82904781$+,0.66
chr11:82877200-82877600,ENSG00000137494.9$ANKRD42$chr11$82904781$+,0.66
chr11:82888200-82889200,ENSG00000137494.9$ANKRD42$chr11$82904781$+,0.67
chr11:71638000-71639000,ENSG00000137496.13$IL18BP$chr11$71709587$+,0.51
chr11:71814400-71815800,ENSG00000137496.13$IL18BP$chr11$71709587$+,0.48
chr11:71821000-71823000,ENSG00000137496.13$IL18BP$chr11$71709587$+,0.49
chr11:71824000-71826200,ENSG00000137496.13$IL18BP$chr11$71709587$+,0.45
chr11:71638000-71639000,ENSG00000137497.13$NUMA1$chr11$71791739$-,0.39
chr11:71814400-71815800,ENSG00000137497.13$NUMA1$chr11$71791739$-,0.59
chr11:71821000-71823000,ENSG00000137497.13$NUMA1$chr11$71791739$-,0.66
chr11:71824000-71826200,ENSG00000137497.13$NUMA1$chr11$71791739$-,0.65
chr11:82832600-82834800,ENSG00000137500.5$CCDC90B$chr11$82997450$-,0.37
chr11:82865600-82867000,ENSG00000137500.5$CCDC90B$chr11$82997450$-,0.45
chr11:82877200-82877600,ENSG00000137500.5$CCDC90B$chr11$82997450$-,0.41
chr11:82888200-82889200,ENSG00000137500.5$CCDC90B$chr11$82997450$-,0.38
chr11:82902200-82904200,ENSG00000137500.5$CCDC90B$chr11$82997450$-,0.43
chr11:85376600-85378200,ENSG00000137501.12$SYTL2$chr11$85522184$-,0.36
chr11:85405400-85407800,ENSG00000137501.12$SYTL2$chr11$85522184$-,0.37
chr11:85564600-85565600,ENSG00000137501.12$SYTL2$chr11$85522184$-,0.61
chr11:85566000-85567400,ENSG00000137501.12$SYTL2$chr11$85522184$-,0.64
chr11:82630200-82632600,ENSG00000137502.5$RAB30$chr11$82782965$-,0.35
chr11:82637600-82639200,ENSG00000137502.5$RAB30$chr11$82782965$-,0.42
chr11:82788400-82790000,ENSG00000137502.5$RAB30$chr11$82782965$-,0.51
chr11:82832600-82834800,ENSG00000137502.5$RAB30$chr11$82782965$-,0.51
chr11:82865600-82867000,ENSG00000137502.5$RAB30$chr11$82782965$-,0.47
chr11:82877200-82877600,ENSG00000137502.5$RAB30$chr11$82782965$-,0.44
chr11:82888200-82889200,ENSG00000137502.5$RAB30$chr11$82782965$-,0.37
chr11:82902200-82904200,ENSG00000137502.5$RAB30$chr11$82782965$-,0.39
chr11:85359600-85361600,ENSG00000137504.9$CREBZF$chr11$85393951$-,0.46
chr11:85376600-85378200,ENSG00000137504.9$CREBZF$chr11$85393951$-,0.71
chr11:85405400-85407800,ENSG00000137504.9$CREBZF$chr11$85393951$-,0.72
chr11:82630200-82632600,ENSG00000137509.6$PRCP$chr11$82681626$-,0.47
chr11:82637600-82639200,ENSG00000137509.6$PRCP$chr11$82681626$-,0.5
chr11:82788400-82790000,ENSG00000137509.6$PRCP$chr11$82681626$-,0.42
chr11:82832600-82834800,ENSG00000137509.6$PRCP$chr11$82681626$-,0.4
chr11:71499000-71501200,ENSG00000137522.13$RNF121$chr11$71639747$+,0.52
chr11:71638000-71639000,ENSG00000137522.13$RNF121$chr11$71639747$+,0.35
chr11:71814400-71815800,ENSG00000137522.13$RNF121$chr11$71639747$+,0.36
chr8:64078200-64080400,ENSG00000137563.7$GGH$chr8$63951730$-,0.41
chr8:56680400-56681400,ENSG00000137574.6$TGS1$chr8$56685701$+,0.59
chr8:59363800-59365200,ENSG00000137575.7$SDCBP$chr8$59465483$+,0.54
chr8:59569000-59571200,ENSG00000137575.7$SDCBP$chr8$59465483$+,0.43
chr4:170613000-170614600,ENSG00000137601.11$NEK1$chr4$170533780$-,0.5
chr4:169237400-169239400,ENSG00000137628.12$DDX60$chr4$169239958$-,0.36
chr11:114308400-114310200,ENSG00000137634.5$NXPE4$chr11$114466484$-,0.38
chr11:121162000-121162800,ENSG00000137642.8$SORL1$chr11$121322912$+,0.43
chr11:121267600-121267800,ENSG00000137642.8$SORL1$chr11$121322912$+,0.58
chr11:121362200-121362600,ENSG00000137642.8$SORL1$chr11$121322912$+,0.55
chr11:117912400-117914200,ENSG00000137648.12$TMPRSS4$chr11$117947753$+,0.39
chr11:117919200-117920000,ENSG00000137648.12$TMPRSS4$chr11$117947753$+,0.44
chr11:117920800-117921200,ENSG00000137648.12$TMPRSS4$chr11$117947753$+,0.43
chr11:102906000-102908000,ENSG00000137692.7$DCUN1D5$chr11$102962944$-,0.47
chr11:102937800-102938800,ENSG00000137692.7$DCUN1D5$chr11$102962944$-,0.58
chr11:102939800-102942200,ENSG00000137692.7$DCUN1D5$chr11$102962944$-,0.68
chr11:102978600-102979800,ENSG00000137692.7$DCUN1D5$chr11$102962944$-,0.66
chr11:101981400-101983400,ENSG00000137693.9$YAP1$chr11$101981192$+,0.46
chr11:110249600-110251800,ENSG00000137714.2$FDX1$chr11$110300607$+,0.56
chr11:110258800-110261200,ENSG00000137714.2$FDX1$chr11$110300607$+,0.52
chr11:111637600-111639000,ENSG00000137720.3$C11orf1$chr11$111749659$+,0.51
chr11:111740000-111741600,ENSG00000137720.3$C11orf1$chr11$111749659$+,0.48
chr11:111742400-111743400,ENSG00000137720.3$C11orf1$chr11$111749659$+,0.61
chr11:111893200-111895400,ENSG00000137720.3$C11orf1$chr11$111749659$+,0.41
chr11:111896800-111898000,ENSG00000137720.3$C11orf1$chr11$111749659$+,0.35
chr11:117789600-117791200,ENSG00000137731.9$FXYD2$chr11$117699413$-,0.52
chr11:117898800-117899000,ENSG00000137731.9$FXYD2$chr11$117699413$-,0.38
chr11:117899200-117900800,ENSG00000137731.9$FXYD2$chr11$117699413$-,0.42
chr11:117903600-117905000,ENSG00000137731.9$FXYD2$chr11$117699413$-,0.35
chr11:117789600-117791200,ENSG00000137747.10$TMPRSS13$chr11$117800174$-,0.78
chr11:117898800-117899000,ENSG00000137747.10$TMPRSS13$chr11$117800174$-,0.4
chr11:117899200-117900800,ENSG00000137747.10$TMPRSS13$chr11$117800174$-,0.36
chr11:117903600-117905000,ENSG00000137747.10$TMPRSS13$chr11$117800174$-,0.35
chr11:117919200-117920000,ENSG00000137747.10$TMPRSS13$chr11$117800174$-,0.35
chr11:117920800-117921200,ENSG00000137747.10$TMPRSS13$chr11$117800174$-,0.39
chr11:104803200-104803400,ENSG00000137752.18$CASP1$chr11$104972158$-,0.39
chr11:104817400-104819000,ENSG00000137752.18$CASP1$chr11$104972158$-,0.52
chr11:104839200-104841000,ENSG00000137752.18$CASP1$chr11$104972158$-,0.45
chr11:104897200-104897600,ENSG00000137752.18$CASP1$chr11$104972158$-,0.54
chr11:104897800-104898000,ENSG00000137752.18$CASP1$chr11$104972158$-,0.56
chr11:104936400-104937200,ENSG00000137752.18$CASP1$chr11$104972158$-,0.63
chr11:104839200-104841000,ENSG00000137757.6$CASP5$chr11$104893895$-,0.49
chr11:104897200-104897600,ENSG00000137757.6$CASP5$chr11$104893895$-,0.46
chr11:104897800-104898000,ENSG00000137757.6$CASP5$chr11$104893895$-,0.4
chr11:104936400-104937200,ENSG00000137757.6$CASP5$chr11$104893895$-,0.38
chr11:107322400-107323200,ENSG00000137760.10$ALKBH8$chr11$107436472$-,0.38
chr11:107325600-107328000,ENSG00000137760.10$ALKBH8$chr11$107436472$-,0.44
chr15:44736000-44736400,ENSG00000137770.9$CTDSPL2$chr15$44719432$+,0.76
chr15:44749000-44751000,ENSG00000137770.9$CTDSPL2$chr15$44719432$+,0.54
chr15:44759200-44759600,ENSG00000137770.9$CTDSPL2$chr15$44719432$+,0.65
chr15:44760600-44761600,ENSG00000137770.9$CTDSPL2$chr15$44719432$+,0.56
chr15:44826600-44828200,ENSG00000137770.9$CTDSPL2$chr15$44719432$+,0.54
chr15:44841600-44843600,ENSG00000137770.9$CTDSPL2$chr15$44719432$+,0.38
chr15:59061000-59063000,ENSG00000137776.12$SLTM$chr15$59225852$-,0.37
chr15:59070800-59072000,ENSG00000137776.12$SLTM$chr15$59225852$-,0.38
chr15:59153200-59155200,ENSG00000137776.12$SLTM$chr15$59225852$-,0.56
chr15:59213200-59214400,ENSG00000137776.12$SLTM$chr15$59225852$-,0.69
chr15:59249400-59250200,ENSG00000137776.12$SLTM$chr15$59225852$-,0.78
chr15:59311600-59313000,ENSG00000137776.12$SLTM$chr15$59225852$-,0.45
chr15:59320400-59322600,ENSG00000137776.12$SLTM$chr15$59225852$-,0.39
chr15:59396200-59396800,ENSG00000137776.12$SLTM$chr15$59225852$-,0.37
chr15:41963000-41965200,ENSG00000137802.9$MAPKBP1$chr15$42066632$+,0.49
chr15:42195800-42198200,ENSG00000137802.9$MAPKBP1$chr15$42066632$+,0.36
chr15:42265200-42267200,ENSG00000137802.9$MAPKBP1$chr15$42066632$+,0.36
chr15:41622400-41624200,ENSG00000137804.8$NUSAP1$chr15$41624892$+,0.36
chr15:41693200-41694200,ENSG00000137804.8$NUSAP1$chr15$41624892$+,0.55
chr15:41707400-41708600,ENSG00000137804.8$NUSAP1$chr15$41624892$+,0.59
chr15:41720600-41723000,ENSG00000137804.8$NUSAP1$chr15$41624892$+,0.42
chr15:41726600-41729000,ENSG00000137804.8$NUSAP1$chr15$41624892$+,0.39
chr15:41734800-41736000,ENSG00000137804.8$NUSAP1$chr15$41624892$+,0.37
chr15:41622400-41624200,ENSG00000137806.4$NDUFAF1$chr15$41694717$-,0.53
chr15:41625600-41627400,ENSG00000137806.4$NDUFAF1$chr15$41694717$-,0.5
chr15:41707400-41708600,ENSG00000137806.4$NDUFAF1$chr15$41694717$-,0.68
chr15:41720600-41723000,ENSG00000137806.4$NDUFAF1$chr15$41694717$-,0.62
chr15:41726600-41729000,ENSG00000137806.4$NDUFAF1$chr15$41694717$-,0.56
chr15:41734800-41736000,ENSG00000137806.4$NDUFAF1$chr15$41694717$-,0.52
chr15:41836400-41837800,ENSG00000137806.4$NDUFAF1$chr15$41694717$-,0.37
chr15:41845600-41847600,ENSG00000137806.4$NDUFAF1$chr15$41694717$-,0.35
chr15:69734800-69736400,ENSG00000137807.9$KIF23$chr15$69706585$+,0.58
chr15:69743400-69744800,ENSG00000137807.9$KIF23$chr15$69706585$+,0.61
chr15:40784800-40787200,ENSG00000137812.15$CASC5$chr15$40886218$+,0.38
chr15:40891600-40891800,ENSG00000137812.15$CASC5$chr15$40886218$+,0.59
chr15:42763200-42765200,ENSG00000137814.5$HAUS2$chr15$42841008$+,0.61
chr15:42866200-42867400,ENSG00000137814.5$HAUS2$chr15$42841008$+,0.5
chr15:42938600-42940600,ENSG00000137814.5$HAUS2$chr15$42841008$+,0.5
chr15:43029600-43030800,ENSG00000137814.5$HAUS2$chr15$42841008$+,0.35
chr15:41693200-41694200,ENSG00000137815.10$RTF1$chr15$41700606$+,0.43
chr15:41707400-41708600,ENSG00000137815.10$RTF1$chr15$41700606$+,0.6
chr15:72669000-72670600,ENSG00000137817.12$PARP6$chr15$72565340$-,0.49
chr15:43623200-43624600,ENSG00000137822.8$TUBGCP4$chr15$43661419$+,0.39
chr15:43663800-43665800,ENSG00000137822.8$TUBGCP4$chr15$43661419$+,0.39
chr15:40891600-40891800,ENSG00000137824.11$RMDN3$chr15$41048049$-,0.35
chr15:40985400-40986600,ENSG00000137824.11$RMDN3$chr15$41048049$-,0.5
chr15:41097800-41099200,ENSG00000137824.11$RMDN3$chr15$41048049$-,0.48
chr15:41175800-41177800,ENSG00000137824.11$RMDN3$chr15$41048049$-,0.41
chr15:41187400-41189000,ENSG00000137824.11$RMDN3$chr15$41048049$-,0.41
chr15:41693200-41694200,ENSG00000137825.6$ITPKA$chr15$41785591$+,0.36
chr15:41707400-41708600,ENSG00000137825.6$ITPKA$chr15$41785591$+,0.39
chr15:41720600-41723000,ENSG00000137825.6$ITPKA$chr15$41785591$+,0.35
chr15:41726600-41729000,ENSG00000137825.6$ITPKA$chr15$41785591$+,0.46
chr15:41734800-41736000,ENSG00000137825.6$ITPKA$chr15$41785591$+,0.57
chr15:41834200-41836000,ENSG00000137825.6$ITPKA$chr15$41785591$+,0.44
chr15:41836400-41837800,ENSG00000137825.6$ITPKA$chr15$41785591$+,0.51
chr15:41845600-41847600,ENSG00000137825.6$ITPKA$chr15$41785591$+,0.41
chr15:40452200-40453200,ENSG00000137841.7$PLCB2$chr15$40600136$-,0.44
chr15:40673800-40675200,ENSG00000137841.7$PLCB2$chr15$40600136$-,0.48
chr15:40675600-40678000,ENSG00000137841.7$PLCB2$chr15$40600136$-,0.53
chr15:40764000-40765600,ENSG00000137841.7$PLCB2$chr15$40600136$-,0.47
chr15:40784800-40787200,ENSG00000137841.7$PLCB2$chr15$40600136$-,0.35
chr15:40798600-40800200,ENSG00000137841.7$PLCB2$chr15$40600136$-,0.41
chr15:43398800-43401200,ENSG00000137842.2$TMEM62$chr15$43415477$+,0.6
chr15:43423600-43425400,ENSG00000137842.2$TMEM62$chr15$43415477$+,0.67
chr15:43425800-43428000,ENSG00000137842.2$TMEM62$chr15$43415477$+,0.63
chr15:43435000-43437400,ENSG00000137842.2$TMEM62$chr15$43415477$+,0.65
chr15:43496000-43497600,ENSG00000137842.2$TMEM62$chr15$43415477$+,0.36
chr15:58942400-58943000,ENSG00000137845.10$ADAM10$chr15$59042177$-,0.38
chr15:58978000-58979200,ENSG00000137845.10$ADAM10$chr15$59042177$-,0.55
chr15:58986200-58988200,ENSG00000137845.10$ADAM10$chr15$59042177$-,0.48
chr15:58988400-58990800,ENSG00000137845.10$ADAM10$chr15$59042177$-,0.59
chr15:58991000-58993200,ENSG00000137845.10$ADAM10$chr15$59042177$-,0.56
chr15:59061000-59063000,ENSG00000137845.10$ADAM10$chr15$59042177$-,0.55
chr15:59070800-59072000,ENSG00000137845.10$ADAM10$chr15$59042177$-,0.6
chr15:59153200-59155200,ENSG00000137845.10$ADAM10$chr15$59042177$-,0.36
chr15:45480600-45481600,ENSG00000137857.13$DUOX1$chr15$45422131$+,0.36
chr15:57180000-57181800,ENSG00000137871.15$ZNF280D$chr15$57210769$-,0.55
chr15:57198000-57200400,ENSG00000137871.15$ZNF280D$chr15$57210769$-,0.65
chr15:57207800-57210200,ENSG00000137871.15$ZNF280D$chr15$57210769$-,0.35
chr15:55368200-55370000,ENSG00000137876.5$RSL24D1$chr15$55489265$-,0.48
chr15:55564400-55564600,ENSG00000137876.5$RSL24D1$chr15$55489265$-,0.41
chr15:55564800-55566200,ENSG00000137876.5$RSL24D1$chr15$55489265$-,0.51
chr15:55606600-55607800,ENSG00000137876.5$RSL24D1$chr15$55489265$-,0.4
chr15:42064800-42066200,ENSG00000137877.8$SPTBN5$chr15$42186275$-,0.35
chr15:42195800-42198200,ENSG00000137877.8$SPTBN5$chr15$42186275$-,0.67
chr15:42265200-42267200,ENSG00000137877.8$SPTBN5$chr15$42186275$-,0.59
chr15:41047800-41050200,ENSG00000137880.4$GCHFR$chr15$41056218$+,0.71
chr15:41097800-41099200,ENSG00000137880.4$GCHFR$chr15$41056218$+,0.55
chr15:41175800-41177800,ENSG00000137880.4$GCHFR$chr15$41056218$+,0.37
chr15:41187400-41189000,ENSG00000137880.4$GCHFR$chr15$41056218$+,0.39
chr1:94313800-94314600,ENSG00000137936.12$BCAR3$chr1$94312706$-,0.45
chr1:94315600-94317200,ENSG00000137936.12$BCAR3$chr1$94312706$-,0.62
chr1:94320600-94321200,ENSG00000137936.12$BCAR3$chr1$94312706$-,0.56
chr1:94345400-94347000,ENSG00000137936.12$BCAR3$chr1$94312706$-,0.73
chr1:94481800-94484200,ENSG00000137936.12$BCAR3$chr1$94312706$-,0.38
chr1:89357600-89358600,ENSG00000137944.12$CCBL2$chr1$89458636$-,0.53
chr1:89436600-89437800,ENSG00000137944.12$CCBL2$chr1$89458636$-,0.48
chr1:89493600-89495600,ENSG00000137944.12$CCBL2$chr1$89458636$-,0.6
chr1:89531000-89532400,ENSG00000137944.12$CCBL2$chr1$89458636$-,0.43
chr1:89580400-89581600,ENSG00000137944.12$CCBL2$chr1$89458636$-,0.4
chr1:89704600-89706200,ENSG00000137944.12$CCBL2$chr1$89458636$-,0.39
chr1:89202000-89204400,ENSG00000137947.7$GTF2B$chr1$89357627$-,0.47
chr1:89266200-89267800,ENSG00000137947.7$GTF2B$chr1$89357627$-,0.41
chr1:89436600-89437800,ENSG00000137947.7$GTF2B$chr1$89357627$-,0.51
chr1:89493600-89495600,ENSG00000137947.7$GTF2B$chr1$89357627$-,0.39
chr1:92481800-92484200,ENSG00000137948.14$BRDT$chr1$92414928$+,0.55
chr1:78389800-78392200,ENSG00000137960.5$GIPC2$chr1$78445226$+,0.61
chr1:78392400-78394600,ENSG00000137960.5$GIPC2$chr1$78445226$+,0.53
chr1:86906800-86909000,ENSG00000137975.7$CLCA2$chr1$86889769$+,0.51
chr1:84907400-84909800,ENSG00000137976.7$DNASE2B$chr1$84864215$+,0.44
chr1:100593800-100594600,ENSG00000137992.10$DBT$chr1$100715390$-,0.37
chr1:100599400-100601800,ENSG00000137992.10$DBT$chr1$100715390$-,0.38
chr1:100616800-100618800,ENSG00000137992.10$DBT$chr1$100715390$-,0.45
chr1:100730200-100731400,ENSG00000137992.10$DBT$chr1$100715390$-,0.51
chr1:100840000-100841000,ENSG00000137992.10$DBT$chr1$100715390$-,0.4
chr1:100593800-100594600,ENSG00000137996.8$RTCA$chr1$100731763$+,0.36
chr1:100599400-100601800,ENSG00000137996.8$RTCA$chr1$100731763$+,0.37
chr1:100616800-100618800,ENSG00000137996.8$RTCA$chr1$100731763$+,0.41
chr1:100713600-100714800,ENSG00000137996.8$RTCA$chr1$100731763$+,0.66
chr1:100715800-100716600,ENSG00000137996.8$RTCA$chr1$100731763$+,0.68
chr1:100840000-100841000,ENSG00000137996.8$RTCA$chr1$100731763$+,0.41
chr1:100939400-100941600,ENSG00000137996.8$RTCA$chr1$100731763$+,0.42
chr2:27620200-27621400,ENSG00000138002.10$IFT172$chr2$27712656$-,0.39
chr2:27625800-27627800,ENSG00000138002.10$IFT172$chr2$27712656$-,0.41
chr2:27649200-27651000,ENSG00000138002.10$IFT172$chr2$27712656$-,0.46
chr2:27710600-27712200,ENSG00000138002.10$IFT172$chr2$27712656$-,0.39
chr2:27821400-27823200,ENSG00000138002.10$IFT172$chr2$27712656$-,0.41
chr2:27852400-27854600,ENSG00000138002.10$IFT172$chr2$27712656$-,0.35
chr2:26552400-26554600,ENSG00000138018.13$EPT1$chr2$26531415$+,0.44
chr2:27357600-27358800,ENSG00000138028.10$CGREF1$chr2$27341995$-,0.35
chr2:26552400-26554600,ENSG00000138029.9$HADHB$chr2$26466038$+,0.42
chr2:26584800-26587200,ENSG00000138029.9$HADHB$chr2$26466038$+,0.4
chr2:27271600-27273000,ENSG00000138030.8$KHK$chr2$27309615$+,0.74
chr2:27274800-27276800,ENSG00000138030.8$KHK$chr2$27309615$+,0.64
chr2:27340000-27342400,ENSG00000138030.8$KHK$chr2$27309615$+,0.66
chr2:27357600-27358800,ENSG00000138030.8$KHK$chr2$27309615$+,0.63
chr2:27440800-27443200,ENSG00000138030.8$KHK$chr2$27309615$+,0.55
chr2:27546600-27548200,ENSG00000138030.8$KHK$chr2$27309615$+,0.35
chr2:25192000-25194000,ENSG00000138031.10$ADCY3$chr2$25142708$-,0.56
chr2:25195800-25197400,ENSG00000138031.10$ADCY3$chr2$25142708$-,0.57
chr2:44231400-44233600,ENSG00000138032.16$PPM1B$chr2$44395108$+,0.53
chr2:55822800-55823400,ENSG00000138035.10$PNPT1$chr2$55921045$-,0.41
chr2:55822800-55823400,ENSG00000138041.11$SMEK2$chr2$55846015$-,0.51
chr2:55921200-55921800,ENSG00000138041.11$SMEK2$chr2$55846015$-,0.43
chr2:37299200-37301000,ENSG00000138068.6$SULT6B1$chr2$37423741$-,0.44
chr2:37303400-37304200,ENSG00000138068.6$SULT6B1$chr2$37423741$-,0.45
chr2:37387200-37387600,ENSG00000138068.6$SULT6B1$chr2$37423741$-,0.51
chr2:37470000-37471800,ENSG00000138068.6$SULT6B1$chr2$37423741$-,0.56
chr2:65267000-65269000,ENSG00000138069.12$RAB1A$chr2$65357240$-,0.47
chr2:65452600-65454200,ENSG00000138069.12$RAB1A$chr2$65357240$-,0.39
chr2:65482200-65483400,ENSG00000138069.12$RAB1A$chr2$65357240$-,0.38
chr2:65482200-65483400,ENSG00000138071.9$ACTR2$chr2$65454887$+,0.59
chr2:27271600-27273000,ENSG00000138073.9$PREB$chr2$27357543$-,0.5
chr2:27274800-27276800,ENSG00000138073.9$PREB$chr2$27357543$-,0.49
chr2:27340000-27342400,ENSG00000138073.9$PREB$chr2$27357543$-,0.6
chr2:27440800-27443200,ENSG00000138073.9$PREB$chr2$27357543$-,0.62
chr2:27546600-27548200,ENSG00000138073.9$PREB$chr2$27357543$-,0.48
chr2:27340000-27342400,ENSG00000138074.10$SLC5A6$chr2$27435826$-,0.43
chr2:27357600-27358800,ENSG00000138074.10$SLC5A6$chr2$27435826$-,0.49
chr2:27440800-27443200,ENSG00000138074.10$SLC5A6$chr2$27435826$-,0.5
chr2:27525400-27526400,ENSG00000138074.10$SLC5A6$chr2$27435826$-,0.4
chr2:27546600-27548200,ENSG00000138074.10$SLC5A6$chr2$27435826$-,0.37
chr2:44596000-44597400,ENSG00000138078.11$PREPL$chr2$44589001$-,0.51
chr2:48008600-48009600,ENSG00000138081.15$FBXO11$chr2$48132932$-,0.45
chr2:48134400-48136000,ENSG00000138081.15$FBXO11$chr2$48132932$-,0.35
chr2:27271600-27273000,ENSG00000138085.12$ATRAID$chr2$27434895$+,0.44
chr2:27274800-27276800,ENSG00000138085.12$ATRAID$chr2$27434895$+,0.36
chr2:27340000-27342400,ENSG00000138085.12$ATRAID$chr2$27434895$+,0.55
chr2:27357600-27358800,ENSG00000138085.12$ATRAID$chr2$27434895$+,0.51
chr2:27440800-27443200,ENSG00000138085.12$ATRAID$chr2$27434895$+,0.62
chr2:27525400-27526400,ENSG00000138085.12$ATRAID$chr2$27434895$+,0.55
chr2:27546600-27548200,ENSG00000138085.12$ATRAID$chr2$27434895$+,0.55
chr2:27580200-27581800,ENSG00000138085.12$ATRAID$chr2$27434895$+,0.43
chr2:27590800-27592600,ENSG00000138085.12$ATRAID$chr2$27434895$+,0.42
chr2:27603200-27605400,ENSG00000138085.12$ATRAID$chr2$27434895$+,0.37
chr2:24863000-24863600,ENSG00000138092.6$CENPO$chr2$25016005$+,0.45
chr2:24894800-24896200,ENSG00000138092.6$CENPO$chr2$25016005$+,0.43
chr2:25192000-25194000,ENSG00000138092.6$CENPO$chr2$25016005$+,0.54
chr2:25195800-25197400,ENSG00000138092.6$CENPO$chr2$25016005$+,0.48
chr2:44154000-44156200,ENSG00000138095.14$LRPPRC$chr2$44223144$-,0.52
chr2:44211000-44213200,ENSG00000138095.14$LRPPRC$chr2$44223144$-,0.61
chr2:44231400-44233600,ENSG00000138095.14$LRPPRC$chr2$44223144$-,0.54
chr2:44393600-44394800,ENSG00000138095.14$LRPPRC$chr2$44223144$-,0.37
chr2:25887000-25889000,ENSG00000138101.14$DTNB$chr2$25896503$-,0.7
chr2:25989200-25991600,ENSG00000138101.14$DTNB$chr2$25896503$-,0.41
chr2:26009600-26011200,ENSG00000138101.14$DTNB$chr2$25896503$-,0.41
chr2:26083200-26085600,ENSG00000138101.14$DTNB$chr2$25896503$-,0.51
chr2:26101800-26102800,ENSG00000138101.14$DTNB$chr2$25896503$-,0.41
chr10:104190200-104191800,ENSG00000138107.7$ACTR1A$chr10$104262482$-,0.51
chr10:104208800-104209800,ENSG00000138107.7$ACTR1A$chr10$104262482$-,0.54
chr10:104232000-104234400,ENSG00000138107.7$ACTR1A$chr10$104262482$-,0.6
chr10:104270800-104273000,ENSG00000138107.7$ACTR1A$chr10$104262482$-,0.72
chr10:104401000-104401600,ENSG00000138107.7$ACTR1A$chr10$104262482$-,0.44
chr10:104190200-104191800,ENSG00000138111.10$TMEM180$chr10$104221149$+,0.65
chr10:104208800-104209800,ENSG00000138111.10$TMEM180$chr10$104221149$+,0.72
chr10:104232000-104234400,ENSG00000138111.10$TMEM180$chr10$104221149$+,0.62
chr10:104270800-104273000,ENSG00000138111.10$TMEM180$chr10$104221149$+,0.59
chr10:104401000-104401600,ENSG00000138111.10$TMEM180$chr10$104221149$+,0.45
chr10:95211200-95213000,ENSG00000138119.12$MYOF$chr10$95242074$-,0.38
chr10:95269400-95271200,ENSG00000138119.12$MYOF$chr10$95242074$-,0.4
chr10:90518400-90520000,ENSG00000138134.7$STAMBPL1$chr10$90639491$+,0.38
chr10:90569200-90571200,ENSG00000138134.7$STAMBPL1$chr10$90639491$+,0.61
chr10:90579800-90582000,ENSG00000138134.7$STAMBPL1$chr10$90639491$+,0.56
chr10:90666800-90669200,ENSG00000138134.7$STAMBPL1$chr10$90639491$+,0.61
chr10:90869600-90871400,ENSG00000138135.5$CH25H$chr10$90967071$-,0.44
chr10:91011800-91013000,ENSG00000138135.5$CH25H$chr10$90967071$-,0.52
chr10:91053400-91053800,ENSG00000138135.5$CH25H$chr10$90967071$-,0.4
chr10:103123200-103124800,ENSG00000138136.5$LBX1$chr10$102989551$-,0.36
chr10:89589200-89591000,ENSG00000138138.9$ATAD1$chr10$89601100$-,0.45
chr10:94276400-94277400,ENSG00000138160.4$KIF11$chr10$94353043$+,0.45
chr10:94334600-94336800,ENSG00000138160.4$KIF11$chr10$94353043$+,0.77
chr10:94350000-94352400,ENSG00000138160.4$KIF11$chr10$94353043$+,0.39
chr10:124466000-124468200,ENSG00000138161.8$CUZD1$chr10$124639146$-,0.43
chr10:123734800-123736800,ENSG00000138162.13$TACC2$chr10$123748689$+,0.6
chr10:112316600-112319000,ENSG00000138166.5$DUSP5$chr10$112257596$+,0.53
chr10:112338200-112338400,ENSG00000138166.5$DUSP5$chr10$112257596$+,0.41
chr10:105126800-105127600,ENSG00000138172.6$CALHM2$chr10$105212660$-,0.44
chr10:104401000-104401600,ENSG00000138175.8$ARL3$chr10$104474164$-,0.52
chr10:95170000-95170200,ENSG00000138180.11$CEP55$chr10$95256389$+,0.6
chr10:95211200-95213000,ENSG00000138180.11$CEP55$chr10$95256389$+,0.61
chr10:95269400-95271200,ENSG00000138180.11$CEP55$chr10$95256389$+,0.54
chr10:91372800-91374200,ENSG00000138182.10$KIF20B$chr10$91461367$+,0.47
chr10:91381200-91381400,ENSG00000138182.10$KIF20B$chr10$91461367$+,0.47
chr10:91597600-91599400,ENSG00000138182.10$KIF20B$chr10$91461367$+,0.48
chr10:97453800-97455200,ENSG00000138185.12$ENTPD1$chr10$97471536$+,0.45
chr10:94506400-94508800,ENSG00000138190.12$EXOC6$chr10$94590935$+,0.49
chr10:94609000-94611000,ENSG00000138190.12$EXOC6$chr10$94590935$+,0.63
chr10:94614000-94615000,ENSG00000138190.12$EXOC6$chr10$94590935$+,0.65
chr10:94639800-94641800,ENSG00000138190.12$EXOC6$chr10$94590935$+,0.55
chr10:94697400-94699400,ENSG00000138190.12$EXOC6$chr10$94590935$+,0.36
chr3:137899400-137899600,ENSG00000138231.8$DBR1$chr3$137893791$-,0.69
chr3:137903600-137905600,ENSG00000138231.8$DBR1$chr3$137893791$-,0.72
chr3:132160200-132162000,ENSG00000138246.11$DNAJC13$chr3$132136370$+,0.74
chr10:75056600-75057400,ENSG00000138279.11$ANXA7$chr10$75173834$-,0.41
chr10:75116600-75118000,ENSG00000138279.11$ANXA7$chr10$75173834$-,0.56
chr10:75118800-75119400,ENSG00000138279.11$ANXA7$chr10$75173834$-,0.56
chr10:75255600-75257800,ENSG00000138279.11$ANXA7$chr10$75173834$-,0.53
chr10:74870600-74872000,ENSG00000138286.10$FAM149B1$chr10$74927924$+,0.48
chr10:75013000-75014600,ENSG00000138286.10$FAM149B1$chr10$74927924$+,0.48
chr10:75056600-75057400,ENSG00000138286.10$FAM149B1$chr10$74927924$+,0.37
chr10:51487400-51488800,ENSG00000138293.15$NCOA4$chr10$51565108$+,0.52
chr10:51825600-51827200,ENSG00000138293.15$NCOA4$chr10$51565108$+,0.35
chr10:51828000-51830200,ENSG00000138293.15$NCOA4$chr10$51565108$+,0.38
chr10:73967600-73970000,ENSG00000138303.13$ASCC1$chr10$73976892$-,0.5
chr10:74027000-74029400,ENSG00000138303.13$ASCC1$chr10$73976892$-,0.43
chr10:74057600-74059400,ENSG00000138303.13$ASCC1$chr10$73976892$-,0.41
chr10:74072800-74073000,ENSG00000138303.13$ASCC1$chr10$73976892$-,0.5
chr10:74129800-74132200,ENSG00000138303.13$ASCC1$chr10$73976892$-,0.41
chr10:63965600-63967600,ENSG00000138311.11$ZNF365$chr10$64133951$+,0.36
chr10:64028800-64030200,ENSG00000138311.11$ZNF365$chr10$64133951$+,0.36
chr10:64062000-64063400,ENSG00000138311.11$ZNF365$chr10$64133951$+,0.49
chr10:70284600-70286600,ENSG00000138336.8$TET1$chr10$70320413$+,0.5
chr10:70287600-70289000,ENSG00000138336.8$TET1$chr10$70320413$+,0.57
chr10:70384600-70386600,ENSG00000138336.8$TET1$chr10$70320413$+,0.4
chr10:70387200-70389200,ENSG00000138336.8$TET1$chr10$70320413$+,0.41
chr10:70284600-70286600,ENSG00000138346.10$DNA2$chr10$70231879$-,0.43
chr10:70287600-70289000,ENSG00000138346.10$DNA2$chr10$70231879$-,0.39
chr2:216034800-216036800,ENSG00000138363.10$ATIC$chr2$216176540$+,0.58
chr2:217252400-217254600,ENSG00000138375.8$SMARCAL1$chr2$217277137$+,0.63
chr2:215547200-215548400,ENSG00000138376.6$BARD1$chr2$215674428$-,0.44
chr2:191933400-191933800,ENSG00000138378.13$STAT4$chr2$192016322$-,0.43
chr2:191986800-191989200,ENSG00000138378.13$STAT4$chr2$192016322$-,0.59
chr2:191998400-191999800,ENSG00000138378.13$STAT4$chr2$192016322$-,0.65
chr2:192006400-192007800,ENSG00000138378.13$STAT4$chr2$192016322$-,0.65
chr2:192008000-192009800,ENSG00000138378.13$STAT4$chr2$192016322$-,0.65
chr2:203695800-203697200,ENSG00000138380.13$CARF$chr2$203776937$+,0.61
chr2:203734400-203735600,ENSG00000138380.13$CARF$chr2$203776937$+,0.59
chr2:203736600-203737400,ENSG00000138380.13$CARF$chr2$203776937$+,0.65
chr2:190455000-190455800,ENSG00000138381.5$ASNSD1$chr2$190526111$+,0.63
chr2:190460200-190461200,ENSG00000138381.5$ASNSD1$chr2$190526111$+,0.57
chr2:190537800-190539400,ENSG00000138381.5$ASNSD1$chr2$190526111$+,0.72
chr2:190539800-190541800,ENSG00000138381.5$ASNSD1$chr2$190526111$+,0.64
chr2:190549600-190551400,ENSG00000138381.5$ASNSD1$chr2$190526111$+,0.61
chr2:190625600-190627000,ENSG00000138381.5$ASNSD1$chr2$190526111$+,0.37
chr2:170548600-170551000,ENSG00000138382.9$METTL5$chr2$170681441$-,0.4
chr2:170551400-170553000,ENSG00000138382.9$METTL5$chr2$170681441$-,0.51
chr2:170589000-170590200,ENSG00000138382.9$METTL5$chr2$170681441$-,0.52
chr2:170654000-170655000,ENSG00000138382.9$METTL5$chr2$170681441$-,0.7
chr2:170671400-170673000,ENSG00000138382.9$METTL5$chr2$170681441$-,0.66
chr2:170589000-170590200,ENSG00000138385.11$SSB$chr2$170648443$+,0.51
chr2:170654000-170655000,ENSG00000138385.11$SSB$chr2$170648443$+,0.49
chr2:170333600-170335800,ENSG00000138398.11$PPIG$chr2$170440850$+,0.4
chr2:170336600-170338400,ENSG00000138398.11$PPIG$chr2$170440850$+,0.42
chr2:170452800-170453600,ENSG00000138398.11$PPIG$chr2$170440850$+,0.54
chr2:170548600-170551000,ENSG00000138398.11$PPIG$chr2$170440850$+,0.45
chr2:170551400-170553000,ENSG00000138398.11$PPIG$chr2$170440850$+,0.47
chr2:170589000-170590200,ENSG00000138398.11$PPIG$chr2$170440850$+,0.41
chr2:170333600-170335800,ENSG00000138399.13$FASTKD1$chr2$170430385$-,0.43
chr2:170336600-170338400,ENSG00000138399.13$FASTKD1$chr2$170430385$-,0.56
chr2:170452800-170453600,ENSG00000138399.13$FASTKD1$chr2$170430385$-,0.74
chr2:170548600-170551000,ENSG00000138399.13$FASTKD1$chr2$170430385$-,0.49
chr2:170551400-170553000,ENSG00000138399.13$FASTKD1$chr2$170430385$-,0.53
chr2:170589000-170590200,ENSG00000138399.13$FASTKD1$chr2$170430385$-,0.42
chr2:207465800-207467000,ENSG00000138400.8$MDH1B$chr2$207630271$-,0.37
chr2:207553400-207554600,ENSG00000138400.8$MDH1B$chr2$207630271$-,0.55
chr2:207722400-207724800,ENSG00000138400.8$MDH1B$chr2$207630271$-,0.54
chr2:175036600-175038200,ENSG00000138430.11$OLA1$chr2$175113426$-,0.44
chr2:175247800-175249400,ENSG00000138430.11$OLA1$chr2$175113426$-,0.45
chr2:175261000-175262800,ENSG00000138430.11$OLA1$chr2$175113426$-,0.41
chr2:175247800-175249400,ENSG00000138433.11$CIR1$chr2$175260443$-,0.54
chr2:175313600-175316000,ENSG00000138433.11$CIR1$chr2$175260443$-,0.53
chr2:175376200-175377600,ENSG00000138433.11$CIR1$chr2$175260443$-,0.38
chr2:175593800-175596000,ENSG00000138435.10$CHRNA1$chr2$175629200$-,0.36
chr2:203453000-203455200,ENSG00000138439.10$FAM117B$chr2$203499901$+,0.51
chr2:203516800-203518200,ENSG00000138439.10$FAM117B$chr2$203499901$+,0.63
chr2:203518400-203518800,ENSG00000138439.10$FAM117B$chr2$203499901$+,0.57
chr2:203554000-203556200,ENSG00000138439.10$FAM117B$chr2$203499901$+,0.46
chr2:203564400-203566600,ENSG00000138439.10$FAM117B$chr2$203499901$+,0.43
chr2:203569800-203572000,ENSG00000138439.10$FAM117B$chr2$203499901$+,0.44
chr2:203581600-203584000,ENSG00000138439.10$FAM117B$chr2$203499901$+,0.39
chr2:203777400-203778800,ENSG00000138442.5$WDR12$chr2$203879521$-,0.35
chr2:187368400-187370200,ENSG00000138448.7$ITGAV$chr2$187454792$+,0.5
chr2:190455000-190455800,ENSG00000138449.6$SLC40A1$chr2$190448484$-,0.63
chr2:190460200-190461200,ENSG00000138449.6$SLC40A1$chr2$190448484$-,0.49
chr3:112154200-112154800,ENSG00000138459.4$SLC35A5$chr3$112280556$+,0.4
chr3:112155400-112157000,ENSG00000138459.4$SLC35A5$chr3$112280556$+,0.36
chr3:112232600-112234200,ENSG00000138459.4$SLC35A5$chr3$112280556$+,0.53
chr3:112261200-112262800,ENSG00000138459.4$SLC35A5$chr3$112280556$+,0.67
chr3:112385400-112387200,ENSG00000138459.4$SLC35A5$chr3$112280556$+,0.41
chr3:122405000-122407000,ENSG00000138463.8$DIRC2$chr3$122513642$+,0.49
chr3:122594000-122595400,ENSG00000138463.8$DIRC2$chr3$122513642$+,0.55
chr3:101123600-101124600,ENSG00000138468.11$SENP7$chr3$101232085$-,0.41
chr3:101142200-101142400,ENSG00000138468.11$SENP7$chr3$101232085$-,0.43
chr3:101159800-101161600,ENSG00000138468.11$SENP7$chr3$101232085$-,0.49
chr3:101266600-101268600,ENSG00000138468.11$SENP7$chr3$101232085$-,0.62
chr3:101279000-101280400,ENSG00000138468.11$SENP7$chr3$101232085$-,0.55
chr3:108633000-108634600,ENSG00000138472.6$GUCA1C$chr3$108672742$-,0.41
chr3:119277600-119279400,ENSG00000138495.2$COX17$chr3$119396301$-,0.41
chr3:119280400-119282000,ENSG00000138495.2$COX17$chr3$119396301$-,0.39
chr3:122135600-122138000,ENSG00000138496.12$PARP9$chr3$122283424$-,0.38
chr3:122194200-122196600,ENSG00000138496.12$PARP9$chr3$122283424$-,0.42
chr3:122405000-122407000,ENSG00000138496.12$PARP9$chr3$122283424$-,0.45
chr15:50610200-50611800,ENSG00000138592.9$USP8$chr15$50716577$+,0.36
chr15:50613400-50615200,ENSG00000138592.9$USP8$chr15$50716577$+,0.44
chr15:50726800-50728600,ENSG00000138592.9$USP8$chr15$50716577$+,0.5
chr15:50848600-50850000,ENSG00000138592.9$USP8$chr15$50716577$+,0.37
chr15:49169000-49169800,ENSG00000138593.4$SECISBP2L$chr15$49338760$-,0.43
chr15:49338800-49340200,ENSG00000138593.4$SECISBP2L$chr15$49338760$-,0.39
chr15:52041600-52043600,ENSG00000138594.8$TMOD3$chr15$52121825$+,0.52
chr15:52059800-52062000,ENSG00000138594.8$TMOD3$chr15$52121825$+,0.62
chr15:50961000-50961800,ENSG00000138600.5$SPPL2A$chr15$51058005$-,0.36
chr15:50979400-50980800,ENSG00000138600.5$SPPL2A$chr15$51058005$-,0.53
chr15:51198000-51199800,ENSG00000138600.5$SPPL2A$chr15$51058005$-,0.39
chr15:69405800-69407800,ENSG00000138604.5$GLCE$chr15$69452923$+,0.55
chr15:45187800-45189400,ENSG00000138606.15$SHF$chr15$45493373$-,0.36
chr15:45480600-45481600,ENSG00000138606.15$SHF$chr15$45493373$-,0.67
chr15:45489000-45491000,ENSG00000138606.15$SHF$chr15$45493373$-,0.58
chr15:63570400-63571400,ENSG00000138613.9$APH1B$chr15$63568217$+,0.47
chr15:65820600-65822800,ENSG00000138614.10$VWA9$chr15$65903627$-,0.54
chr15:65930400-65932400,ENSG00000138614.10$VWA9$chr15$65903627$-,0.63
chr15:65422600-65425000,ENSG00000138617.10$PARP16$chr15$65592956$-,0.38
chr15:65426400-65427400,ENSG00000138617.10$PARP16$chr15$65592956$-,0.37
chr15:65595600-65596400,ENSG00000138617.10$PARP16$chr15$65592956$-,0.54
chr15:75180600-75182400,ENSG00000138621.7$PPCDC$chr15$75315896$+,0.44
chr15:75199600-75200400,ENSG00000138621.7$PPCDC$chr15$75315896$+,0.46
chr15:75373000-75373400,ENSG00000138621.7$PPCDC$chr15$75315896$+,0.5
chr15:74781000-74783200,ENSG00000138623.5$SEMA7A$chr15$74726808$-,0.57
chr15:74831600-74832800,ENSG00000138623.5$SEMA7A$chr15$74726808$-,0.46
chr15:74905200-74907200,ENSG00000138623.5$SEMA7A$chr15$74726808$-,0.35
chr15:74781000-74783200,ENSG00000138629.11$UBL7$chr15$74753523$-,0.66
chr15:74831600-74832800,ENSG00000138629.11$UBL7$chr15$74753523$-,0.55
chr15:74905200-74907200,ENSG00000138629.11$UBL7$chr15$74753523$-,0.4
chr4:89409400-89411000,ENSG00000138641.11$HERC3$chr4$89442199$+,0.47
chr4:89511600-89512800,ENSG00000138641.11$HERC3$chr4$89442199$+,0.54
chr4:89151600-89153400,ENSG00000138642.10$HERC6$chr4$89299891$+,0.48
chr4:89193400-89193600,ENSG00000138642.10$HERC6$chr4$89299891$+,0.51
chr4:89375600-89378000,ENSG00000138642.10$HERC6$chr4$89299891$+,0.45
chr4:89378400-89380800,ENSG00000138642.10$HERC6$chr4$89299891$+,0.43
chr4:89386400-89388800,ENSG00000138642.10$HERC6$chr4$89299891$+,0.4
chr4:89409400-89411000,ENSG00000138642.10$HERC6$chr4$89299891$+,0.35
chr4:89193400-89193600,ENSG00000138646.4$HERC5$chr4$89378268$+,0.38
chr4:89299000-89300400,ENSG00000138646.4$HERC5$chr4$89378268$+,0.49
chr4:89386400-89388800,ENSG00000138646.4$HERC5$chr4$89378268$+,0.54
chr4:89409400-89411000,ENSG00000138646.4$HERC5$chr4$89378268$+,0.5
chr4:89511600-89512800,ENSG00000138646.4$HERC5$chr4$89378268$+,0.42
chr4:113559200-113561000,ENSG00000138658.11$C4orf21$chr4$113558151$-,0.4
chr4:113039600-113041800,ENSG00000138660.7$AP1AR$chr4$113152893$+,0.37
chr4:113065400-113066600,ENSG00000138660.7$AP1AR$chr4$113152893$+,0.58
chr4:113242400-113244400,ENSG00000138660.7$AP1AR$chr4$113152893$+,0.48
chr4:83720000-83721800,ENSG00000138663.4$COPS4$chr4$83955600$+,0.35
chr4:83932400-83933400,ENSG00000138663.4$COPS4$chr4$83955600$+,0.6
chr4:83954600-83955400,ENSG00000138663.4$COPS4$chr4$83955600$+,0.37
chr4:84012400-84013200,ENSG00000138663.4$COPS4$chr4$83955600$+,0.54
chr4:83133600-83135800,ENSG00000138668.14$HNRNPD$chr4$83295656$-,0.39
chr4:83144400-83146600,ENSG00000138668.14$HNRNPD$chr4$83295656$-,0.42
chr4:83276800-83277800,ENSG00000138668.14$HNRNPD$chr4$83295656$-,0.51
chr4:83720000-83721800,ENSG00000138674.12$SEC31A$chr4$83822319$-,0.41
chr4:83932400-83933400,ENSG00000138674.12$SEC31A$chr4$83822319$-,0.53
chr4:83954600-83955400,ENSG00000138674.12$SEC31A$chr4$83822319$-,0.38
chr4:84403600-84405600,ENSG00000138678.6$AGPAT9$chr4$84457067$+,0.43
chr4:84424600-84426800,ENSG00000138678.6$AGPAT9$chr4$84457067$+,0.59
chr4:123387200-123388400,ENSG00000138684.3$IL21$chr4$123542224$-,0.38
chr4:123423800-123425800,ENSG00000138684.3$IL21$chr4$123542224$-,0.4
chr4:123428000-123430200,ENSG00000138684.3$IL21$chr4$123542224$-,0.39
chr4:123452800-123454800,ENSG00000138684.3$IL21$chr4$123542224$-,0.36
chr4:123552400-123554800,ENSG00000138684.3$IL21$chr4$123542224$-,0.51
chr4:123559400-123561600,ENSG00000138684.3$IL21$chr4$123542224$-,0.71
chr4:123652200-123653800,ENSG00000138684.3$IL21$chr4$123542224$-,0.43
chr4:123654400-123656000,ENSG00000138684.3$IL21$chr4$123542224$-,0.38
chr4:122719400-122721800,ENSG00000138686.5$BBS7$chr4$122791652$-,0.38
chr4:123037600-123040000,ENSG00000138686.5$BBS7$chr4$122791652$-,0.35
chr4:123037600-123040000,ENSG00000138688.11$KIAA1109$chr4$123073488$+,0.65
chr4:123049400-123051400,ENSG00000138688.11$KIAA1109$chr4$123073488$+,0.68
chr4:123052200-123053600,ENSG00000138688.11$KIAA1109$chr4$123073488$+,0.63
chr4:123070800-123073000,ENSG00000138688.11$KIAA1109$chr4$123073488$+,0.38
chr4:123083400-123085800,ENSG00000138688.11$KIAA1109$chr4$123073488$+,0.76
chr4:123088000-123089800,ENSG00000138688.11$KIAA1109$chr4$123073488$+,0.76
chr4:123242400-123244800,ENSG00000138688.11$KIAA1109$chr4$123073488$+,0.36
chr4:99063000-99064200,ENSG00000138698.10$RAP1GDS1$chr4$99182535$+,0.43
chr4:99064600-99065800,ENSG00000138698.10$RAP1GDS1$chr4$99182535$+,0.42
chr4:99188600-99189600,ENSG00000138698.10$RAP1GDS1$chr4$99182535$+,0.7
chr4:128802800-128805200,ENSG00000138709.13$LARP1B$chr4$128982423$+,0.38
chr4:128922400-128922800,ENSG00000138709.13$LARP1B$chr4$128982423$+,0.48
chr4:128952000-128954000,ENSG00000138709.13$LARP1B$chr4$128982423$+,0.71
chr4:129198800-129199800,ENSG00000138709.13$LARP1B$chr4$128982423$+,0.38
chr4:90819200-90821200,ENSG00000138722.5$MMRN1$chr4$90800683$+,0.36
chr4:120547000-120549000,ENSG00000138735.11$PDE5A$chr4$120550146$-,0.38
chr4:122789400-122791000,ENSG00000138741.6$TRPC3$chr4$122872909$-,0.43
chr4:76859000-76861000,ENSG00000138744.10$NAAA$chr4$76862204$-,0.42
chr4:76909000-76911200,ENSG00000138744.10$NAAA$chr4$76862204$-,0.44
chr4:76949200-76951000,ENSG00000138750.10$NUP54$chr4$77069668$-,0.37
chr4:76909000-76911200,ENSG00000138755.5$CXCL9$chr4$76928641$-,0.37
chr4:76949200-76951000,ENSG00000138755.5$CXCL9$chr4$76928641$-,0.36
chr4:79810800-79812400,ENSG00000138756.13$BMP2K$chr4$79697496$+,0.38
chr4:76599000-76601400,ENSG00000138757.10$G3BP2$chr4$76649709$-,0.58
chr4:76607800-76610000,ENSG00000138757.10$G3BP2$chr4$76649709$-,0.6
chr4:76622800-76624800,ENSG00000138757.10$G3BP2$chr4$76649709$-,0.57
chr4:76658200-76659800,ENSG00000138757.10$G3BP2$chr4$76649709$-,0.63
chr4:77983200-77983600,ENSG00000138758.7$SEPT11$chr4$77870856$+,0.4
chr4:77070200-77071800,ENSG00000138760.4$SCARB2$chr4$77135046$-,0.55
chr4:77274800-77276800,ENSG00000138760.4$SCARB2$chr4$77135046$-,0.39
chr4:77980600-77982400,ENSG00000138764.9$CCNG2$chr4$78078304$+,0.4
chr4:77983200-77983600,ENSG00000138764.9$CCNG2$chr4$78078304$+,0.37
chr4:78001400-78002800,ENSG00000138764.9$CCNG2$chr4$78078304$+,0.43
chr4:78058000-78059400,ENSG00000138764.9$CCNG2$chr4$78078304$+,0.64
chr4:78663000-78664600,ENSG00000138767.8$CNOT6L$chr4$78740769$-,0.47
chr4:78669200-78671000,ENSG00000138767.8$CNOT6L$chr4$78740769$-,0.43
chr4:78679600-78681600,ENSG00000138767.8$CNOT6L$chr4$78740769$-,0.5
chr4:78685800-78687800,ENSG00000138767.8$CNOT6L$chr4$78740769$-,0.6
chr4:78713000-78715400,ENSG00000138767.8$CNOT6L$chr4$78740769$-,0.52
chr4:78746000-78746200,ENSG00000138767.8$CNOT6L$chr4$78740769$-,0.51
chr4:78788200-78788600,ENSG00000138767.8$CNOT6L$chr4$78740769$-,0.49
chr4:78789600-78791800,ENSG00000138767.8$CNOT6L$chr4$78740769$-,0.5
chr4:78813800-78815400,ENSG00000138767.8$CNOT6L$chr4$78740769$-,0.47
chr4:78820200-78822000,ENSG00000138767.8$CNOT6L$chr4$78740769$-,0.43
chr4:76498200-76499400,ENSG00000138768.10$USO1$chr4$76649777$+,0.45
chr4:76556200-76557000,ENSG00000138768.10$USO1$chr4$76649777$+,0.43
chr4:76599000-76601400,ENSG00000138768.10$USO1$chr4$76649777$+,0.56
chr4:76607800-76610000,ENSG00000138768.10$USO1$chr4$76649777$+,0.53
chr4:76622800-76624800,ENSG00000138768.10$USO1$chr4$76649777$+,0.6
chr4:76658200-76659800,ENSG00000138768.10$USO1$chr4$76649777$+,0.6
chr4:76440400-76441800,ENSG00000138769.6$CDKL2$chr4$76555900$-,0.38
chr4:76445600-76446200,ENSG00000138769.6$CDKL2$chr4$76555900$-,0.37
chr4:76498200-76499400,ENSG00000138769.6$CDKL2$chr4$76555900$-,0.45
chr4:76599000-76601400,ENSG00000138769.6$CDKL2$chr4$76555900$-,0.6
chr4:76607800-76610000,ENSG00000138769.6$CDKL2$chr4$76555900$-,0.49
chr4:76622800-76624800,ENSG00000138769.6$CDKL2$chr4$76555900$-,0.39
chr4:103998200-103999600,ENSG00000138778.7$CENPE$chr4$104119566$-,0.41
chr4:110468800-110470800,ENSG00000138794.5$CASP6$chr4$110624739$-,0.38
chr4:110561600-110564000,ENSG00000138794.5$CASP6$chr4$110624739$-,0.46
chr4:110565000-110565200,ENSG00000138794.5$CASP6$chr4$110624739$-,0.44
chr4:110589200-110591400,ENSG00000138794.5$CASP6$chr4$110624739$-,0.51
chr4:108983600-108984000,ENSG00000138795.5$LEF1$chr4$109090112$-,0.39
chr4:109005200-109005600,ENSG00000138795.5$LEF1$chr4$109090112$-,0.43
chr4:109008000-109010400,ENSG00000138795.5$LEF1$chr4$109090112$-,0.47
chr4:109164800-109167000,ENSG00000138795.5$LEF1$chr4$109090112$-,0.53
chr4:109221800-109224000,ENSG00000138795.5$LEF1$chr4$109090112$-,0.42
chr4:108850200-108852200,ENSG00000138796.11$HADH$chr4$108910870$+,0.53
chr4:108983600-108984000,ENSG00000138796.11$HADH$chr4$108910870$+,0.56
chr4:109005200-109005600,ENSG00000138796.11$HADH$chr4$108910870$+,0.42
chr4:109008000-109010400,ENSG00000138796.11$HADH$chr4$108910870$+,0.37
chr4:108613600-108616000,ENSG00000138801.4$PAPSS1$chr4$108641608$-,0.75
chr4:108850200-108852200,ENSG00000138801.4$PAPSS1$chr4$108641608$-,0.35
chr4:110343000-110344200,ENSG00000138802.7$SEC24B$chr4$110354928$+,0.64
chr4:110372000-110374400,ENSG00000138802.7$SEC24B$chr4$110354928$+,0.63
chr4:110375000-110377000,ENSG00000138802.7$SEC24B$chr4$110354928$+,0.59
chr4:110468800-110470800,ENSG00000138802.7$SEC24B$chr4$110354928$+,0.37
chr4:100425000-100427000,ENSG00000138813.5$C4orf17$chr4$100432161$+,0.4
chr4:100482600-100484200,ENSG00000138813.5$C4orf17$chr4$100432161$+,0.45
chr4:100485400-100487000,ENSG00000138813.5$C4orf17$chr4$100432161$+,0.56
chr4:102192200-102194200,ENSG00000138814.12$PPP3CA$chr4$102269435$-,0.38
chr4:102220200-102222200,ENSG00000138814.12$PPP3CA$chr4$102269435$-,0.6
chr4:102232200-102233000,ENSG00000138814.12$PPP3CA$chr4$102269435$-,0.51
chr4:102234000-102235400,ENSG00000138814.12$PPP3CA$chr4$102269435$-,0.5
chr4:102237400-102238600,ENSG00000138814.12$PPP3CA$chr4$102269435$-,0.57
chr4:102255000-102257400,ENSG00000138814.12$PPP3CA$chr4$102269435$-,0.57
chr4:102269800-102272200,ENSG00000138814.12$PPP3CA$chr4$102269435$-,0.36
chr4:103367800-103370000,ENSG00000138821.8$SLC39A8$chr4$103352415$-,0.68
chr4:103371000-103371400,ENSG00000138821.8$SLC39A8$chr4$103352415$-,0.63
chr4:103420200-103422000,ENSG00000138821.8$SLC39A8$chr4$103352415$-,0.62
chr4:103432600-103434400,ENSG00000138821.8$SLC39A8$chr4$103352415$-,0.4
chr4:100425000-100427000,ENSG00000138823.8$MTTP$chr4$100484918$+,0.52
chr16:1612600-1613200,ENSG00000138834.8$MAPK8IP3$chr16$1756184$+,0.42
chr16:1904400-1906400,ENSG00000138834.8$MAPK8IP3$chr16$1756184$+,0.5
chr16:2020000-2021600,ENSG00000138834.8$MAPK8IP3$chr16$1756184$+,0.36
chr9:116173600-116174800,ENSG00000138835.18$RGS3$chr9$116207011$+,0.39
chr22:25017600-25019600,ENSG00000138867.12$GUCD1$chr22$24951903$-,0.56
chr22:31708600-31711000,ENSG00000138942.11$RNF185$chr22$31556168$+,0.39
chr12:499200-500200,ENSG00000139044.6$B4GALNT3$chr12$569530$+,0.53
chr12:509400-510800,ENSG00000139044.6$B4GALNT3$chr12$569530$+,0.48
chr12:14953400-14955800,ENSG00000139053.2$PDE6H$chr12$15125956$+,0.41
chr12:14957200-14959200,ENSG00000139053.2$PDE6H$chr12$15125956$+,0.44
chr12:14962800-14965000,ENSG00000139053.2$PDE6H$chr12$15125956$+,0.47
chr12:14953400-14955800,ENSG00000139055.2$ERP27$chr12$15092016$-,0.45
chr12:14957200-14959200,ENSG00000139055.2$ERP27$chr12$15092016$-,0.46
chr12:14962800-14965000,ENSG00000139055.2$ERP27$chr12$15092016$-,0.45
chr12:15097400-15097800,ENSG00000139055.2$ERP27$chr12$15092016$-,0.51
chr12:11693000-11694800,ENSG00000139083.6$ETV6$chr12$11802788$+,0.36
chr12:11782200-11783800,ENSG00000139083.6$ETV6$chr12$11802788$+,0.5
chr12:11800000-11802000,ENSG00000139083.6$ETV6$chr12$11802788$+,0.36
chr12:10306600-10307400,ENSG00000139112.6$GABARAPL1$chr12$10365057$+,0.64
chr12:39724800-39727000,ENSG00000139116.13$KIF21A$chr12$39837192$-,0.36
chr12:39860600-39862600,ENSG00000139116.13$KIF21A$chr12$39837192$-,0.57
chr12:39165600-39166800,ENSG00000139117.9$CPNE8$chr12$39301232$-,0.39
chr12:34207400-34209400,ENSG00000139133.2$ALG10$chr12$34175216$+,0.7
chr12:18318000-18319400,ENSG00000139144.5$PIK3C2G$chr12$18400548$+,0.41
chr12:31810800-31812000,ENSG00000139160.9$METTL20$chr12$31800094$+,0.47
chr12:31814600-31815400,ENSG00000139160.9$METTL20$chr12$31800094$+,0.35
chr12:22791200-22791400,ENSG00000139163.11$ETNK1$chr12$22778009$+,0.43
chr12:42602000-42603600,ENSG00000139168.3$ZCRB1$chr12$42719920$-,0.45
chr12:42731800-42733600,ENSG00000139168.3$ZCRB1$chr12$42719920$-,0.7
chr12:44094800-44095800,ENSG00000139173.5$TMEM117$chr12$44229770$+,0.4
chr12:44200800-44202600,ENSG00000139173.5$TMEM117$chr12$44229770$+,0.65
chr12:7126200-7127600,ENSG00000139178.6$C1RL$chr12$7261869$-,0.41
chr12:7339800-7341600,ENSG00000139178.6$C1RL$chr12$7261869$-,0.37
chr12:4639400-4641600,ENSG00000139180.6$NDUFA9$chr12$4758261$+,0.41
chr12:7080600-7082600,ENSG00000139182.9$CLSTN3$chr12$7282294$+,0.38
chr12:7126200-7127600,ENSG00000139182.9$CLSTN3$chr12$7282294$+,0.39
chr12:7339800-7341600,ENSG00000139182.9$CLSTN3$chr12$7282294$+,0.64
chr12:9122000-9123600,ENSG00000139187.5$KLRG1$chr12$9102640$+,0.55
chr12:9167600-9169400,ENSG00000139187.5$KLRG1$chr12$9102640$+,0.52
chr12:9193400-9195200,ENSG00000139187.5$KLRG1$chr12$9102640$+,0.43
chr12:9198600-9200000,ENSG00000139187.5$KLRG1$chr12$9102640$+,0.43
chr12:9201400-9202600,ENSG00000139187.5$KLRG1$chr12$9102640$+,0.45
chr12:9215600-9217400,ENSG00000139187.5$KLRG1$chr12$9102640$+,0.56
chr12:6600400-6602000,ENSG00000139190.12$VAMP1$chr12$6580153$-,0.74
chr12:6671800-6673200,ENSG00000139190.12$VAMP1$chr12$6580153$-,0.49
chr12:6716600-6718800,ENSG00000139190.12$VAMP1$chr12$6580153$-,0.45
chr12:6580400-6582400,ENSG00000139192.7$TAPBPL$chr12$6560856$+,0.52
chr12:6600400-6602000,ENSG00000139192.7$TAPBPL$chr12$6560856$+,0.6
chr12:6671800-6673200,ENSG00000139192.7$TAPBPL$chr12$6560856$+,0.43
chr12:6716600-6718800,ENSG00000139192.7$TAPBPL$chr12$6560856$+,0.42
chr12:6769800-6771800,ENSG00000139192.7$TAPBPL$chr12$6560856$+,0.36
chr12:6580400-6582400,ENSG00000139193.3$CD27$chr12$6554033$+,0.52
chr12:6600400-6602000,ENSG00000139193.3$CD27$chr12$6554033$+,0.63
chr12:7126200-7127600,ENSG00000139194.3$RBP5$chr12$7281538$-,0.41
chr12:7339800-7341600,ENSG00000139194.3$RBP5$chr12$7281538$-,0.63
chr12:6671800-6673200,ENSG00000139200.9$PIANP$chr12$6809966$-,0.37
chr12:6716600-6718800,ENSG00000139200.9$PIANP$chr12$6809966$-,0.4
chr12:6834000-6835400,ENSG00000139200.9$PIANP$chr12$6809966$-,0.71
chr12:6862800-6864400,ENSG00000139200.9$PIANP$chr12$6809966$-,0.56
chr12:47554200-47555000,ENSG00000139211.5$AMIGO2$chr12$47473734$-,0.42
chr12:47580000-47581400,ENSG00000139211.5$AMIGO2$chr12$47473734$-,0.42
chr12:47590000-47590600,ENSG00000139211.5$AMIGO2$chr12$47473734$-,0.49
chr12:47624400-47626200,ENSG00000139211.5$AMIGO2$chr12$47473734$-,0.47
chr12:47635600-47636600,ENSG00000139211.5$AMIGO2$chr12$47473734$-,0.43
chr12:47706200-47707600,ENSG00000139211.5$AMIGO2$chr12$47473734$-,0.4
chr12:47721800-47723800,ENSG00000139211.5$AMIGO2$chr12$47473734$-,0.36
chr12:46284600-46286400,ENSG00000139218.13$SCAF11$chr12$46385903$-,0.48
chr12:48745200-48746800,ENSG00000139223.1$ANP32D$chr12$48866448$+,0.43
chr12:66525200-66527400,ENSG00000139233.2$LLPH$chr12$66524548$-,0.39
chr12:66668800-66670400,ENSG00000139233.2$LLPH$chr12$66524548$-,0.36
chr12:66677000-66679000,ENSG00000139233.2$LLPH$chr12$66524548$-,0.38
chr12:66687800-66688000,ENSG00000139233.2$LLPH$chr12$66524548$-,0.46
chr12:66689400-66691600,ENSG00000139233.2$LLPH$chr12$66524548$-,0.46
chr12:66694800-66695800,ENSG00000139233.2$LLPH$chr12$66524548$-,0.39
chr12:57914400-57916000,ENSG00000139266.5$MARCH9$chr12$58148881$+,0.36
chr12:58086400-58088000,ENSG00000139266.5$MARCH9$chr12$58148881$+,0.43
chr12:58088600-58090200,ENSG00000139266.5$MARCH9$chr12$58148881$+,0.43
chr12:58139400-58141400,ENSG00000139266.5$MARCH9$chr12$58148881$+,0.58
chr12:58150000-58152400,ENSG00000139266.5$MARCH9$chr12$58148881$+,0.39
chr12:58152600-58154400,ENSG00000139266.5$MARCH9$chr12$58148881$+,0.58
chr12:58240800-58243200,ENSG00000139266.5$MARCH9$chr12$58148881$+,0.51
chr12:58298000-58300200,ENSG00000139266.5$MARCH9$chr12$58148881$+,0.35
chr12:57821400-57823800,ENSG00000139269.2$INHBE$chr12$57846106$+,0.37
chr12:57825200-57827400,ENSG00000139269.2$INHBE$chr12$57846106$+,0.57
chr12:57853800-57855800,ENSG00000139269.2$INHBE$chr12$57846106$+,0.44
chr12:75722800-75723800,ENSG00000139278.5$GLIPR1$chr12$75874460$+,0.39
chr12:75724000-75725000,ENSG00000139278.5$GLIPR1$chr12$75874460$+,0.42
chr12:75727600-75729600,ENSG00000139278.5$GLIPR1$chr12$75874460$+,0.42
chr12:75785400-75787200,ENSG00000139278.5$GLIPR1$chr12$75874460$+,0.6
chr12:75852800-75855000,ENSG00000139278.5$GLIPR1$chr12$75874460$+,0.69
chr12:75905400-75906200,ENSG00000139278.5$GLIPR1$chr12$75874460$+,0.69
chr12:72030400-72031000,ENSG00000139291.9$TMEM19$chr12$72079867$+,0.74
chr12:72146800-72148600,ENSG00000139291.9$TMEM19$chr12$72079867$+,0.46
chr12:89790400-89792600,ENSG00000139318.7$DUSP6$chr12$89747048$-,0.43
chr12:89858600-89860200,ENSG00000139323.9$POC1B$chr12$89919801$-,0.57
chr12:89868000-89870400,ENSG00000139323.9$POC1B$chr12$89919801$-,0.68
chr12:89870600-89872400,ENSG00000139323.9$POC1B$chr12$89919801$-,0.57
chr12:90012000-90012600,ENSG00000139323.9$POC1B$chr12$89919801$-,0.56
chr12:90013000-90014000,ENSG00000139323.9$POC1B$chr12$89919801$-,0.56
chr12:90047600-90048200,ENSG00000139323.9$POC1B$chr12$89919801$-,0.5
chr12:90053800-90055000,ENSG00000139323.9$POC1B$chr12$89919801$-,0.6
chr12:90062200-90063600,ENSG00000139323.9$POC1B$chr12$89919801$-,0.55
chr12:88427000-88429000,ENSG00000139324.7$TMTC3$chr12$88536073$+,0.52
chr12:96244800-96246600,ENSG00000139343.6$SNRPF$chr12$96252706$+,0.72
chr12:96247400-96249000,ENSG00000139343.6$SNRPF$chr12$96252706$+,0.6
chr12:96337000-96338400,ENSG00000139343.6$SNRPF$chr12$96252706$+,0.4
chr12:96244800-96246600,ENSG00000139344.3$AMDHD1$chr12$96337071$+,0.57
chr12:96247400-96249000,ENSG00000139344.3$AMDHD1$chr12$96337071$+,0.58
chr12:96250800-96252600,ENSG00000139344.3$AMDHD1$chr12$96337071$+,0.59
chr12:96429800-96432200,ENSG00000139344.3$AMDHD1$chr12$96337071$+,0.61
chr12:96586000-96588200,ENSG00000139344.3$AMDHD1$chr12$96337071$+,0.35
chr12:97310600-97311200,ENSG00000139350.7$NEDD1$chr12$97301001$+,0.58
chr12:104332200-104334000,ENSG00000139372.10$TDG$chr12$104359582$+,0.58
chr12:104531800-104533600,ENSG00000139372.10$TDG$chr12$104359582$+,0.35
chr12:113486400-113488400,ENSG00000139405.11$C12orf52$chr12$113623331$+,0.4
chr12:113540600-113542800,ENSG00000139405.11$C12orf52$chr12$113623331$+,0.55
chr12:113547200-113548800,ENSG00000139405.11$C12orf52$chr12$113623331$+,0.59
chr12:113657800-113658600,ENSG00000139405.11$C12orf52$chr12$113623331$+,0.65
chr12:109982000-109984400,ENSG00000139428.7$MMAB$chr12$110011679$-,0.71
chr12:110012000-110014200,ENSG00000139428.7$MMAB$chr12$110011679$-,0.35
chr12:110336400-110337800,ENSG00000139433.5$GLTP$chr12$110318293$-,0.68
chr12:110338800-110341200,ENSG00000139433.5$GLTP$chr12$110318293$-,0.63
chr12:110410600-110412400,ENSG00000139433.5$GLTP$chr12$110318293$-,0.36
chr12:110423600-110424200,ENSG00000139433.5$GLTP$chr12$110318293$-,0.35
chr12:110336400-110337800,ENSG00000139436.16$GIT2$chr12$110434194$-,0.43
chr12:110338800-110341200,ENSG00000139436.16$GIT2$chr12$110434194$-,0.45
chr12:110410600-110412400,ENSG00000139436.16$GIT2$chr12$110434194$-,0.47
chr12:110416400-110418000,ENSG00000139436.16$GIT2$chr12$110434194$-,0.52
chr12:110423600-110424200,ENSG00000139436.16$GIT2$chr12$110434194$-,0.54
chr12:110410600-110412400,ENSG00000139437.13$TCHP$chr12$110338069$+,0.61
chr12:110416400-110418000,ENSG00000139437.13$TCHP$chr12$110338069$+,0.57
chr12:110423600-110424200,ENSG00000139437.13$TCHP$chr12$110338069$+,0.53
chr12:110586600-110587800,ENSG00000139437.13$TCHP$chr12$110338069$+,0.39
chr12:110012000-110014200,ENSG00000139438.5$FAM222A$chr12$110152033$+,0.38
chr12:110213800-110216000,ENSG00000139438.5$FAM222A$chr12$110152033$+,0.41
chr13:25865600-25867400,ENSG00000139496.11$NUPL1$chr13$25875662$+,0.63
chr13:25865600-25867400,ENSG00000139505.10$MTMR6$chr13$25862147$-,0.56
chr13:29936800-29937400,ENSG00000139514.8$SLC7A1$chr13$30169825$-,0.39
chr13:30222200-30223400,ENSG00000139514.8$SLC7A1$chr13$30169825$-,0.61
chr13:30336600-30339000,ENSG00000139514.8$SLC7A1$chr13$30169825$-,0.42
chr13:28025400-28027400,ENSG00000139517.6$LNX2$chr13$28194541$-,0.38
chr13:28133600-28134600,ENSG00000139517.6$LNX2$chr13$28194541$-,0.49
chr13:28135400-28137400,ENSG00000139517.6$LNX2$chr13$28194541$-,0.51
chr13:28157000-28159200,ENSG00000139517.6$LNX2$chr13$28194541$-,0.7
chr13:28202800-28203600,ENSG00000139517.6$LNX2$chr13$28194541$-,0.72
chr12:56358600-56360400,ENSG00000139531.8$SUOX$chr12$56390964$+,0.38
chr12:56372800-56373600,ENSG00000139531.8$SUOX$chr12$56390964$+,0.41
chr12:56433800-56435200,ENSG00000139531.8$SUOX$chr12$56390964$+,0.52
chr12:56612800-56615000,ENSG00000139540.7$SLC39A5$chr12$56623833$+,0.38
chr12:56616200-56618200,ENSG00000139540.7$SLC39A5$chr12$56623833$+,0.41
chr12:56618600-56620200,ENSG00000139540.7$SLC39A5$chr12$56623833$+,0.52
chr12:53688200-53689200,ENSG00000139546.6$TARBP2$chr12$53894705$+,0.39
chr12:53737200-53739000,ENSG00000139546.6$TARBP2$chr12$53894705$+,0.36
chr12:53772000-53773600,ENSG00000139546.6$TARBP2$chr12$53894705$+,0.4
chr12:53833400-53835000,ENSG00000139546.6$TARBP2$chr12$53894705$+,0.5
chr12:53844600-53845800,ENSG00000139546.6$TARBP2$chr12$53894705$+,0.39
chr12:54020600-54021800,ENSG00000139546.6$TARBP2$chr12$53894705$+,0.44
chr12:49413000-49415400,ENSG00000139549.2$DHH$chr12$49488602$-,0.42
chr12:49437000-49439000,ENSG00000139549.2$DHH$chr12$49488602$-,0.5
chr12:49462400-49463400,ENSG00000139549.2$DHH$chr12$49488602$-,0.67
chr12:49504600-49506400,ENSG00000139549.2$DHH$chr12$49488602$-,0.6
chr12:54664000-54664800,ENSG00000139572.3$GPR84$chr12$54758271$-,0.42
chr12:53737200-53739000,ENSG00000139574.7$NPFF$chr12$53901422$-,0.36
chr12:53833400-53835000,ENSG00000139574.7$NPFF$chr12$53901422$-,0.43
chr12:53844600-53845800,ENSG00000139574.7$NPFF$chr12$53901422$-,0.54
chr12:54020600-54021800,ENSG00000139574.7$NPFF$chr12$53901422$-,0.35
chr12:56372800-56373600,ENSG00000139579.8$NABP2$chr12$56615799$+,0.4
chr12:56527000-56528200,ENSG00000139579.8$NABP2$chr12$56615799$+,0.41
chr12:56543800-56545600,ENSG00000139579.8$NABP2$chr12$56615799$+,0.46
chr12:56596000-56597400,ENSG00000139579.8$NABP2$chr12$56615799$+,0.75
chr12:56618600-56620200,ENSG00000139579.8$NABP2$chr12$56615799$+,0.52
chr12:56659200-56660400,ENSG00000139579.8$NABP2$chr12$56615799$+,0.62
chr12:56661200-56662800,ENSG00000139579.8$NABP2$chr12$56615799$+,0.59
chr12:56708000-56709000,ENSG00000139579.8$NABP2$chr12$56615799$+,0.52
chr12:56710400-56711600,ENSG00000139579.8$NABP2$chr12$56615799$+,0.45
chr12:56726000-56727200,ENSG00000139579.8$NABP2$chr12$56615799$+,0.42
chr12:56754800-56756400,ENSG00000139579.8$NABP2$chr12$56615799$+,0.37
chr13:32888200-32889200,ENSG00000139597.12$N4BP2L1$chr13$33002315$-,0.5
chr13:33159200-33160000,ENSG00000139597.12$N4BP2L1$chr13$33002315$-,0.37
chr12:56527000-56528200,ENSG00000139613.7$SMARCC2$chr12$56583351$-,0.48
chr12:56543800-56545600,ENSG00000139613.7$SMARCC2$chr12$56583351$-,0.57
chr12:56596000-56597400,ENSG00000139613.7$SMARCC2$chr12$56583351$-,0.65
chr12:56612800-56615000,ENSG00000139613.7$SMARCC2$chr12$56583351$-,0.67
chr12:56616200-56618200,ENSG00000139613.7$SMARCC2$chr12$56583351$-,0.63
chr12:56618600-56620200,ENSG00000139613.7$SMARCC2$chr12$56583351$-,0.63
chr12:56659200-56660400,ENSG00000139613.7$SMARCC2$chr12$56583351$-,0.51
chr12:56661200-56662800,ENSG00000139613.7$SMARCC2$chr12$56583351$-,0.51
chr12:56708000-56709000,ENSG00000139613.7$SMARCC2$chr12$56583351$-,0.43
chr12:56710400-56711600,ENSG00000139613.7$SMARCC2$chr12$56583351$-,0.43
chr12:56726000-56727200,ENSG00000139613.7$SMARCC2$chr12$56583351$-,0.35
chr13:32808600-32809600,ENSG00000139618.10$BRCA2$chr13$32889611$+,0.47
chr12:50407000-50408600,ENSG00000139624.8$CERS5$chr12$50561288$-,0.49
chr12:50542800-50543600,ENSG00000139624.8$CERS5$chr12$50561288$-,0.44
chr12:50550200-50552400,ENSG00000139624.8$CERS5$chr12$50561288$-,0.59
chr12:50554000-50555600,ENSG00000139624.8$CERS5$chr12$50561288$-,0.44
chr12:53737200-53739000,ENSG00000139625.8$MAP3K12$chr12$53893847$-,0.51
chr12:53746200-53747600,ENSG00000139625.8$MAP3K12$chr12$53893847$-,0.45
chr12:53772000-53773600,ENSG00000139625.8$MAP3K12$chr12$53893847$-,0.41
chr12:53833400-53835000,ENSG00000139625.8$MAP3K12$chr12$53893847$-,0.53
chr12:53844600-53845800,ENSG00000139625.8$MAP3K12$chr12$53893847$-,0.52
chr12:53431800-53434000,ENSG00000139626.11$ITGB7$chr12$53601091$-,0.37
chr12:53643400-53645400,ENSG00000139626.11$ITGB7$chr12$53601091$-,0.52
chr12:53660800-53662000,ENSG00000139626.11$ITGB7$chr12$53601091$-,0.58
chr12:53688200-53689200,ENSG00000139626.11$ITGB7$chr12$53601091$-,0.37
chr12:53712400-53714800,ENSG00000139626.11$ITGB7$chr12$53601091$-,0.37
chr12:53737200-53739000,ENSG00000139626.11$ITGB7$chr12$53601091$-,0.39
chr12:51594600-51595200,ENSG00000139629.11$GALNT6$chr12$51786651$-,0.35
chr12:51609400-51611000,ENSG00000139629.11$GALNT6$chr12$51786651$-,0.35
chr12:51612400-51614200,ENSG00000139629.11$GALNT6$chr12$51786651$-,0.43
chr12:51832800-51834600,ENSG00000139629.11$GALNT6$chr12$51786651$-,0.59
chr12:51834800-51837000,ENSG00000139629.11$GALNT6$chr12$51786651$-,0.54
chr12:53397600-53399600,ENSG00000139631.14$CSAD$chr12$53575135$-,0.4
chr12:53431800-53434000,ENSG00000139631.14$CSAD$chr12$53575135$-,0.51
chr12:53643400-53645400,ENSG00000139631.14$CSAD$chr12$53575135$-,0.53
chr12:53660800-53662000,ENSG00000139631.14$CSAD$chr12$53575135$-,0.46
chr12:53688200-53689200,ENSG00000139631.14$CSAD$chr12$53575135$-,0.38
chr12:53712400-53714800,ENSG00000139631.14$CSAD$chr12$53575135$-,0.43
chr12:53746200-53747600,ENSG00000139631.14$CSAD$chr12$53575135$-,0.38
chr12:49413000-49415400,ENSG00000139636.11$LMBR1L$chr12$49504683$-,0.45
chr12:49437000-49439000,ENSG00000139636.11$LMBR1L$chr12$49504683$-,0.37
chr12:49462400-49463400,ENSG00000139636.11$LMBR1L$chr12$49504683$-,0.69
chr12:53643400-53645400,ENSG00000139637.9$C12orf10$chr12$53693470$+,0.52
chr12:53660800-53662000,ENSG00000139637.9$C12orf10$chr12$53693470$+,0.55
chr12:53688200-53689200,ENSG00000139637.9$C12orf10$chr12$53693470$+,0.56
chr12:53712400-53714800,ENSG00000139637.9$C12orf10$chr12$53693470$+,0.49
chr12:53737200-53739000,ENSG00000139637.9$C12orf10$chr12$53693470$+,0.49
chr12:53746200-53747600,ENSG00000139637.9$C12orf10$chr12$53693470$+,0.54
chr12:53772000-53773600,ENSG00000139637.9$C12orf10$chr12$53693470$+,0.46
chr12:53833400-53835000,ENSG00000139637.9$C12orf10$chr12$53693470$+,0.47
chr12:53844600-53845800,ENSG00000139637.9$C12orf10$chr12$53693470$+,0.4
chr12:56198000-56199600,ENSG00000139641.8$ESYT1$chr12$56512034$+,0.35
chr12:56292600-56293400,ENSG00000139641.8$ESYT1$chr12$56512034$+,0.44
chr12:56358600-56360400,ENSG00000139641.8$ESYT1$chr12$56512034$+,0.42
chr12:56433800-56435200,ENSG00000139641.8$ESYT1$chr12$56512034$+,0.47
chr12:56527000-56528200,ENSG00000139641.8$ESYT1$chr12$56512034$+,0.77
chr12:56543800-56545600,ENSG00000139641.8$ESYT1$chr12$56512034$+,0.6
chr12:56596000-56597400,ENSG00000139641.8$ESYT1$chr12$56512034$+,0.46
chr12:56612800-56615000,ENSG00000139641.8$ESYT1$chr12$56512034$+,0.44
chr12:56616200-56618200,ENSG00000139641.8$ESYT1$chr12$56512034$+,0.44
chr12:56618600-56620200,ENSG00000139641.8$ESYT1$chr12$56512034$+,0.41
chr12:56659200-56660400,ENSG00000139641.8$ESYT1$chr12$56512034$+,0.36
chr12:56661200-56662800,ENSG00000139641.8$ESYT1$chr12$56512034$+,0.41
chr12:56708000-56709000,ENSG00000139641.8$ESYT1$chr12$56512034$+,0.36
chr12:56710400-56711600,ENSG00000139641.8$ESYT1$chr12$56512034$+,0.37
chr12:56726000-56727200,ENSG00000139641.8$ESYT1$chr12$56512034$+,0.38
chr12:56754800-56756400,ENSG00000139641.8$ESYT1$chr12$56512034$+,0.45
chr12:56818000-56820200,ENSG00000139641.8$ESYT1$chr12$56512034$+,0.35
chr12:56527000-56528200,ENSG00000139645.9$ANKRD52$chr12$56652175$-,0.35
chr12:56543800-56545600,ENSG00000139645.9$ANKRD52$chr12$56652175$-,0.39
chr12:56596000-56597400,ENSG00000139645.9$ANKRD52$chr12$56652175$-,0.41
chr12:56612800-56615000,ENSG00000139645.9$ANKRD52$chr12$56652175$-,0.41
chr12:56616200-56618200,ENSG00000139645.9$ANKRD52$chr12$56652175$-,0.59
chr12:56618600-56620200,ENSG00000139645.9$ANKRD52$chr12$56652175$-,0.57
chr12:56659200-56660400,ENSG00000139645.9$ANKRD52$chr12$56652175$-,0.56
chr12:56661200-56662800,ENSG00000139645.9$ANKRD52$chr12$56652175$-,0.59
chr12:56708000-56709000,ENSG00000139645.9$ANKRD52$chr12$56652175$-,0.43
chr12:52998400-52999400,ENSG00000139648.6$KRT71$chr12$52946931$-,0.41
chr12:53397600-53399600,ENSG00000139651.9$ZNF740$chr12$53574484$+,0.46
chr12:53431800-53434000,ENSG00000139651.9$ZNF740$chr12$53574484$+,0.44
chr12:53643400-53645400,ENSG00000139651.9$ZNF740$chr12$53574484$+,0.43
chr12:53712400-53714800,ENSG00000139651.9$ZNF740$chr12$53574484$+,0.35
chr13:51983800-51984800,ENSG00000139668.7$WDFY2$chr13$52158644$+,0.37
chr13:51985000-51985200,ENSG00000139668.7$WDFY2$chr13$52158644$+,0.36
chr13:51987800-51989400,ENSG00000139668.7$WDFY2$chr13$52158644$+,0.39
chr13:53224200-53226000,ENSG00000139675.10$HNRNPA1L2$chr13$53191605$+,0.52
chr13:49008200-49008400,ENSG00000139679.11$LPAR6$chr13$49018840$-,0.41
chr13:49056800-49057800,ENSG00000139679.11$LPAR6$chr13$49018840$-,0.59
chr13:48783600-48785200,ENSG00000139687.9$RB1$chr13$48877887$+,0.49
chr13:49008200-49008400,ENSG00000139687.9$RB1$chr13$48877887$+,0.38
chr12:123684400-123686000,ENSG00000139697.7$SBNO1$chr12$123849390$-,0.38
chr12:123921400-123922800,ENSG00000139697.7$SBNO1$chr12$123849390$-,0.43
chr12:122194200-122196200,ENSG00000139714.8$MORN3$chr12$122110537$-,0.49
chr12:121989200-121991400,ENSG00000139718.6$SETD1B$chr12$122242086$+,0.37
chr12:122194200-122196200,ENSG00000139718.6$SETD1B$chr12$122242086$+,0.43
chr12:122325400-122326200,ENSG00000139718.6$SETD1B$chr12$122242086$+,0.49
chr12:122346400-122347000,ENSG00000139718.6$SETD1B$chr12$122242086$+,0.38
chr12:122349400-122350800,ENSG00000139718.6$SETD1B$chr12$122242086$+,0.42
chr12:122687000-122688000,ENSG00000139719.5$VPS33A$chr12$122751068$-,0.52
chr12:122721800-122722000,ENSG00000139719.5$VPS33A$chr12$122751068$-,0.54
chr12:122724600-122725400,ENSG00000139719.5$VPS33A$chr12$122751068$-,0.58
chr12:122748400-122750200,ENSG00000139719.5$VPS33A$chr12$122751068$-,0.39
chr12:122820800-122822400,ENSG00000139719.5$VPS33A$chr12$122751068$-,0.48
chr12:122933000-122935400,ENSG00000139719.5$VPS33A$chr12$122751068$-,0.35
chr12:123310200-123312600,ENSG00000139722.2$VPS37B$chr12$123380991$-,0.45
chr12:123317800-123319400,ENSG00000139722.2$VPS37B$chr12$123380991$-,0.52
chr12:123457400-123458800,ENSG00000139722.2$VPS37B$chr12$123380991$-,0.6
chr12:121989200-121991400,ENSG00000139725.3$RHOF$chr12$122241309$-,0.35
chr12:122194200-122196200,ENSG00000139725.3$RHOF$chr12$122241309$-,0.44
chr12:122325400-122326200,ENSG00000139725.3$RHOF$chr12$122241309$-,0.45
chr12:122346400-122347000,ENSG00000139725.3$RHOF$chr12$122241309$-,0.4
chr12:122349400-122350800,ENSG00000139725.3$RHOF$chr12$122241309$-,0.44
chr12:123244400-123244800,ENSG00000139726.6$DENR$chr12$123237321$+,0.68
chr12:123310200-123312600,ENSG00000139726.6$DENR$chr12$123237321$+,0.47
chr12:123317800-123319400,ENSG00000139726.6$DENR$chr12$123237321$+,0.45
chr13:60728400-60729200,ENSG00000139734.13$DIAPH3$chr13$60738121$-,0.62
chr13:60841200-60841800,ENSG00000139734.13$DIAPH3$chr13$60738121$-,0.36
chr13:78276400-78278000,ENSG00000139737.17$SLAIN1$chr13$78272023$+,0.66
chr13:100568200-100569400,ENSG00000139800.8$ZIC5$chr13$100624163$-,0.46
chr13:108997400-108997600,ENSG00000139826.5$ABHD13$chr13$108870727$+,0.41
chr13:108998800-109000800,ENSG00000139826.5$ABHD13$chr13$108870727$+,0.45
chr13:109007000-109007600,ENSG00000139826.5$ABHD13$chr13$108870727$+,0.44
chr13:111266800-111268000,ENSG00000139832.3$RAB20$chr13$111214080$-,0.41
chr13:114047200-114049200,ENSG00000139835.9$GRTP1$chr13$114018446$-,0.39
chr13:113763600-113765800,ENSG00000139842.10$CUL4A$chr13$113862552$+,0.48
chr13:113945600-113947800,ENSG00000139842.10$CUL4A$chr13$113862552$+,0.49
chr13:113949800-113951000,ENSG00000139842.10$CUL4A$chr13$113862552$+,0.41
chr14:23423200-23425600,ENSG00000139880.15$CDH24$chr14$23526747$-,0.41
chr14:23426600-23427400,ENSG00000139880.15$CDH24$chr14$23526747$-,0.36
chr14:23473600-23475800,ENSG00000139880.15$CDH24$chr14$23526747$-,0.51
chr14:23496800-23499000,ENSG00000139880.15$CDH24$chr14$23526747$-,0.62
chr14:23504400-23505400,ENSG00000139880.15$CDH24$chr14$23526747$-,0.58
chr14:23540800-23542800,ENSG00000139880.15$CDH24$chr14$23526747$-,0.59
chr14:23297400-23299000,ENSG00000139890.5$REM2$chr14$23352374$+,0.38
chr14:23299600-23301600,ENSG00000139890.5$REM2$chr14$23352374$+,0.43
chr14:23326400-23328800,ENSG00000139890.5$REM2$chr14$23352374$+,0.37
chr14:23334400-23336200,ENSG00000139890.5$REM2$chr14$23352374$+,0.44
chr14:23423200-23425600,ENSG00000139890.5$REM2$chr14$23352374$+,0.36
chr14:24715000-24717400,ENSG00000139899.6$CBLN3$chr14$24900160$-,0.35
chr14:24738000-24740200,ENSG00000139899.6$CBLN3$chr14$24900160$-,0.4
chr14:24758400-24760200,ENSG00000139899.6$CBLN3$chr14$24900160$-,0.43
chr14:24769800-24771600,ENSG00000139899.6$CBLN3$chr14$24900160$-,0.52
chr14:24912400-24913600,ENSG00000139899.6$CBLN3$chr14$24900160$-,0.62
chr14:24474800-24475800,ENSG00000139908.10$TSSK4$chr14$24674903$+,0.35
chr14:24564200-24566400,ENSG00000139908.10$TSSK4$chr14$24674903$+,0.4
chr14:24582400-24582800,ENSG00000139908.10$TSSK4$chr14$24674903$+,0.46
chr14:24603400-24604800,ENSG00000139908.10$TSSK4$chr14$24674903$+,0.41
chr14:24628800-24630600,ENSG00000139908.10$TSSK4$chr14$24674903$+,0.45
chr14:24682800-24684600,ENSG00000139908.10$TSSK4$chr14$24674903$+,0.48
chr14:24685200-24686400,ENSG00000139908.10$TSSK4$chr14$24674903$+,0.6
chr14:24712400-24714800,ENSG00000139908.10$TSSK4$chr14$24674903$+,0.48
chr14:24715000-24717400,ENSG00000139908.10$TSSK4$chr14$24674903$+,0.52
chr14:24738000-24740200,ENSG00000139908.10$TSSK4$chr14$24674903$+,0.44
chr14:24758400-24760200,ENSG00000139908.10$TSSK4$chr14$24674903$+,0.45
chr14:24769800-24771600,ENSG00000139908.10$TSSK4$chr14$24674903$+,0.43
chr14:24582400-24582800,ENSG00000139914.6$FITM1$chr14$24600484$+,0.36
chr14:24603400-24604800,ENSG00000139914.6$FITM1$chr14$24600484$+,0.43
chr14:51562400-51564200,ENSG00000139921.8$TMX1$chr14$51706880$+,0.5
chr14:58664200-58666200,ENSG00000139971.11$C14orf37$chr14$58764857$-,0.41
chr14:58667800-58669400,ENSG00000139971.11$C14orf37$chr14$58764857$-,0.41
chr14:58708600-58710800,ENSG00000139971.11$C14orf37$chr14$58764857$-,0.61
chr14:58735000-58735600,ENSG00000139971.11$C14orf37$chr14$58764857$-,0.46
chr14:58766800-58769200,ENSG00000139971.11$C14orf37$chr14$58764857$-,0.62
chr14:58769800-58770800,ENSG00000139971.11$C14orf37$chr14$58764857$-,0.56
chr14:58885000-58886800,ENSG00000139971.11$C14orf37$chr14$58764857$-,0.41
chr14:58895400-58897800,ENSG00000139971.11$C14orf37$chr14$58764857$-,0.4
chr14:61359800-61362200,ENSG00000139974.11$SLC38A6$chr14$61447832$+,0.58
chr14:57878200-57878800,ENSG00000139977.9$NAA30$chr14$57857262$+,0.7
chr14:70872600-70873800,ENSG00000139985.5$ADAM21$chr14$70918874$+,0.43
chr14:70883800-70884800,ENSG00000139985.5$ADAM21$chr14$70918874$+,0.54
chr14:68162400-68164400,ENSG00000139988.5$RDH12$chr14$68168603$+,0.56
chr14:69656600-69658000,ENSG00000139990.13$DCAF5$chr14$69619867$-,0.52
chr14:65452600-65453600,ENSG00000139998.10$RAB15$chr14$65439494$-,0.59
chr14:65570000-65572000,ENSG00000139998.10$RAB15$chr14$65439494$-,0.4
chr14:63973600-63975800,ENSG00000140006.7$WDR89$chr14$64108579$-,0.42
chr14:63982800-63984400,ENSG00000140006.7$WDR89$chr14$64108579$-,0.39
chr14:64007400-64008800,ENSG00000140006.7$WDR89$chr14$64108579$-,0.48
chr14:64011000-64013200,ENSG00000140006.7$WDR89$chr14$64108579$-,0.5
chr14:64099400-64101400,ENSG00000140006.7$WDR89$chr14$64108579$-,0.43
chr14:64195000-64196400,ENSG00000140006.7$WDR89$chr14$64108579$-,0.4
chr14:64203600-64205200,ENSG00000140006.7$WDR89$chr14$64108579$-,0.41
chr14:64852200-64854000,ENSG00000140009.14$ESR2$chr14$64804830$-,0.42
chr14:88403400-88404800,ENSG00000140030.4$GPR65$chr14$88471468$+,0.49
chr14:88485600-88487200,ENSG00000140030.4$GPR65$chr14$88471468$+,0.55
chr14:88634600-88635400,ENSG00000140030.4$GPR65$chr14$88471468$+,0.35
chr14:74358000-74359000,ENSG00000140043.7$PTGR2$chr14$74318547$+,0.37
chr14:96787600-96788000,ENSG00000140057.4$AK7$chr14$96858448$+,0.38
chr14:96856600-96857400,ENSG00000140057.4$AK7$chr14$96858448$+,0.36
chr14:105560200-105562000,ENSG00000140104.9$C14orf79$chr14$105452112$+,0.36
chr14:100783600-100785800,ENSG00000140105.13$WARS$chr14$100843142$-,0.5
chr14:100783600-100785800,ENSG00000140107.10$SLC25A47$chr14$100789674$+,0.62
chr14:102528600-102531000,ENSG00000140153.13$WDR20$chr14$102605840$+,0.56
chr14:102607400-102609800,ENSG00000140153.13$WDR20$chr14$102605840$+,0.53
chr14:102771800-102772800,ENSG00000140153.13$WDR20$chr14$102605840$+,0.4
chr14:102783800-102785600,ENSG00000140153.13$WDR20$chr14$102605840$+,0.4
chr15:22834200-22836000,ENSG00000140157.10$NIPA2$chr15$23034427$-,0.45
chr15:22836600-22837600,ENSG00000140157.10$NIPA2$chr15$23034427$-,0.38
chr15:23084200-23086000,ENSG00000140157.10$NIPA2$chr15$23034427$-,0.51
chr15:23096600-23098600,ENSG00000140157.10$NIPA2$chr15$23034427$-,0.51
chr15:34515800-34516600,ENSG00000140199.7$SLC12A6$chr15$34630261$-,0.45
chr15:34517800-34520200,ENSG00000140199.7$SLC12A6$chr15$34630261$-,0.41
chr15:34577000-34578200,ENSG00000140199.7$SLC12A6$chr15$34630261$-,0.38
chr15:34689600-34691200,ENSG00000140199.7$SLC12A6$chr15$34630261$-,0.43
chr15:34710600-34711200,ENSG00000140199.7$SLC12A6$chr15$34630261$-,0.45
chr15:44093400-44094600,ENSG00000140259.6$MFAP1$chr15$44117000$-,0.53
chr15:57180000-57181800,ENSG00000140262.13$TCF12$chr15$57210821$+,0.55
chr15:57198000-57200400,ENSG00000140262.13$TCF12$chr15$57210821$+,0.62
chr15:57207800-57210200,ENSG00000140262.13$TCF12$chr15$57210821$+,0.37
chr15:44093400-44094600,ENSG00000140264.15$SERF2$chr15$44069285$+,0.5
chr15:43425800-43428000,ENSG00000140265.8$ZSCAN29$chr15$43663223$-,0.35
chr15:43545000-43547200,ENSG00000140265.8$ZSCAN29$chr15$43663223$-,0.63
chr15:43623200-43624600,ENSG00000140265.8$ZSCAN29$chr15$43663223$-,0.65
chr15:43712000-43714400,ENSG00000140265.8$ZSCAN29$chr15$43663223$-,0.56
chr15:43785800-43787200,ENSG00000140265.8$ZSCAN29$chr15$43663223$-,0.56
chr15:45480600-45481600,ENSG00000140274.9$DUOXA2$chr15$45406519$+,0.42
chr15:45489000-45491000,ENSG00000140274.9$DUOXA2$chr15$45406519$+,0.44
chr15:45480600-45481600,ENSG00000140279.8$DUOX2$chr15$45406542$-,0.45
chr15:45489000-45491000,ENSG00000140279.8$DUOX2$chr15$45406542$-,0.46
chr15:52059800-52062000,ENSG00000140280.9$LYSMD2$chr15$52043782$-,0.45
chr15:60043800-60045000,ENSG00000140299.7$BNIP2$chr15$59981733$-,0.45
chr15:60075600-60077800,ENSG00000140299.7$BNIP2$chr15$59981733$-,0.56
chr15:60079600-60082000,ENSG00000140299.7$BNIP2$chr15$59981733$-,0.53
chr15:60089200-60091600,ENSG00000140299.7$BNIP2$chr15$59981733$-,0.43
chr15:59982000-59984200,ENSG00000140307.6$GTF2A2$chr15$59949740$-,0.59
chr15:60043800-60045000,ENSG00000140307.6$GTF2A2$chr15$59949740$-,0.46
chr15:60075600-60077800,ENSG00000140307.6$GTF2A2$chr15$59949740$-,0.4
chr15:60079600-60082000,ENSG00000140307.6$GTF2A2$chr15$59949740$-,0.4
chr15:60089200-60091600,ENSG00000140307.6$GTF2A2$chr15$59949740$-,0.4
chr15:40452200-40453200,ENSG00000140319.6$SRP14$chr15$40331389$-,0.46
chr15:40470200-40472200,ENSG00000140319.6$SRP14$chr15$40331389$-,0.35
chr15:40764000-40765600,ENSG00000140320.7$BAHD1$chr15$40731920$+,0.42
chr15:40784800-40787200,ENSG00000140320.7$BAHD1$chr15$40731920$+,0.44
chr15:40798600-40800200,ENSG00000140320.7$BAHD1$chr15$40731920$+,0.45
chr15:40673800-40675200,ENSG00000140323.4$DISP2$chr15$40650436$+,0.5
chr15:40675600-40678000,ENSG00000140323.4$DISP2$chr15$40650436$+,0.55
chr15:42866200-42867400,ENSG00000140326.8$CDAN1$chr15$43029324$-,0.42
chr15:42938600-42940600,ENSG00000140326.8$CDAN1$chr15$43029324$-,0.48
chr15:69114200-69116600,ENSG00000140350.11$ANP32A$chr15$69113236$-,0.4
chr15:75637600-75639600,ENSG00000140365.11$COMMD4$chr15$75628232$+,0.39
chr15:76049800-76050800,ENSG00000140367.7$UBE2Q2$chr15$76135622$+,0.5
chr15:76132800-76135200,ENSG00000140367.7$UBE2Q2$chr15$76135622$+,0.37
chr15:76197000-76199400,ENSG00000140367.7$UBE2Q2$chr15$76135622$+,0.47
chr15:76200200-76202000,ENSG00000140367.7$UBE2Q2$chr15$76135622$+,0.44
chr15:77157200-77159400,ENSG00000140368.8$PSTPIP1$chr15$77285700$+,0.44
chr15:77197800-77199400,ENSG00000140368.8$PSTPIP1$chr15$77285700$+,0.55
chr15:77243000-77244800,ENSG00000140368.8$PSTPIP1$chr15$77285700$+,0.61
chr15:77363400-77364800,ENSG00000140368.8$PSTPIP1$chr15$77285700$+,0.44
chr15:76573800-76576000,ENSG00000140374.11$ETFA$chr15$76603813$-,0.44
chr15:76577600-76579800,ENSG00000140374.11$ETFA$chr15$76603813$-,0.45
chr15:80145000-80146800,ENSG00000140379.7$BCL2A1$chr15$80263788$-,0.49
chr15:80149800-80151000,ENSG00000140379.7$BCL2A1$chr15$80263788$-,0.48
chr15:80186600-80188800,ENSG00000140379.7$BCL2A1$chr15$80263788$-,0.41
chr15:80212600-80215000,ENSG00000140379.7$BCL2A1$chr15$80263788$-,0.45
chr15:80216400-80217600,ENSG00000140379.7$BCL2A1$chr15$80263788$-,0.52
chr15:80378800-80380400,ENSG00000140379.7$BCL2A1$chr15$80263788$-,0.47
chr15:77721600-77723600,ENSG00000140382.10$HMG20A$chr15$77712754$+,0.74
chr15:77739200-77741600,ENSG00000140382.10$HMG20A$chr15$77712754$+,0.6
chr15:77778400-77780800,ENSG00000140382.10$HMG20A$chr15$77712754$+,0.44
chr15:77110200-77111000,ENSG00000140386.8$SCAPER$chr15$77197785$-,0.48
chr15:77111200-77112200,ENSG00000140386.8$SCAPER$chr15$77197785$-,0.46
chr15:77157200-77159400,ENSG00000140386.8$SCAPER$chr15$77197785$-,0.71
chr15:77243000-77244800,ENSG00000140386.8$SCAPER$chr15$77197785$-,0.66
chr15:77363400-77364800,ENSG00000140391.10$TSPAN3$chr15$77376326$-,0.4
chr15:78393600-78394600,ENSG00000140395.4$WDR61$chr15$78592136$-,0.35
chr15:78442400-78444600,ENSG00000140395.4$WDR61$chr15$78592136$-,0.48
chr15:78514800-78516800,ENSG00000140395.4$WDR61$chr15$78592136$-,0.63
chr15:78728400-78729800,ENSG00000140395.4$WDR61$chr15$78592136$-,0.4
chr15:78797800-78799400,ENSG00000140395.4$WDR61$chr15$78592136$-,0.37
chr8:71297000-71299000,ENSG00000140396.8$NCOA2$chr8$71316040$-,0.44
chr15:75625800-75628000,ENSG00000140398.9$NEIL1$chr15$75639296$+,0.67
chr15:75658000-75660400,ENSG00000140398.9$NEIL1$chr15$75639296$+,0.61
chr15:75748800-75751000,ENSG00000140398.9$NEIL1$chr15$75639296$+,0.41
chr15:75857600-75859400,ENSG00000140398.9$NEIL1$chr15$75639296$+,0.38
chr15:75871800-75872800,ENSG00000140398.9$NEIL1$chr15$75639296$+,0.41
chr15:75637600-75639600,ENSG00000140400.10$MAN2C1$chr15$75660971$-,0.4
chr15:75748800-75751000,ENSG00000140400.10$MAN2C1$chr15$75660971$-,0.44
chr15:78393600-78394600,ENSG00000140403.8$DNAJA4$chr15$78556428$+,0.38
chr15:78442400-78444600,ENSG00000140403.8$DNAJA4$chr15$78556428$+,0.41
chr15:78514800-78516800,ENSG00000140403.8$DNAJA4$chr15$78556428$+,0.6
chr15:78589200-78591400,ENSG00000140403.8$DNAJA4$chr15$78556428$+,0.65
chr15:78797800-78799400,ENSG00000140403.8$DNAJA4$chr15$78556428$+,0.41
chr15:99192400-99194200,ENSG00000140443.9$IGF1R$chr15$99192200$+,0.36
chr15:98502400-98503800,ENSG00000140450.7$ARRDC4$chr15$98462784$+,0.65
chr15:64995800-64997400,ENSG00000140451.8$PIF1$chr15$65117867$-,0.39
chr15:65020200-65020800,ENSG00000140451.8$PIF1$chr15$65117867$-,0.41
chr15:63841400-63842400,ENSG00000140455.12$USP3$chr15$63796793$+,0.59
chr15:72821000-72822400,ENSG00000140463.9$BBS4$chr15$72978527$+,0.4
chr15:72836800-72838200,ENSG00000140463.9$BBS4$chr15$72978527$+,0.44
chr15:72862200-72862800,ENSG00000140463.9$BBS4$chr15$72978527$+,0.39
chr15:72962400-72964400,ENSG00000140463.9$BBS4$chr15$72978527$+,0.59
chr15:73063400-73065400,ENSG00000140463.9$BBS4$chr15$72978527$+,0.47
chr15:73100600-73103000,ENSG00000140463.9$BBS4$chr15$72978527$+,0.43
chr15:73136400-73137000,ENSG00000140463.9$BBS4$chr15$72978527$+,0.46
chr15:74905200-74907200,ENSG00000140465.9$CYP1A1$chr15$75017951$-,0.36
chr15:74972800-74973000,ENSG00000140465.9$CYP1A1$chr15$75017951$-,0.54
chr15:100873000-100873200,ENSG00000140470.9$ADAMTS17$chr15$100882210$-,0.64
chr15:101003800-101006200,ENSG00000140470.9$ADAMTS17$chr15$100882210$-,0.43
chr15:101114600-101115600,ENSG00000140471.12$LINS$chr15$101143435$-,0.58
chr15:74905200-74907200,ENSG00000140474.8$ULK3$chr15$75135687$-,0.35
chr15:75180600-75182400,ENSG00000140474.8$ULK3$chr15$75135687$-,0.46
chr15:75199600-75200400,ENSG00000140474.8$ULK3$chr15$75135687$-,0.42
chr15:72565400-72567000,ENSG00000140488.10$CELF6$chr15$72612470$-,0.51
chr15:72669000-72670600,ENSG00000140488.10$CELF6$chr15$72612470$-,0.52
chr15:72753600-72754200,ENSG00000140488.10$CELF6$chr15$72612470$-,0.38
chr15:72836800-72838200,ENSG00000140488.10$CELF6$chr15$72612470$-,0.39
chr15:75180600-75182400,ENSG00000140497.12$SCAMP2$chr15$75165706$-,0.66
chr15:75199600-75200400,ENSG00000140497.12$SCAMP2$chr15$75165706$-,0.5
chr15:89247600-89250000,ENSG00000140511.7$HAPLN3$chr15$89438857$-,0.46
chr15:89592000-89594200,ENSG00000140511.7$HAPLN3$chr15$89438857$-,0.47
chr15:89746600-89748800,ENSG00000140521.7$POLG$chr15$89878092$-,0.39
chr15:89746600-89748800,ENSG00000140522.7$RLBP1$chr15$89764982$-,0.39
chr15:89746600-89748800,ENSG00000140525.13$FANCI$chr15$89787180$+,0.56
chr15:89592000-89594200,ENSG00000140526.12$ABHD2$chr15$89630690$+,0.4
chr15:90116800-90118200,ENSG00000140527.10$WDR93$chr15$90234028$+,0.41
chr15:89247600-89250000,ENSG00000140543.9$DET1$chr15$89089906$-,0.39
chr15:91239800-91241400,ENSG00000140553.12$UNC45A$chr15$91473410$+,0.43
chr15:91443600-91445600,ENSG00000140553.12$UNC45A$chr15$91473410$+,0.71
chr15:91479000-91480600,ENSG00000140553.12$UNC45A$chr15$91473410$+,0.58
chr15:91538400-91539800,ENSG00000140553.12$UNC45A$chr15$91473410$+,0.44
chr15:91566400-91568400,ENSG00000140553.12$UNC45A$chr15$91473410$+,0.43
chr15:91443600-91445600,ENSG00000140564.6$FURIN$chr15$91411822$+,0.35
chr15:90681400-90683600,ENSG00000140575.8$IQGAP1$chr15$90931450$+,0.36
chr15:90777800-90778600,ENSG00000140575.8$IQGAP1$chr15$90931450$+,0.45
chr15:90894600-90897000,ENSG00000140575.8$IQGAP1$chr15$90931450$+,0.61
chr15:90972200-90974200,ENSG00000140575.8$IQGAP1$chr15$90931450$+,0.65
chr15:91036400-91037800,ENSG00000140575.8$IQGAP1$chr15$90931450$+,0.49
chr15:91071600-91072800,ENSG00000140575.8$IQGAP1$chr15$90931450$+,0.41
chr15:91087000-91088800,ENSG00000140575.8$IQGAP1$chr15$90931450$+,0.4
chr15:90972200-90974200,ENSG00000140577.11$CRTC3$chr15$91073157$+,0.45
chr15:91036400-91037800,ENSG00000140577.11$CRTC3$chr15$91073157$+,0.55
chr15:91087000-91088800,ENSG00000140577.11$CRTC3$chr15$91073157$+,0.48
chr15:91146600-91148200,ENSG00000140577.11$CRTC3$chr15$91073157$+,0.35
chr15:82581800-82582200,ENSG00000140598.9$EFTUD1$chr15$82555104$-,0.78
chr15:85175000-85176600,ENSG00000140612.9$SEC11A$chr15$85259947$-,0.4
chr15:85242600-85244600,ENSG00000140612.9$SEC11A$chr15$85259947$-,0.66
chr16:4782000-4783600,ENSG00000140632.12$GLYR1$chr16$4897343$-,0.49
chr16:4785000-4786600,ENSG00000140632.12$GLYR1$chr16$4897343$-,0.42
chr16:4817600-4820000,ENSG00000140632.12$GLYR1$chr16$4897343$-,0.66
chr16:8888800-8891000,ENSG00000140650.7$PMM2$chr16$8882680$+,0.62
chr16:31454200-31455600,ENSG00000140675.8$SLC5A2$chr16$31494323$+,0.36
chr16:31296400-31298400,ENSG00000140678.12$ITGAX$chr16$31366455$+,0.55
chr16:31348600-31350400,ENSG00000140678.12$ITGAX$chr16$31366455$+,0.72
chr16:31454200-31455600,ENSG00000140678.12$ITGAX$chr16$31366455$+,0.48
chr16:31348600-31350400,ENSG00000140688.12$C16orf58$chr16$31520630$-,0.49
chr16:31454200-31455600,ENSG00000140688.12$C16orf58$chr16$31520630$-,0.47
chr16:31296400-31298400,ENSG00000140691.12$ARMC5$chr16$31469401$+,0.4
chr16:31348600-31350400,ENSG00000140691.12$ARMC5$chr16$31469401$+,0.5
chr16:31454200-31455600,ENSG00000140691.12$ARMC5$chr16$31469401$+,0.63
chr16:14765800-14767400,ENSG00000140694.12$PARN$chr16$14726585$-,0.56
chr16:14997200-14997800,ENSG00000140694.12$PARN$chr16$14726585$-,0.38
chr16:53526000-53527000,ENSG00000140718.14$FTO$chr16$53737875$+,0.4
chr16:53583200-53585400,ENSG00000140718.14$FTO$chr16$53737875$+,0.38
chr16:53827400-53829800,ENSG00000140718.14$FTO$chr16$53737875$+,0.51
chr16:21719600-21720400,ENSG00000140740.6$UQCRC2$chr16$21963981$+,0.42
chr16:21738600-21739800,ENSG00000140740.6$UQCRC2$chr16$21963981$+,0.39
chr16:21830200-21831600,ENSG00000140740.6$UQCRC2$chr16$21963981$+,0.48
chr16:21958000-21960000,ENSG00000140740.6$UQCRC2$chr16$21963981$+,0.51
chr16:22386600-22388400,ENSG00000140743.3$CDR2$chr16$22448486$-,0.52
chr16:22404200-22406000,ENSG00000140743.3$CDR2$chr16$22448486$-,0.48
chr16:22449800-22450200,ENSG00000140743.3$CDR2$chr16$22448486$-,0.35
chr16:22462400-22464200,ENSG00000140743.3$CDR2$chr16$22448486$-,0.6
chr16:21672000-21673800,ENSG00000140749.7$IGSF6$chr16$21663981$-,0.51
chr16:25116600-25117800,ENSG00000140750.12$ARHGAP17$chr16$25026987$-,0.44
chr16:25135600-25136800,ENSG00000140750.12$ARHGAP17$chr16$25026987$-,0.4
chr16:46836600-46838200,ENSG00000140795.8$MYLK3$chr16$46824319$-,0.7
chr16:46850800-46851600,ENSG00000140795.8$MYLK3$chr16$46824319$-,0.43
chr16:50356800-50359200,ENSG00000140807.4$NKD1$chr16$50582241$+,0.35
chr16:50773800-50775800,ENSG00000140807.4$NKD1$chr16$50582241$+,0.43
chr16:50811800-50813000,ENSG00000140807.4$NKD1$chr16$50582241$+,0.42
chr16:50820600-50821600,ENSG00000140807.4$NKD1$chr16$50582241$+,0.38
chr16:71878000-71879400,ENSG00000140829.7$DHX38$chr16$72127461$+,0.36
chr16:71989800-71991200,ENSG00000140829.7$DHX38$chr16$72127461$+,0.43
chr16:72128400-72130800,ENSG00000140829.7$DHX38$chr16$72127461$+,0.35
chr16:71927600-71928200,ENSG00000140830.4$TXNL4B$chr16$72128330$-,0.37
chr16:71989800-71991200,ENSG00000140830.4$TXNL4B$chr16$72128330$-,0.38
chr16:81068800-81070000,ENSG00000140905.5$GCSH$chr16$81130008$-,0.47
chr16:66584200-66586200,ENSG00000140931.15$CMTM3$chr16$66637777$+,0.51
chr16:66785600-66787200,ENSG00000140931.15$CMTM3$chr16$66637777$+,0.41
chr16:66636400-66638000,ENSG00000140932.5$CMTM2$chr16$66613351$+,0.38
chr16:67141800-67143400,ENSG00000140939.10$NOL3$chr16$67204057$+,0.41
chr16:87430000-87431000,ENSG00000140941.8$MAP1LC3B$chr16$87417601$+,0.67
chr16:84046800-84049000,ENSG00000140943.12$MBTPS1$chr16$84150511$-,0.57
chr16:84178200-84180000,ENSG00000140943.12$MBTPS1$chr16$84150511$-,0.53
chr16:84220600-84221200,ENSG00000140943.12$MBTPS1$chr16$84150511$-,0.52
chr16:87430000-87431000,ENSG00000140948.7$ZCCHC14$chr16$87525651$-,0.39
chr16:84220600-84221200,ENSG00000140955.6$ADAD2$chr16$84224744$+,0.64
chr16:85852800-85854200,ENSG00000140968.6$IRF8$chr16$85932409$+,0.5
chr16:85854600-85857000,ENSG00000140968.6$IRF8$chr16$85932409$+,0.55
chr16:86040400-86042400,ENSG00000140968.6$IRF8$chr16$85932409$+,0.37
chr16:858200-859800,ENSG00000140983.9$RHOT2$chr16$718086$+,0.41
chr16:3334600-3336600,ENSG00000140987.15$ZSCAN32$chr16$3451065$-,0.35
chr16:3353200-3355000,ENSG00000140987.15$ZSCAN32$chr16$3451065$-,0.53
chr16:3415800-3416600,ENSG00000140987.15$ZSCAN32$chr16$3451065$-,0.65
chr16:3481200-3483200,ENSG00000140987.15$ZSCAN32$chr16$3451065$-,0.68
chr16:3494200-3496400,ENSG00000140987.15$ZSCAN32$chr16$3451065$-,0.53
chr16:3500600-3502000,ENSG00000140987.15$ZSCAN32$chr16$3451065$-,0.59
chr16:3549000-3551000,ENSG00000140987.15$ZSCAN32$chr16$3451065$-,0.49
chr16:1904400-1906400,ENSG00000140990.10$NDUFB10$chr16$2009509$+,0.44
chr16:2020000-2021600,ENSG00000140990.10$NDUFB10$chr16$2009509$+,0.53
chr16:2060200-2062400,ENSG00000140990.10$NDUFB10$chr16$2009509$+,0.44
chr16:2069000-2071200,ENSG00000140990.10$NDUFB10$chr16$2009509$+,0.54
chr16:2098600-2099800,ENSG00000140990.10$NDUFB10$chr16$2009509$+,0.47
chr16:2186000-2187000,ENSG00000140990.10$NDUFB10$chr16$2009509$+,0.35
chr16:2595000-2597400,ENSG00000140992.14$PDPK1$chr16$2587965$+,0.61
chr16:2706000-2707800,ENSG00000140992.14$PDPK1$chr16$2587965$+,0.37
chr16:3207000-3207800,ENSG00000140993.6$TIGD7$chr16$3355729$-,0.43
chr16:3285600-3287200,ENSG00000140993.6$TIGD7$chr16$3355729$-,0.46
chr16:3334600-3336600,ENSG00000140993.6$TIGD7$chr16$3355729$-,0.69
chr16:3353200-3355000,ENSG00000140993.6$TIGD7$chr16$3355729$-,0.36
chr16:3415800-3416600,ENSG00000140993.6$TIGD7$chr16$3355729$-,0.48
chr16:3481200-3483200,ENSG00000140993.6$TIGD7$chr16$3355729$-,0.4
chr16:3494200-3496400,ENSG00000140993.6$TIGD7$chr16$3355729$-,0.41
chr16:3500600-3502000,ENSG00000140993.6$TIGD7$chr16$3355729$-,0.41
chr16:90092000-90094400,ENSG00000140995.12$DEF8$chr16$90014333$+,0.54
chr16:90147800-90149000,ENSG00000140995.12$DEF8$chr16$90014333$+,0.39
chr16:89721400-89723800,ENSG00000141002.14$TCF25$chr16$89940000$+,0.36
chr16:89725000-89727400,ENSG00000141002.14$TCF25$chr16$89940000$+,0.41
chr16:89752000-89753000,ENSG00000141002.14$TCF25$chr16$89940000$+,0.48
chr16:89793400-89794600,ENSG00000141002.14$TCF25$chr16$89940000$+,0.39
chr16:89795200-89797600,ENSG00000141002.14$TCF25$chr16$89940000$+,0.46
chr16:89798000-89799200,ENSG00000141002.14$TCF25$chr16$89940000$+,0.42
chr16:89799400-89800200,ENSG00000141002.14$TCF25$chr16$89940000$+,0.38
chr16:89815800-89816600,ENSG00000141002.14$TCF25$chr16$89940000$+,0.41
chr16:88924400-88926800,ENSG00000141012.8$GALNS$chr16$88923378$-,0.36
chr16:90092000-90094400,ENSG00000141013.10$GAS8$chr16$90086037$+,0.6
chr17:17141400-17143800,ENSG00000141026.4$MED9$chr17$17380300$+,0.37
chr17:17184600-17187000,ENSG00000141026.4$MED9$chr17$17380300$+,0.47
chr17:17342800-17345000,ENSG00000141026.4$MED9$chr17$17380300$+,0.45
chr17:17495800-17497200,ENSG00000141026.4$MED9$chr17$17380300$+,0.42
chr17:17531400-17532800,ENSG00000141026.4$MED9$chr17$17380300$+,0.43
chr17:16086600-16088000,ENSG00000141027.16$NCOR1$chr17$16121499$-,0.62
chr17:16089200-16091400,ENSG00000141027.16$NCOR1$chr17$16121499$-,0.57
chr17:16097000-16099200,ENSG00000141027.16$NCOR1$chr17$16121499$-,0.67
chr17:16119400-16120400,ENSG00000141027.16$NCOR1$chr17$16121499$-,0.42
chr17:16213600-16215400,ENSG00000141027.16$NCOR1$chr17$16121499$-,0.36
chr17:17077600-17077800,ENSG00000141030.8$COPS3$chr17$17184607$-,0.36
chr17:17141400-17143800,ENSG00000141030.8$COPS3$chr17$17184607$-,0.59
chr17:17989600-17991400,ENSG00000141034.5$GID4$chr17$17942606$+,0.57
chr17:17992000-17993600,ENSG00000141034.5$GID4$chr17$17942606$+,0.45
chr17:16356000-16357600,ENSG00000141040.10$ZNF287$chr17$16472520$-,0.5
chr17:16422800-16425000,ENSG00000141040.10$ZNF287$chr17$16472520$-,0.58
chr17:16492800-16493400,ENSG00000141040.10$ZNF287$chr17$16472520$-,0.58
chr17:16554800-16557200,ENSG00000141040.10$ZNF287$chr17$16472520$-,0.43
chr17:16557400-16558200,ENSG00000141040.10$ZNF287$chr17$16472520$-,0.54
chr17:25620000-25621000,ENSG00000141068.9$KSR1$chr17$25783670$+,0.48
chr17:25687000-25689400,ENSG00000141068.9$KSR1$chr17$25783670$+,0.45
chr16:69245200-69246400,ENSG00000141076.13$CIRH1A$chr16$69165194$+,0.49
chr16:69286200-69286800,ENSG00000141076.13$CIRH1A$chr16$69165194$+,0.35
chr16:67618600-67620000,ENSG00000141084.6$RANBP10$chr16$67840555$-,0.36
chr16:67691800-67693800,ENSG00000141084.6$RANBP10$chr16$67840555$-,0.41
chr16:67753800-67756000,ENSG00000141084.6$RANBP10$chr16$67840555$-,0.5
chr16:67850200-67851000,ENSG00000141084.6$RANBP10$chr16$67840555$-,0.66
chr16:67874400-67876200,ENSG00000141084.6$RANBP10$chr16$67840555$-,0.54
chr16:67881600-67884000,ENSG00000141084.6$RANBP10$chr16$67840555$-,0.48
chr16:67884400-67886200,ENSG00000141084.6$RANBP10$chr16$67840555$-,0.47
chr16:67926200-67926800,ENSG00000141084.6$RANBP10$chr16$67840555$-,0.53
chr16:67970800-67972200,ENSG00000141084.6$RANBP10$chr16$67840555$-,0.38
chr16:68003000-68005000,ENSG00000141084.6$RANBP10$chr16$67840555$-,0.4
chr16:67970800-67972200,ENSG00000141086.13$CTRL$chr16$67966317$-,0.48
chr16:68003000-68005000,ENSG00000141096.4$DPEP3$chr16$68014732$-,0.36
chr16:67604600-67606800,ENSG00000141098.8$GFOD2$chr16$67753324$-,0.36
chr16:67613200-67614400,ENSG00000141098.8$GFOD2$chr16$67753324$-,0.41
chr16:67618600-67620000,ENSG00000141098.8$GFOD2$chr16$67753324$-,0.47
chr16:67620800-67622000,ENSG00000141098.8$GFOD2$chr16$67753324$-,0.4
chr16:67631600-67633400,ENSG00000141098.8$GFOD2$chr16$67753324$-,0.47
chr16:67691800-67693800,ENSG00000141098.8$GFOD2$chr16$67753324$-,0.47
chr16:67850200-67851000,ENSG00000141098.8$GFOD2$chr16$67753324$-,0.43
chr16:67874400-67876200,ENSG00000141098.8$GFOD2$chr16$67753324$-,0.4
chr16:67881600-67884000,ENSG00000141098.8$GFOD2$chr16$67753324$-,0.47
chr16:67884400-67886200,ENSG00000141098.8$GFOD2$chr16$67753324$-,0.39
chr16:69608000-69608200,ENSG00000141101.8$NOB1$chr16$69788843$-,0.35
chr16:69743200-69744000,ENSG00000141101.8$NOB1$chr16$69788843$-,0.46
chr16:69794600-69796000,ENSG00000141101.8$NOB1$chr16$69788843$-,0.62
chr17:18757400-18759200,ENSG00000141127.10$PRPSAP2$chr17$18743398$+,0.47
chr17:18759400-18761600,ENSG00000141127.10$PRPSAP2$chr17$18743398$+,0.41
chr17:34837800-34839600,ENSG00000141140.12$MYO19$chr17$34899284$-,0.56
chr17:34961600-34962800,ENSG00000141140.12$MYO19$chr17$34899284$-,0.54
chr17:35767800-35769000,ENSG00000141141.10$DDX52$chr17$36003493$-,0.4
chr17:35870200-35871400,ENSG00000141141.10$DDX52$chr17$36003493$-,0.39
chr17:34067200-34069200,ENSG00000141150.3$RASL10B$chr17$34058668$+,0.61
chr17:34131200-34132400,ENSG00000141150.3$RASL10B$chr17$34058668$+,0.39
chr17:33466200-33468600,ENSG00000141161.7$UNC45B$chr17$33474836$+,0.46
chr17:33498000-33500200,ENSG00000141161.7$UNC45B$chr17$33474836$+,0.37
chr17:33506800-33508600,ENSG00000141161.7$UNC45B$chr17$33474836$+,0.42
chr17:56158400-56160800,ENSG00000141194.5$OR4D1$chr17$56232494$+,0.46
chr17:56199400-56200000,ENSG00000141194.5$OR4D1$chr17$56232494$+,0.58
chr17:56244000-56245200,ENSG00000141194.5$OR4D1$chr17$56232494$+,0.58
chr17:56295000-56296200,ENSG00000141194.5$OR4D1$chr17$56232494$+,0.46
chr17:56297000-56298200,ENSG00000141194.5$OR4D1$chr17$56232494$+,0.47
chr17:71229600-71231400,ENSG00000141219.11$C17orf80$chr17$71228372$+,0.35
chr17:48860000-48861200,ENSG00000141232.4$TOB1$chr17$48945339$-,0.61
chr17:48963800-48966000,ENSG00000141232.4$TOB1$chr17$48945339$-,0.66
chr17:49054000-49056400,ENSG00000141232.4$TOB1$chr17$48945339$-,0.43
chr17:49145200-49146200,ENSG00000141232.4$TOB1$chr17$48945339$-,0.36
chr17:49242200-49243400,ENSG00000141232.4$TOB1$chr17$48945339$-,0.35
chr17:2207600-2208800,ENSG00000141258.8$SGSM2$chr17$2240792$+,0.59
chr17:2434000-2435000,ENSG00000141258.8$SGSM2$chr17$2240792$+,0.41
chr17:45609800-45611800,ENSG00000141279.11$NPEPPS$chr17$45600308$+,0.37
chr17:46378400-46380600,ENSG00000141293.11$SKAP1$chr17$46507637$-,0.37
chr17:46405400-46406800,ENSG00000141293.11$SKAP1$chr17$46507637$-,0.4
chr17:46428600-46430400,ENSG00000141293.11$SKAP1$chr17$46507637$-,0.46
chr17:46440600-46441800,ENSG00000141293.11$SKAP1$chr17$46507637$-,0.48
chr17:46443000-46444200,ENSG00000141293.11$SKAP1$chr17$46507637$-,0.5
chr17:46445000-46446400,ENSG00000141293.11$SKAP1$chr17$46507637$-,0.51
chr17:46458400-46459400,ENSG00000141293.11$SKAP1$chr17$46507637$-,0.51
chr17:46466000-46468400,ENSG00000141293.11$SKAP1$chr17$46507637$-,0.53
chr17:46513800-46514800,ENSG00000141293.11$SKAP1$chr17$46507637$-,0.7
chr17:45839800-45841600,ENSG00000141294.5$LRRC46$chr17$45908993$+,0.4
chr17:45866200-45868400,ENSG00000141294.5$LRRC46$chr17$45908993$+,0.52
chr17:45899000-45900800,ENSG00000141294.5$LRRC46$chr17$45908993$+,0.66
chr17:45970800-45972600,ENSG00000141294.5$LRRC46$chr17$45908993$+,0.45
chr17:45994800-45996400,ENSG00000141294.5$LRRC46$chr17$45908993$+,0.39
chr17:45713000-45714600,ENSG00000141295.9$SCRN2$chr17$45918699$-,0.35
chr17:45839800-45841600,ENSG00000141295.9$SCRN2$chr17$45918699$-,0.41
chr17:45866200-45868400,ENSG00000141295.9$SCRN2$chr17$45918699$-,0.41
chr17:45899000-45900800,ENSG00000141295.9$SCRN2$chr17$45918699$-,0.57
chr17:45909200-45910800,ENSG00000141295.9$SCRN2$chr17$45918699$-,0.62
chr17:45970800-45972600,ENSG00000141295.9$SCRN2$chr17$45918699$-,0.49
chr17:45994800-45996400,ENSG00000141295.9$SCRN2$chr17$45918699$-,0.55
chr17:46049000-46051400,ENSG00000141295.9$SCRN2$chr17$45918699$-,0.41
chr17:28228200-28229800,ENSG00000141298.13$SSH2$chr17$28257294$-,0.59
chr17:28241000-28242800,ENSG00000141298.13$SSH2$chr17$28257294$-,0.71
chr17:28327000-28328600,ENSG00000141298.13$SSH2$chr17$28257294$-,0.61
chr17:66015000-66016200,ENSG00000141337.8$ARSG$chr17$66255323$+,0.38
chr17:66168400-66169200,ENSG00000141337.8$ARSG$chr17$66255323$+,0.43
chr17:66185400-66186600,ENSG00000141337.8$ARSG$chr17$66255323$+,0.5
chr17:66200200-66201400,ENSG00000141337.8$ARSG$chr17$66255323$+,0.56
chr17:66241800-66243600,ENSG00000141337.8$ARSG$chr17$66255323$+,0.72
chr17:66280800-66281000,ENSG00000141337.8$ARSG$chr17$66255323$+,0.66
chr17:66281400-66281600,ENSG00000141337.8$ARSG$chr17$66255323$+,0.66
chr17:66355400-66357200,ENSG00000141337.8$ARSG$chr17$66255323$+,0.35
chr17:67066400-67068000,ENSG00000141338.9$ABCA8$chr17$66951533$-,0.65
chr17:42110800-42112000,ENSG00000141349.4$G6PC3$chr17$42148103$+,0.37
chr17:57641800-57642800,ENSG00000141367.7$CLTC$chr17$57697219$+,0.49
chr17:57643600-57645000,ENSG00000141367.7$CLTC$chr17$57697219$+,0.51
chr17:57693400-57695800,ENSG00000141367.7$CLTC$chr17$57697219$+,0.49
chr17:58419600-58420400,ENSG00000141371.8$C17orf64$chr17$58469790$+,0.59
chr17:58604200-58604800,ENSG00000141371.8$C17orf64$chr17$58469790$+,0.45
chr17:58604200-58604800,ENSG00000141376.16$BCAS3$chr17$58754814$+,0.39
chr17:58674600-58676800,ENSG00000141376.16$BCAS3$chr17$58754814$+,0.51
chr17:58843400-58845800,ENSG00000141376.16$BCAS3$chr17$58754814$+,0.41
chr17:58846000-58847800,ENSG00000141376.16$BCAS3$chr17$58754814$+,0.52
chr17:57693400-57695800,ENSG00000141378.13$PTRH2$chr17$57784987$-,0.47
chr18:23532200-23534600,ENSG00000141380.9$SS18$chr18$23671181$-,0.42
chr18:23646400-23648200,ENSG00000141380.9$SS18$chr18$23671181$-,0.7
chr18:23653400-23654600,ENSG00000141380.9$SS18$chr18$23671181$-,0.74
chr18:23655000-23657400,ENSG00000141380.9$SS18$chr18$23671181$-,0.78
chr18:23660200-23660800,ENSG00000141380.9$SS18$chr18$23671181$-,0.74
chr18:23663400-23664800,ENSG00000141380.9$SS18$chr18$23671181$-,0.74
chr18:23804200-23806000,ENSG00000141380.9$SS18$chr18$23671181$-,0.37
chr18:23646400-23648200,ENSG00000141384.7$TAF4B$chr18$23805900$+,0.44
chr18:23653400-23654600,ENSG00000141384.7$TAF4B$chr18$23805900$+,0.47
chr18:23655000-23657400,ENSG00000141384.7$TAF4B$chr18$23805900$+,0.41
chr18:23660200-23660800,ENSG00000141384.7$TAF4B$chr18$23805900$+,0.47
chr18:23663400-23664800,ENSG00000141384.7$TAF4B$chr18$23805900$+,0.45
chr18:11978600-11980800,ENSG00000141401.7$IMPA2$chr18$11981024$+,0.41
chr18:33608400-33609600,ENSG00000141424.8$SLC39A6$chr18$33709348$-,0.49
chr18:33671800-33673800,ENSG00000141424.8$SLC39A6$chr18$33709348$-,0.65
chr18:33764800-33767200,ENSG00000141424.8$SLC39A6$chr18$33709348$-,0.55
chr18:33556400-33556600,ENSG00000141425.13$RPRD1A$chr18$33647539$-,0.49
chr18:33608400-33609600,ENSG00000141425.13$RPRD1A$chr18$33647539$-,0.62
chr18:33671800-33673800,ENSG00000141425.13$RPRD1A$chr18$33647539$-,0.72
chr18:33764800-33767200,ENSG00000141425.13$RPRD1A$chr18$33647539$-,0.48
chr18:33556400-33556600,ENSG00000141428.12$C18orf21$chr18$33552046$+,0.57
chr18:33608400-33609600,ENSG00000141428.12$C18orf21$chr18$33552046$+,0.53
chr18:33671800-33673800,ENSG00000141428.12$C18orf21$chr18$33552046$+,0.46
chr18:32994600-32996800,ENSG00000141429.9$GALNT1$chr18$33161081$+,0.39
chr18:29736400-29738800,ENSG00000141434.7$MEP1B$chr18$29765032$+,0.48
chr18:19173600-19175200,ENSG00000141446.6$ESCO1$chr18$19180845$-,0.52
chr18:19181000-19183400,ENSG00000141446.6$ESCO1$chr18$19180845$-,0.44
chr18:19184600-19185800,ENSG00000141446.6$ESCO1$chr18$19180845$-,0.8
chr18:19191200-19192200,ENSG00000141446.6$ESCO1$chr18$19180845$-,0.62
chr18:19196200-19198400,ENSG00000141446.6$ESCO1$chr18$19180845$-,0.58
chr18:19257800-19259600,ENSG00000141446.6$ESCO1$chr18$19180845$-,0.58
chr18:19285200-19286800,ENSG00000141446.6$ESCO1$chr18$19180845$-,0.39
chr18:19314200-19316400,ENSG00000141446.6$ESCO1$chr18$19180845$-,0.42
chr18:19319400-19320600,ENSG00000141446.6$ESCO1$chr18$19180845$-,0.49
chr18:22007200-22009400,ENSG00000141447.12$OSBPL1A$chr18$21977844$-,0.51
chr18:21015400-21017400,ENSG00000141452.5$C18orf8$chr18$21083473$+,0.39
chr18:21018000-21019200,ENSG00000141452.5$C18orf8$chr18$21083473$+,0.59
chr18:21030800-21032800,ENSG00000141452.5$C18orf8$chr18$21083473$+,0.43
chr18:21091600-21093600,ENSG00000141452.5$C18orf8$chr18$21083473$+,0.7
chr18:21094600-21096600,ENSG00000141452.5$C18orf8$chr18$21083473$+,0.68
chr18:21143000-21144600,ENSG00000141452.5$C18orf8$chr18$21083473$+,0.56
chr18:21201800-21202400,ENSG00000141452.5$C18orf8$chr18$21083473$+,0.45
chr17:4643200-4644600,ENSG00000141456.10$PELP1$chr17$4607632$-,0.58
chr17:4693800-4694800,ENSG00000141456.10$PELP1$chr17$4607632$-,0.37
chr17:4698600-4699400,ENSG00000141456.10$PELP1$chr17$4607632$-,0.39
chr17:4700000-4701800,ENSG00000141456.10$PELP1$chr17$4607632$-,0.37
chr18:21015400-21017400,ENSG00000141458.8$NPC1$chr18$21166862$-,0.45
chr18:21018000-21019200,ENSG00000141458.8$NPC1$chr18$21166862$-,0.55
chr18:21030800-21032800,ENSG00000141458.8$NPC1$chr18$21166862$-,0.39
chr18:21082000-21083000,ENSG00000141458.8$NPC1$chr18$21166862$-,0.41
chr18:21091600-21093600,ENSG00000141458.8$NPC1$chr18$21166862$-,0.53
chr18:21094600-21096600,ENSG00000141458.8$NPC1$chr18$21166862$-,0.51
chr18:21143000-21144600,ENSG00000141458.8$NPC1$chr18$21166862$-,0.45
chr18:21201800-21202400,ENSG00000141458.8$NPC1$chr18$21166862$-,0.58
chr17:4643200-4644600,ENSG00000141480.13$ARRB2$chr17$4613784$+,0.61
chr17:4693800-4694800,ENSG00000141480.13$ARRB2$chr17$4613784$+,0.51
chr17:4698600-4699400,ENSG00000141480.13$ARRB2$chr17$4613784$+,0.5
chr17:4700000-4701800,ENSG00000141480.13$ARRB2$chr17$4613784$+,0.46
chr17:4709400-4710600,ENSG00000141480.13$ARRB2$chr17$4613784$+,0.35
chr17:4693800-4694800,ENSG00000141497.9$ZMYND15$chr17$4643319$+,0.59
chr17:4698600-4699400,ENSG00000141497.9$ZMYND15$chr17$4643319$+,0.52
chr17:4700000-4701800,ENSG00000141497.9$ZMYND15$chr17$4643319$+,0.55
chr17:4709400-4710600,ENSG00000141497.9$ZMYND15$chr17$4643319$+,0.48
chr17:7426000-7426800,ENSG00000141499.12$WRAP53$chr17$7589389$+,0.48
chr17:7528600-7530600,ENSG00000141499.12$WRAP53$chr17$7589389$+,0.51
chr17:7531200-7532000,ENSG00000141499.12$WRAP53$chr17$7589389$+,0.61
chr17:7592200-7594200,ENSG00000141499.12$WRAP53$chr17$7589389$+,0.51
chr17:7819000-7820800,ENSG00000141499.12$WRAP53$chr17$7589389$+,0.36
chr17:4643200-4644600,ENSG00000141503.11$MINK1$chr17$4736683$+,0.48
chr17:4693800-4694800,ENSG00000141503.11$MINK1$chr17$4736683$+,0.58
chr17:4698600-4699400,ENSG00000141503.11$MINK1$chr17$4736683$+,0.6
chr17:4700000-4701800,ENSG00000141503.11$MINK1$chr17$4736683$+,0.59
chr17:4709400-4710600,ENSG00000141503.11$MINK1$chr17$4736683$+,0.57
chr17:4891600-4893600,ENSG00000141503.11$MINK1$chr17$4736683$+,0.49
chr17:4943000-4944000,ENSG00000141503.11$MINK1$chr17$4736683$+,0.36
chr17:7356800-7358800,ENSG00000141504.7$SAT2$chr17$7531194$-,0.35
chr17:7359400-7361600,ENSG00000141504.7$SAT2$chr17$7531194$-,0.36
chr17:7426000-7426800,ENSG00000141504.7$SAT2$chr17$7531194$-,0.38
chr17:7592200-7594200,ENSG00000141504.7$SAT2$chr17$7531194$-,0.38
chr17:8833000-8835400,ENSG00000141506.9$PIK3R5$chr17$8869029$-,0.47
chr17:8894800-8895800,ENSG00000141506.9$PIK3R5$chr17$8869029$-,0.73
chr17:8901000-8901800,ENSG00000141506.9$PIK3R5$chr17$8869029$-,0.64
chr17:7426000-7426800,ENSG00000141510.11$TP53$chr17$7590856$-,0.45
chr17:7528600-7530600,ENSG00000141510.11$TP53$chr17$7590856$-,0.54
chr17:7531200-7532000,ENSG00000141510.11$TP53$chr17$7590856$-,0.58
chr17:7592200-7594200,ENSG00000141510.11$TP53$chr17$7590856$-,0.38
chr17:78010800-78012000,ENSG00000141519.10$CCDC40$chr17$78010435$+,0.37
chr17:78055400-78057600,ENSG00000141519.10$CCDC40$chr17$78010435$+,0.6
chr17:78072600-78074800,ENSG00000141519.10$CCDC40$chr17$78010435$+,0.54
chr17:78121800-78123600,ENSG00000141519.10$CCDC40$chr17$78010435$+,0.36
chr17:79667400-79669600,ENSG00000141522.7$ARHGDIA$chr17$79829282$-,0.5
chr17:79933800-79935800,ENSG00000141522.7$ARHGDIA$chr17$79829282$-,0.45
chr17:80006800-80009200,ENSG00000141522.7$ARHGDIA$chr17$79829282$-,0.4
chr17:75872600-75874600,ENSG00000141524.11$TMC6$chr17$76128488$-,0.36
chr17:76296200-76298600,ENSG00000141524.11$TMC6$chr17$76128488$-,0.35
chr17:80169000-80170400,ENSG00000141526.10$SLC16A3$chr17$80186273$+,0.65
chr17:80214400-80216000,ENSG00000141526.10$SLC16A3$chr17$80186273$+,0.68
chr17:80231600-80233800,ENSG00000141526.10$SLC16A3$chr17$80186273$+,0.5
chr17:78121800-78123600,ENSG00000141527.12$CARD14$chr17$78143791$+,0.42
chr17:72283000-72283800,ENSG00000141540.6$TTYH2$chr17$72209653$+,0.39
chr17:78010800-78012000,ENSG00000141543.5$EIF4A3$chr17$78120982$-,0.56
chr17:78055400-78057600,ENSG00000141543.5$EIF4A3$chr17$78120982$-,0.65
chr17:78072600-78074800,ENSG00000141543.5$EIF4A3$chr17$78120982$-,0.52
chr17:79933800-79935800,ENSG00000141552.13$ANAPC11$chr17$79848666$+,0.4
chr17:80006800-80009200,ENSG00000141552.13$ANAPC11$chr17$79848666$+,0.39
chr17:80024000-80025600,ENSG00000141552.13$ANAPC11$chr17$79848666$+,0.37
chr17:78387200-78388400,ENSG00000141564.9$RPTOR$chr17$78518619$+,0.39
chr17:78525400-78527400,ENSG00000141564.9$RPTOR$chr17$78518619$+,0.57
chr17:78549000-78550000,ENSG00000141564.9$RPTOR$chr17$78518619$+,0.68
chr17:78582400-78584800,ENSG00000141564.9$RPTOR$chr17$78518619$+,0.45
chr17:78625800-78628200,ENSG00000141564.9$RPTOR$chr17$78518619$+,0.48
chr17:73877400-73879600,ENSG00000141569.6$TRIM65$chr17$73893084$-,0.61
chr17:73899000-73900400,ENSG00000141569.6$TRIM65$chr17$73893084$-,0.59
chr17:74097200-74099000,ENSG00000141576.10$RNF157$chr17$74236454$-,0.37
chr17:74251200-74253200,ENSG00000141576.10$RNF157$chr17$74236454$-,0.51
chr17:79269800-79270800,ENSG00000141577.9$AZI1$chr17$79196799$-,0.46
chr18:46881000-46881200,ENSG00000141627.9$DYM$chr18$46987717$-,0.39
chr18:46885400-46887800,ENSG00000141627.9$DYM$chr18$46987717$-,0.53
chr18:46942200-46943800,ENSG00000141627.9$DYM$chr18$46987717$-,0.57
chr18:46967800-46968600,ENSG00000141627.9$DYM$chr18$46987717$-,0.63
chr18:46980000-46981800,ENSG00000141627.9$DYM$chr18$46987717$-,0.62
chr18:47791800-47792600,ENSG00000141644.13$MBD1$chr18$47808144$-,0.61
chr18:47792800-47794600,ENSG00000141644.13$MBD1$chr18$47808144$-,0.64
chr18:47795000-47796200,ENSG00000141644.13$MBD1$chr18$47808144$-,0.65
chr18:47814800-47816000,ENSG00000141644.13$MBD1$chr18$47808144$-,0.64
chr18:60262800-60264800,ENSG00000141664.5$ZCCHC2$chr18$60190240$+,0.38
chr18:71977200-71979600,ENSG00000141665.7$FBXO15$chr18$71815100$-,0.36
chr17:39990600-39992000,ENSG00000141696.8$LEPREL4$chr17$39968856$-,0.37
chr17:39856800-39859000,ENSG00000141698.12$NT5C3B$chr17$39992523$-,0.39
chr17:40013800-40015600,ENSG00000141698.12$NT5C3B$chr17$39992523$-,0.58
chr17:40021800-40022400,ENSG00000141698.12$NT5C3B$chr17$39992523$-,0.48
chr17:40085000-40086400,ENSG00000141698.12$NT5C3B$chr17$39992523$-,0.44
chr17:40116200-40118200,ENSG00000141698.12$NT5C3B$chr17$39992523$-,0.43
chr17:40750200-40752600,ENSG00000141699.6$FAM134C$chr17$40762641$-,0.37
chr17:40809600-40811400,ENSG00000141699.6$FAM134C$chr17$40762641$-,0.44
chr17:36981800-36982600,ENSG00000141720.7$PIP4K2B$chr17$36956379$-,0.48
chr17:36996000-36998200,ENSG00000141720.7$PIP4K2B$chr17$36956379$-,0.4
chr17:37886600-37888000,ENSG00000141736.9$ERBB2$chr17$37844167$+,0.6
chr17:37886600-37888000,ENSG00000141738.9$GRB7$chr17$37894180$+,0.53
chr17:38166000-38168000,ENSG00000141741.7$MIEN1$chr17$37887040$-,0.35
chr17:37886600-37888000,ENSG00000141744.3$PNMT$chr17$37824234$+,0.39
chr17:37354000-37356400,ENSG00000141748.8$ARL5C$chr17$37323737$-,0.5
chr17:37354000-37356400,ENSG00000141750.6$STAC2$chr17$37382125$-,0.35
chr17:39990600-39992000,ENSG00000141756.14$FKBP10$chr17$39968932$+,0.35
chr18:77749200-77750600,ENSG00000141759.10$TXNL4A$chr18$77793949$-,0.59
chr18:77792000-77793200,ENSG00000141759.10$TXNL4A$chr18$77793949$-,0.42
chr18:77795000-77796800,ENSG00000141759.10$TXNL4A$chr18$77793949$-,0.44
chr18:77883800-77886200,ENSG00000141759.10$TXNL4A$chr18$77793949$-,0.51
chr19:14199000-14200800,ENSG00000141854.3$hsa-mir-1199$chr19$14183348$+,0.43
chr19:14202200-14203800,ENSG00000141854.3$hsa-mir-1199$chr19$14183348$+,0.38
chr19:14285800-14286800,ENSG00000141858.7$SAMD1$chr19$14201848$-,0.48
chr19:14306000-14308200,ENSG00000141858.7$SAMD1$chr19$14201848$-,0.5
chr19:14347600-14349000,ENSG00000141858.7$SAMD1$chr19$14201848$-,0.43
chr19:15661200-15663400,ENSG00000141867.13$BRD4$chr19$15443356$-,0.37
chr19:2506400-2508800,ENSG00000141873.6$SLC39A3$chr19$2740150$-,0.38
chr19:2783400-2785400,ENSG00000141873.6$SLC39A3$chr19$2740150$-,0.59
chr19:2820400-2822600,ENSG00000141873.6$SLC39A3$chr19$2740150$-,0.6
chr19:2842000-2843800,ENSG00000141873.6$SLC39A3$chr19$2740150$-,0.61
chr19:2848600-2850800,ENSG00000141873.6$SLC39A3$chr19$2740150$-,0.57
chr19:3493800-3495400,ENSG00000141905.13$NFIC$chr19$3359561$+,0.38
chr19:3500800-3502000,ENSG00000141905.13$NFIC$chr19$3359561$+,0.36
chr19:344200-346000,ENSG00000141933.8$TPGS1$chr19$507299$+,0.46
chr19:489600-491800,ENSG00000141933.8$TPGS1$chr19$507299$+,0.6
chr19:57682400-57684800,ENSG00000141946.1$ZIM3$chr19$57656570$-,0.44
chr21:45551000-45553000,ENSG00000141959.12$PFKL$chr21$45719934$+,0.4
chr21:45759800-45761400,ENSG00000141959.12$PFKL$chr21$45719934$+,0.65
chr19:4663800-4665400,ENSG00000141965.3$FEM1A$chr19$4791728$+,0.46
chr19:4724800-4726000,ENSG00000141965.3$FEM1A$chr19$4791728$+,0.6
chr19:4732600-4733400,ENSG00000141965.3$FEM1A$chr19$4791728$+,0.56
chr19:6598000-6598600,ENSG00000141968.3$VAV1$chr19$6772725$+,0.36
chr19:6649000-6649600,ENSG00000141968.3$VAV1$chr19$6772725$+,0.37
chr19:6808400-6810800,ENSG00000141968.3$VAV1$chr19$6772725$+,0.48
chr19:6925200-6927200,ENSG00000141968.3$VAV1$chr19$6772725$+,0.4
chr19:17378800-17380200,ENSG00000141971.8$MVB12A$chr19$17516531$+,0.5
chr19:17443000-17445200,ENSG00000141971.8$MVB12A$chr19$17516531$+,0.52
chr19:17445400-17447400,ENSG00000141971.8$MVB12A$chr19$17516531$+,0.59
chr19:17520200-17521200,ENSG00000141971.8$MVB12A$chr19$17516531$+,0.62
chr19:17531400-17532000,ENSG00000141971.8$MVB12A$chr19$17516531$+,0.65
chr19:17558200-17560200,ENSG00000141971.8$MVB12A$chr19$17516531$+,0.65
chr19:16607600-16610000,ENSG00000141979.4$CTD-3222D19.2$chr19$16739015$-,0.38
chr19:4179600-4182000,ENSG00000141985.5$SH3GL1$chr19$4400544$-,0.38
chr19:4245600-4247000,ENSG00000141985.5$SH3GL1$chr19$4400544$-,0.49
chr19:4247400-4249400,ENSG00000141985.5$SH3GL1$chr19$4400544$-,0.43
chr19:4469800-4471400,ENSG00000141985.5$SH3GL1$chr19$4400544$-,0.49
chr19:5681200-5683600,ENSG00000141994.11$DUS3L$chr19$5791249$-,0.49
chr19:5720800-5721600,ENSG00000141994.11$DUS3L$chr19$5791249$-,0.58
chr19:5788200-5790400,ENSG00000141994.11$DUS3L$chr19$5791249$-,0.42
chr19:5794000-5795000,ENSG00000141994.11$DUS3L$chr19$5791249$-,0.45
chr19:4663800-4665400,ENSG00000142002.12$DPP9$chr19$4724685$-,0.62
chr19:4732600-4733400,ENSG00000142002.12$DPP9$chr19$4724685$-,0.65
chr19:42363000-42364000,ENSG00000142025.11$DMRTC2$chr19$42348806$+,0.46
chr19:41767000-41769200,ENSG00000142039.3$CCDC97$chr19$41816094$+,0.42
chr19:41793800-41795600,ENSG00000142039.3$CCDC97$chr19$41816094$+,0.61
chr19:41898200-41900600,ENSG00000142039.3$CCDC97$chr19$41816094$+,0.44
chr19:41901000-41903000,ENSG00000142039.3$CCDC97$chr19$41816094$+,0.36
chr19:41904400-41906000,ENSG00000142039.3$CCDC97$chr19$41816094$+,0.44
chr19:41767000-41769200,ENSG00000142046.10$TMEM91$chr19$41856816$+,0.41
chr19:41793800-41795600,ENSG00000142046.10$TMEM91$chr19$41856816$+,0.52
chr19:41898200-41900600,ENSG00000142046.10$TMEM91$chr19$41856816$+,0.47
chr19:41901000-41903000,ENSG00000142046.10$TMEM91$chr19$41856816$+,0.41
chr19:41904400-41906000,ENSG00000142046.10$TMEM91$chr19$41856816$+,0.46
chr19:36703600-36705000,ENSG00000142065.9$ZFP14$chr19$36870101$-,0.43
chr19:36867600-36869400,ENSG00000142065.9$ZFP14$chr19$36870101$-,0.36
chr19:36907200-36909000,ENSG00000142065.9$ZFP14$chr19$36870101$-,0.62
chr19:37017400-37018800,ENSG00000142065.9$ZFP14$chr19$36870101$-,0.45
chr11:250400-251800,ENSG00000142082.10$SIRT3$chr11$236931$-,0.62
chr11:319000-321400,ENSG00000142082.10$SIRT3$chr11$236931$-,0.46
chr11:367200-369200,ENSG00000142082.10$SIRT3$chr11$236931$-,0.47
chr11:250400-251800,ENSG00000142089.11$IFITM3$chr11$327537$-,0.41
chr11:319000-321400,ENSG00000142089.11$IFITM3$chr11$327537$-,0.52
chr11:367200-369200,ENSG00000142089.11$IFITM3$chr11$327537$-,0.54
chr11:250400-251800,ENSG00000142102.11$ATHL1$chr11$289135$+,0.51
chr11:319000-321400,ENSG00000142102.11$ATHL1$chr11$289135$+,0.45
chr11:367200-369200,ENSG00000142102.11$ATHL1$chr11$289135$+,0.44
chr21:34648200-34648400,ENSG00000142166.8$IFNAR1$chr21$34696734$+,0.4
chr21:45759800-45761400,ENSG00000142185.12$TRPM2$chr21$45770046$+,0.37
chr11:65141200-65143400,ENSG00000142186.12$SCYL1$chr11$65292548$+,0.36
chr11:65431400-65433200,ENSG00000142186.12$SCYL1$chr11$65292548$+,0.36
chr21:34849200-34851000,ENSG00000142188.12$TMEM50B$chr21$34852318$-,0.38
chr21:34852800-34854600,ENSG00000142188.12$TMEM50B$chr21$34852318$-,0.37
chr21:34862200-34863600,ENSG00000142188.12$TMEM50B$chr21$34852318$-,0.61
chr21:34941400-34942800,ENSG00000142188.12$TMEM50B$chr21$34852318$-,0.45
chr21:34961600-34962600,ENSG00000142188.12$TMEM50B$chr21$34852318$-,0.42
chr21:37399000-37401400,ENSG00000142197.8$DOPEY2$chr21$37529080$+,0.37
chr21:37424800-37427000,ENSG00000142197.8$DOPEY2$chr21$37529080$+,0.5
chr21:37506000-37507800,ENSG00000142197.8$DOPEY2$chr21$37529080$+,0.59
chr21:37513400-37515400,ENSG00000142197.8$DOPEY2$chr21$37529080$+,0.6
chr21:37525200-37526200,ENSG00000142197.8$DOPEY2$chr21$37529080$+,0.45
chr21:37681800-37683800,ENSG00000142197.8$DOPEY2$chr21$37529080$+,0.37
chr21:33648800-33650800,ENSG00000142207.5$URB1$chr21$33765335$-,0.54
chr21:33651800-33653000,ENSG00000142207.5$URB1$chr21$33765335$-,0.49
chr21:33775200-33776200,ENSG00000142207.5$URB1$chr21$33765335$-,0.74
chr21:33996200-33997600,ENSG00000142207.5$URB1$chr21$33765335$-,0.37
chr14:105115800-105118000,ENSG00000142208.11$AKT1$chr14$105262088$-,0.54
chr14:105279600-105282000,ENSG00000142208.11$AKT1$chr14$105262088$-,0.62
chr14:105283200-105285200,ENSG00000142208.11$AKT1$chr14$105262088$-,0.66
chr14:105452400-105454600,ENSG00000142208.11$AKT1$chr14$105262088$-,0.35
chr1:206981600-206984000,ENSG00000142224.11$IL19$chr1$206972215$+,0.64
chr1:207224600-207226000,ENSG00000142224.11$IL19$chr1$206972215$+,0.36
chr19:48853000-48855000,ENSG00000142227.6$EMP3$chr19$48824766$+,0.54
chr19:48865400-48866800,ENSG00000142227.6$EMP3$chr19$48824766$+,0.47
chr19:48867200-48869200,ENSG00000142227.6$EMP3$chr19$48824766$+,0.44
chr19:48906000-48907600,ENSG00000142227.6$EMP3$chr19$48824766$+,0.46
chr19:47535000-47536200,ENSG00000142230.7$SAE1$chr19$47616531$+,0.61
chr19:47548800-47551200,ENSG00000142230.7$SAE1$chr19$47616531$+,0.55
chr19:47552000-47553200,ENSG00000142230.7$SAE1$chr19$47616531$+,0.51
chr19:47633200-47634000,ENSG00000142230.7$SAE1$chr19$47616531$+,0.72
chr19:47695800-47698000,ENSG00000142230.7$SAE1$chr19$47616531$+,0.47
chr19:47750400-47751400,ENSG00000142230.7$SAE1$chr19$47616531$+,0.45
chr19:47799200-47800200,ENSG00000142230.7$SAE1$chr19$47616531$+,0.39
chr19:48853000-48855000,ENSG00000142235.4$LMTK3$chr19$49016446$-,0.39
chr19:48865400-48866800,ENSG00000142235.4$LMTK3$chr19$49016446$-,0.47
chr19:48867200-48869200,ENSG00000142235.4$LMTK3$chr19$49016446$-,0.43
chr19:48906000-48907600,ENSG00000142235.4$LMTK3$chr19$49016446$-,0.4
chr19:48949800-48952200,ENSG00000142235.4$LMTK3$chr19$49016446$-,0.44
chr19:49091800-49093200,ENSG00000142235.4$LMTK3$chr19$49016446$-,0.61
chr19:49094600-49096400,ENSG00000142235.4$LMTK3$chr19$49016446$-,0.49
chr19:49111800-49113000,ENSG00000142235.4$LMTK3$chr19$49016446$-,0.53
chr19:49215400-49217000,ENSG00000142235.4$LMTK3$chr19$49016446$-,0.37
chr19:49224200-49226200,ENSG00000142235.4$LMTK3$chr19$49016446$-,0.36
chr19:45456200-45457600,ENSG00000142252.6$GEMIN7$chr19$45582453$+,0.52
chr19:45505200-45507000,ENSG00000142252.6$GEMIN7$chr19$45582453$+,0.59
chr19:45540800-45542200,ENSG00000142252.6$GEMIN7$chr19$45582453$+,0.66
chr19:45841600-45842800,ENSG00000142252.6$GEMIN7$chr19$45582453$+,0.35
chr2:241594800-241596800,ENSG00000142327.7$RNPEPL1$chr2$241505221$+,0.47
chr2:241594800-241596800,ENSG00000142330.15$CAPN10$chr2$241526133$+,0.38
chr19:8675600-8678000,ENSG00000142347.12$MYO1F$chr19$8642461$-,0.57
chr19:8803800-8805600,ENSG00000142347.12$MYO1F$chr19$8642461$-,0.37
chr19:10826800-10828600,ENSG00000142444.6$C19orf52$chr19$11039409$+,0.35
chr19:10947000-10948200,ENSG00000142444.6$C19orf52$chr19$11039409$+,0.39
chr19:11037600-11038800,ENSG00000142444.6$C19orf52$chr19$11039409$+,0.38
chr19:11046200-11048200,ENSG00000142444.6$C19orf52$chr19$11039409$+,0.66
chr19:11069600-11071000,ENSG00000142444.6$C19orf52$chr19$11039409$+,0.66
chr19:10826800-10828600,ENSG00000142453.7$CARM1$chr19$10982189$+,0.46
chr19:10947000-10948200,ENSG00000142453.7$CARM1$chr19$10982189$+,0.58
chr19:11037600-11038800,ENSG00000142453.7$CARM1$chr19$10982189$+,0.54
chr19:11046200-11048200,ENSG00000142453.7$CARM1$chr19$10982189$+,0.49
chr19:11069600-11071000,ENSG00000142453.7$CARM1$chr19$10982189$+,0.51
chr19:7746200-7748600,ENSG00000142459.4$EVI5L$chr19$7895119$+,0.4
chr19:7815400-7817200,ENSG00000142459.4$EVI5L$chr19$7895119$+,0.45
chr19:7871400-7873600,ENSG00000142459.4$EVI5L$chr19$7895119$+,0.62
chr19:8009200-8010400,ENSG00000142459.4$EVI5L$chr19$7895119$+,0.48
chr17:4693800-4694800,ENSG00000142484.5$TM4SF5$chr17$4675179$+,0.38
chr17:19405200-19406600,ENSG00000142494.9$SLC47A1$chr17$19398698$+,0.45
chr17:4643200-4644600,ENSG00000142507.5$PSMB6$chr17$4699439$+,0.52
chr17:4693800-4694800,ENSG00000142507.5$PSMB6$chr17$4699439$+,0.72
chr17:4700000-4701800,ENSG00000142507.5$PSMB6$chr17$4699439$+,0.36
chr17:4709400-4710600,ENSG00000142507.5$PSMB6$chr17$4699439$+,0.74
chr17:4891600-4893600,ENSG00000142507.5$PSMB6$chr17$4699439$+,0.39
chr19:51141200-51143600,ENSG00000142511.4$GPR32$chr19$51273721$+,0.44
chr19:51285600-51287400,ENSG00000142511.4$GPR32$chr19$51273721$+,0.6
chr19:51285600-51287400,ENSG00000142513.4$ACPT$chr19$51293672$+,0.49
chr19:50319600-50320800,ENSG00000142528.11$ZNF473$chr19$50528971$+,0.37
chr19:50529600-50531400,ENSG00000142528.11$ZNF473$chr19$50528971$+,0.37
chr19:50553000-50555400,ENSG00000142528.11$ZNF473$chr19$50528971$+,0.51
chr19:50650000-50651200,ENSG00000142528.11$ZNF473$chr19$50528971$+,0.46
chr19:50651400-50652000,ENSG00000142528.11$ZNF473$chr19$50528971$+,0.39
chr19:51141200-51143600,ENSG00000142530.6$FAM71E1$chr19$50980010$-,0.42
chr19:49728800-49730000,ENSG00000142538.1$PTH2$chr19$49926698$-,0.35
chr19:49955200-49956200,ENSG00000142538.1$PTH2$chr19$49926698$-,0.65
chr19:50046400-50048200,ENSG00000142546.9$NOSIP$chr19$50093519$-,0.47
chr19:50049400-50051200,ENSG00000142546.9$NOSIP$chr19$50093519$-,0.48
chr19:50051600-50053200,ENSG00000142546.9$NOSIP$chr19$50093519$-,0.48
chr19:50053800-50054000,ENSG00000142546.9$NOSIP$chr19$50093519$-,0.47
chr19:50083800-50085400,ENSG00000142546.9$NOSIP$chr19$50093519$-,0.56
chr19:50123400-50124200,ENSG00000142546.9$NOSIP$chr19$50093519$-,0.64
chr19:50144000-50145600,ENSG00000142546.9$NOSIP$chr19$50093519$-,0.55
chr19:50169000-50171400,ENSG00000142546.9$NOSIP$chr19$50093519$-,0.5
chr19:50177600-50179600,ENSG00000142546.9$NOSIP$chr19$50093519$-,0.45
chr19:50046400-50048200,ENSG00000142552.3$RCN3$chr19$50030875$+,0.59
chr19:50049400-50051200,ENSG00000142552.3$RCN3$chr19$50030875$+,0.6
chr19:50051600-50053200,ENSG00000142552.3$RCN3$chr19$50030875$+,0.54
chr19:50053800-50054000,ENSG00000142552.3$RCN3$chr19$50030875$+,0.52
chr19:50083800-50085400,ENSG00000142552.3$RCN3$chr19$50030875$+,0.43
chr19:50091400-50093600,ENSG00000142552.3$RCN3$chr19$50030875$+,0.43
chr19:50123400-50124200,ENSG00000142552.3$RCN3$chr19$50030875$+,0.36
chr19:52431200-52432400,ENSG00000142556.14$ZNF614$chr19$52533493$-,0.36
chr19:52488000-52489400,ENSG00000142556.14$ZNF614$chr19$52533493$-,0.58
chr19:52490200-52490800,ENSG00000142556.14$ZNF614$chr19$52533493$-,0.49
chr19:52510200-52510800,ENSG00000142556.14$ZNF614$chr19$52533493$-,0.44
chr19:52549200-52551400,ENSG00000142556.14$ZNF614$chr19$52533493$-,0.49
chr19:52596400-52598200,ENSG00000142556.14$ZNF614$chr19$52533493$-,0.47
chr1:9025400-9027800,ENSG00000142599.13$RERE$chr1$8877702$-,0.43
chr1:9029200-9029800,ENSG00000142599.13$RERE$chr1$8877702$-,0.36
chr1:15847800-15850200,ENSG00000142634.8$EFHD2$chr1$15736391$+,0.43
chr1:15852000-15853200,ENSG00000142634.8$EFHD2$chr1$15736391$+,0.42
chr1:10383600-10384200,ENSG00000142655.8$PEX14$chr1$10532345$+,0.42
chr1:10384800-10386800,ENSG00000142655.8$PEX14$chr1$10532345$+,0.35
chr1:10535800-10538200,ENSG00000142655.8$PEX14$chr1$10532345$+,0.55
chr1:10538600-10538800,ENSG00000142655.8$PEX14$chr1$10532345$+,0.65
chr1:10608200-10609400,ENSG00000142655.8$PEX14$chr1$10532345$+,0.43
chr1:10383600-10384200,ENSG00000142657.16$PGD$chr1$10458649$+,0.47
chr1:10384800-10386800,ENSG00000142657.16$PGD$chr1$10458649$+,0.52
chr1:10530800-10532000,ENSG00000142657.16$PGD$chr1$10458649$+,0.51
chr1:10533000-10535000,ENSG00000142657.16$PGD$chr1$10458649$+,0.49
chr1:10535800-10538200,ENSG00000142657.16$PGD$chr1$10458649$+,0.38
chr1:10538600-10538800,ENSG00000142657.16$PGD$chr1$10458649$+,0.38
chr1:26516400-26518800,ENSG00000142669.9$SH3BGRL3$chr1$26605667$+,0.45
chr1:26559800-26560600,ENSG00000142669.9$SH3BGRL3$chr1$26605667$+,0.43
chr1:26516400-26518800,ENSG00000142675.13$CNKSR1$chr1$26503894$+,0.45
chr1:26436000-26437200,ENSG00000142684.7$ZNF593$chr1$26496362$+,0.35
chr1:26471200-26472600,ENSG00000142684.7$ZNF593$chr1$26496362$+,0.66
chr1:26516400-26518800,ENSG00000142684.7$ZNF593$chr1$26496362$+,0.5
chr1:26559800-26560600,ENSG00000142684.7$ZNF593$chr1$26496362$+,0.4
chr1:36241800-36243600,ENSG00000142686.7$C1orf216$chr1$36185073$-,0.49
chr1:36244800-36246000,ENSG00000142686.7$C1orf216$chr1$36185073$-,0.41
chr1:35896400-35897400,ENSG00000142687.13$KIAA0319L$chr1$36023551$-,0.37
chr1:35927200-35929200,ENSG00000142687.13$KIAA0319L$chr1$36023551$-,0.48
chr1:35984800-35986400,ENSG00000142687.13$KIAA0319L$chr1$36023551$-,0.55
chr1:36727000-36728200,ENSG00000142694.6$EVA1B$chr1$36789755$-,0.35
chr1:36772800-36774400,ENSG00000142694.6$EVA1B$chr1$36789755$-,0.52
chr4:128810600-128811800,ENSG00000142731.6$PLK4$chr4$128802016$+,0.69
chr4:128922400-128922800,ENSG00000142731.6$PLK4$chr4$128802016$+,0.43
chr4:128952000-128954000,ENSG00000142731.6$PLK4$chr4$128802016$+,0.36
chr1:27020000-27021800,ENSG00000142751.10$GPN2$chr1$27216788$-,0.41
chr1:27146600-27149000,ENSG00000142751.10$GPN2$chr1$27216788$-,0.46
chr1:27192200-27193000,ENSG00000142751.10$GPN2$chr1$27216788$-,0.61
chr1:27248800-27251200,ENSG00000142751.10$GPN2$chr1$27216788$-,0.53
chr1:27523400-27525000,ENSG00000142765.13$SYTL1$chr1$27668513$+,0.37
chr1:27371000-27373200,ENSG00000142784.11$WDTC1$chr1$27561007$+,0.39
chr1:27523400-27525000,ENSG00000142784.11$WDTC1$chr1$27561007$+,0.46
chr1:21672600-21674600,ENSG00000142794.14$NBPF3$chr1$21766621$+,0.58
chr1:21694600-21695800,ENSG00000142794.14$NBPF3$chr1$21766621$+,0.5
chr1:21814400-21815800,ENSG00000142794.14$NBPF3$chr1$21766621$+,0.58
chr1:63985800-63988200,ENSG00000142856.12$ITGB3BP$chr1$64059392$-,0.64
chr1:63989800-63991400,ENSG00000142856.12$ITGB3BP$chr1$64059392$-,0.62
chr1:67816200-67817600,ENSG00000142864.10$SERBP1$chr1$67896098$-,0.53
chr1:67873600-67874400,ENSG00000142864.10$SERBP1$chr1$67896098$-,0.48
chr1:85725400-85726800,ENSG00000142867.8$BCL10$chr1$85742773$-,0.43
chr1:84540800-84543000,ENSG00000142875.15$PRKACB$chr1$84543745$+,0.4
chr1:84581600-84583000,ENSG00000142875.15$PRKACB$chr1$84543745$+,0.69
chr1:84623400-84624200,ENSG00000142875.15$PRKACB$chr1$84543745$+,0.41
chr1:84624400-84626200,ENSG00000142875.15$PRKACB$chr1$84543745$+,0.4
chr1:77654400-77655200,ENSG00000142892.10$PIGK$chr1$77685115$-,0.66
chr1:77679800-77681600,ENSG00000142892.10$PIGK$chr1$77685115$-,0.76
chr1:77768200-77769600,ENSG00000142892.10$PIGK$chr1$77685115$-,0.53
chr1:77794200-77796200,ENSG00000142892.10$PIGK$chr1$77685115$-,0.51
chr1:33382600-33384600,ENSG00000142920.12$ADC$chr1$33546705$+,0.36
chr1:33418600-33421000,ENSG00000142920.12$ADC$chr1$33546705$+,0.41
chr1:33437600-33439600,ENSG00000142920.12$ADC$chr1$33546705$+,0.49
chr1:33502600-33503200,ENSG00000142920.12$ADC$chr1$33546705$+,0.61
chr1:33590600-33592400,ENSG00000142920.12$ADC$chr1$33546705$+,0.63
chr1:33656000-33657000,ENSG00000142920.12$ADC$chr1$33546705$+,0.51
chr1:45211400-45212600,ENSG00000142945.8$KIF2C$chr1$45205490$+,0.64
chr1:45239600-45240800,ENSG00000142945.8$KIF2C$chr1$45205490$+,0.55
chr1:45264000-45265800,ENSG00000142945.8$KIF2C$chr1$45205490$+,0.48
chr1:45239600-45240800,ENSG00000142959.4$BEST4$chr1$45253377$-,0.39
chr1:45264000-45265800,ENSG00000142959.4$BEST4$chr1$45253377$-,0.46
chr1:46997800-47000000,ENSG00000142961.10$MOB3C$chr1$47082563$-,0.49
chr1:47000800-47002600,ENSG00000142961.10$MOB3C$chr1$47082563$-,0.48
chr1:47176200-47178200,ENSG00000142961.10$MOB3C$chr1$47082563$-,0.35
chr1:47178800-47179200,ENSG00000142961.10$MOB3C$chr1$47082563$-,0.42
chr1:87791400-87793800,ENSG00000143013.8$LMO4$chr1$87794151$+,0.38
chr1:91186600-91187600,ENSG00000143032.7$BARHL2$chr1$91182794$-,0.45
chr1:93556600-93558000,ENSG00000143033.13$MTF2$chr1$93544792$+,0.73
chr1:93620200-93622400,ENSG00000143033.13$MTF2$chr1$93544792$+,0.59
chr1:110745200-110747000,ENSG00000143093.10$STRIP1$chr1$110574199$+,0.47
chr1:109826200-109828600,ENSG00000143106.8$PSMA5$chr1$109969062$-,0.43
chr1:109947400-109949400,ENSG00000143106.8$PSMA5$chr1$109969062$-,0.54
chr1:109250400-109252200,ENSG00000143107.4$FNDC7$chr1$109255279$+,0.37
chr1:111721600-111723400,ENSG00000143110.7$C1orf162$chr1$112016414$+,0.36
chr1:111877600-111878400,ENSG00000143110.7$C1orf162$chr1$112016414$+,0.37
chr1:111888000-111888800,ENSG00000143110.7$C1orf162$chr1$112016414$+,0.49
chr1:111889200-111891200,ENSG00000143110.7$C1orf162$chr1$112016414$+,0.44
chr1:111972200-111973200,ENSG00000143110.7$C1orf162$chr1$112016414$+,0.45
chr1:112124600-112126400,ENSG00000143110.7$C1orf162$chr1$112016414$+,0.43
chr1:111152600-111153800,ENSG00000143119.8$CD53$chr1$111415775$+,0.36
chr1:111307800-111309200,ENSG00000143119.8$CD53$chr1$111415775$+,0.37
chr1:111322200-111324200,ENSG00000143119.8$CD53$chr1$111415775$+,0.43
chr1:111353600-111354600,ENSG00000143119.8$CD53$chr1$111415775$+,0.49
chr1:111372200-111373000,ENSG00000143119.8$CD53$chr1$111415775$+,0.58
chr1:111400600-111403000,ENSG00000143119.8$CD53$chr1$111415775$+,0.52
chr1:111436400-111437200,ENSG00000143119.8$CD53$chr1$111415775$+,0.63
chr1:111440800-111442000,ENSG00000143119.8$CD53$chr1$111415775$+,0.56
chr1:111524200-111526600,ENSG00000143119.8$CD53$chr1$111415775$+,0.55
chr1:109642000-109642800,ENSG00000143126.7$CELSR2$chr1$109792641$+,0.38
chr1:109755200-109756200,ENSG00000143126.7$CELSR2$chr1$109792641$+,0.6
chr1:109761000-109761800,ENSG00000143126.7$CELSR2$chr1$109792641$+,0.6
chr1:109762600-109763400,ENSG00000143126.7$CELSR2$chr1$109792641$+,0.71
chr1:109826200-109828600,ENSG00000143126.7$CELSR2$chr1$109792641$+,0.54
chr1:109947400-109949400,ENSG00000143126.7$CELSR2$chr1$109792641$+,0.43
chr1:145517000-145519000,ENSG00000143127.8$ITGA10$chr1$145524891$+,0.47
chr1:165566400-165567200,ENSG00000143149.8$ALDH9A1$chr1$165668100$-,0.47
chr1:165568000-165569200,ENSG00000143149.8$ALDH9A1$chr1$165668100$-,0.38
chr1:165569600-165571400,ENSG00000143149.8$ALDH9A1$chr1$165668100$-,0.4
chr1:165738800-165740400,ENSG00000143149.8$ALDH9A1$chr1$165668100$-,0.56
chr1:165795800-165797000,ENSG00000143149.8$ALDH9A1$chr1$165668100$-,0.53
chr1:168192800-168194800,ENSG00000143155.8$TIPRL$chr1$168148171$+,0.59
chr1:169428800-169431200,ENSG00000143156.9$NME7$chr1$169337205$-,0.59
chr1:166846000-166847000,ENSG00000143157.7$POGK$chr1$166808681$+,0.64
chr1:166944600-166947000,ENSG00000143157.7$POGK$chr1$166808681$+,0.45
chr1:167926000-167927600,ENSG00000143158.6$MPC2$chr1$167906278$-,0.6
chr1:167926000-167927600,ENSG00000143164.11$DCAF6$chr1$167905021$+,0.69
chr1:166944600-166947000,ENSG00000143167.7$GPA33$chr1$167059868$-,0.52
chr1:167012200-167013200,ENSG00000143167.7$GPA33$chr1$167059868$-,0.5
chr1:167013400-167014400,ENSG00000143167.7$GPA33$chr1$167059868$-,0.47
chr1:167028000-167029200,ENSG00000143167.7$GPA33$chr1$167059868$-,0.59
chr1:167177200-167177800,ENSG00000143167.7$GPA33$chr1$167059868$-,0.41
chr1:167187400-167189000,ENSG00000143167.7$GPA33$chr1$167059868$-,0.49
chr1:165738800-165740400,ENSG00000143179.8$UCK2$chr1$165796768$+,0.43
chr1:165738800-165740400,ENSG00000143183.12$TMCO1$chr1$165796992$-,0.45
chr1:168512400-168513400,ENSG00000143184.4$XCL1$chr1$168545711$+,0.54
chr1:167177200-167177800,ENSG00000143190.17$POU2F1$chr1$167190066$+,0.7
chr1:167187400-167189000,ENSG00000143190.17$POU2F1$chr1$167190066$+,0.37
chr1:167249800-167250400,ENSG00000143190.17$POU2F1$chr1$167190066$+,0.65
chr1:167254000-167254400,ENSG00000143190.17$POU2F1$chr1$167190066$+,0.67
chr1:167281000-167282600,ENSG00000143190.17$POU2F1$chr1$167190066$+,0.47
chr1:166944600-166947000,ENSG00000143194.8$MAEL$chr1$166958346$+,0.57
chr1:167012200-167013200,ENSG00000143194.8$MAEL$chr1$166958346$+,0.41
chr1:167013400-167014400,ENSG00000143194.8$MAEL$chr1$166958346$+,0.53
chr1:167028000-167029200,ENSG00000143194.8$MAEL$chr1$166958346$+,0.54
chr1:166846000-166847000,ENSG00000143195.8$ILDR2$chr1$166944719$-,0.36
chr1:167012200-167013200,ENSG00000143195.8$ILDR2$chr1$166944719$-,0.49
chr1:167013400-167014400,ENSG00000143195.8$ILDR2$chr1$166944719$-,0.58
chr1:167028000-167029200,ENSG00000143195.8$ILDR2$chr1$166944719$-,0.52
chr1:165566400-165567200,ENSG00000143198.8$MGST3$chr1$165600098$+,0.54
chr1:165568000-165569200,ENSG00000143198.8$MGST3$chr1$165600098$+,0.62
chr1:165569600-165571400,ENSG00000143198.8$MGST3$chr1$165600098$+,0.63
chr1:165667800-165669800,ENSG00000143198.8$MGST3$chr1$165600098$+,0.54
chr1:165738800-165740400,ENSG00000143198.8$MGST3$chr1$165600098$+,0.44
chr1:176082200-176083800,ENSG00000143207.15$RFWD2$chr1$176176629$-,0.56
chr1:176129800-176131800,ENSG00000143207.15$RFWD2$chr1$176176629$-,0.69
chr1:176143200-176144800,ENSG00000143207.15$RFWD2$chr1$176176629$-,0.7
chr1:176160600-176162800,ENSG00000143207.15$RFWD2$chr1$176176629$-,0.61
chr1:160991400-160992800,ENSG00000143217.7$PVRL4$chr1$161059389$-,0.36
chr1:161025800-161028200,ENSG00000143217.7$PVRL4$chr1$161059389$-,0.49
chr1:161103600-161105200,ENSG00000143217.7$PVRL4$chr1$161059389$-,0.45
chr1:160959600-160961400,ENSG00000143222.7$UFC1$chr1$161122566$+,0.37
chr1:160991400-160992800,ENSG00000143222.7$UFC1$chr1$161122566$+,0.46
chr1:161025800-161028200,ENSG00000143222.7$UFC1$chr1$161122566$+,0.46
chr1:161103600-161105200,ENSG00000143222.7$UFC1$chr1$161122566$+,0.63
chr1:161124400-161126000,ENSG00000143222.7$UFC1$chr1$161122566$+,0.47
chr1:161127400-161129000,ENSG00000143222.7$UFC1$chr1$161122566$+,0.67
chr1:161178600-161180800,ENSG00000143222.7$UFC1$chr1$161122566$+,0.51
chr1:161284800-161287200,ENSG00000143222.7$UFC1$chr1$161122566$+,0.36
chr1:161355600-161357600,ENSG00000143222.7$UFC1$chr1$161122566$+,0.35
chr1:161366600-161368800,ENSG00000143222.7$UFC1$chr1$161122566$+,0.38
chr1:160991400-160992800,ENSG00000143224.13$PPOX$chr1$161136200$+,0.39
chr1:161025800-161028200,ENSG00000143224.13$PPOX$chr1$161136200$+,0.45
chr1:161103600-161105200,ENSG00000143224.13$PPOX$chr1$161136200$+,0.51
chr1:161124400-161126000,ENSG00000143224.13$PPOX$chr1$161136200$+,0.53
chr1:161127400-161129000,ENSG00000143224.13$PPOX$chr1$161136200$+,0.62
chr1:161178600-161180800,ENSG00000143224.13$PPOX$chr1$161136200$+,0.53
chr1:161282400-161283800,ENSG00000143224.13$PPOX$chr1$161136200$+,0.35
chr1:161284800-161287200,ENSG00000143224.13$PPOX$chr1$161136200$+,0.35
chr1:161366600-161368800,ENSG00000143224.13$PPOX$chr1$161136200$+,0.35
chr1:161366600-161368800,ENSG00000143226.9$FCGR2A$chr1$161475220$+,0.46
chr1:161529200-161531600,ENSG00000143226.9$FCGR2A$chr1$161475220$+,0.5
chr1:161582600-161583400,ENSG00000143226.9$FCGR2A$chr1$161475220$+,0.48
chr1:161590000-161591000,ENSG00000143226.9$FCGR2A$chr1$161475220$+,0.47
chr1:161336600-161338600,ENSG00000143252.10$SDHC$chr1$161284047$+,0.46
chr1:161355600-161357600,ENSG00000143252.10$SDHC$chr1$161284047$+,0.46
chr1:161366600-161368800,ENSG00000143252.10$SDHC$chr1$161284047$+,0.41
chr1:161529200-161531600,ENSG00000143252.10$SDHC$chr1$161284047$+,0.35
chr1:160959600-160961400,ENSG00000143256.4$PFDN2$chr1$161087901$-,0.41
chr1:160991400-160992800,ENSG00000143256.4$PFDN2$chr1$161087901$-,0.48
chr1:161025800-161028200,ENSG00000143256.4$PFDN2$chr1$161087901$-,0.48
chr1:161103600-161105200,ENSG00000143256.4$PFDN2$chr1$161087901$-,0.68
chr1:161124400-161126000,ENSG00000143256.4$PFDN2$chr1$161087901$-,0.46
chr1:161127400-161129000,ENSG00000143256.4$PFDN2$chr1$161087901$-,0.59
chr1:161178600-161180800,ENSG00000143256.4$PFDN2$chr1$161087901$-,0.42
chr1:161282400-161283800,ENSG00000143256.4$PFDN2$chr1$161087901$-,0.38
chr1:161284800-161287200,ENSG00000143256.4$PFDN2$chr1$161087901$-,0.39
chr1:161178600-161180800,ENSG00000143257.7$NR1I3$chr1$161208092$-,0.4
chr1:160991400-160992800,ENSG00000143258.11$USP21$chr1$161129240$+,0.45
chr1:161025800-161028200,ENSG00000143258.11$USP21$chr1$161129240$+,0.45
chr1:161103600-161105200,ENSG00000143258.11$USP21$chr1$161129240$+,0.52
chr1:161124400-161126000,ENSG00000143258.11$USP21$chr1$161129240$+,0.61
chr1:161178600-161180800,ENSG00000143258.11$USP21$chr1$161129240$+,0.56
chr1:161284800-161287200,ENSG00000143258.11$USP21$chr1$161129240$+,0.38
chr1:156571600-156573200,ENSG00000143294.10$PRCC$chr1$156720402$+,0.36
chr1:156699000-156701200,ENSG00000143294.10$PRCC$chr1$156720402$+,0.53
chr1:156735200-156736600,ENSG00000143294.10$PRCC$chr1$156720402$+,0.44
chr1:156568600-156570800,ENSG00000143303.7$RRNAD1$chr1$156698234$+,0.47
chr1:156571600-156573200,ENSG00000143303.7$RRNAD1$chr1$156698234$+,0.54
chr1:156735200-156736600,ENSG00000143303.7$RRNAD1$chr1$156698234$+,0.6
chr1:156805000-156807400,ENSG00000143303.7$RRNAD1$chr1$156698234$+,0.37
chr1:159822200-159824400,ENSG00000143315.5$PIGM$chr1$160001783$-,0.36
chr1:159824800-159826800,ENSG00000143315.5$PIGM$chr1$160001783$-,0.39
chr1:160173400-160175600,ENSG00000143315.5$PIGM$chr1$160001783$-,0.42
chr1:160782600-160784200,ENSG00000143315.5$PIGM$chr1$160001783$-,0.35
chr1:156568600-156570800,ENSG00000143319.12$ISG20L2$chr1$156698591$-,0.43
chr1:156571600-156573200,ENSG00000143319.12$ISG20L2$chr1$156698591$-,0.49
chr1:156735200-156736600,ENSG00000143319.12$ISG20L2$chr1$156698591$-,0.6
chr1:156805000-156807400,ENSG00000143319.12$ISG20L2$chr1$156698591$-,0.37
chr1:156735200-156736600,ENSG00000143320.4$CRABP2$chr1$156675608$-,0.42
chr1:156568600-156570800,ENSG00000143321.14$HDGF$chr1$156736717$-,0.39
chr1:156571600-156573200,ENSG00000143321.14$HDGF$chr1$156736717$-,0.4
chr1:156699000-156701200,ENSG00000143321.14$HDGF$chr1$156736717$-,0.53
chr1:156805000-156807400,ENSG00000143321.14$HDGF$chr1$156736717$-,0.44
chr1:179260600-179262600,ENSG00000143322.15$ABL2$chr1$179198819$-,0.5
chr1:180451400-180452600,ENSG00000143324.9$XPR1$chr1$180601140$+,0.44
chr1:180608600-180610200,ENSG00000143324.9$XPR1$chr1$180601140$+,0.7
chr1:180618800-180619800,ENSG00000143324.9$XPR1$chr1$180601140$+,0.67
chr1:182399400-182400800,ENSG00000143333.6$RGS16$chr1$182573543$-,0.41
chr1:182558400-182559200,ENSG00000143333.6$RGS16$chr1$182573543$-,0.68
chr1:182756800-182758400,ENSG00000143333.6$RGS16$chr1$182573543$-,0.47
chr1:179846800-179848000,ENSG00000143337.14$TOR1AIP1$chr1$179851177$+,0.57
chr1:183460000-183461800,ENSG00000143344.11$RGL1$chr1$183605220$+,0.37
chr1:183473800-183476200,ENSG00000143344.11$RGL1$chr1$183605220$+,0.37
chr1:219358800-219359400,ENSG00000143353.7$LYPLAL1$chr1$219347186$+,0.59
chr1:197870400-197871600,ENSG00000143355.11$LHX9$chr1$197881037$+,0.59
chr1:197872400-197874000,ENSG00000143355.11$LHX9$chr1$197881037$+,0.81
chr1:198016600-198019000,ENSG00000143355.11$LHX9$chr1$197881037$+,0.42
chr1:150837600-150839800,ENSG00000143363.11$PRUNE$chr1$150980896$+,0.5
chr1:150841800-150843600,ENSG00000143363.11$PRUNE$chr1$150980896$+,0.49
chr1:150861400-150863800,ENSG00000143363.11$PRUNE$chr1$150980896$+,0.54
chr1:150894400-150895800,ENSG00000143363.11$PRUNE$chr1$150980896$+,0.56
chr1:150899400-150901000,ENSG00000143363.11$PRUNE$chr1$150980896$+,0.56
chr1:150996600-150998000,ENSG00000143363.11$PRUNE$chr1$150980896$+,0.7
chr1:151015400-151016200,ENSG00000143363.11$PRUNE$chr1$150980896$+,0.59
chr1:151018000-151020200,ENSG00000143363.11$PRUNE$chr1$150980896$+,0.57
chr1:151043800-151046200,ENSG00000143363.11$PRUNE$chr1$150980896$+,0.52
chr1:151097000-151099200,ENSG00000143363.11$PRUNE$chr1$150980896$+,0.45
chr1:151162800-151163800,ENSG00000143363.11$PRUNE$chr1$150980896$+,0.37
chr1:151733400-151735400,ENSG00000143365.12$RORC$chr1$151804348$-,0.46
chr1:151736200-151737800,ENSG00000143365.12$RORC$chr1$151804348$-,0.49
chr1:151761200-151763200,ENSG00000143365.12$RORC$chr1$151804348$-,0.4
chr1:151764200-151766200,ENSG00000143365.12$RORC$chr1$151804348$-,0.46
chr1:151847000-151848800,ENSG00000143365.12$RORC$chr1$151804348$-,0.54
chr1:151874000-151874200,ENSG00000143365.12$RORC$chr1$151804348$-,0.56
chr1:151882600-151883800,ENSG00000143365.12$RORC$chr1$151804348$-,0.53
chr1:151432000-151433200,ENSG00000143367.11$TUFT1$chr1$151512781$+,0.36
chr1:151481400-151483400,ENSG00000143367.11$TUFT1$chr1$151512781$+,0.62
chr1:151582400-151584600,ENSG00000143367.11$TUFT1$chr1$151512781$+,0.49
chr1:149663800-149666000,ENSG00000143368.9$SF3B4$chr1$149900236$-,0.36
chr1:149785600-149786000,ENSG00000143368.9$SF3B4$chr1$149900236$-,0.39
chr1:149860400-149862200,ENSG00000143368.9$SF3B4$chr1$149900236$-,0.56
chr1:149870200-149871200,ENSG00000143368.9$SF3B4$chr1$149900236$-,0.54
chr1:149871600-149872600,ENSG00000143368.9$SF3B4$chr1$149900236$-,0.54
chr1:150040200-150042600,ENSG00000143368.9$SF3B4$chr1$149900236$-,0.37
chr1:150460400-150462000,ENSG00000143369.10$ECM1$chr1$150480538$+,0.42
chr1:150488400-150490600,ENSG00000143369.10$ECM1$chr1$150480538$+,0.47
chr1:151097000-151099200,ENSG00000143373.13$ZNF687$chr1$151254094$+,0.37
chr1:151162800-151163800,ENSG00000143373.13$ZNF687$chr1$151254094$+,0.45
chr1:151255600-151257800,ENSG00000143373.13$ZNF687$chr1$151254094$+,0.46
chr1:151320200-151321800,ENSG00000143373.13$ZNF687$chr1$151254094$+,0.59
chr1:151370200-151371800,ENSG00000143373.13$ZNF687$chr1$151254094$+,0.39
chr1:150241800-150243000,ENSG00000143374.10$TARS2$chr1$150459887$+,0.37
chr1:150267000-150269400,ENSG00000143374.10$TARS2$chr1$150459887$+,0.43
chr1:150349400-150351400,ENSG00000143374.10$TARS2$chr1$150459887$+,0.4
chr1:150364800-150366400,ENSG00000143374.10$TARS2$chr1$150459887$+,0.42
chr1:150386200-150387400,ENSG00000143374.10$TARS2$chr1$150459887$+,0.45
chr1:150387800-150388800,ENSG00000143374.10$TARS2$chr1$150459887$+,0.46
chr1:150488400-150490600,ENSG00000143374.10$TARS2$chr1$150459887$+,0.6
chr1:151432000-151433200,ENSG00000143375.10$CGN$chr1$151482986$+,0.36
chr1:150837600-150839800,ENSG00000143379.8$SETDB1$chr1$150898739$+,0.47
chr1:150841800-150843600,ENSG00000143379.8$SETDB1$chr1$150898739$+,0.43
chr1:150861400-150863800,ENSG00000143379.8$SETDB1$chr1$150898739$+,0.56
chr1:150894400-150895800,ENSG00000143379.8$SETDB1$chr1$150898739$+,0.47
chr1:150996600-150998000,ENSG00000143379.8$SETDB1$chr1$150898739$+,0.38
chr1:151043800-151046200,ENSG00000143379.8$SETDB1$chr1$150898739$+,0.42
chr1:150460400-150462000,ENSG00000143382.9$ADAMTSL4$chr1$150521884$+,0.57
chr1:150488400-150490600,ENSG00000143382.9$ADAMTSL4$chr1$150521884$+,0.48
chr1:150460400-150462000,ENSG00000143384.8$MCL1$chr1$150552066$-,0.52
chr1:150488400-150490600,ENSG00000143384.8$MCL1$chr1$150552066$-,0.56
chr1:150670000-150671600,ENSG00000143384.8$MCL1$chr1$150552066$-,0.4
chr1:151097000-151099200,ENSG00000143390.13$RFX5$chr1$151319833$-,0.46
chr1:151162800-151163800,ENSG00000143390.13$RFX5$chr1$151319833$-,0.47
chr1:151255600-151257800,ENSG00000143390.13$RFX5$chr1$151319833$-,0.6
chr1:151370200-151371800,ENSG00000143390.13$RFX5$chr1$151319833$-,0.56
chr1:151432000-151433200,ENSG00000143390.13$RFX5$chr1$151319833$-,0.47
chr1:151162800-151163800,ENSG00000143393.12$PI4KB$chr1$151300191$-,0.43
chr1:151255600-151257800,ENSG00000143393.12$PI4KB$chr1$151300191$-,0.63
chr1:151320200-151321800,ENSG00000143393.12$PI4KB$chr1$151300191$-,0.58
chr1:151370200-151371800,ENSG00000143393.12$PI4KB$chr1$151300191$-,0.42
chr1:151432000-151433200,ENSG00000143393.12$PI4KB$chr1$151300191$-,0.5
chr1:151018000-151020200,ENSG00000143398.15$PIP5K1A$chr1$151170425$+,0.36
chr1:151119600-151121400,ENSG00000143398.15$PIP5K1A$chr1$151170425$+,0.36
chr1:151162800-151163800,ENSG00000143398.15$PIP5K1A$chr1$151170425$+,0.56
chr1:150185200-150187600,ENSG00000143401.10$ANP32E$chr1$150208504$-,0.54
chr1:150194000-150194400,ENSG00000143401.10$ANP32E$chr1$150208504$-,0.56
chr1:150205000-150206600,ENSG00000143401.10$ANP32E$chr1$150208504$-,0.54
chr1:150241800-150243000,ENSG00000143401.10$ANP32E$chr1$150208504$-,0.59
chr1:150265000-150266200,ENSG00000143401.10$ANP32E$chr1$150208504$-,0.6
chr1:150267000-150269400,ENSG00000143401.10$ANP32E$chr1$150208504$-,0.59
chr1:150349400-150351400,ENSG00000143401.10$ANP32E$chr1$150208504$-,0.37
chr1:150364800-150366400,ENSG00000143401.10$ANP32E$chr1$150208504$-,0.36
chr1:150837600-150839800,ENSG00000143409.11$FAM63A$chr1$150980851$-,0.47
chr1:150841800-150843600,ENSG00000143409.11$FAM63A$chr1$150980851$-,0.47
chr1:150861400-150863800,ENSG00000143409.11$FAM63A$chr1$150980851$-,0.44
chr1:150894400-150895800,ENSG00000143409.11$FAM63A$chr1$150980851$-,0.54
chr1:150899400-150901000,ENSG00000143409.11$FAM63A$chr1$150980851$-,0.53
chr1:150996600-150998000,ENSG00000143409.11$FAM63A$chr1$150980851$-,0.72
chr1:151015400-151016200,ENSG00000143409.11$FAM63A$chr1$150980851$-,0.64
chr1:151018000-151020200,ENSG00000143409.11$FAM63A$chr1$150980851$-,0.59
chr1:151043800-151046200,ENSG00000143409.11$FAM63A$chr1$150980851$-,0.49
chr1:151097000-151099200,ENSG00000143409.11$FAM63A$chr1$150980851$-,0.38
chr1:150837600-150839800,ENSG00000143418.15$CERS2$chr1$150947479$-,0.48
chr1:150841800-150843600,ENSG00000143418.15$CERS2$chr1$150947479$-,0.42
chr1:150861400-150863800,ENSG00000143418.15$CERS2$chr1$150947479$-,0.47
chr1:150894400-150895800,ENSG00000143418.15$CERS2$chr1$150947479$-,0.58
chr1:150899400-150901000,ENSG00000143418.15$CERS2$chr1$150947479$-,0.61
chr1:150996600-150998000,ENSG00000143418.15$CERS2$chr1$150947479$-,0.63
chr1:151015400-151016200,ENSG00000143418.15$CERS2$chr1$150947479$-,0.49
chr1:151018000-151020200,ENSG00000143418.15$CERS2$chr1$150947479$-,0.45
chr1:151043800-151046200,ENSG00000143418.15$CERS2$chr1$150947479$-,0.35
chr1:150460400-150462000,ENSG00000143420.13$ENSA$chr1$150602088$-,0.37
chr1:150488400-150490600,ENSG00000143420.13$ENSA$chr1$150602088$-,0.45
chr1:150655600-150657800,ENSG00000143420.13$ENSA$chr1$150602088$-,0.47
chr1:150670000-150671600,ENSG00000143420.13$ENSA$chr1$150602088$-,0.52
chr1:151043800-151046200,ENSG00000143434.11$SEMA6C$chr1$151119104$-,0.45
chr1:151097000-151099200,ENSG00000143434.11$SEMA6C$chr1$151119104$-,0.59
chr1:150837600-150839800,ENSG00000143437.16$ARNT$chr1$150849244$-,0.56
chr1:150841800-150843600,ENSG00000143437.16$ARNT$chr1$150849244$-,0.57
chr1:150861400-150863800,ENSG00000143437.16$ARNT$chr1$150849244$-,0.6
chr1:150894400-150895800,ENSG00000143437.16$ARNT$chr1$150849244$-,0.63
chr1:150899400-150901000,ENSG00000143437.16$ARNT$chr1$150849244$-,0.51
chr1:150996600-150998000,ENSG00000143437.16$ARNT$chr1$150849244$-,0.36
chr1:151255600-151257800,ENSG00000143442.17$POGZ$chr1$151431941$-,0.45
chr1:151320200-151321800,ENSG00000143442.17$POGZ$chr1$151431941$-,0.39
chr1:151370200-151371800,ENSG00000143442.17$POGZ$chr1$151431941$-,0.51
chr1:151481400-151483400,ENSG00000143442.17$POGZ$chr1$151431941$-,0.64
chr1:151582400-151584600,ENSG00000143442.17$POGZ$chr1$151431941$-,0.53
chr1:150861400-150863800,ENSG00000143443.9$C1orf56$chr1$151020216$+,0.39
chr1:150894400-150895800,ENSG00000143443.9$C1orf56$chr1$151020216$+,0.51
chr1:150899400-150901000,ENSG00000143443.9$C1orf56$chr1$151020216$+,0.43
chr1:150996600-150998000,ENSG00000143443.9$C1orf56$chr1$151020216$+,0.47
chr1:151015400-151016200,ENSG00000143443.9$C1orf56$chr1$151020216$+,0.53
chr1:151043800-151046200,ENSG00000143443.9$C1orf56$chr1$151020216$+,0.46
chr1:151097000-151099200,ENSG00000143443.9$C1orf56$chr1$151020216$+,0.51
chr1:151119600-151121400,ENSG00000143443.9$C1orf56$chr1$151020216$+,0.41
chr1:151162800-151163800,ENSG00000143443.9$C1orf56$chr1$151020216$+,0.41
chr1:151582400-151584600,ENSG00000143450.10$OAZ3$chr1$151735445$+,0.39
chr1:151761200-151763200,ENSG00000143450.10$OAZ3$chr1$151735445$+,0.58
chr1:151764200-151766200,ENSG00000143450.10$OAZ3$chr1$151735445$+,0.46
chr1:151882600-151883800,ENSG00000143450.10$OAZ3$chr1$151735445$+,0.4
chr1:150655600-150657800,ENSG00000143452.11$HORMAD1$chr1$150693364$-,0.44
chr1:150670000-150671600,ENSG00000143452.11$HORMAD1$chr1$150693364$-,0.45
chr1:150655600-150657800,ENSG00000143457.6$GOLPH3L$chr1$150669630$-,0.68
chr1:150837600-150839800,ENSG00000143457.6$GOLPH3L$chr1$150669630$-,0.38
chr1:150841800-150843600,ENSG00000143457.6$GOLPH3L$chr1$150669630$-,0.41
chr1:150861400-150863800,ENSG00000143457.6$GOLPH3L$chr1$150669630$-,0.35
chr1:150894400-150895800,ENSG00000143457.6$GOLPH3L$chr1$150669630$-,0.35
chr1:150894400-150895800,ENSG00000143458.7$GABPB2$chr1$151043054$+,0.53
chr1:150899400-150901000,ENSG00000143458.7$GABPB2$chr1$151043054$+,0.5
chr1:150996600-150998000,ENSG00000143458.7$GABPB2$chr1$151043054$+,0.41
chr1:151015400-151016200,ENSG00000143458.7$GABPB2$chr1$151043054$+,0.48
chr1:151018000-151020200,ENSG00000143458.7$GABPB2$chr1$151043054$+,0.45
chr1:151097000-151099200,ENSG00000143458.7$GABPB2$chr1$151043054$+,0.52
chr1:151119600-151121400,ENSG00000143458.7$GABPB2$chr1$151043054$+,0.61
chr1:151162800-151163800,ENSG00000143458.7$GABPB2$chr1$151043054$+,0.48
chr1:206581800-206582400,ENSG00000143466.9$IKBKE$chr1$206643791$+,0.55
chr1:206717600-206719400,ENSG00000143466.9$IKBKE$chr1$206643791$+,0.53
chr1:211364200-211366000,ENSG00000143473.7$KCNH1$chr1$211307457$-,0.65
chr1:211401600-211403800,ENSG00000143473.7$KCNH1$chr1$211307457$-,0.48
chr1:211434400-211436200,ENSG00000143473.7$KCNH1$chr1$211307457$-,0.5
chr1:211437000-211438400,ENSG00000143473.7$KCNH1$chr1$211307457$-,0.47
chr1:206581800-206582400,ENSG00000143486.11$EIF2D$chr1$206785904$-,0.39
chr1:206717600-206719400,ENSG00000143486.11$EIF2D$chr1$206785904$-,0.49
chr1:213181200-213183200,ENSG00000143494.11$VASH2$chr1$213123862$+,0.38
chr1:222789000-222791000,ENSG00000143498.13$TAF1A$chr1$222763275$-,0.82
chr1:222792400-222794400,ENSG00000143498.13$TAF1A$chr1$222763275$-,0.76
chr1:222894800-222895400,ENSG00000143498.13$TAF1A$chr1$222763275$-,0.36
chr1:214417600-214419400,ENSG00000143499.9$SMYD2$chr1$214454445$+,0.7
chr1:214434200-214436200,ENSG00000143499.9$SMYD2$chr1$214454445$+,0.58
chr1:221916800-221919200,ENSG00000143507.13$DUSP10$chr1$221915518$-,0.53
chr1:154086600-154088400,ENSG00000143515.12$ATP8B2$chr1$154298029$+,0.39
chr1:154156000-154157600,ENSG00000143515.12$ATP8B2$chr1$154298029$+,0.47
chr1:154171200-154173200,ENSG00000143515.12$ATP8B2$chr1$154298029$+,0.37
chr1:154242600-154244600,ENSG00000143515.12$ATP8B2$chr1$154298029$+,0.52
chr1:154279800-154281200,ENSG00000143515.12$ATP8B2$chr1$154298029$+,0.63
chr1:154345200-154347200,ENSG00000143515.12$ATP8B2$chr1$154298029$+,0.58
chr1:154370000-154371600,ENSG00000143515.12$ATP8B2$chr1$154298029$+,0.59
chr1:153754600-153755800,ENSG00000143543.10$JTB$chr1$153950164$-,0.39
chr1:153832400-153833600,ENSG00000143543.10$JTB$chr1$153950164$-,0.41
chr1:153840800-153842600,ENSG00000143543.10$JTB$chr1$153950164$-,0.44
chr1:153896400-153897400,ENSG00000143543.10$JTB$chr1$153950164$-,0.42
chr1:153940400-153942400,ENSG00000143543.10$JTB$chr1$153950164$-,0.67
chr1:153962400-153963200,ENSG00000143543.10$JTB$chr1$153950164$-,0.69
chr1:153896400-153897400,ENSG00000143545.4$RAB13$chr1$153958834$-,0.38
chr1:153940400-153942400,ENSG00000143545.4$RAB13$chr1$153958834$-,0.57
chr1:153950600-153952200,ENSG00000143545.4$RAB13$chr1$153958834$-,0.52
chr1:153962400-153963200,ENSG00000143545.4$RAB13$chr1$153958834$-,0.55
chr1:153379200-153380400,ENSG00000143546.5$S100A8$chr1$153363664$-,0.35
chr1:154156000-154157600,ENSG00000143549.15$TPM3$chr1$154167124$-,0.48
chr1:154171200-154173200,ENSG00000143549.15$TPM3$chr1$154167124$-,0.65
chr1:153896400-153897400,ENSG00000143552.5$NUP210L$chr1$154127592$-,0.36
chr1:153950600-153952200,ENSG00000143552.5$NUP210L$chr1$154127592$-,0.38
chr1:154086600-154088400,ENSG00000143552.5$NUP210L$chr1$154127592$-,0.49
chr1:154156000-154157600,ENSG00000143552.5$NUP210L$chr1$154127592$-,0.59
chr1:154171200-154173200,ENSG00000143552.5$NUP210L$chr1$154127592$-,0.52
chr1:154242600-154244600,ENSG00000143552.5$NUP210L$chr1$154127592$-,0.36
chr1:154279800-154281200,ENSG00000143552.5$NUP210L$chr1$154127592$-,0.35
chr1:154345200-154347200,ENSG00000143552.5$NUP210L$chr1$154127592$-,0.38
chr1:154370000-154371600,ENSG00000143552.5$NUP210L$chr1$154127592$-,0.39
chr1:153379200-153380400,ENSG00000143556.4$S100A7$chr1$153433177$-,0.59
chr1:154086600-154088400,ENSG00000143569.14$UBAP2L$chr1$154192655$+,0.36
chr1:154156000-154157600,ENSG00000143569.14$UBAP2L$chr1$154192655$+,0.61
chr1:154171200-154173200,ENSG00000143569.14$UBAP2L$chr1$154192655$+,0.55
chr1:154242600-154244600,ENSG00000143569.14$UBAP2L$chr1$154192655$+,0.58
chr1:154279800-154281200,ENSG00000143569.14$UBAP2L$chr1$154192655$+,0.35
chr1:154295400-154297400,ENSG00000143569.14$UBAP2L$chr1$154192655$+,0.37
chr1:154345200-154347200,ENSG00000143569.14$UBAP2L$chr1$154192655$+,0.43
chr1:153896400-153897400,ENSG00000143570.13$SLC39A1$chr1$153940188$-,0.45
chr1:153950600-153952200,ENSG00000143570.13$SLC39A1$chr1$153940188$-,0.47
chr1:153962400-153963200,ENSG00000143570.13$SLC39A1$chr1$153940188$-,0.54
chr1:154086600-154088400,ENSG00000143575.10$HAX1$chr1$154244987$+,0.36
chr1:154156000-154157600,ENSG00000143575.10$HAX1$chr1$154244987$+,0.36
chr1:154171200-154173200,ENSG00000143575.10$HAX1$chr1$154244987$+,0.49
chr1:154279800-154281200,ENSG00000143575.10$HAX1$chr1$154244987$+,0.45
chr1:154295400-154297400,ENSG00000143575.10$HAX1$chr1$154244987$+,0.49
chr1:154345200-154347200,ENSG00000143575.10$HAX1$chr1$154244987$+,0.39
chr1:154370000-154371600,ENSG00000143575.10$HAX1$chr1$154244987$+,0.37
chr1:153832400-153833600,ENSG00000143578.11$CREB3L4$chr1$153940010$+,0.37
chr1:153840800-153842600,ENSG00000143578.11$CREB3L4$chr1$153940010$+,0.39
chr1:153896400-153897400,ENSG00000143578.11$CREB3L4$chr1$153940010$+,0.53
chr1:153950600-153952200,ENSG00000143578.11$CREB3L4$chr1$153940010$+,0.61
chr1:153962400-153963200,ENSG00000143578.11$CREB3L4$chr1$153940010$+,0.74
chr1:154954000-154955800,ENSG00000143590.9$EFNA3$chr1$155036224$+,0.44
chr1:155113000-155114000,ENSG00000143590.9$EFNA3$chr1$155036224$+,0.46
chr1:155144000-155145200,ENSG00000143590.9$EFNA3$chr1$155036224$+,0.39
chr1:155184000-155186000,ENSG00000143590.9$EFNA3$chr1$155036224$+,0.47
chr1:155229200-155231400,ENSG00000143590.9$EFNA3$chr1$155036224$+,0.36
chr1:155232000-155233200,ENSG00000143590.9$EFNA3$chr1$155036224$+,0.36
chr1:154279800-154281200,ENSG00000143595.8$AQP10$chr1$154293566$+,0.46
chr1:154295400-154297400,ENSG00000143595.8$AQP10$chr1$154293566$+,0.38
chr1:153950600-153952200,ENSG00000143612.14$C1orf43$chr1$154193104$-,0.38
chr1:154086600-154088400,ENSG00000143612.14$C1orf43$chr1$154193104$-,0.39
chr1:154156000-154157600,ENSG00000143612.14$C1orf43$chr1$154193104$-,0.62
chr1:154171200-154173200,ENSG00000143612.14$C1orf43$chr1$154193104$-,0.59
chr1:154242600-154244600,ENSG00000143612.14$C1orf43$chr1$154193104$-,0.51
chr1:154279800-154281200,ENSG00000143612.14$C1orf43$chr1$154193104$-,0.35
chr1:154295400-154297400,ENSG00000143612.14$C1orf43$chr1$154193104$-,0.43
chr1:154345200-154347200,ENSG00000143612.14$C1orf43$chr1$154193104$-,0.42
chr1:154370000-154371600,ENSG00000143612.14$C1orf43$chr1$154193104$-,0.35
chr1:153754600-153755800,ENSG00000143614.7$GATAD2B$chr1$153895451$-,0.35
chr1:153832400-153833600,ENSG00000143614.7$GATAD2B$chr1$153895451$-,0.59
chr1:153840800-153842600,ENSG00000143614.7$GATAD2B$chr1$153895451$-,0.47
chr1:153940400-153942400,ENSG00000143614.7$GATAD2B$chr1$153895451$-,0.53
chr1:153950600-153952200,ENSG00000143614.7$GATAD2B$chr1$153895451$-,0.53
chr1:153962400-153963200,ENSG00000143614.7$GATAD2B$chr1$153895451$-,0.52
chr1:153630200-153631200,ENSG00000143621.12$ILF2$chr1$153643524$-,0.49
chr1:153631800-153634200,ENSG00000143621.12$ILF2$chr1$153643524$-,0.5
chr1:153754600-153755800,ENSG00000143621.12$ILF2$chr1$153643524$-,0.44
chr1:153832400-153833600,ENSG00000143621.12$ILF2$chr1$153643524$-,0.4
chr1:155778000-155779200,ENSG00000143622.6$RIT1$chr1$155881195$-,0.47
chr1:155825000-155826600,ENSG00000143622.6$RIT1$chr1$155881195$-,0.52
chr1:155987800-155990200,ENSG00000143622.6$RIT1$chr1$155881195$-,0.44
chr1:156014400-156016000,ENSG00000143622.6$RIT1$chr1$155881195$-,0.37
chr1:156025400-156026800,ENSG00000143622.6$RIT1$chr1$155881195$-,0.44
chr1:153630200-153631200,ENSG00000143624.9$INTS3$chr1$153700543$+,0.47
chr1:153631800-153634200,ENSG00000143624.9$INTS3$chr1$153700543$+,0.47
chr1:153754600-153755800,ENSG00000143624.9$INTS3$chr1$153700543$+,0.56
chr1:153832400-153833600,ENSG00000143624.9$INTS3$chr1$153700543$+,0.4
chr1:153840800-153842600,ENSG00000143624.9$INTS3$chr1$153700543$+,0.36
chr1:155113000-155114000,ENSG00000143627.13$PKLR$chr1$155271225$-,0.37
chr1:155144000-155145200,ENSG00000143627.13$PKLR$chr1$155271225$-,0.46
chr1:155184000-155186000,ENSG00000143627.13$PKLR$chr1$155271225$-,0.56
chr1:155197800-155198800,ENSG00000143627.13$PKLR$chr1$155271225$-,0.45
chr1:155214600-155216600,ENSG00000143627.13$PKLR$chr1$155271225$-,0.46
chr1:155229200-155231400,ENSG00000143627.13$PKLR$chr1$155271225$-,0.54
chr1:155232000-155233200,ENSG00000143627.13$PKLR$chr1$155271225$-,0.55
chr1:155245400-155247200,ENSG00000143627.13$PKLR$chr1$155271225$-,0.71
chr1:155247600-155250000,ENSG00000143627.13$PKLR$chr1$155271225$-,0.55
chr1:155113000-155114000,ENSG00000143630.5$HCN3$chr1$155247374$+,0.5
chr1:155144000-155145200,ENSG00000143630.5$HCN3$chr1$155247374$+,0.59
chr1:155184000-155186000,ENSG00000143630.5$HCN3$chr1$155247374$+,0.5
chr1:155197800-155198800,ENSG00000143630.5$HCN3$chr1$155247374$+,0.6
chr1:155214600-155216600,ENSG00000143630.5$HCN3$chr1$155247374$+,0.62
chr1:155229200-155231400,ENSG00000143630.5$HCN3$chr1$155247374$+,0.45
chr1:155232000-155233200,ENSG00000143630.5$HCN3$chr1$155247374$+,0.59
chr1:155247600-155250000,ENSG00000143630.5$HCN3$chr1$155247374$+,0.39
chr1:155477200-155479600,ENSG00000143630.5$HCN3$chr1$155247374$+,0.36
chr1:231478600-231479600,ENSG00000143633.8$C1orf131$chr1$231376933$-,0.39
chr1:233412400-233414800,ENSG00000143674.6$MLK4$chr1$233463514$+,0.48
chr1:233491400-233492800,ENSG00000143674.6$MLK4$chr1$233463514$+,0.62
chr1:243264200-243264800,ENSG00000143702.11$CEP170$chr1$243418650$-,0.38
chr1:227766400-227768000,ENSG00000143740.10$SNAP47$chr1$227916240$+,0.35
chr1:227895400-227896200,ENSG00000143740.10$SNAP47$chr1$227916240$+,0.78
chr1:227923600-227925600,ENSG00000143740.10$SNAP47$chr1$227916240$+,0.51
chr1:227973200-227975600,ENSG00000143740.10$SNAP47$chr1$227916240$+,0.42
chr1:225973400-225974800,ENSG00000143742.8$SRP9$chr1$225965531$+,0.45
chr1:224300600-224301800,ENSG00000143748.13$NVL$chr1$224518089$-,0.43
chr1:224448800-224451200,ENSG00000143748.13$NVL$chr1$224518089$-,0.48
chr1:224511200-224512600,ENSG00000143748.13$NVL$chr1$224518089$-,0.71
chr1:224520800-224523000,ENSG00000143748.13$NVL$chr1$224518089$-,0.62
chr1:224528200-224529400,ENSG00000143748.13$NVL$chr1$224518089$-,0.69
chr1:224535200-224536800,ENSG00000143748.13$NVL$chr1$224518089$-,0.7
chr1:224554800-224557200,ENSG00000143748.13$NVL$chr1$224518089$-,0.55
chr1:224557800-224558400,ENSG00000143748.13$NVL$chr1$224518089$-,0.54
chr1:224573200-224573400,ENSG00000143748.13$NVL$chr1$224518089$-,0.67
chr1:224599400-224601200,ENSG00000143748.13$NVL$chr1$224518089$-,0.47
chr1:224623200-224625400,ENSG00000143748.13$NVL$chr1$224518089$-,0.4
chr1:224637400-224639600,ENSG00000143748.13$NVL$chr1$224518089$-,0.37
chr1:226247200-226249400,ENSG00000143751.9$SDE2$chr1$226187032$-,0.61
chr1:226258400-226258800,ENSG00000143751.9$SDE2$chr1$226187032$-,0.46
chr1:226259600-226260800,ENSG00000143751.9$SDE2$chr1$226187032$-,0.48
chr1:226345200-226346600,ENSG00000143751.9$SDE2$chr1$226187032$-,0.36
chr1:224034200-224036000,ENSG00000143756.7$FBXO28$chr1$224301789$+,0.41
chr1:224448800-224451200,ENSG00000143756.7$FBXO28$chr1$224301789$+,0.42
chr1:224520800-224523000,ENSG00000143756.7$FBXO28$chr1$224301789$+,0.39
chr1:224554800-224557200,ENSG00000143756.7$FBXO28$chr1$224301789$+,0.36
chr1:228354400-228355400,ENSG00000143761.9$ARF1$chr1$228270361$+,0.59
chr1:228372800-228374800,ENSG00000143761.9$ARF1$chr1$228270361$+,0.43
chr1:224448800-224451200,ENSG00000143771.7$CNIH4$chr1$224544552$+,0.46
chr1:224511200-224512600,ENSG00000143771.7$CNIH4$chr1$224544552$+,0.58
chr1:224518600-224519400,ENSG00000143771.7$CNIH4$chr1$224544552$+,0.51
chr1:224520800-224523000,ENSG00000143771.7$CNIH4$chr1$224544552$+,0.53
chr1:224528200-224529400,ENSG00000143771.7$CNIH4$chr1$224544552$+,0.69
chr1:224535200-224536800,ENSG00000143771.7$CNIH4$chr1$224544552$+,0.74
chr1:224554800-224557200,ENSG00000143771.7$CNIH4$chr1$224544552$+,0.67
chr1:224557800-224558400,ENSG00000143771.7$CNIH4$chr1$224544552$+,0.71
chr1:224573200-224573400,ENSG00000143771.7$CNIH4$chr1$224544552$+,0.78
chr1:224599400-224601200,ENSG00000143771.7$CNIH4$chr1$224544552$+,0.65
chr1:224623200-224625400,ENSG00000143771.7$CNIH4$chr1$224544552$+,0.49
chr1:224637400-224639600,ENSG00000143771.7$CNIH4$chr1$224544552$+,0.47
chr1:224653000-224654200,ENSG00000143771.7$CNIH4$chr1$224544552$+,0.35
chr1:227014200-227016400,ENSG00000143772.5$ITPKB$chr1$226927024$-,0.42
chr1:228354400-228355400,ENSG00000143774.12$GUK1$chr1$228327663$+,0.57
chr1:228372800-228374800,ENSG00000143774.12$GUK1$chr1$228327663$+,0.43
chr1:224511200-224512600,ENSG00000143786.3$CNIH3$chr1$224622362$+,0.4
chr1:224518600-224519400,ENSG00000143786.3$CNIH3$chr1$224622362$+,0.54
chr1:224520800-224523000,ENSG00000143786.3$CNIH3$chr1$224622362$+,0.43
chr1:224528200-224529400,ENSG00000143786.3$CNIH3$chr1$224622362$+,0.42
chr1:224535200-224536800,ENSG00000143786.3$CNIH3$chr1$224622362$+,0.4
chr1:224554800-224557200,ENSG00000143786.3$CNIH3$chr1$224622362$+,0.57
chr1:224557800-224558400,ENSG00000143786.3$CNIH3$chr1$224622362$+,0.56
chr1:224573200-224573400,ENSG00000143786.3$CNIH3$chr1$224622362$+,0.61
chr1:224599400-224601200,ENSG00000143786.3$CNIH3$chr1$224622362$+,0.76
chr1:224623200-224625400,ENSG00000143786.3$CNIH3$chr1$224622362$+,0.42
chr1:224637400-224639600,ENSG00000143786.3$CNIH3$chr1$224622362$+,0.7
chr1:224653000-224654200,ENSG00000143786.3$CNIH3$chr1$224622362$+,0.61
chr1:228372800-228374800,ENSG00000143793.8$C1orf35$chr1$228293112$-,0.36
chr1:226375000-226375600,ENSG00000143799.8$PARP1$chr1$226595780$-,0.39
chr1:226497600-226499200,ENSG00000143799.8$PARP1$chr1$226595780$-,0.39
chr1:226519200-226521600,ENSG00000143799.8$PARP1$chr1$226595780$-,0.69
chr1:226643600-226646000,ENSG00000143799.8$PARP1$chr1$226595780$-,0.4
chr1:227014200-227016400,ENSG00000143801.12$PSEN2$chr1$227057885$+,0.7
chr1:227124600-227127000,ENSG00000143801.12$PSEN2$chr1$227057885$+,0.37
chr1:225973400-225974800,ENSG00000143811.12$PYCR2$chr1$226111978$-,0.37
chr1:226247200-226249400,ENSG00000143811.12$PYCR2$chr1$226111978$-,0.45
chr1:226258400-226258800,ENSG00000143811.12$PYCR2$chr1$226111978$-,0.35
chr1:226259600-226260800,ENSG00000143811.12$PYCR2$chr1$226111978$-,0.4
chr1:225641000-225643400,ENSG00000143815.10$LBR$chr1$225616627$-,0.75
chr1:225973400-225974800,ENSG00000143819.8$EPHX1$chr1$225997794$+,0.56
chr1:204175200-204177000,ENSG00000143839.12$REN$chr1$204135465$-,0.36
chr1:204175200-204177000,ENSG00000143845.10$ETNK2$chr1$204121307$-,0.57
chr1:202855600-202857400,ENSG00000143847.11$PPFIA4$chr1$202995626$+,0.48
chr1:202858200-202860200,ENSG00000143847.11$PPFIA4$chr1$202995626$+,0.49
chr1:202907200-202908800,ENSG00000143847.11$PPFIA4$chr1$202995626$+,0.45
chr1:202981800-202983000,ENSG00000143847.11$PPFIA4$chr1$202995626$+,0.67
chr1:204367200-204368000,ENSG00000143850.8$PLEKHA6$chr1$204346793$-,0.41
chr1:201950400-201951800,ENSG00000143851.11$PTPN7$chr1$202130716$-,0.35
chr1:202114400-202116800,ENSG00000143851.11$PTPN7$chr1$202130716$-,0.56
chr1:201950400-201951800,ENSG00000143862.3$ARL8A$chr1$202113869$-,0.37
chr2:19545800-19547200,ENSG00000143867.5$OSR1$chr2$19558414$-,0.47
chr2:21018200-21019400,ENSG00000143869.5$GDF7$chr2$20866424$+,0.38
chr2:10830600-10832600,ENSG00000143882.5$ATP6V1C2$chr2$10861775$+,0.42
chr2:38588800-38591200,ENSG00000143889.11$HNRNPLL$chr2$38830728$-,0.35
chr2:38775600-38778000,ENSG00000143889.11$HNRNPLL$chr2$38830728$-,0.66
chr2:38860800-38863000,ENSG00000143889.11$HNRNPLL$chr2$38830728$-,0.69
chr2:38884800-38886800,ENSG00000143889.11$HNRNPLL$chr2$38830728$-,0.5
chr2:38939400-38941000,ENSG00000143889.11$HNRNPLL$chr2$38830728$-,0.59
chr2:38942400-38944400,ENSG00000143889.11$HNRNPLL$chr2$38830728$-,0.48
chr2:38951600-38952200,ENSG00000143889.11$HNRNPLL$chr2$38830728$-,0.52
chr2:38952400-38953800,ENSG00000143889.11$HNRNPLL$chr2$38830728$-,0.53
chr2:38979000-38979800,ENSG00000143889.11$HNRNPLL$chr2$38830728$-,0.44
chr2:38980800-38982400,ENSG00000143889.11$HNRNPLL$chr2$38830728$-,0.52
chr2:39005800-39007000,ENSG00000143889.11$HNRNPLL$chr2$38830728$-,0.43
chr2:38860800-38863000,ENSG00000143891.12$GALM$chr2$38893052$+,0.5
chr2:38884800-38886800,ENSG00000143891.12$GALM$chr2$38893052$+,0.5
chr2:38939400-38941000,ENSG00000143891.12$GALM$chr2$38893052$+,0.48
chr2:38942400-38944400,ENSG00000143891.12$GALM$chr2$38893052$+,0.39
chr2:38951600-38952200,ENSG00000143891.12$GALM$chr2$38893052$+,0.44
chr2:38952400-38953800,ENSG00000143891.12$GALM$chr2$38893052$+,0.43
chr2:38979000-38979800,ENSG00000143891.12$GALM$chr2$38893052$+,0.36
chr2:44596000-44597400,ENSG00000143919.10$CAMKMT$chr2$44589089$+,0.5
chr2:42465400-42467400,ENSG00000143924.14$EML4$chr2$42396490$+,0.49
chr2:42512600-42515000,ENSG00000143924.14$EML4$chr2$42396490$+,0.51
chr2:42515400-42517400,ENSG00000143924.14$EML4$chr2$42396490$+,0.43
chr2:42537000-42538000,ENSG00000143924.14$EML4$chr2$42396490$+,0.48
chr2:42551600-42552600,ENSG00000143924.14$EML4$chr2$42396490$+,0.39
chr2:64204400-64206200,ENSG00000143952.15$VPS54$chr2$64246206$-,0.59
chr2:64266000-64268400,ENSG00000143952.15$VPS54$chr2$64246206$-,0.62
chr2:64276600-64277600,ENSG00000143952.15$VPS54$chr2$64246206$-,0.58
chr2:25989200-25991600,ENSG00000143970.12$ASXL2$chr2$26101385$-,0.55
chr2:26009600-26011200,ENSG00000143970.12$ASXL2$chr2$26101385$-,0.54
chr2:26026200-26028000,ENSG00000143970.12$ASXL2$chr2$26101385$-,0.63
chr2:26035000-26036600,ENSG00000143970.12$ASXL2$chr2$26101385$-,0.61
chr2:26083200-26085600,ENSG00000143970.12$ASXL2$chr2$26101385$-,0.61
chr2:26205400-26206600,ENSG00000143970.12$ASXL2$chr2$26101385$-,0.47
chr2:26253800-26256000,ENSG00000143970.12$ASXL2$chr2$26101385$-,0.41
chr2:26274800-26276600,ENSG00000143970.12$ASXL2$chr2$26101385$-,0.39
chr2:70415000-70417200,ENSG00000143977.9$SNRPG$chr2$70520903$-,0.36
chr2:70418200-70420200,ENSG00000143977.9$SNRPG$chr2$70520903$-,0.39
chr2:70438000-70440400,ENSG00000143977.9$SNRPG$chr2$70520903$-,0.43
chr2:70453600-70456000,ENSG00000143977.9$SNRPG$chr2$70520903$-,0.51
chr2:70514200-70516000,ENSG00000143977.9$SNRPG$chr2$70520903$-,0.57
chr2:70527600-70528600,ENSG00000143977.9$SNRPG$chr2$70520903$-,0.61
chr2:70529200-70530200,ENSG00000143977.9$SNRPG$chr2$70520903$-,0.57
chr2:27271600-27273000,ENSG00000143994.9$ABHD1$chr2$27346682$+,0.42
chr2:27274800-27276800,ENSG00000143994.9$ABHD1$chr2$27346682$+,0.48
chr2:27340000-27342400,ENSG00000143994.9$ABHD1$chr2$27346682$+,0.68
chr2:27357600-27358800,ENSG00000143994.9$ABHD1$chr2$27346682$+,0.49
chr2:27440800-27443200,ENSG00000143994.9$ABHD1$chr2$27346682$+,0.43
chr2:96845600-96848000,ENSG00000144021.2$CIAO1$chr2$96931870$+,0.56
chr2:96965800-96966000,ENSG00000144021.2$CIAO1$chr2$96931870$+,0.51
chr2:96972000-96974400,ENSG00000144021.2$CIAO1$chr2$96931870$+,0.53
chr2:96998800-97001200,ENSG00000144021.2$CIAO1$chr2$96931870$+,0.4
chr2:95780400-95782600,ENSG00000144026.7$ZNF514$chr2$95831158$-,0.59
chr2:95788000-95789600,ENSG00000144026.7$ZNF514$chr2$95831158$-,0.68
chr2:95823200-95824600,ENSG00000144026.7$ZNF514$chr2$95831158$-,0.75
chr2:95825800-95826600,ENSG00000144026.7$ZNF514$chr2$95831158$-,0.63
chr2:95873600-95875600,ENSG00000144026.7$ZNF514$chr2$95831158$-,0.56
chr2:96965800-96966000,ENSG00000144028.10$SNRNP200$chr2$96971297$-,0.73
chr2:96972000-96974400,ENSG00000144028.10$SNRNP200$chr2$96971297$-,0.44
chr2:96998800-97001200,ENSG00000144028.10$SNRNP200$chr2$96971297$-,0.48
chr2:71098000-71099800,ENSG00000144031.7$ANKRD53$chr2$71205510$+,0.44
chr2:71184400-71186800,ENSG00000144031.7$ANKRD53$chr2$71205510$+,0.51
chr2:71191400-71193000,ENSG00000144031.7$ANKRD53$chr2$71205510$+,0.64
chr2:71222600-71223400,ENSG00000144031.7$ANKRD53$chr2$71205510$+,0.53
chr2:74007200-74008600,ENSG00000144034.10$TPRKB$chr2$73964527$-,0.55
chr2:74051000-74053000,ENSG00000144034.10$TPRKB$chr2$73964527$-,0.54
chr2:74053800-74056000,ENSG00000144034.10$TPRKB$chr2$73964527$-,0.51
chr2:74151400-74153600,ENSG00000144034.10$TPRKB$chr2$73964527$-,0.41
chr2:71184400-71186800,ENSG00000144043.7$TEX261$chr2$71222075$-,0.58
chr2:71191400-71193000,ENSG00000144043.7$TEX261$chr2$71222075$-,0.71
chr2:73964800-73965600,ENSG00000144048.6$DUSP11$chr2$74007284$-,0.36
chr2:74051000-74053000,ENSG00000144048.6$DUSP11$chr2$74007284$-,0.52
chr2:74053800-74056000,ENSG00000144048.6$DUSP11$chr2$74007284$-,0.52
chr2:74151400-74153600,ENSG00000144048.6$DUSP11$chr2$74007284$-,0.49
chr2:74171200-74172800,ENSG00000144048.6$DUSP11$chr2$74007284$-,0.35
chr2:110970400-110971000,ENSG00000144061.8$NPHP1$chr2$110962643$-,0.63
chr2:120990400-120992000,ENSG00000144118.9$RALB$chr2$120997640$+,0.68
chr2:121008000-121009800,ENSG00000144118.9$RALB$chr2$120997640$+,0.69
chr2:120462600-120463000,ENSG00000144120.8$TMEM177$chr2$120436743$+,0.6
chr2:120540000-120542000,ENSG00000144120.8$TMEM177$chr2$120436743$+,0.48
chr2:120559600-120561800,ENSG00000144120.8$TMEM177$chr2$120436743$+,0.35
chr2:120636800-120639200,ENSG00000144120.8$TMEM177$chr2$120436743$+,0.35
chr2:113525200-113526800,ENSG00000144130.7$NT5DC4$chr2$113479063$+,0.47
chr2:114308600-114310000,ENSG00000144134.14$RABL2A$chr2$114384806$+,0.54
chr2:114342400-114344200,ENSG00000144134.14$RABL2A$chr2$114384806$+,0.59
chr2:114344600-114346000,ENSG00000144134.14$RABL2A$chr2$114384806$+,0.65
chr2:114360000-114360800,ENSG00000144134.14$RABL2A$chr2$114384806$+,0.69
chr2:114361200-114362800,ENSG00000144134.14$RABL2A$chr2$114384806$+,0.65
chr2:114456400-114458600,ENSG00000144134.14$RABL2A$chr2$114384806$+,0.4
chr2:114514800-114515600,ENSG00000144134.14$RABL2A$chr2$114384806$+,0.39
chr2:114537800-114538600,ENSG00000144134.14$RABL2A$chr2$114384806$+,0.36
chr2:113187800-113188400,ENSG00000144136.6$SLC20A1$chr2$113403434$+,0.38
chr2:113298200-113299400,ENSG00000144136.6$SLC20A1$chr2$113403434$+,0.35
chr2:113339400-113341400,ENSG00000144136.6$SLC20A1$chr2$113403434$+,0.44
chr2:113525200-113526800,ENSG00000144136.6$SLC20A1$chr2$113403434$+,0.42
chr2:112924200-112925200,ENSG00000144152.8$FBLN7$chr2$112895962$+,0.41
chr2:112810600-112811800,ENSG00000144161.8$ZC3H8$chr2$113012713$-,0.4
chr2:112949200-112950600,ENSG00000144161.8$ZC3H8$chr2$113012713$-,0.48
chr2:113038000-113038600,ENSG00000144161.8$ZC3H8$chr2$113012713$-,0.58
chr2:113039600-113041800,ENSG00000144161.8$ZC3H8$chr2$113012713$-,0.67
chr2:113050400-113050600,ENSG00000144161.8$ZC3H8$chr2$113012713$-,0.52
chr2:113187800-113188400,ENSG00000144161.8$ZC3H8$chr2$113012713$-,0.37
chr2:99755400-99757200,ENSG00000144182.12$LIPT1$chr2$99771418$+,0.62
chr2:99758400-99759400,ENSG00000144182.12$LIPT1$chr2$99771418$+,0.57
chr2:97642200-97644400,ENSG00000144199.7$FAHD2B$chr2$97760619$-,0.42
chr2:97687800-97690000,ENSG00000144199.7$FAHD2B$chr2$97760619$-,0.44
chr2:97807600-97808200,ENSG00000144199.7$FAHD2B$chr2$97760619$-,0.66
chr2:136554600-136557000,ENSG00000144224.12$UBXN4$chr2$136499189$+,0.51
chr2:136617000-136617200,ENSG00000144224.12$UBXN4$chr2$136499189$+,0.49
chr2:136633600-136635400,ENSG00000144224.12$UBXN4$chr2$136499189$+,0.4
chr2:136733200-136735400,ENSG00000144224.12$UBXN4$chr2$136499189$+,0.38
chr2:139285200-139286400,ENSG00000144228.4$SPOPL$chr2$139259371$+,0.58
chr2:128569200-128570000,ENSG00000144231.6$POLR2D$chr2$128615731$-,0.53
chr2:128600600-128601000,ENSG00000144231.6$POLR2D$chr2$128615731$-,0.46
chr2:128782200-128784400,ENSG00000144231.6$POLR2D$chr2$128615731$-,0.38
chr2:128569200-128570000,ENSG00000144233.5$AMMECR1L$chr2$128643496$-,0.41
chr2:128600600-128601000,ENSG00000144233.5$AMMECR1L$chr2$128643496$-,0.54
chr2:128782200-128784400,ENSG00000144233.5$AMMECR1L$chr2$128643496$-,0.47
chr2:128786200-128787400,ENSG00000144233.5$AMMECR1L$chr2$128643496$-,0.45
chr2:159248200-159249000,ENSG00000144283.17$PKP4$chr2$159313476$+,0.6
chr2:159365200-159365400,ENSG00000144283.17$PKP4$chr2$159313476$+,0.57
chr2:162165600-162167800,ENSG00000144290.12$SLC4A10$chr2$162280843$+,0.35
chr2:175113400-175114800,ENSG00000144306.9$SCRN3$chr2$175260458$+,0.36
chr2:175247800-175249400,ENSG00000144306.9$SCRN3$chr2$175260458$+,0.56
chr2:175313600-175316000,ENSG00000144306.9$SCRN3$chr2$175260458$+,0.54
chr2:175376200-175377600,ENSG00000144306.9$SCRN3$chr2$175260458$+,0.38
chr2:176952400-176954400,ENSG00000144320.9$KIAA1715$chr2$176867567$-,0.51
chr2:176975800-176978200,ENSG00000144320.9$KIAA1715$chr2$176867567$-,0.45
chr2:193026000-193027800,ENSG00000144339.7$TMEFF2$chr2$193060435$-,0.4
chr2:172855600-172856600,ENSG00000144355.10$DLX1$chr2$172949468$+,0.42
chr2:172862000-172864400,ENSG00000144355.10$DLX1$chr2$172949468$+,0.53
chr2:172865200-172866800,ENSG00000144355.10$DLX1$chr2$172949468$+,0.53
chr2:172954400-172956400,ENSG00000144355.10$DLX1$chr2$172949468$+,0.6
chr2:170548600-170551000,ENSG00000144357.12$UBR3$chr2$170683968$+,0.38
chr2:170589000-170590200,ENSG00000144357.12$UBR3$chr2$170683968$+,0.38
chr2:170654000-170655000,ENSG00000144357.12$UBR3$chr2$170683968$+,0.46
chr2:170671400-170673000,ENSG00000144357.12$UBR3$chr2$170683968$+,0.5
chr2:170452800-170453600,ENSG00000144362.7$PHOSPHO2$chr2$170550975$+,0.51
chr2:170589000-170590200,ENSG00000144362.7$PHOSPHO2$chr2$170550975$+,0.66
chr2:170654000-170655000,ENSG00000144362.7$PHOSPHO2$chr2$170550975$+,0.4
chr2:170671400-170673000,ENSG00000144362.7$PHOSPHO2$chr2$170550975$+,0.35
chr2:197664600-197665400,ENSG00000144381.12$HSPD1$chr2$198381461$-,0.35
chr2:198233000-198235200,ENSG00000144381.12$HSPD1$chr2$198381461$-,0.38
chr2:198248400-198249400,ENSG00000144381.12$HSPD1$chr2$198381461$-,0.39
chr2:198300400-198302400,ENSG00000144381.12$HSPD1$chr2$198381461$-,0.46
chr2:197648000-197649200,ENSG00000144395.13$CCDC150$chr2$197504278$+,0.42
chr2:197664600-197665400,ENSG00000144395.13$CCDC150$chr2$197504278$+,0.35
chr2:208404000-208404200,ENSG00000144401.10$METTL21A$chr2$208490652$-,0.41
chr2:208416800-208417200,ENSG00000144401.10$METTL21A$chr2$208490652$-,0.54
chr2:208577200-208579400,ENSG00000144401.10$METTL21A$chr2$208490652$-,0.38
chr2:211036600-211038400,ENSG00000144445.11$KANSL1L$chr2$211036107$-,0.35
chr2:216034800-216036800,ENSG00000144452.10$ABCA12$chr2$216003151$-,0.36
chr3:4392400-4394800,ENSG00000144455.9$SUMF1$chr3$4508965$-,0.4
chr3:4532200-4534000,ENSG00000144455.9$SUMF1$chr3$4508965$-,0.61
chr2:234806800-234808000,ENSG00000144481.12$TRPM8$chr2$234826043$+,0.36
chr2:238995000-238997000,ENSG00000144488.10$ESPNL$chr2$239008798$+,0.44
chr2:241594800-241596800,ENSG00000144504.11$ANKMY1$chr2$241508626$-,0.4
chr2:232421800-232422800,ENSG00000144524.13$COPS7B$chr2$232646381$+,0.4
chr2:232542000-232543000,ENSG00000144524.13$COPS7B$chr2$232646381$+,0.42
chr2:232568600-232571000,ENSG00000144524.13$COPS7B$chr2$232646381$+,0.58
chr2:232866600-232868000,ENSG00000144535.15$DIS3L2$chr2$232825955$+,0.63
chr2:232921400-232923600,ENSG00000144535.15$DIS3L2$chr2$232825955$+,0.46
chr3:9691800-9693200,ENSG00000144550.8$CPNE9$chr3$9745491$+,0.41
chr3:9795600-9797800,ENSG00000144550.8$CPNE9$chr3$9745491$+,0.39
chr3:10028800-10030600,ENSG00000144554.6$FANCD2$chr3$10068098$+,0.48
chr3:10068600-10070600,ENSG00000144554.6$FANCD2$chr3$10068098$+,0.35
chr3:10156400-10157200,ENSG00000144554.6$FANCD2$chr3$10068098$+,0.56
chr3:10162400-10163200,ENSG00000144554.6$FANCD2$chr3$10068098$+,0.37
chr3:10164000-10165000,ENSG00000144554.6$FANCD2$chr3$10068098$+,0.35
chr3:9972400-9974600,ENSG00000144554.6$FANCD2$chr3$10068098$+,0.41
chr3:11761600-11763800,ENSG00000144559.6$TAMM41$chr3$11888393$-,0.42
chr3:11766000-11766600,ENSG00000144559.6$TAMM41$chr3$11888393$-,0.45
chr3:11805800-11807800,ENSG00000144559.6$TAMM41$chr3$11888393$-,0.49
chr3:11766000-11766600,ENSG00000144560.9$VGLL4$chr3$11762220$-,0.46
chr3:20023200-20024200,ENSG00000144566.6$RAB5A$chr3$19988571$+,0.68
chr3:20101000-20103400,ENSG00000144566.6$RAB5A$chr3$19988571$+,0.49
chr3:20120800-20123200,ENSG00000144566.6$RAB5A$chr3$19988571$+,0.45
chr2:220070400-220071000,ENSG00000144567.6$FAM134A$chr2$220040947$+,0.52
chr2:219097600-219100000,ENSG00000144579.3$CTDSP1$chr2$219262979$+,0.43
chr2:219165600-219166800,ENSG00000144579.3$CTDSP1$chr2$219262979$+,0.48
chr2:219277000-219278200,ENSG00000144579.3$CTDSP1$chr2$219262979$+,0.71
chr2:219330600-219331400,ENSG00000144579.3$CTDSP1$chr2$219262979$+,0.6
chr2:219330600-219331400,ENSG00000144580.9$RQCD1$chr2$219433303$+,0.46
chr2:219438800-219439800,ENSG00000144580.9$RQCD1$chr2$219433303$+,0.73
chr2:219512400-219513600,ENSG00000144580.9$RQCD1$chr2$219433303$+,0.51
chr2:219537200-219538800,ENSG00000144580.9$RQCD1$chr2$219433303$+,0.56
chr2:219574600-219575600,ENSG00000144580.9$RQCD1$chr2$219433303$+,0.4
chr2:217252400-217254600,ENSG00000144583.4$MARCH4$chr2$217236750$-,0.47
chr3:15294200-15295400,ENSG00000144597.9$EAF1$chr3$15468862$+,0.36
chr3:15393000-15394400,ENSG00000144597.9$EAF1$chr3$15468862$+,0.45
chr3:32544600-32546000,ENSG00000144635.4$DYNC1LI1$chr3$32612366$-,0.53
chr3:32591600-32594000,ENSG00000144635.4$DYNC1LI1$chr3$32612366$-,0.55
chr3:32600800-32603000,ENSG00000144635.4$DYNC1LI1$chr3$32612366$-,0.61
chr3:32725400-32726200,ENSG00000144635.4$DYNC1LI1$chr3$32612366$-,0.39
chr3:30931400-30933400,ENSG00000144644.10$GADL1$chr3$30936257$-,0.46
chr3:32132400-32133800,ENSG00000144645.9$OSBPL10$chr3$32119072$-,0.59
chr3:43002800-43004000,ENSG00000144647.5$POMGNT2$chr3$43147568$-,0.38
chr3:43005200-43007600,ENSG00000144647.5$POMGNT2$chr3$43147568$-,0.36
chr3:43239400-43241800,ENSG00000144647.5$POMGNT2$chr3$43147568$-,0.4
chr3:42812400-42814800,ENSG00000144648.10$ACKR2$chr3$42846244$+,0.5
chr3:42815200-42816200,ENSG00000144648.10$ACKR2$chr3$42846244$+,0.55
chr3:42921200-42923600,ENSG00000144648.10$ACKR2$chr3$42846244$+,0.5
chr3:42975800-42978200,ENSG00000144648.10$ACKR2$chr3$42846244$+,0.42
chr3:43002800-43004000,ENSG00000144648.10$ACKR2$chr3$42846244$+,0.35
chr3:43002800-43004000,ENSG00000144649.4$FAM198A$chr3$43020759$+,0.36
chr3:43005200-43007600,ENSG00000144649.4$FAM198A$chr3$43020759$+,0.47
chr3:39367200-39367400,ENSG00000144659.6$SLC25A38$chr3$39424839$+,0.49
chr3:39368000-39370400,ENSG00000144659.6$SLC25A38$chr3$39424839$+,0.44
chr3:39406200-39406400,ENSG00000144659.6$SLC25A38$chr3$39424839$+,0.61
chr3:37471800-37473600,ENSG00000144668.7$ITGA9$chr3$37493606$+,0.63
chr3:37254400-37256200,ENSG00000144674.12$GOLGA4$chr3$37284668$+,0.6
chr3:37266200-37268000,ENSG00000144674.12$GOLGA4$chr3$37284668$+,0.59
chr3:37900600-37902200,ENSG00000144677.10$CTDSPL$chr3$37903451$+,0.36
chr3:13190200-13192000,ENSG00000144711.9$IQSEC1$chr3$13114617$-,0.46
chr3:12706200-12708200,ENSG00000144712.7$CAND2$chr3$12837971$+,0.37
chr3:12760800-12763000,ENSG00000144712.7$CAND2$chr3$12837971$+,0.5
chr3:12850600-12853000,ENSG00000144712.7$CAND2$chr3$12837971$+,0.77
chr3:12883200-12884600,ENSG00000144712.7$CAND2$chr3$12837971$+,0.37
chr3:57262800-57265200,ENSG00000144730.12$IL17RD$chr3$57204334$-,0.56
chr3:72706600-72708200,ENSG00000144736.9$SHQ1$chr3$72911065$-,0.43
chr3:73043800-73046000,ENSG00000144736.9$SHQ1$chr3$72911065$-,0.49
chr3:69093600-69094200,ENSG00000144744.12$UBA3$chr3$69129559$-,0.61
chr3:69101600-69102600,ENSG00000144744.12$UBA3$chr3$69129559$-,0.67
chr3:69121200-69122800,ENSG00000144744.12$UBA3$chr3$69129559$-,0.59
chr3:69209400-69209600,ENSG00000144744.12$UBA3$chr3$69129559$-,0.56
chr3:69093600-69094200,ENSG00000144746.6$ARL6IP5$chr3$69134095$+,0.75
chr3:69101600-69102600,ENSG00000144746.6$ARL6IP5$chr3$69134095$+,0.76
chr3:69121200-69122800,ENSG00000144746.6$ARL6IP5$chr3$69134095$+,0.69
chr3:69209400-69209600,ENSG00000144746.6$ARL6IP5$chr3$69134095$+,0.56
chr3:69093600-69094200,ENSG00000144747.10$TMF1$chr3$69101484$-,0.61
chr3:69121200-69122800,ENSG00000144747.10$TMF1$chr3$69101484$-,0.7
chr3:69209400-69209600,ENSG00000144747.10$TMF1$chr3$69101484$-,0.36
chr12:56527000-56528200,ENSG00000144785.4$RP11-977G19.10$chr12$56709843$-,0.39
chr12:56543800-56545600,ENSG00000144785.4$RP11-977G19.10$chr12$56709843$-,0.36
chr12:56596000-56597400,ENSG00000144785.4$RP11-977G19.10$chr12$56709843$-,0.53
chr12:56612800-56615000,ENSG00000144785.4$RP11-977G19.10$chr12$56709843$-,0.5
chr12:56616200-56618200,ENSG00000144785.4$RP11-977G19.10$chr12$56709843$-,0.52
chr12:56618600-56620200,ENSG00000144785.4$RP11-977G19.10$chr12$56709843$-,0.54
chr12:56659200-56660400,ENSG00000144785.4$RP11-977G19.10$chr12$56709843$-,0.49
chr12:56661200-56662800,ENSG00000144785.4$RP11-977G19.10$chr12$56709843$-,0.51
chr12:56726000-56727200,ENSG00000144785.4$RP11-977G19.10$chr12$56709843$-,0.59
chr12:56754800-56756400,ENSG00000144785.4$RP11-977G19.10$chr12$56709843$-,0.54
chr12:56818000-56820200,ENSG00000144785.4$RP11-977G19.10$chr12$56709843$-,0.4
chr12:56843400-56845400,ENSG00000144785.4$RP11-977G19.10$chr12$56709843$-,0.39
chr3:44690600-44691800,ENSG00000144792.5$ZNF660$chr3$44619715$+,0.35
chr3:101279000-101280400,ENSG00000144802.7$NFKBIZ$chr3$101546835$+,0.36
chr3:101463400-101464000,ENSG00000144802.7$NFKBIZ$chr3$101546835$+,0.4
chr3:101495800-101497800,ENSG00000144802.7$NFKBIZ$chr3$101546835$+,0.49
chr3:101518600-101520600,ENSG00000144802.7$NFKBIZ$chr3$101546835$+,0.56
chr3:101396200-101397600,ENSG00000144815.10$NXPE3$chr3$101498046$+,0.35
chr3:101413600-101415800,ENSG00000144815.10$NXPE3$chr3$101498046$+,0.38
chr3:101463400-101464000,ENSG00000144815.10$NXPE3$chr3$101498046$+,0.48
chr3:101518600-101520600,ENSG00000144815.10$NXPE3$chr3$101498046$+,0.39
chr3:100209600-100211200,ENSG00000144820.3$GPR128$chr3$100328433$+,0.38
chr3:100383400-100385600,ENSG00000144820.3$GPR128$chr3$100328433$+,0.37
chr3:111550400-111551400,ENSG00000144827.4$ABHD10$chr3$111697857$+,0.49
chr3:111707600-111709200,ENSG00000144827.4$ABHD10$chr3$111697857$+,0.61
chr3:111707600-111709200,ENSG00000144834.8$TAGLN3$chr3$111717511$+,0.55
chr3:119277600-119279400,ENSG00000144837.4$PLA1A$chr3$119316689$+,0.4
chr3:120314000-120314800,ENSG00000144840.4$RABL3$chr3$120461840$-,0.42
chr3:120456600-120458000,ENSG00000144840.4$RABL3$chr3$120461840$-,0.6
chr3:119277600-119279400,ENSG00000144843.7$ADPRH$chr3$119298115$+,0.62
chr3:119280400-119282000,ENSG00000144843.7$ADPRH$chr3$119298115$+,0.69
chr3:112154200-112154800,ENSG00000144848.6$ATG3$chr3$112280893$-,0.4
chr3:112232600-112234200,ENSG00000144848.6$ATG3$chr3$112280893$-,0.55
chr3:112261200-112262800,ENSG00000144848.6$ATG3$chr3$112280893$-,0.61
chr3:112385400-112387200,ENSG00000144848.6$ATG3$chr3$112280893$-,0.45
chr3:133523600-133524600,ENSG00000144867.7$SRPRB$chr3$133502877$+,0.42
chr3:150123400-150125600,ENSG00000144895.7$EIF2A$chr3$150264465$+,0.43
chr3:150292400-150294600,ENSG00000144895.7$EIF2A$chr3$150264465$+,0.68
chr3:150294800-150296000,ENSG00000144895.7$EIF2A$chr3$150264465$+,0.7
chr3:150380000-150381400,ENSG00000144895.7$EIF2A$chr3$150264465$+,0.56
chr3:150383400-150384800,ENSG00000144895.7$EIF2A$chr3$150264465$+,0.43
chr3:150419400-150421200,ENSG00000144895.7$EIF2A$chr3$150264465$+,0.41
chr3:150422200-150423800,ENSG00000144895.7$EIF2A$chr3$150264465$+,0.41
chr3:125239600-125240400,ENSG00000144909.7$OSBPL11$chr3$125313934$-,0.45
chr3:125303600-125305200,ENSG00000144909.7$OSBPL11$chr3$125313934$-,0.61
chr3:142315600-142318000,ENSG00000144935.10$TRPC1$chr3$142442916$+,0.38
chr3:142442000-142442800,ENSG00000144935.10$TRPC1$chr3$142442916$+,0.37
chr8:12378800-12380200,ENSG00000145002.8$FAM86B2$chr8$12293915$-,0.38
chr8:12382600-12383600,ENSG00000145002.8$FAM86B2$chr8$12293915$-,0.37
chr3:187865800-187867000,ENSG00000145012.8$LPP$chr3$187871072$+,0.47
chr3:194374400-194376400,ENSG00000145014.13$TMEM44$chr3$194354418$-,0.37
chr3:197456400-197458000,ENSG00000145016.9$KIAA0226$chr3$197476598$-,0.63
chr3:197516400-197517800,ENSG00000145016.9$KIAA0226$chr3$197476598$-,0.59
chr3:49465000-49466400,ENSG00000145020.10$AMT$chr3$49460186$-,0.4
chr3:49467200-49468000,ENSG00000145020.10$AMT$chr3$49460186$-,0.4
chr3:49340200-49342200,ENSG00000145022.4$TCTA$chr3$49449639$+,0.35
chr3:49407800-49409600,ENSG00000145022.4$TCTA$chr3$49449639$+,0.53
chr3:49429200-49431200,ENSG00000145022.4$TCTA$chr3$49449639$+,0.54
chr3:49465000-49466400,ENSG00000145022.4$TCTA$chr3$49449639$+,0.56
chr3:49467200-49468000,ENSG00000145022.4$TCTA$chr3$49449639$+,0.5
chr3:49486200-49487000,ENSG00000145022.4$TCTA$chr3$49449639$+,0.51
chr3:49512800-49515200,ENSG00000145022.4$TCTA$chr3$49449639$+,0.54
chr3:49576200-49578600,ENSG00000145022.4$TCTA$chr3$49449639$+,0.44
chr3:49340200-49342200,ENSG00000145029.7$NICN1$chr3$49466759$-,0.37
chr3:49407800-49409600,ENSG00000145029.7$NICN1$chr3$49466759$-,0.42
chr3:49429200-49431200,ENSG00000145029.7$NICN1$chr3$49466759$-,0.51
chr3:49486200-49487000,ENSG00000145029.7$NICN1$chr3$49466759$-,0.66
chr3:49512800-49515200,ENSG00000145029.7$NICN1$chr3$49466759$-,0.62
chr3:49576200-49578600,ENSG00000145029.7$NICN1$chr3$49466759$-,0.47
chr3:48647200-48649000,ENSG00000145040.3$UCN2$chr3$48601206$-,0.36
chr3:51419200-51421600,ENSG00000145041.11$VPRBP$chr3$51534010$-,0.49
chr3:51475200-51476600,ENSG00000145041.11$VPRBP$chr3$51534010$-,0.49
chr3:51489400-51491000,ENSG00000145041.11$VPRBP$chr3$51534010$-,0.44
chr3:51639800-51641000,ENSG00000145041.11$VPRBP$chr3$51534010$-,0.44
chr3:51475200-51476600,ENSG00000145050.11$MANF$chr3$51422478$+,0.44
chr3:51489400-51491000,ENSG00000145050.11$MANF$chr3$51422478$+,0.36
chr3:121436400-121437800,ENSG00000145088.4$EAF2$chr3$121554030$+,0.51
chr3:121469400-121470200,ENSG00000145088.4$EAF2$chr3$121554030$+,0.51
chr3:121536400-121538400,ENSG00000145088.4$EAF2$chr3$121554030$+,0.73
chr3:196015400-196016200,ENSG00000145107.11$TM4SF19$chr3$196065374$-,0.54
chr3:196042600-196044400,ENSG00000145107.11$TM4SF19$chr3$196065374$-,0.57
chr3:196156600-196158000,ENSG00000145107.11$TM4SF19$chr3$196065374$-,0.51
chr3:196160000-196161400,ENSG00000145107.11$TM4SF19$chr3$196065374$-,0.41
chr3:196182800-196185200,ENSG00000145107.11$TM4SF19$chr3$196065374$-,0.35
chr3:196221200-196222800,ENSG00000145107.11$TM4SF19$chr3$196065374$-,0.36
chr3:183736200-183737400,ENSG00000145191.7$EIF2B5$chr3$183852826$+,0.53
chr3:183854000-183856000,ENSG00000145191.7$EIF2B5$chr3$183852826$+,0.35
chr3:183964800-183966200,ENSG00000145191.7$EIF2B5$chr3$183852826$+,0.51
chr3:184031400-184032200,ENSG00000145191.7$EIF2B5$chr3$183852826$+,0.38
chr3:183736200-183737400,ENSG00000145194.13$ECE2$chr3$183967438$+,0.48
chr3:183850200-183852000,ENSG00000145194.13$ECE2$chr3$183967438$+,0.41
chr3:183854000-183856000,ENSG00000145194.13$ECE2$chr3$183967438$+,0.38
chr3:184031400-184032200,ENSG00000145194.13$ECE2$chr3$183967438$+,0.54
chr3:183850200-183852000,ENSG00000145198.10$VWA5B2$chr3$183948217$+,0.4
chr3:183854000-183856000,ENSG00000145198.10$VWA5B2$chr3$183948217$+,0.41
chr3:183964800-183966200,ENSG00000145198.10$VWA5B2$chr3$183948217$+,0.58
chr3:184031400-184032200,ENSG00000145198.10$VWA5B2$chr3$183948217$+,0.52
chr4:911400-911600,ENSG00000145214.9$DGKQ$chr4$980683$-,0.43
chr4:926800-929000,ENSG00000145214.9$DGKQ$chr4$980683$-,0.59
chr4:54232600-54234200,ENSG00000145216.11$FIP1L1$chr4$54243810$+,0.68
chr4:926800-929000,ENSG00000145217.9$SLC26A1$chr4$987228$-,0.48
chr4:978000-980400,ENSG00000145217.9$SLC26A1$chr4$987228$-,0.66
chr4:4292600-4295000,ENSG00000145220.9$LYAR$chr4$4291896$-,0.41
chr4:4336600-4337600,ENSG00000145220.9$LYAR$chr4$4291896$-,0.42
chr4:68368600-68369200,ENSG00000145241.6$CENPC$chr4$68411324$-,0.63
chr4:68404000-68404400,ENSG00000145241.6$CENPC$chr4$68411324$-,0.63
chr4:68415200-68416000,ENSG00000145241.6$CENPC$chr4$68411324$-,0.72
chr4:47894000-47895000,ENSG00000145244.7$CORIN$chr4$47840123$-,0.56
chr4:47917000-47918200,ENSG00000145244.7$CORIN$chr4$47840123$-,0.5
chr4:47928200-47929400,ENSG00000145244.7$CORIN$chr4$47840123$-,0.6
chr4:47453400-47454400,ENSG00000145246.9$ATP10D$chr4$47487305$+,0.4
chr4:47537400-47537800,ENSG00000145246.9$ATP10D$chr4$47487305$+,0.48
chr4:48685600-48687800,ENSG00000145247.7$OCIAD2$chr4$48908954$-,0.4
chr4:48735000-48736800,ENSG00000145247.7$OCIAD2$chr4$48908954$-,0.38
chr4:48746200-48747200,ENSG00000145247.7$OCIAD2$chr4$48908954$-,0.47
chr4:48757200-48759400,ENSG00000145247.7$OCIAD2$chr4$48908954$-,0.46
chr4:48831600-48833000,ENSG00000145247.7$OCIAD2$chr4$48908954$-,0.4
chr4:83932400-83933400,ENSG00000145287.6$PLAC8$chr4$84058228$-,0.41
chr4:83954600-83955400,ENSG00000145287.6$PLAC8$chr4$84058228$-,0.4
chr4:84012400-84013200,ENSG00000145287.6$PLAC8$chr4$84058228$-,0.48
chr4:83276800-83277800,ENSG00000145293.10$ENOPH1$chr4$83351715$+,0.52
chr4:100425000-100427000,ENSG00000145331.9$TRMT10A$chr4$100485189$-,0.5
chr4:90819200-90821200,ENSG00000145335.11$SNCA$chr4$90759466$-,0.42
chr4:89378400-89380800,ENSG00000145337.4$PYURF$chr4$89444964$-,0.36
chr4:89386400-89388800,ENSG00000145337.4$PYURF$chr4$89444964$-,0.37
chr4:89409400-89411000,ENSG00000145337.4$PYURF$chr4$89444964$-,0.42
chr4:89511600-89512800,ENSG00000145337.4$PYURF$chr4$89444964$-,0.41
chr4:107197600-107199600,ENSG00000145348.12$TBCK$chr4$107242652$-,0.51
chr4:114623800-114624800,ENSG00000145349.12$CAMK2D$chr4$114683083$-,0.47
chr4:114653800-114656200,ENSG00000145349.12$CAMK2D$chr4$114683083$-,0.66
chr4:114684200-114686200,ENSG00000145349.12$CAMK2D$chr4$114683083$-,0.38
chr4:114790800-114791400,ENSG00000145349.12$CAMK2D$chr4$114683083$-,0.44
chr4:103682800-103683800,ENSG00000145354.5$CISD2$chr4$103790135$+,0.52
chr4:103710000-103712000,ENSG00000145354.5$CISD2$chr4$103790135$+,0.67
chr4:103791200-103793600,ENSG00000145354.5$CISD2$chr4$103790135$+,0.36
chr4:113065400-113066600,ENSG00000145365.10$TIFA$chr4$113207059$-,0.36
chr4:113150800-113152000,ENSG00000145365.10$TIFA$chr4$113207059$-,0.66
chr4:113242400-113244400,ENSG00000145365.10$TIFA$chr4$113207059$-,0.68
chr4:123841200-123843000,ENSG00000145375.7$SPATA5$chr4$123844229$+,0.55
chr4:123866600-123867600,ENSG00000145375.7$SPATA5$chr4$123844229$+,0.57
chr4:120228000-120229200,ENSG00000145384.3$FABP2$chr4$120243545$-,0.57
chr4:122719400-122721800,ENSG00000145386.5$CCNA2$chr4$122745087$-,0.51
chr4:122789400-122791000,ENSG00000145386.5$CCNA2$chr4$122745087$-,0.53
chr4:119510400-119512800,ENSG00000145388.10$METTL14$chr4$119606523$+,0.46
chr4:119604200-119606200,ENSG00000145388.10$METTL14$chr4$119606523$+,0.35
chr4:119757800-119758800,ENSG00000145388.10$METTL14$chr4$119606523$+,0.52
chr4:120157600-120160000,ENSG00000145390.7$USP53$chr4$120133742$+,0.67
chr4:120228000-120229200,ENSG00000145390.7$USP53$chr4$120133742$+,0.41
chr4:164030800-164032600,ENSG00000145414.4$NAF1$chr4$164088073$-,0.6
chr4:169751600-169753200,ENSG00000145439.7$CBR4$chr4$169931426$-,0.38
chr4:186979200-186980800,ENSG00000145476.11$CYP4V2$chr4$187112674$+,0.37
chr5:10350800-10353000,ENSG00000145491.7$ROPN1L$chr5$10441636$+,0.41
chr5:10283600-10285000,ENSG00000145495.10$MARCH6$chr5$10353815$+,0.61
chr5:6710400-6712400,ENSG00000145545.7$SRD5A1$chr5$6633456$+,0.45
chr5:36070600-36072200,ENSG00000145604.11$SKP2$chr5$36152091$+,0.57
chr5:36168000-36169600,ENSG00000145604.11$SKP2$chr5$36152091$+,0.51
chr5:54354400-54355800,ENSG00000145649.7$GZMA$chr5$54398476$+,0.62
chr5:54389000-54391200,ENSG00000145649.7$GZMA$chr5$54398476$+,0.72
chr5:54408600-54410200,ENSG00000145649.7$GZMA$chr5$54398476$+,0.63
chr5:54429400-54431400,ENSG00000145649.7$GZMA$chr5$54398476$+,0.62
chr5:54437000-54438800,ENSG00000145649.7$GZMA$chr5$54398476$+,0.57
chr5:54441200-54442800,ENSG00000145649.7$GZMA$chr5$54398476$+,0.57
chr5:54471400-54473600,ENSG00000145649.7$GZMA$chr5$54398476$+,0.41
chr5:67660800-67661800,ENSG00000145675.10$PIK3R1$chr5$67511548$+,0.43
chr5:67688000-67690000,ENSG00000145675.10$PIK3R1$chr5$67511548$+,0.43
chr5:81028200-81030600,ENSG00000145687.11$SSBP2$chr5$81047616$-,0.57
chr5:81099400-81101600,ENSG00000145687.11$SSBP2$chr5$81047616$-,0.51
chr5:74390600-74392400,ENSG00000145700.5$ANKRD31$chr5$74532703$-,0.41
chr5:74404200-74406400,ENSG00000145700.5$ANKRD31$chr5$74532703$-,0.44
chr5:74630800-74632200,ENSG00000145700.5$ANKRD31$chr5$74532703$-,0.43
chr5:75636800-75639000,ENSG00000145703.11$IQGAP2$chr5$75699074$+,0.48
chr5:75712600-75715000,ENSG00000145703.11$IQGAP2$chr5$75699074$+,0.48
chr5:75715600-75716400,ENSG00000145703.11$IQGAP2$chr5$75699074$+,0.49
chr5:75725600-75726600,ENSG00000145703.11$IQGAP2$chr5$75699074$+,0.49
chr5:75748200-75748800,ENSG00000145703.11$IQGAP2$chr5$75699074$+,0.5
chr5:75757200-75759400,ENSG00000145703.11$IQGAP2$chr5$75699074$+,0.53
chr5:75761200-75763000,ENSG00000145703.11$IQGAP2$chr5$75699074$+,0.45
chr5:75872000-75874200,ENSG00000145703.11$IQGAP2$chr5$75699074$+,0.36
chr5:76009600-76011400,ENSG00000145703.11$IQGAP2$chr5$75699074$+,0.35
chr5:86575400-86576200,ENSG00000145715.10$RASA1$chr5$86563705$+,0.52
chr5:86610200-86611400,ENSG00000145715.10$RASA1$chr5$86563705$+,0.49
chr5:86642600-86644200,ENSG00000145715.10$RASA1$chr5$86563705$+,0.44
chr5:102449600-102451000,ENSG00000145723.12$GIN1$chr5$102455855$-,0.71
chr5:102452800-102455000,ENSG00000145723.12$GIN1$chr5$102455855$-,0.38
chr5:102460000-102462000,ENSG00000145723.12$GIN1$chr5$102455855$-,0.66
chr5:102462200-102463600,ENSG00000145723.12$GIN1$chr5$102455855$-,0.73
chr5:102464200-102464600,ENSG00000145723.12$GIN1$chr5$102455855$-,0.78
chr5:102468400-102470600,ENSG00000145723.12$GIN1$chr5$102455855$-,0.83
chr5:102581200-102583400,ENSG00000145723.12$GIN1$chr5$102455855$-,0.45
chr5:102449600-102451000,ENSG00000145725.15$PPIP5K2$chr5$102455853$+,0.67
chr5:102452800-102455000,ENSG00000145725.15$PPIP5K2$chr5$102455853$+,0.38
chr5:102460000-102462000,ENSG00000145725.15$PPIP5K2$chr5$102455853$+,0.64
chr5:102462200-102463600,ENSG00000145725.15$PPIP5K2$chr5$102455853$+,0.71
chr5:102464200-102464600,ENSG00000145725.15$PPIP5K2$chr5$102455853$+,0.81
chr5:102468400-102470600,ENSG00000145725.15$PPIP5K2$chr5$102455853$+,0.81
chr5:102581200-102583400,ENSG00000145725.15$PPIP5K2$chr5$102455853$+,0.45
chr5:102104400-102105200,ENSG00000145730.16$PAM$chr5$102089685$+,0.5
chr5:102161800-102163200,ENSG00000145730.16$PAM$chr5$102089685$+,0.67
chr5:70881800-70882600,ENSG00000145734.14$BDP1$chr5$70751442$+,0.35
chr5:72746000-72748400,ENSG00000145741.11$BTF3$chr5$72794233$+,0.6
chr5:72815200-72816200,ENSG00000145741.11$BTF3$chr5$72794233$+,0.55
chr5:72858400-72860600,ENSG00000145741.11$BTF3$chr5$72794233$+,0.58
chr5:72862200-72864000,ENSG00000145741.11$BTF3$chr5$72794233$+,0.76
chr5:107705600-107706600,ENSG00000145743.11$FBXL17$chr5$107717799$-,0.56
chr5:94960800-94961200,ENSG00000145757.11$SPATA9$chr5$95034415$-,0.36
chr5:110408200-110408800,ENSG00000145777.10$TSLP$chr5$110405760$+,0.52
chr5:110426600-110428000,ENSG00000145777.10$TSLP$chr5$110405760$+,0.39
chr5:118598800-118601000,ENSG00000145779.7$TNFAIP8$chr5$118604387$+,0.45
chr5:114949400-114950000,ENSG00000145780.6$FEM1C$chr5$114880591$-,0.53
chr5:114962400-114963800,ENSG00000145780.6$FEM1C$chr5$114880591$-,0.5
chr5:115421400-115423600,ENSG00000145781.4$COMMD10$chr5$115420688$+,0.43
chr5:143521000-143523000,ENSG00000145817.12$YIPF5$chr5$143550278$-,0.62
chr5:143556800-143557800,ENSG00000145817.12$YIPF5$chr5$143550278$-,0.76
chr5:143562200-143563400,ENSG00000145817.12$YIPF5$chr5$143550278$-,0.8
chr5:133965800-133967800,ENSG00000145833.11$DDX46$chr5$134094469$+,0.36
chr5:133968600-133971000,ENSG00000145833.11$DDX46$chr5$134094469$+,0.51
chr5:134148400-134150600,ENSG00000145833.11$DDX46$chr5$134094469$+,0.51
chr5:134208800-134209800,ENSG00000145833.11$DDX46$chr5$134094469$+,0.42
chr5:135222600-135224800,ENSG00000145839.1$IL9$chr5$135231516$-,0.73
chr5:135226000-135228400,ENSG00000145839.1$IL9$chr5$135231516$-,0.7
chr5:135249000-135251200,ENSG00000145839.1$IL9$chr5$135231516$-,0.5
chr5:156355800-156356800,ENSG00000145850.4$TIMD4$chr5$156390266$-,0.46
chr5:156368400-156370200,ENSG00000145850.4$TIMD4$chr5$156390266$-,0.66
chr5:156449400-156450000,ENSG00000145850.4$TIMD4$chr5$156390266$-,0.47
chr5:158546800-158548800,ENSG00000145860.7$RNF145$chr5$158637061$-,0.53
chr5:158616000-158617600,ENSG00000145860.7$RNF145$chr5$158637061$-,0.71
chr5:158619000-158620400,ENSG00000145860.7$RNF145$chr5$158637061$-,0.74
chr5:158688200-158689800,ENSG00000145860.7$RNF145$chr5$158637061$-,0.55
chr5:158690800-158692800,ENSG00000145860.7$RNF145$chr5$158637061$-,0.46
chr5:158696200-158698600,ENSG00000145860.7$RNF145$chr5$158637061$-,0.52
chr5:158701000-158702400,ENSG00000145860.7$RNF145$chr5$158637061$-,0.58
chr5:158703600-158705200,ENSG00000145860.7$RNF145$chr5$158637061$-,0.63
chr5:158772000-158774200,ENSG00000145860.7$RNF145$chr5$158637061$-,0.43
chr5:147825200-147827200,ENSG00000145868.12$FBXO38$chr5$147763498$+,0.5
chr5:148722800-148724600,ENSG00000145882.6$PCYOX1L$chr5$148737570$+,0.67
chr5:150543800-150545000,ENSG00000145901.10$TNIP1$chr5$150473138$-,0.44
chr5:150569800-150572000,ENSG00000145901.10$TNIP1$chr5$150473138$-,0.4
chr5:151019600-151021200,ENSG00000145907.10$G3BP1$chr5$151150606$+,0.45
chr5:151138600-151139800,ENSG00000145907.10$G3BP1$chr5$151150606$+,0.55
chr5:151172200-151174200,ENSG00000145907.10$G3BP1$chr5$151150606$+,0.49
chr5:151209600-151212000,ENSG00000145907.10$G3BP1$chr5$151150606$+,0.59
chr5:177263000-177264800,ENSG00000145911.5$N4BP3$chr5$177540444$+,0.36
chr5:177273200-177274000,ENSG00000145911.5$N4BP3$chr5$177540444$+,0.37
chr5:177489000-177490600,ENSG00000145911.5$N4BP3$chr5$177540444$+,0.54
chr5:177558400-177559800,ENSG00000145911.5$N4BP3$chr5$177540444$+,0.63
chr5:177581200-177583000,ENSG00000145911.5$N4BP3$chr5$177540444$+,0.6
chr5:177410800-177413200,ENSG00000145912.4$NHP2$chr5$177580968$-,0.49
chr5:177489000-177490600,ENSG00000145912.4$NHP2$chr5$177580968$-,0.58
chr5:177558400-177559800,ENSG00000145912.4$NHP2$chr5$177580968$-,0.46
chr5:177273200-177274000,ENSG00000145916.14$RMND5B$chr5$177557997$+,0.38
chr5:177410800-177413200,ENSG00000145916.14$RMND5B$chr5$177557997$+,0.39
chr5:177489000-177490600,ENSG00000145916.14$RMND5B$chr5$177557997$+,0.48
chr5:177581200-177583000,ENSG00000145916.14$RMND5B$chr5$177557997$+,0.54
chr5:169842600-169845000,ENSG00000145936.4$KCNMB1$chr5$169816681$-,0.36
chr6:4006800-4007400,ENSG00000145945.5$FAM50B$chr6$3849620$+,0.36
chr6:4019200-4021200,ENSG00000145945.5$FAM50B$chr6$3849620$+,0.37
chr6:2760800-2762400,ENSG00000145949.8$MYLK4$chr6$2751200$-,0.59
chr6:2763400-2765000,ENSG00000145949.8$MYLK4$chr6$2751200$-,0.48
chr6:4006800-4007400,ENSG00000145965.5$C6ORF50$chr6$3982909$+,0.46
chr6:13325800-13328000,ENSG00000145979.13$TBC1D7$chr6$13328815$-,0.35
chr6:13572400-13574400,ENSG00000145979.13$TBC1D7$chr6$13328815$-,0.36
chr6:5284000-5286400,ENSG00000145982.7$FARS2$chr6$5261277$+,0.52
chr6:5353400-5355200,ENSG00000145982.7$FARS2$chr6$5261277$+,0.37
chr6:13572400-13574400,ENSG00000145990.6$GFOD1$chr6$13487894$-,0.39
chr6:13575400-13577600,ENSG00000145990.6$GFOD1$chr6$13487894$-,0.37
chr6:20370400-20372600,ENSG00000145996.7$CDKAL1$chr6$20534688$+,0.37
chr6:20399400-20401200,ENSG00000145996.7$CDKAL1$chr6$20534688$+,0.43
chr6:20527600-20529800,ENSG00000145996.7$CDKAL1$chr6$20534688$+,0.67
chr5:140079200-140080000,ENSG00000146007.6$ZMAT2$chr5$140078265$+,0.36
chr5:137090600-137091600,ENSG00000146021.10$KLHL3$chr5$137071779$-,0.51
chr6:25852000-25852800,ENSG00000146047.4$HIST1H2BA$chr6$25727137$+,0.35
chr6:24359800-24361600,ENSG00000146049.1$KAAG1$chr6$24357131$+,0.64
chr5:180634600-180635800,ENSG00000146054.13$TRIM7$chr5$180632293$-,0.52
chr5:180671400-180673000,ENSG00000146054.13$TRIM7$chr5$180632293$-,0.47
chr5:180689200-180691400,ENSG00000146054.13$TRIM7$chr5$180632293$-,0.45
chr5:180634600-180635800,ENSG00000146063.14$TRIM41$chr5$180649499$+,0.57
chr5:180671400-180673000,ENSG00000146063.14$TRIM41$chr5$180649499$+,0.48
chr5:180689200-180691400,ENSG00000146063.14$TRIM41$chr5$180649499$+,0.56
chr5:175873000-175874200,ENSG00000146066.2$HIGD2A$chr5$175815748$+,0.62
chr5:176000600-176001600,ENSG00000146066.2$HIGD2A$chr5$175815748$+,0.38
chr5:176744400-176745800,ENSG00000146067.11$FAM193B$chr5$176981542$-,0.37
chr5:177018400-177019200,ENSG00000146067.11$FAM193B$chr5$176981542$-,0.6
chr5:177025000-177026800,ENSG00000146067.11$FAM193B$chr5$176981542$-,0.53
chr5:177027800-177030000,ENSG00000146067.11$FAM193B$chr5$176981542$-,0.47
chr5:177095400-177095800,ENSG00000146067.11$FAM193B$chr5$176981542$-,0.38
chr5:177234200-177236600,ENSG00000146067.11$FAM193B$chr5$176981542$-,0.35
chr5:177273200-177274000,ENSG00000146067.11$FAM193B$chr5$176981542$-,0.36
chr5:175873000-175874200,ENSG00000146083.7$RNF44$chr5$175965026$-,0.38
chr5:176000600-176001600,ENSG00000146083.7$RNF44$chr5$175965026$-,0.52
chr6:26531400-26533200,ENSG00000146109.3$ABT1$chr6$26597180$+,0.39
chr6:26607600-26608800,ENSG00000146109.3$ABT1$chr6$26597180$+,0.54
chr6:26613400-26615600,ENSG00000146109.3$ABT1$chr6$26597180$+,0.44
chr6:26660400-26662000,ENSG00000146109.3$ABT1$chr6$26597180$+,0.44
chr6:30586200-30588000,ENSG00000146112.7$PPP1R18$chr6$30655672$-,0.38
chr6:30595000-30597000,ENSG00000146112.7$PPP1R18$chr6$30655672$-,0.52
chr6:30616000-30617800,ENSG00000146112.7$PPP1R18$chr6$30655672$-,0.5
chr6:30658800-30660400,ENSG00000146112.7$PPP1R18$chr6$30655672$-,0.53
chr6:30682400-30684800,ENSG00000146112.7$PPP1R18$chr6$30655672$-,0.53
chr6:30685800-30687600,ENSG00000146112.7$PPP1R18$chr6$30655672$-,0.45
chr6:36954600-36956200,ENSG00000146192.10$FGD2$chr6$36973422$+,0.57
chr2:242157800-242160000,ENSG00000146205.9$ANO7$chr2$242127924$+,0.4
chr6:43137600-43138400,ENSG00000146215.9$CRIP3$chr6$43276535$-,0.54
chr6:43218000-43220200,ENSG00000146215.9$CRIP3$chr6$43276535$-,0.55
chr6:43298800-43301000,ENSG00000146215.9$CRIP3$chr6$43276535$-,0.69
chr6:43393400-43395000,ENSG00000146215.9$CRIP3$chr6$43276535$-,0.41
chr6:43218000-43220200,ENSG00000146216.7$TTBK1$chr6$43211418$+,0.46
chr6:44281000-44281800,ENSG00000146221.8$TCTE1$chr6$44265458$-,0.48
chr6:44212600-44214000,ENSG00000146232.10$NFKBIE$chr6$44233500$-,0.67
chr6:44281000-44281800,ENSG00000146232.10$NFKBIE$chr6$44233500$-,0.52
chr6:44352400-44354800,ENSG00000146232.10$NFKBIE$chr6$44233500$-,0.4
chr6:44367200-44369400,ENSG00000146232.10$NFKBIE$chr6$44233500$-,0.36
chr6:44378000-44380200,ENSG00000146232.10$NFKBIE$chr6$44233500$-,0.37
chr6:46621400-46623200,ENSG00000146233.3$CYP39A1$chr6$46620523$-,0.35
chr6:79644200-79644400,ENSG00000146243.9$IRAK1BP1$chr6$79577189$+,0.56
chr6:79735000-79736800,ENSG00000146243.9$IRAK1BP1$chr6$79577189$+,0.55
chr6:79744000-79746000,ENSG00000146243.9$IRAK1BP1$chr6$79577189$+,0.45
chr6:79644200-79644400,ENSG00000146247.13$PHIP$chr6$79787953$-,0.4
chr6:79735000-79736800,ENSG00000146247.13$PHIP$chr6$79787953$-,0.72
chr6:79744000-79746000,ENSG00000146247.13$PHIP$chr6$79787953$-,0.71
chr6:79764800-79767000,ENSG00000146247.13$PHIP$chr6$79787953$-,0.69
chr6:79789000-79790800,ENSG00000146247.13$PHIP$chr6$79787953$-,0.39
chr6:79944400-79945600,ENSG00000146247.13$PHIP$chr6$79787953$-,0.44
chr6:89626000-89627400,ENSG00000146278.10$PNRC1$chr6$89790470$+,0.4
chr6:89670600-89672600,ENSG00000146278.10$PNRC1$chr6$89790470$+,0.54
chr6:89773200-89773400,ENSG00000146278.10$PNRC1$chr6$89790470$+,0.59
chr6:89825600-89827000,ENSG00000146278.10$PNRC1$chr6$89790470$+,0.61
chr6:89853000-89855400,ENSG00000146278.10$PNRC1$chr6$89790470$+,0.6
chr6:89670600-89672600,ENSG00000146281.5$PM20D2$chr6$89855769$+,0.38
chr6:89773200-89773400,ENSG00000146281.5$PM20D2$chr6$89855769$+,0.54
chr6:89787200-89789400,ENSG00000146281.5$PM20D2$chr6$89855769$+,0.57
chr6:89825600-89827000,ENSG00000146281.5$PM20D2$chr6$89855769$+,0.67
chr6:88224400-88225200,ENSG00000146282.13$RARS2$chr6$88299721$-,0.53
chr6:88286600-88287200,ENSG00000146282.13$RARS2$chr6$88299721$-,0.58
chr6:88354400-88355600,ENSG00000146282.13$RARS2$chr6$88299721$-,0.67
chr6:88387200-88388600,ENSG00000146282.13$RARS2$chr6$88299721$-,0.44
chr6:108044200-108044400,ENSG00000146285.9$SCML4$chr6$108145521$-,0.37
chr6:108102200-108104200,ENSG00000146285.9$SCML4$chr6$108145521$-,0.49
chr6:108117200-108119400,ENSG00000146285.9$SCML4$chr6$108145521$-,0.66
chr6:108119600-108120600,ENSG00000146285.9$SCML4$chr6$108145521$-,0.64
chr6:108121400-108123800,ENSG00000146285.9$SCML4$chr6$108145521$-,0.57
chr6:108164200-108165600,ENSG00000146285.9$SCML4$chr6$108145521$-,0.62
chr6:108168800-108171000,ENSG00000146285.9$SCML4$chr6$108145521$-,0.6
chr6:130056400-130057200,ENSG00000146376.6$ARHGAP18$chr6$130031370$-,0.52
chr6:139252800-139254800,ENSG00000146386.7$ABRACL$chr6$139349819$+,0.5
chr6:139309600-139311400,ENSG00000146386.7$ABRACL$chr6$139349819$+,0.69
chr6:139450200-139451800,ENSG00000146386.7$ABRACL$chr6$139349819$+,0.51
chr6:139498800-139499600,ENSG00000146386.7$ABRACL$chr6$139349819$+,0.5
chr6:139500400-139500600,ENSG00000146386.7$ABRACL$chr6$139349819$+,0.49
chr6:139502400-139503000,ENSG00000146386.7$ABRACL$chr6$139349819$+,0.52
chr6:139531200-139532600,ENSG00000146386.7$ABRACL$chr6$139349819$+,0.54
chr6:139539600-139541800,ENSG00000146386.7$ABRACL$chr6$139349819$+,0.41
chr6:139568200-139569400,ENSG00000146386.7$ABRACL$chr6$139349819$+,0.42
chr6:133117800-133119200,ENSG00000146399.1$TAAR1$chr6$132967142$-,0.37
chr6:133144000-133145800,ENSG00000146409.6$SLC18B1$chr6$133119701$-,0.61
chr6:136591600-136592800,ENSG00000146410.7$MTFR2$chr6$136571473$-,0.76
chr6:136594400-136595800,ENSG00000146410.7$MTFR2$chr6$136571473$-,0.67
chr6:146191800-146192400,ENSG00000146414.11$SHPRH$chr6$146285559$-,0.47
chr6:146278800-146279800,ENSG00000146414.11$SHPRH$chr6$146285559$-,0.7
chr6:143360000-143361400,ENSG00000146416.12$AIG1$chr6$143381633$+,0.7
chr6:159204800-159207000,ENSG00000146425.6$DYNLT1$chr6$159065771$-,0.38
chr6:155003800-155006200,ENSG00000146426.13$TIAM2$chr6$155153831$+,0.46
chr6:155052200-155054000,ENSG00000146426.13$TIAM2$chr6$155153831$+,0.43
chr6:155102600-155105000,ENSG00000146426.13$TIAM2$chr6$155153831$+,0.52
chr6:155169200-155171200,ENSG00000146426.13$TIAM2$chr6$155153831$+,0.6
chr6:158979600-158980800,ENSG00000146433.8$TMEM181$chr6$158957468$+,0.73
chr6:160162200-160163400,ENSG00000146453.8$PNLDC1$chr6$160221298$+,0.39
chr6:160162200-160163400,ENSG00000146457.10$WTAP$chr6$160146617$+,0.6
chr1:35610600-35612600,ENSG00000146463.7$ZMYM4$chr1$35734568$+,0.37
chr1:35637200-35637800,ENSG00000146463.7$ZMYM4$chr1$35734568$+,0.42
chr6:151796600-151797600,ENSG00000146476.6$C6orf211$chr6$151773422$+,0.51
chr6:168211600-168213400,ENSG00000146521.5$C6orf123$chr6$168197539$-,0.37
chr6:168224600-168226800,ENSG00000146521.5$C6orf123$chr6$168197539$-,0.45
chr7:12265800-12267000,ENSG00000146530.7$VWDE$chr7$12443567$-,0.35
chr7:12278800-12280000,ENSG00000146530.7$VWDE$chr7$12443567$-,0.36
chr7:12521000-12522600,ENSG00000146530.7$VWDE$chr7$12443567$-,0.54
chr7:3001400-3003800,ENSG00000146535.9$GNA12$chr7$2883958$-,0.36
chr7:1200400-1202600,ENSG00000146540.10$C7orf50$chr7$1177896$-,0.67
chr7:1214800-1217200,ENSG00000146540.10$C7orf50$chr7$1177896$-,0.52
chr7:3267200-3268800,ENSG00000146555.14$SDK1$chr7$3341080$+,0.58
chr7:6747000-6748000,ENSG00000146574.11$CCZ1B$chr7$6866401$-,0.41
chr7:6770200-6771400,ENSG00000146574.11$CCZ1B$chr7$6866401$-,0.48
chr7:6772400-6772800,ENSG00000146574.11$CCZ1B$chr7$6866401$-,0.43
chr7:6411600-6413800,ENSG00000146576.8$C7orf26$chr7$6629648$+,0.44
chr7:6523800-6526000,ENSG00000146576.8$C7orf26$chr7$6629648$+,0.54
chr7:6544200-6546400,ENSG00000146576.8$C7orf26$chr7$6629648$+,0.54
chr7:6565200-6567200,ENSG00000146576.8$C7orf26$chr7$6629648$+,0.6
chr7:6593000-6595200,ENSG00000146576.8$C7orf26$chr7$6629648$+,0.65
chr7:6615600-6617000,ENSG00000146576.8$C7orf26$chr7$6629648$+,0.61
chr7:6641600-6642600,ENSG00000146576.8$C7orf26$chr7$6629648$+,0.54
chr7:6770200-6771400,ENSG00000146576.8$C7orf26$chr7$6629648$+,0.39
chr7:5012800-5013600,ENSG00000146587.13$RBAK$chr7$5085452$+,0.51
chr7:5088200-5088400,ENSG00000146587.13$RBAK$chr7$5085452$+,0.46
chr7:5171200-5171400,ENSG00000146587.13$RBAK$chr7$5085452$+,0.36
chr7:5209800-5211400,ENSG00000146587.13$RBAK$chr7$5085452$+,0.36
chr7:5279400-5281800,ENSG00000146587.13$RBAK$chr7$5085452$+,0.39
chr11:64690600-64691800,ENSG00000146670.5$CDCA5$chr11$64851636$-,0.43
chr11:64692800-64695200,ENSG00000146670.5$CDCA5$chr11$64851636$-,0.37
chr11:64780200-64781400,ENSG00000146670.5$CDCA5$chr11$64851636$-,0.54
chr11:64805800-64808200,ENSG00000146670.5$CDCA5$chr11$64851636$-,0.63
chr11:64902800-64905200,ENSG00000146670.5$CDCA5$chr11$64851636$-,0.43
chr7:45982000-45984400,ENSG00000146674.10$IGFBP3$chr7$45961473$-,0.44
chr7:44787000-44787800,ENSG00000146676.5$PURB$chr7$44924960$-,0.46
chr7:44826000-44827600,ENSG00000146676.5$PURB$chr7$44924960$-,0.54
chr7:44961000-44962200,ENSG00000146676.5$PURB$chr7$44924960$-,0.55
chr7:45052200-45054000,ENSG00000146676.5$PURB$chr7$44924960$-,0.41
chr7:75365400-75367800,ENSG00000146701.7$MDH2$chr7$75677369$+,0.36
chr7:75495000-75497000,ENSG00000146701.7$MDH2$chr7$75677369$+,0.35
chr7:75542800-75543600,ENSG00000146701.7$MDH2$chr7$75677369$+,0.39
chr7:75648800-75650200,ENSG00000146701.7$MDH2$chr7$75677369$+,0.65
chr7:76073200-76075400,ENSG00000146707.10$POMZP3$chr7$76256578$-,0.45
chr7:76179400-76180200,ENSG00000146707.10$POMZP3$chr7$76256578$-,0.5
chr7:76181200-76182000,ENSG00000146707.10$POMZP3$chr7$76256578$-,0.54
chr7:76225000-76227200,ENSG00000146707.10$POMZP3$chr7$76256578$-,0.62
chr7:55954400-55954800,ENSG00000146729.5$GBAS$chr7$56019486$+,0.48
chr7:55955800-55957800,ENSG00000146729.5$GBAS$chr7$56019486$+,0.53
chr7:56141400-56142800,ENSG00000146729.5$GBAS$chr7$56019486$+,0.42
chr7:56171200-56173600,ENSG00000146729.5$GBAS$chr7$56019486$+,0.41
chr7:56174600-56176000,ENSG00000146729.5$GBAS$chr7$56019486$+,0.48
chr7:56133000-56135400,ENSG00000146731.6$CCT6A$chr7$56119323$+,0.48
chr7:56141400-56142800,ENSG00000146731.6$CCT6A$chr7$56119323$+,0.39
chr7:56171200-56173600,ENSG00000146731.6$CCT6A$chr7$56119323$+,0.56
chr7:56174600-56176000,ENSG00000146731.6$CCT6A$chr7$56119323$+,0.42
chr7:55955800-55957800,ENSG00000146733.9$PSPH$chr7$56119297$-,0.37
chr7:56133000-56135400,ENSG00000146733.9$PSPH$chr7$56119297$-,0.63
chr7:56141400-56142800,ENSG00000146733.9$PSPH$chr7$56119297$-,0.48
chr7:56171200-56173600,ENSG00000146733.9$PSPH$chr7$56119297$-,0.58
chr7:56174600-56176000,ENSG00000146733.9$PSPH$chr7$56119297$-,0.55
chr7:64699200-64701200,ENSG00000146757.9$ZNF92$chr7$64838712$+,0.47
chr7:64712800-64713400,ENSG00000146757.9$ZNF92$chr7$64838712$+,0.43
chr7:64859600-64861200,ENSG00000146757.9$ZNF92$chr7$64838712$+,0.64
chr7:64974000-64975600,ENSG00000146757.9$ZNF92$chr7$64838712$+,0.41
chr7:112506200-112507400,ENSG00000146802.8$TMEM168$chr7$112430647$-,0.39
chr7:123186800-123187800,ENSG00000146809.8$ASB15$chr7$123207064$+,0.71
chr7:123198400-123199200,ENSG00000146809.8$ASB15$chr7$123207064$+,0.72
chr7:99646000-99647000,ENSG00000146826.10$C7orf43$chr7$99756338$-,0.53
chr7:99679400-99681800,ENSG00000146826.10$C7orf43$chr7$99756338$-,0.48
chr7:99699600-99702000,ENSG00000146826.10$C7orf43$chr7$99756338$-,0.43
chr7:99715200-99716400,ENSG00000146826.10$C7orf43$chr7$99756338$-,0.47
chr7:99721800-99724000,ENSG00000146826.10$C7orf43$chr7$99756338$-,0.45
chr7:99725600-99727600,ENSG00000146826.10$C7orf43$chr7$99756338$-,0.6
chr7:99735200-99736800,ENSG00000146826.10$C7orf43$chr7$99756338$-,0.59
chr7:100077000-100078600,ENSG00000146830.9$GIGYF1$chr7$100287071$-,0.36
chr7:100135600-100136800,ENSG00000146830.9$GIGYF1$chr7$100287071$-,0.38
chr7:100156400-100158200,ENSG00000146830.9$GIGYF1$chr7$100287071$-,0.38
chr7:100269800-100271200,ENSG00000146830.9$GIGYF1$chr7$100287071$-,0.6
chr7:100301800-100303200,ENSG00000146830.9$GIGYF1$chr7$100287071$-,0.55
chr7:100448800-100450000,ENSG00000146830.9$GIGYF1$chr7$100287071$-,0.42
chr7:99531600-99533400,ENSG00000146833.11$TRIM4$chr7$99517223$-,0.58
chr7:99646000-99647000,ENSG00000146833.11$TRIM4$chr7$99517223$-,0.49
chr7:99679400-99681800,ENSG00000146833.11$TRIM4$chr7$99517223$-,0.5
chr7:99699600-99702000,ENSG00000146833.11$TRIM4$chr7$99517223$-,0.38
chr7:100024200-100026000,ENSG00000146834.9$MEPCE$chr7$100026413$+,0.39
chr7:100077000-100078600,ENSG00000146834.9$MEPCE$chr7$100026413$+,0.48
chr7:100135600-100136800,ENSG00000146834.9$MEPCE$chr7$100026413$+,0.48
chr7:100156400-100158200,ENSG00000146834.9$MEPCE$chr7$100026413$+,0.48
chr7:100269800-100271200,ENSG00000146834.9$MEPCE$chr7$100026413$+,0.39
chr7:99914200-99916200,ENSG00000146834.9$MEPCE$chr7$100026413$+,0.54
chr7:129689400-129690600,ENSG00000146842.12$TMEM209$chr7$129847610$-,0.45
chr7:129708400-129709800,ENSG00000146842.12$TMEM209$chr7$129847610$-,0.35
chr7:134855600-134857600,ENSG00000146857.3$STRA8$chr7$134916731$+,0.38
chr7:135109000-135111000,ENSG00000146857.3$STRA8$chr7$134916731$+,0.38
chr7:134855600-134857600,ENSG00000146859.6$TMEM140$chr7$134832824$+,0.71
chr17:60501800-60502800,ENSG00000146872.13$TLK2$chr17$60536019$+,0.53
chr17:60554000-60555400,ENSG00000146872.13$TLK2$chr17$60536019$+,0.56
chr7:143001800-143003200,ENSG00000146904.4$EPHA1$chr7$143105985$-,0.35
chr7:156609800-156611800,ENSG00000146909.3$NOM1$chr7$156742417$+,0.41
chr7:156641600-156641800,ENSG00000146909.3$NOM1$chr7$156742417$+,0.39
chr7:156663800-156664600,ENSG00000146909.3$NOM1$chr7$156742417$+,0.41
chr7:156673800-156675000,ENSG00000146909.3$NOM1$chr7$156742417$+,0.43
chr7:156695800-156697400,ENSG00000146909.3$NOM1$chr7$156742417$+,0.55
chr7:158472400-158474200,ENSG00000146918.15$NCAPG2$chr7$158497520$-,0.72
chr7:158492200-158493400,ENSG00000146918.15$NCAPG2$chr7$158497520$-,0.71
chr7:158623000-158625000,ENSG00000146918.15$NCAPG2$chr7$158497520$-,0.36
chr7:158634800-158636000,ENSG00000146918.15$NCAPG2$chr7$158497520$-,0.49
chr7:140095600-140097800,ENSG00000146955.6$RAB19$chr7$140103843$+,0.48
chr7:140098200-140099000,ENSG00000146955.6$RAB19$chr7$140103843$+,0.57
chr7:139027000-139029200,ENSG00000146963.13$C7orf55-LUC7L2$chr7$139025105$+,0.45
chr7:139041200-139043400,ENSG00000146963.13$C7orf55-LUC7L2$chr7$139025105$+,0.59
chr7:140395000-140396400,ENSG00000146966.8$DENND2A$chr7$140373793$-,0.65
chr7:140397600-140400000,ENSG00000146966.8$DENND2A$chr7$140373793$-,0.55
chrX:19783200-19784600,ENSG00000147010.13$SH3KBP1$chrX$19905719$-,0.36
chrX:19820200-19821600,ENSG00000147010.13$SH3KBP1$chrX$19905719$-,0.5
chrX:20009200-20010200,ENSG00000147010.13$SH3KBP1$chrX$19905719$-,0.51
chrX:41640600-41642400,ENSG00000147044.16$CASK$chrX$41782716$-,0.41
chrX:41648000-41648800,ENSG00000147044.16$CASK$chrX$41782716$-,0.45
chrX:41652400-41653600,ENSG00000147044.16$CASK$chrX$41782716$-,0.45
chrX:41691200-41692000,ENSG00000147044.16$CASK$chrX$41782716$-,0.46
chrX:41696400-41697800,ENSG00000147044.16$CASK$chrX$41782716$-,0.44
chrX:41738800-41741200,ENSG00000147044.16$CASK$chrX$41782716$-,0.55
chrX:41745200-41745600,ENSG00000147044.16$CASK$chrX$41782716$-,0.54
chrX:41745800-41747600,ENSG00000147044.16$CASK$chrX$41782716$-,0.53
chrX:41791800-41793600,ENSG00000147044.16$CASK$chrX$41782716$-,0.61
chrX:41796000-41797600,ENSG00000147044.16$CASK$chrX$41782716$-,0.65
chrX:41878800-41880600,ENSG00000147044.16$CASK$chrX$41782716$-,0.36
chrX:44790000-44791400,ENSG00000147050.10$KDM6A$chrX$44732757$+,0.45
chrX:44804400-44806400,ENSG00000147050.10$KDM6A$chrX$44732757$+,0.46
chrX:44816800-44817400,ENSG00000147050.10$KDM6A$chrX$44732757$+,0.39
chrX:44823800-44825200,ENSG00000147050.10$KDM6A$chrX$44732757$+,0.46
chrX:57148200-57149400,ENSG00000147059.7$SPIN2A$chrX$57164058$-,0.49
chrX:71791000-71792000,ENSG00000147099.15$HDAC8$chrX$71792953$-,0.37
chrX:47217200-47219400,ENSG00000147117.7$ZNF157$chrX$47229982$+,0.49
chrX:47225000-47227000,ENSG00000147117.7$ZNF157$chrX$47229982$+,0.47
chrX:47243200-47244400,ENSG00000147117.7$ZNF157$chrX$47229982$+,0.39
chrX:47249400-47251000,ENSG00000147117.7$ZNF157$chrX$47229982$+,0.36
chrX:47694600-47695600,ENSG00000147118.6$ZNF182$chrX$47863377$-,0.38
chrX:47696600-47698600,ENSG00000147118.6$ZNF182$chrX$47863377$-,0.35
chrX:47878600-47880400,ENSG00000147118.6$ZNF182$chrX$47863377$-,0.7
chrX:48000800-48001400,ENSG00000147118.6$ZNF182$chrX$47863377$-,0.49
chrX:48001800-48003000,ENSG00000147118.6$ZNF182$chrX$47863377$-,0.48
chrX:46305400-46306200,ENSG00000147119.3$CHST7$chrX$46433219$+,0.49
chrX:46307200-46308800,ENSG00000147119.3$CHST7$chrX$46433219$+,0.46
chrX:46402600-46404400,ENSG00000147119.3$CHST7$chrX$46433219$+,0.65
chrX:46439800-46440400,ENSG00000147119.3$CHST7$chrX$46433219$+,0.63
chrX:46452200-46453000,ENSG00000147119.3$CHST7$chrX$46433219$+,0.55
chrX:46476000-46478000,ENSG00000147119.3$CHST7$chrX$46433219$+,0.53
chrX:46116000-46118400,ENSG00000147121.11$KRBOX4$chrX$46306292$+,0.42
chrX:46311800-46312600,ENSG00000147121.11$KRBOX4$chrX$46306292$+,0.53
chrX:46402600-46404400,ENSG00000147121.11$KRBOX4$chrX$46306292$+,0.54
chrX:46439800-46440400,ENSG00000147121.11$KRBOX4$chrX$46306292$+,0.39
chrX:46452200-46453000,ENSG00000147121.11$KRBOX4$chrX$46306292$+,0.35
chrX:47049000-47050200,ENSG00000147123.10$NDUFB11$chrX$47004903$-,0.57
chrX:47217200-47219400,ENSG00000147123.10$NDUFB11$chrX$47004903$-,0.38
chrX:47243200-47244400,ENSG00000147123.10$NDUFB11$chrX$47004903$-,0.37
chrX:47249400-47251000,ENSG00000147123.10$NDUFB11$chrX$47004903$-,0.37
chrX:47217200-47219400,ENSG00000147124.8$ZNF41$chrX$47342345$-,0.46
chrX:47225000-47227000,ENSG00000147124.8$ZNF41$chrX$47342345$-,0.51
chrX:47243200-47244400,ENSG00000147124.8$ZNF41$chrX$47342345$-,0.41
chrX:47249400-47251000,ENSG00000147124.8$ZNF41$chrX$47342345$-,0.47
chrX:47338000-47339000,ENSG00000147124.8$ZNF41$chrX$47342345$-,0.52
chrX:47340000-47341800,ENSG00000147124.8$ZNF41$chrX$47342345$-,0.42
chrX:47381800-47383200,ENSG00000147124.8$ZNF41$chrX$47342345$-,0.61
chrX:47418800-47420400,ENSG00000147124.8$ZNF41$chrX$47342345$-,0.58
chrX:47454400-47456600,ENSG00000147124.8$ZNF41$chrX$47342345$-,0.47
chrX:47478200-47480400,ENSG00000147124.8$ZNF41$chrX$47342345$-,0.45
chrX:47515600-47517800,ENSG00000147124.8$ZNF41$chrX$47342345$-,0.46
chrX:47518800-47519800,ENSG00000147124.8$ZNF41$chrX$47342345$-,0.36
chrX:69508800-69509600,ENSG00000147127.4$RAB41$chrX$69501943$+,0.48
chrX:70336800-70338000,ENSG00000147130.10$ZMYM3$chrX$70474996$-,0.44
chrX:70392800-70394400,ENSG00000147130.10$ZMYM3$chrX$70474996$-,0.56
chrX:70410400-70411600,ENSG00000147130.10$ZMYM3$chrX$70474996$-,0.66
chrX:70502200-70503000,ENSG00000147130.10$ZMYM3$chrX$70474996$-,0.56
chrX:70392800-70394400,ENSG00000147133.11$TAF1$chrX$70586114$+,0.39
chrX:70410400-70411600,ENSG00000147133.11$TAF1$chrX$70586114$+,0.39
chrX:70475000-70477000,ENSG00000147133.11$TAF1$chrX$70586114$+,0.46
chrX:70502200-70503000,ENSG00000147133.11$TAF1$chrX$70586114$+,0.51
chrX:70872000-70872400,ENSG00000147133.11$TAF1$chrX$70586114$+,0.38
chrX:78347200-78348600,ENSG00000147138.1$GPR174$chrX$78426469$+,0.48
chrX:78355800-78358000,ENSG00000147138.1$GPR174$chrX$78426469$+,0.47
chrX:78362400-78364800,ENSG00000147138.1$GPR174$chrX$78426469$+,0.56
chrX:78368000-78369400,ENSG00000147138.1$GPR174$chrX$78426469$+,0.65
chrX:78371800-78373800,ENSG00000147138.1$GPR174$chrX$78426469$+,0.61
chrX:78433200-78434000,ENSG00000147138.1$GPR174$chrX$78426469$+,0.66
chrX:78439800-78442200,ENSG00000147138.1$GPR174$chrX$78426469$+,0.74
chrX:78447400-78447600,ENSG00000147138.1$GPR174$chrX$78426469$+,0.66
chrX:78482400-78482800,ENSG00000147138.1$GPR174$chrX$78426469$+,0.7
chrX:78490600-78492600,ENSG00000147138.1$GPR174$chrX$78426469$+,0.48
chrX:78501400-78502200,ENSG00000147138.1$GPR174$chrX$78426469$+,0.47
chrX:78508000-78510400,ENSG00000147138.1$GPR174$chrX$78426469$+,0.5
chrX:78522000-78524000,ENSG00000147138.1$GPR174$chrX$78426469$+,0.42
chrX:78524200-78524600,ENSG00000147138.1$GPR174$chrX$78426469$+,0.4
chrX:78580400-78581600,ENSG00000147138.1$GPR174$chrX$78426469$+,0.35
chrX:78582400-78583000,ENSG00000147138.1$GPR174$chrX$78426469$+,0.37
chrX:70336800-70338000,ENSG00000147140.11$NONO$chrX$70503042$+,0.51
chrX:70392800-70394400,ENSG00000147140.11$NONO$chrX$70503042$+,0.52
chrX:70410400-70411600,ENSG00000147140.11$NONO$chrX$70503042$+,0.61
chrX:70475000-70477000,ENSG00000147140.11$NONO$chrX$70503042$+,0.65
chrX:71400000-71401000,ENSG00000147140.11$NONO$chrX$70503042$+,0.36
chrX:48657600-48659600,ENSG00000147144.8$CCDC120$chrX$48911101$+,0.36
chrX:48749200-48751000,ENSG00000147144.8$CCDC120$chrX$48911101$+,0.38
chrX:48752000-48754400,ENSG00000147144.8$CCDC120$chrX$48911101$+,0.38
chrX:48755800-48757800,ENSG00000147144.8$CCDC120$chrX$48911101$+,0.38
chrX:48805600-48806600,ENSG00000147144.8$CCDC120$chrX$48911101$+,0.5
chrX:48859400-48860600,ENSG00000147144.8$CCDC120$chrX$48911101$+,0.51
chrX:48868800-48870200,ENSG00000147144.8$CCDC120$chrX$48911101$+,0.55
chrX:48901200-48902200,ENSG00000147144.8$CCDC120$chrX$48911101$+,0.73
chrX:48931600-48933000,ENSG00000147144.8$CCDC120$chrX$48911101$+,0.71
chrX:48955600-48957800,ENSG00000147144.8$CCDC120$chrX$48911101$+,0.67
chrX:48977800-48979400,ENSG00000147144.8$CCDC120$chrX$48911101$+,0.52
chrX:49048400-49050800,ENSG00000147144.8$CCDC120$chrX$48911101$+,0.42
chrX:48291200-48293000,ENSG00000147155.6$EBP$chrX$48379546$+,0.51
chrX:48365400-48366800,ENSG00000147155.6$EBP$chrX$48379546$+,0.66
chrX:48398600-48400400,ENSG00000147155.6$EBP$chrX$48379546$+,0.56
chrX:48456600-48458800,ENSG00000147155.6$EBP$chrX$48379546$+,0.52
chrX:48489400-48491200,ENSG00000147155.6$EBP$chrX$48379546$+,0.48
chrX:48533000-48534400,ENSG00000147155.6$EBP$chrX$48379546$+,0.44
chrX:70870000-70870600,ENSG00000147162.9$OGT$chrX$70752933$+,0.39
chrX:70275400-70275600,ENSG00000147164.7$SNX12$chrX$70288273$-,0.57
chrX:70275800-70276000,ENSG00000147164.7$SNX12$chrX$70288273$-,0.6
chrX:70336800-70338000,ENSG00000147164.7$SNX12$chrX$70288273$-,0.46
chrX:70392800-70394400,ENSG00000147164.7$SNX12$chrX$70288273$-,0.41
chrX:70410400-70411600,ENSG00000147164.7$SNX12$chrX$70288273$-,0.35
chrX:70502200-70503000,ENSG00000147166.6$ITGB1BP2$chrX$70521584$+,0.39
chrX:70098800-70099600,ENSG00000147168.8$IL2RG$chrX$70331958$-,0.37
chrX:70275400-70275600,ENSG00000147168.8$IL2RG$chrX$70331958$-,0.46
chrX:70275800-70276000,ENSG00000147168.8$IL2RG$chrX$70331958$-,0.46
chrX:70285800-70287400,ENSG00000147168.8$IL2RG$chrX$70331958$-,0.45
chrX:70336800-70338000,ENSG00000147168.8$IL2RG$chrX$70331958$-,0.6
chrX:70392800-70394400,ENSG00000147168.8$IL2RG$chrX$70331958$-,0.55
chrX:70410400-70411600,ENSG00000147168.8$IL2RG$chrX$70331958$-,0.48
chrX:70475000-70477000,ENSG00000147168.8$IL2RG$chrX$70331958$-,0.46
chrX:70502200-70503000,ENSG00000147168.8$IL2RG$chrX$70331958$-,0.42
chrX:70870000-70870600,ENSG00000147174.7$ACRC$chrX$70798261$+,0.36
chrX:106792200-106793600,ENSG00000147224.6$PRPS1$chrX$106871737$+,0.53
chrX:106877800-106880000,ENSG00000147224.6$PRPS1$chrX$106871737$+,0.5
chrX:106911800-106914000,ENSG00000147224.6$PRPS1$chrX$106871737$+,0.49
chrX:105726800-105729200,ENSG00000147231.9$CXorf57$chrX$105855160$+,0.52
chrX:105745000-105746600,ENSG00000147231.9$CXorf57$chrX$105855160$+,0.4
chrX:105851000-105852000,ENSG00000147231.9$CXorf57$chrX$105855160$+,0.64
chrX:105891400-105893600,ENSG00000147231.9$CXorf57$chrX$105855160$+,0.5
chrX:105968600-105969600,ENSG00000147231.9$CXorf57$chrX$105855160$+,0.49
chrX:106792200-106793600,ENSG00000147234.6$FRMPD3$chrX$106765680$+,0.49
chrX:117478000-117479600,ENSG00000147251.11$DOCK11$chrX$117629861$+,0.59
chrX:117498000-117500000,ENSG00000147251.11$DOCK11$chrX$117629861$+,0.37
chrX:117665600-117666200,ENSG00000147251.11$DOCK11$chrX$117629861$+,0.53
chrX:129536600-129539000,ENSG00000147262.2$GPR119$chrX$129519511$-,0.39
chrX:135677800-135679200,ENSG00000147274.10$RBMX$chrX$135962923$-,0.4
chrX:135679400-135679600,ENSG00000147274.10$RBMX$chrX$135962923$-,0.37
chrX:135685200-135687400,ENSG00000147274.10$RBMX$chrX$135962923$-,0.37
chrX:135710600-135713000,ENSG00000147274.10$RBMX$chrX$135962923$-,0.41
chrX:135715200-135715600,ENSG00000147274.10$RBMX$chrX$135962923$-,0.43
chrX:135734600-135737000,ENSG00000147274.10$RBMX$chrX$135962923$-,0.36
chrX:135879600-135881400,ENSG00000147274.10$RBMX$chrX$135962923$-,0.51
chrX:135954000-135955400,ENSG00000147274.10$RBMX$chrX$135962923$-,0.68
chrX:136133600-136135800,ENSG00000147274.10$RBMX$chrX$135962923$-,0.37
chr8:6261400-6263400,ENSG00000147316.8$MCPH1$chr8$6264113$+,0.42
chr8:8557800-8559000,ENSG00000147324.6$MFHAS1$chr8$8751155$-,0.39
chr8:8594000-8595000,ENSG00000147324.6$MFHAS1$chr8$8751155$-,0.38
chr8:8635000-8636400,ENSG00000147324.6$MFHAS1$chr8$8751155$-,0.35
chr8:8689800-8690600,ENSG00000147324.6$MFHAS1$chr8$8751155$-,0.45
chr8:8858800-8860400,ENSG00000147324.6$MFHAS1$chr8$8751155$-,0.47
chr8:8887000-8887800,ENSG00000147324.6$MFHAS1$chr8$8751155$-,0.4
chr8:180200-181600,ENSG00000147364.12$FBXO25$chr8$356428$+,0.42
chr8:183200-184800,ENSG00000147364.12$FBXO25$chr8$356428$+,0.41
chr8:499800-500000,ENSG00000147364.12$FBXO25$chr8$356428$+,0.4
chrX:153437400-153437800,ENSG00000147380.6$OPN1MW$chrX$153448107$+,0.48
chrX:152598400-152599800,ENSG00000147382.14$FAM58A$chrX$152865500$-,0.44
chrX:152868200-152870200,ENSG00000147382.14$FAM58A$chrX$152865500$-,0.69
chrX:152879800-152881000,ENSG00000147382.14$FAM58A$chrX$152865500$-,0.71
chrX:152932800-152935200,ENSG00000147382.14$FAM58A$chrX$152865500$-,0.46
chrX:152984200-152986600,ENSG00000147382.14$FAM58A$chrX$152865500$-,0.49
chrX:152987200-152989200,ENSG00000147382.14$FAM58A$chrX$152865500$-,0.43
chrX:152109000-152111400,ENSG00000147383.6$NSDHL$chrX$151999511$+,0.5
chrX:152187400-152189400,ENSG00000147383.6$NSDHL$chrX$151999511$+,0.38
chrX:152109000-152111400,ENSG00000147394.14$ZNF185$chrX$152082986$+,0.35
chrX:152109000-152111400,ENSG00000147400.8$CETN2$chrX$151999321$-,0.5
chrX:152187400-152189400,ENSG00000147400.8$CETN2$chrX$151999321$-,0.39
chr8:19388000-19390400,ENSG00000147408.10$CSGALNACT1$chr8$19615540$-,0.35
chr8:19514800-19515400,ENSG00000147408.10$CSGALNACT1$chr8$19615540$-,0.41
chr8:19673600-19674200,ENSG00000147408.10$CSGALNACT1$chr8$19615540$-,0.56
chr8:27681200-27682800,ENSG00000147419.12$CCDC25$chr8$27630170$-,0.48
chr8:27720600-27723000,ENSG00000147419.12$CCDC25$chr8$27630170$-,0.44
chr8:28877000-28878800,ENSG00000147421.13$HMBOX1$chr8$28747911$+,0.43
chr8:42500000-42501600,ENSG00000147432.2$CHRNB3$chr8$42552519$+,0.37
chr8:42520600-42523000,ENSG00000147432.2$CHRNB3$chr8$42552519$+,0.46
chr8:42547200-42549000,ENSG00000147432.2$CHRNB3$chr8$42552519$+,0.47
chr8:42586800-42589200,ENSG00000147432.2$CHRNB3$chr8$42552519$+,0.53
chr8:42520600-42523000,ENSG00000147434.4$CHRNA6$chr8$42651535$-,0.35
chr8:42547200-42549000,ENSG00000147434.4$CHRNA6$chr8$42651535$-,0.43
chr8:42586800-42589200,ENSG00000147434.4$CHRNA6$chr8$42651535$-,0.5
chr8:42699000-42700200,ENSG00000147434.4$CHRNA6$chr8$42651535$-,0.49
chr8:42732200-42734400,ENSG00000147434.4$CHRNA6$chr8$42651535$-,0.41
chr8:42740000-42741200,ENSG00000147434.4$CHRNA6$chr8$42651535$-,0.38
chr8:22467400-22468600,ENSG00000147439.7$BIN3$chr8$22526661$-,0.47
chr8:22553200-22555600,ENSG00000147439.7$BIN3$chr8$22526661$-,0.6
chr8:21774600-21776200,ENSG00000147443.8$DOK2$chr8$21771371$-,0.61
chr8:21866200-21867400,ENSG00000147443.8$DOK2$chr8$21771371$-,0.35
chr8:21879000-21880000,ENSG00000147443.8$DOK2$chr8$21771371$-,0.4
chr8:23315600-23316600,ENSG00000147454.9$SLC25A37$chr8$23386318$+,0.47
chr8:23061800-23062800,ENSG00000147457.9$CHMP7$chr8$23101150$+,0.53
chr8:23063600-23065600,ENSG00000147457.9$CHMP7$chr8$23101150$+,0.48
chr8:23066400-23068000,ENSG00000147457.9$CHMP7$chr8$23101150$+,0.5
chr8:23112200-23114200,ENSG00000147457.9$CHMP7$chr8$23101150$+,0.72
chr8:23144200-23145600,ENSG00000147457.9$CHMP7$chr8$23101150$+,0.49
chr8:37606000-37608200,ENSG00000147471.7$PROSC$chr8$37620111$+,0.68
chr8:37705800-37706800,ENSG00000147471.7$PROSC$chr8$37620111$+,0.52
chr8:37707400-37709200,ENSG00000147471.7$PROSC$chr8$37620111$+,0.46
chr8:37606000-37608200,ENSG00000147475.10$ERLIN2$chr8$37594117$+,0.68
chr8:37619200-37619600,ENSG00000147475.10$ERLIN2$chr8$37594117$+,0.62
chr8:37705800-37706800,ENSG00000147475.10$ERLIN2$chr8$37594117$+,0.47
chr8:37707400-37709200,ENSG00000147475.10$ERLIN2$chr8$37594117$+,0.54
chr8:37886600-37887600,ENSG00000147475.10$ERLIN2$chr8$37594117$+,0.35
chr8:53408200-53409600,ENSG00000147488.7$ST18$chr8$53373519$-,0.42
chr8:41325600-41327800,ENSG00000147533.12$GOLGA7$chr8$41347915$+,0.64
chr8:41334000-41336000,ENSG00000147533.12$GOLGA7$chr8$41347915$+,0.58
chr8:41336400-41337200,ENSG00000147533.12$GOLGA7$chr8$41347915$+,0.61
chr8:41558600-41560400,ENSG00000147533.12$GOLGA7$chr8$41347915$+,0.38
chr8:38086400-38088400,ENSG00000147535.12$PPAPDC1B$chr8$38126761$-,0.43
chr8:38090000-38092000,ENSG00000147535.12$PPAPDC1B$chr8$38126761$-,0.49
chr8:41325600-41327800,ENSG00000147536.7$GINS4$chr8$41386725$+,0.61
chr8:41334000-41336000,ENSG00000147536.7$GINS4$chr8$41386725$+,0.6
chr8:41336400-41337200,ENSG00000147536.7$GINS4$chr8$41386725$+,0.59
chr8:41346400-41347800,ENSG00000147536.7$GINS4$chr8$41386725$+,0.59
chr8:41434600-41435200,ENSG00000147536.7$GINS4$chr8$41386725$+,0.59
chr8:41451800-41452200,ENSG00000147536.7$GINS4$chr8$41386725$+,0.55
chr8:41558600-41560400,ENSG00000147536.7$GINS4$chr8$41386725$+,0.37
chr8:67339400-67340800,ENSG00000147576.11$ADHFE1$chr8$67342420$+,0.41
chr8:67351800-67354200,ENSG00000147576.11$ADHFE1$chr8$67342420$+,0.63
chr8:71480800-71481000,ENSG00000147592.4$LACTB2$chr8$71581409$-,0.42
chr8:98683800-98685400,ENSG00000147649.5$MTDH$chr8$98656407$+,0.72
chr8:101193600-101194200,ENSG00000147669.6$POLR2K$chr8$101162812$+,0.56
chr8:101226000-101227800,ENSG00000147669.6$POLR2K$chr8$101162812$+,0.55
chr8:117687200-117688800,ENSG00000147677.6$EIF3H$chr8$117779164$-,0.44
chr8:117760800-117762600,ENSG00000147677.6$EIF3H$chr8$117779164$-,0.81
chr8:117768600-117769400,ENSG00000147677.6$EIF3H$chr8$117779164$-,0.63
chr8:117687200-117688800,ENSG00000147679.7$UTP23$chr8$117778742$+,0.48
chr8:117760800-117762600,ENSG00000147679.7$UTP23$chr8$117778742$+,0.74
chr8:117768600-117769400,ENSG00000147679.7$UTP23$chr8$117778742$+,0.62
chr8:125385400-125386200,ENSG00000147684.3$NDUFB9$chr8$125551344$+,0.37
chr8:125495400-125497400,ENSG00000147684.3$NDUFB9$chr8$125551344$+,0.58
chr8:125495400-125497400,ENSG00000147687.12$TATDN1$chr8$125551699$-,0.67
chr8:124141200-124143000,ENSG00000147689.12$FAM83A$chr8$124191200$+,0.35
chr8:124160600-124163000,ENSG00000147689.12$FAM83A$chr8$124191200$+,0.35
chr8:124263000-124265200,ENSG00000147689.12$FAM83A$chr8$124191200$+,0.4
chr8:130837400-130839800,ENSG00000147697.4$GSDMC$chr8$130799134$-,0.58
chr8:145954800-145956800,ENSG00000147789.11$ZNF7$chr8$146052849$+,0.44
chr8:146010200-146012000,ENSG00000147789.11$ZNF7$chr8$146052849$+,0.55
chr8:146079000-146080000,ENSG00000147789.11$ZNF7$chr8$146052849$+,0.69
chr8:146128000-146129400,ENSG00000147789.11$ZNF7$chr8$146052849$+,0.5
chr8:146176600-146177400,ENSG00000147789.11$ZNF7$chr8$146052849$+,0.57
chr8:145954800-145956800,ENSG00000147799.7$ARHGAP39$chr8$145911194$-,0.49
chr8:146010200-146012000,ENSG00000147799.7$ARHGAP39$chr8$145911194$-,0.42
chr9:4725800-4728000,ENSG00000147853.12$AK3$chr9$4742043$-,0.44
chr9:4791400-4792200,ENSG00000147853.12$AK3$chr9$4742043$-,0.46
chr9:4793800-4796000,ENSG00000147853.12$AK3$chr9$4742043$-,0.39
chr9:21162800-21163600,ENSG00000147873.4$IFNA5$chr9$21305312$-,0.38
chr9:21182800-21184000,ENSG00000147873.4$IFNA5$chr9$21305312$-,0.35
chr9:21236000-21236800,ENSG00000147873.4$IFNA5$chr9$21305312$-,0.5
chr9:21335600-21337000,ENSG00000147873.4$IFNA5$chr9$21305312$-,0.54
chr9:21357000-21359000,ENSG00000147873.4$IFNA5$chr9$21305312$-,0.45
chr9:19047400-19048800,ENSG00000147874.6$HAUS6$chr9$19103117$-,0.48
chr9:19095400-19095800,ENSG00000147874.6$HAUS6$chr9$19103117$-,0.63
chr9:19275400-19277800,ENSG00000147874.6$HAUS6$chr9$19103117$-,0.35
chr9:21091200-21093200,ENSG00000147885.2$IFNA16$chr9$21217310$-,0.37
chr9:21141200-21142800,ENSG00000147885.2$IFNA16$chr9$21217310$-,0.48
chr9:21144400-21145800,ENSG00000147885.2$IFNA16$chr9$21217310$-,0.48
chr9:21162800-21163600,ENSG00000147885.2$IFNA16$chr9$21217310$-,0.45
chr9:21182800-21184000,ENSG00000147885.2$IFNA16$chr9$21217310$-,0.62
chr9:21236000-21236800,ENSG00000147885.2$IFNA16$chr9$21217310$-,0.65
chr9:27570600-27572800,ENSG00000147894.10$C9orf72$chr9$27573864$-,0.43
chr9:37078800-37079600,ENSG00000147905.13$ZCCHC7$chr9$37120536$+,0.5
chr9:37106400-37108600,ENSG00000147905.13$ZCCHC7$chr9$37120536$+,0.64
chr9:37466600-37467400,ENSG00000147912.8$FBXO10$chr9$37588871$-,0.36
chr9:37752400-37753800,ENSG00000147912.8$FBXO10$chr9$37588871$-,0.46
chr9:37754200-37756400,ENSG00000147912.8$FBXO10$chr9$37588871$-,0.45
chr9:37785400-37787600,ENSG00000147912.8$FBXO10$chr9$37588871$-,0.35
chr9:34609800-34611600,ENSG00000147955.12$SIGMAR1$chr9$34637806$-,0.65
chr9:34612600-34615000,ENSG00000147955.12$SIGMAR1$chr9$34637806$-,0.72
chr9:34618000-34620000,ENSG00000147955.12$SIGMAR1$chr9$34637806$-,0.62
chr9:70487400-70489800,ENSG00000147996.12$CBWD5$chr9$70497240$-,0.46
chr9:80848600-80850200,ENSG00000148019.8$CEP78$chr9$80850978$+,0.43
chr9:80966000-80967600,ENSG00000148019.8$CEP78$chr9$80850978$+,0.43
chr9:86299800-86301000,ENSG00000148057.11$IDNK$chr9$86237964$+,0.48
chr9:86323800-86324600,ENSG00000148057.11$IDNK$chr9$86237964$+,0.43
chr9:94099600-94101000,ENSG00000148090.7$AUH$chr9$94124195$-,0.63
chr9:97020200-97021600,ENSG00000148110.11$HIATL1$chr9$97136833$+,0.37
chr9:97031200-97032800,ENSG00000148110.11$HIATL1$chr9$97136833$+,0.4
chr9:97159600-97160600,ENSG00000148110.11$HIATL1$chr9$97136833$+,0.64
chr9:97170000-97171000,ENSG00000148110.11$HIATL1$chr9$97136833$+,0.55
chr9:97171400-97172000,ENSG00000148110.11$HIATL1$chr9$97136833$+,0.54
chr9:97175600-97178000,ENSG00000148110.11$HIATL1$chr9$97136833$+,0.54
chr9:97346200-97348200,ENSG00000148120.10$C9orf3$chr9$97488983$+,0.37
chr9:97373600-97375800,ENSG00000148120.10$C9orf3$chr9$97488983$+,0.48
chr9:97604400-97606200,ENSG00000148120.10$C9orf3$chr9$97488983$+,0.36
chr9:115461000-115462800,ENSG00000148153.9$INIP$chr9$115480516$-,0.67
chr9:115469400-115471000,ENSG00000148153.9$INIP$chr9$115480516$-,0.55
chr9:114628800-114630200,ENSG00000148154.5$UGCG$chr9$114659046$+,0.62
chr9:114763600-114766000,ENSG00000148154.5$UGCG$chr9$114659046$+,0.41
chr9:114766400-114767600,ENSG00000148154.5$UGCG$chr9$114659046$+,0.41
chr9:115461000-115462800,ENSG00000148158.12$SNX30$chr9$115513118$+,0.46
chr9:115469400-115471000,ENSG00000148158.12$SNX30$chr9$115513118$+,0.53
chr9:127628800-127630600,ENSG00000148200.12$NR6A1$chr9$127533589$-,0.52
chr9:116173600-116174800,ENSG00000148218.11$ALAD$chr9$116163613$-,0.64
chr9:116035600-116036800,ENSG00000148229.8$POLE3$chr9$116172952$-,0.37
chr9:136059800-136062000,ENSG00000148288.7$GBGT1$chr9$136039332$-,0.57
chr9:136059800-136062000,ENSG00000148296.5$SURF6$chr9$136203235$-,0.36
chr9:136059800-136062000,ENSG00000148297.11$MED22$chr9$136214986$-,0.43
chr9:135752600-135753400,ENSG00000148308.13$GTF3C5$chr9$135906076$+,0.47
chr9:136059800-136062000,ENSG00000148308.13$GTF3C5$chr9$135906076$+,0.42
chr9:132551800-132553200,ENSG00000148331.7$ASB6$chr9$132404444$-,0.6
chr9:130847600-130849000,ENSG00000148334.10$PTGES2$chr9$130890741$-,0.58
chr9:131083200-131084200,ENSG00000148334.10$PTGES2$chr9$130890741$-,0.43
chr9:131101600-131102400,ENSG00000148334.10$PTGES2$chr9$130890741$-,0.37
chr9:130847600-130849000,ENSG00000148339.8$SLC25A25$chr9$130830480$+,0.64
chr9:131799600-131801600,ENSG00000148341.13$SH3GLB2$chr9$131790582$-,0.48
chr9:131689000-131691400,ENSG00000148343.14$FAM73B$chr9$131798900$+,0.43
chr9:130006400-130007600,ENSG00000148356.9$LRSAM1$chr9$130213765$+,0.45
chr9:130373400-130374000,ENSG00000148356.9$LRSAM1$chr9$130213765$+,0.44
chr9:132733800-132735800,ENSG00000148358.15$GPR107$chr9$132815705$+,0.36
chr9:132738400-132738800,ENSG00000148358.15$GPR107$chr9$132815705$+,0.39
chr9:132869000-132871200,ENSG00000148358.15$GPR107$chr9$132815705$+,0.54
chr10:984600-985800,ENSG00000148377.5$IDI2$chr10$1071799$-,0.43
chr9:139278600-139280800,ENSG00000148384.11$INPP5E$chr9$139334274$-,0.57
chr9:139278600-139280800,ENSG00000148396.14$SEC16A$chr9$139372141$-,0.38
chr9:140314800-140316800,ENSG00000148399.7$DPH7$chr9$140473387$-,0.4
chr9:140428600-140430200,ENSG00000148399.7$DPH7$chr9$140473387$-,0.56
chr9:140447000-140448200,ENSG00000148399.7$DPH7$chr9$140473387$-,0.54
chr9:140551400-140553800,ENSG00000148399.7$DPH7$chr9$140473387$-,0.39
chr10:22548200-22549600,ENSG00000148444.11$COMMD3$chr10$22604903$+,0.62
chr10:22629400-22631200,ENSG00000148444.11$COMMD3$chr10$22604903$+,0.57
chr10:22633000-22635200,ENSG00000148444.11$COMMD3$chr10$22604903$+,0.52
chr10:23280400-23282200,ENSG00000148450.8$MSRB2$chr10$23384435$+,0.39
chr10:23445400-23447800,ENSG00000148450.8$MSRB2$chr10$23384435$+,0.47
chr10:27009600-27011600,ENSG00000148459.11$PDSS1$chr10$26986588$+,0.56
chr10:27141800-27142200,ENSG00000148459.11$PDSS1$chr10$26986588$+,0.36
chr10:15475800-15477400,ENSG00000148468.12$FAM171A1$chr10$15413061$-,0.53
chr10:15872800-15874600,ENSG00000148481.9$FAM188A$chr10$15902519$-,0.71
chr10:15877000-15877800,ENSG00000148481.9$FAM188A$chr10$15902519$-,0.7
chr10:15883200-15885400,ENSG00000148481.9$FAM188A$chr10$15902519$-,0.72
chr10:15885600-15886400,ENSG00000148481.9$FAM188A$chr10$15902519$-,0.66
chr10:16771000-16772600,ENSG00000148484.13$RSU1$chr10$16859527$-,0.45
chr10:16876600-16878200,ENSG00000148484.13$RSU1$chr10$16859527$-,0.58
chr10:16944200-16945400,ENSG00000148484.13$RSU1$chr10$16859527$-,0.6
chr10:17332200-17333600,ENSG00000148488.11$ST8SIA6$chr10$17496329$-,0.4
chr10:17451000-17453200,ENSG00000148488.11$ST8SIA6$chr10$17496329$-,0.59
chr10:17464200-17466200,ENSG00000148488.11$ST8SIA6$chr10$17496329$-,0.57
chr10:31617600-31619600,ENSG00000148516.17$ZEB1$chr10$31607424$+,0.71
chr10:31668800-31670000,ENSG00000148516.17$ZEB1$chr10$31607424$+,0.58
chr10:31692800-31694400,ENSG00000148516.17$ZEB1$chr10$31607424$+,0.53
chr10:31745000-31745800,ENSG00000148516.17$ZEB1$chr10$31607424$+,0.35
chr10:64976400-64978000,ENSG00000148572.10$NRBF2$chr10$64893050$+,0.4
chr10:85896800-85899000,ENSG00000148600.10$CDHR1$chr10$85954410$+,0.53
chr10:85900000-85902200,ENSG00000148600.10$CDHR1$chr10$85954410$+,0.53
chr10:85950000-85952000,ENSG00000148600.10$CDHR1$chr10$85954410$+,0.58
chr10:69658000-69659000,ENSG00000148634.11$HERC4$chr10$69835105$-,0.37
chr10:69775800-69777400,ENSG00000148634.11$HERC4$chr10$69835105$-,0.49
chr10:69783000-69783600,ENSG00000148634.11$HERC4$chr10$69835105$-,0.56
chr10:69991200-69992400,ENSG00000148634.11$HERC4$chr10$69835105$-,0.4
chr10:75504800-75507200,ENSG00000148660.16$CAMK2G$chr10$75634343$-,0.35
chr10:75530000-75532000,ENSG00000148660.16$CAMK2G$chr10$75634343$-,0.47
chr10:88959800-88961000,ENSG00000148672.7$GLUD1$chr10$88854623$-,0.52
chr10:92632400-92634800,ENSG00000148680.11$HTR7$chr10$92617671$-,0.36
chr10:92616200-92618000,ENSG00000148688.9$RPP30$chr10$92631473$+,0.67
chr10:92656000-92657400,ENSG00000148688.9$RPP30$chr10$92631473$+,0.57
chr10:95211200-95213000,ENSG00000148690.10$FRA10AC1$chr10$95462329$-,0.38
chr10:95269400-95271200,ENSG00000148690.10$FRA10AC1$chr10$95462329$-,0.35
chr10:95651200-95653400,ENSG00000148690.10$FRA10AC1$chr10$95462329$-,0.53
chr10:111788800-111789800,ENSG00000148700.9$ADD3$chr10$111756126$+,0.35
chr10:73967600-73970000,ENSG00000148719.10$DNAJB12$chr10$74114988$-,0.49
chr10:74027000-74029400,ENSG00000148719.10$DNAJB12$chr10$74114988$-,0.43
chr10:74057600-74059400,ENSG00000148719.10$DNAJB12$chr10$74114988$-,0.51
chr10:74072800-74073000,ENSG00000148719.10$DNAJB12$chr10$74114988$-,0.62
chr10:74129800-74132200,ENSG00000148719.10$DNAJB12$chr10$74114988$-,0.78
chr10:74386200-74387200,ENSG00000148719.10$DNAJB12$chr10$74114988$-,0.35
chr10:72146800-72148000,ENSG00000148730.6$EIF4EBP2$chr10$72164135$+,0.52
chr10:72161400-72163800,ENSG00000148730.6$EIF4EBP2$chr10$72164135$+,0.38
chr10:72165200-72166800,ENSG00000148730.6$EIF4EBP2$chr10$72164135$+,0.4
chr10:129893200-129895600,ENSG00000148773.8$MKI67$chr10$129924649$-,0.57
chr10:129976200-129977200,ENSG00000148773.8$MKI67$chr10$129924649$-,0.58
chr10:135122600-135124400,ENSG00000148803.7$FUOM$chr10$135171529$-,0.43
chr10:135131800-135133400,ENSG00000148803.7$FUOM$chr10$135171529$-,0.45
chr10:135208400-135210600,ENSG00000148803.7$FUOM$chr10$135171529$-,0.5
chr10:135221400-135222200,ENSG00000148803.7$FUOM$chr10$135171529$-,0.45
chr10:135222800-135223200,ENSG00000148803.7$FUOM$chr10$135171529$-,0.41
chr10:134247200-134248800,ENSG00000148814.13$LRRC27$chr10$134145614$+,0.53
chr10:135122600-135124400,ENSG00000148824.14$MTG1$chr10$135207598$+,0.46
chr10:135131800-135133400,ENSG00000148824.14$MTG1$chr10$135207598$+,0.44
chr10:135208400-135210600,ENSG00000148824.14$MTG1$chr10$135207598$+,0.4
chr10:135221400-135222200,ENSG00000148824.14$MTG1$chr10$135207598$+,0.65
chr10:135222800-135223200,ENSG00000148824.14$MTG1$chr10$135207598$+,0.65
chr10:135122600-135124400,ENSG00000148832.10$PAOX$chr10$135192695$+,0.47
chr10:135131800-135133400,ENSG00000148832.10$PAOX$chr10$135192695$+,0.54
chr10:135208400-135210600,ENSG00000148832.10$PAOX$chr10$135192695$+,0.42
chr10:135221400-135222200,ENSG00000148832.10$PAOX$chr10$135192695$+,0.47
chr10:135222800-135223200,ENSG00000148832.10$PAOX$chr10$135192695$+,0.53
chr10:105929600-105931600,ENSG00000148834.8$GSTO1$chr10$105995114$+,0.47
chr10:105990400-105991800,ENSG00000148834.8$GSTO1$chr10$105995114$+,0.72
chr10:106029200-106029800,ENSG00000148834.8$GSTO1$chr10$105995114$+,0.59
chr10:104953000-104954800,ENSG00000148835.9$TAF5$chr10$105127724$+,0.38
chr10:103634200-103636400,ENSG00000148840.6$PPRC1$chr10$103892787$+,0.35
chr10:105990400-105991800,ENSG00000148841.11$ITPRIP$chr10$106098162$-,0.41
chr10:106029200-106029800,ENSG00000148841.11$ITPRIP$chr10$106098162$-,0.48
chr10:104674400-104675000,ENSG00000148842.13$CNNM2$chr10$104678050$+,0.69
chr10:104695000-104697200,ENSG00000148842.13$CNNM2$chr10$104678050$+,0.59
chr10:104753600-104755000,ENSG00000148842.13$CNNM2$chr10$104678050$+,0.42
chr10:105126800-105127600,ENSG00000148843.9$PDCD11$chr10$105156405$+,0.6
chr10:121334200-121336400,ENSG00000148908.10$RGS10$chr10$121302220$-,0.44
chr11:13478200-13478600,ENSG00000148925.6$BTBD10$chr11$13484844$-,0.74
chr11:13479400-13480400,ENSG00000148925.6$BTBD10$chr11$13484844$-,0.64
chr11:10316200-10318400,ENSG00000148926.5$ADM$chr11$10326227$+,0.43
chr11:22642400-22643600,ENSG00000148935.6$GAS2$chr11$22647188$+,0.66
chr11:27517200-27519400,ENSG00000148943.7$LIN7C$chr11$27528320$-,0.65
chr11:31390000-31391000,ENSG00000148950.5$IMMP1L$chr11$31531192$-,0.37
chr11:31521000-31523200,ENSG00000148950.5$IMMP1L$chr11$31531192$-,0.56
chr11:31550800-31551200,ENSG00000148950.5$IMMP1L$chr11$31531192$-,0.65
chr11:3869400-3871000,ENSG00000148985.15$PGAP2$chr11$3818954$+,0.42
chr11:62386400-62388800,ENSG00000149016.11$TUT1$chr11$62359649$-,0.58
chr11:62418200-62420200,ENSG00000149016.11$TUT1$chr11$62359649$-,0.47
chr11:62429600-62432000,ENSG00000149016.11$TUT1$chr11$62359649$-,0.38
chr11:62443600-62446000,ENSG00000149016.11$TUT1$chr11$62359649$-,0.46
chr11:62446800-62449200,ENSG00000149016.11$TUT1$chr11$62359649$-,0.5
chr11:62461600-62463400,ENSG00000149016.11$TUT1$chr11$62359649$-,0.45
chr11:62486400-62488600,ENSG00000149016.11$TUT1$chr11$62359649$-,0.41
chr11:62536800-62538200,ENSG00000149016.11$TUT1$chr11$62359649$-,0.38
chr11:62553200-62554600,ENSG00000149016.11$TUT1$chr11$62359649$-,0.41
chr11:62596400-62598600,ENSG00000149016.11$TUT1$chr11$62359649$-,0.36
chr11:34841400-34842200,ENSG00000149089.8$APIP$chr11$34938046$-,0.37
chr11:46230800-46232600,ENSG00000149091.11$DGKZ$chr11$46354455$+,0.45
chr11:46348000-46349800,ENSG00000149091.11$DGKZ$chr11$46354455$+,0.76
chr11:57103600-57104600,ENSG00000149115.9$TNKS1BP1$chr11$57092426$-,0.54
chr11:57298800-57300400,ENSG00000149150.4$SLC43A1$chr11$57283259$-,0.49
chr11:57335800-57337600,ENSG00000149150.4$SLC43A1$chr11$57283259$-,0.46
chr11:57403800-57405800,ENSG00000149150.4$SLC43A1$chr11$57283259$-,0.38
chr11:47949000-47951000,ENSG00000149177.8$PTPRJ$chr11$48002113$+,0.43
chr11:47955000-47957200,ENSG00000149177.8$PTPRJ$chr11$48002113$+,0.47
chr11:47976600-47977600,ENSG00000149177.8$PTPRJ$chr11$48002113$+,0.48
chr11:46868200-46869600,ENSG00000149179.9$C11orf49$chr11$46958240$+,0.48
chr11:46973200-46975600,ENSG00000149179.9$C11orf49$chr11$46958240$+,0.61
chr11:47234400-47236600,ENSG00000149182.10$ARFGAP2$chr11$47198676$-,0.67
chr11:47271000-47272400,ENSG00000149182.10$ARFGAP2$chr11$47198676$-,0.57
chr11:47574800-47576200,ENSG00000149187.13$CELF1$chr11$47587121$-,0.53
chr11:47664400-47665600,ENSG00000149187.13$CELF1$chr11$47587121$-,0.61
chr11:47735400-47736400,ENSG00000149187.13$CELF1$chr11$47587121$-,0.51
chr11:47785200-47787600,ENSG00000149187.13$CELF1$chr11$47587121$-,0.36
chr11:85925600-85926800,ENSG00000149196.11$C11orf73$chr11$86013253$+,0.51
chr11:85982400-85983000,ENSG00000149196.11$C11orf73$chr11$86013253$+,0.5
chr11:85983400-85983600,ENSG00000149196.11$C11orf73$chr11$86013253$+,0.54
chr11:85990200-85992400,ENSG00000149196.11$C11orf73$chr11$86013253$+,0.6
chr11:94943600-94944600,ENSG00000149212.6$SESN3$chr11$94965705$-,0.62
chr11:94950400-94951600,ENSG00000149212.6$SESN3$chr11$94965705$-,0.62
chr11:94943600-94944600,ENSG00000149218.4$ENDOD1$chr11$94822974$+,0.37
chr11:94950400-94951600,ENSG00000149218.4$ENDOD1$chr11$94822974$+,0.36
chr11:95982000-95983400,ENSG00000149231.7$CCDC82$chr11$96123087$-,0.42
chr11:95983600-95984600,ENSG00000149231.7$CCDC82$chr11$96123087$-,0.47
chr11:96076400-96077600,ENSG00000149231.7$CCDC82$chr11$96123087$-,0.62
chr11:75156400-75157200,ENSG00000149243.11$KLHL35$chr11$75141674$-,0.65
chr11:75244800-75247000,ENSG00000149243.11$KLHL35$chr11$75141674$-,0.4
chr11:77805200-77806200,ENSG00000149262.12$INTS4$chr11$77705724$-,0.46
chr11:77848200-77850200,ENSG00000149262.12$INTS4$chr11$77705724$-,0.46
chr11:77851200-77852800,ENSG00000149262.12$INTS4$chr11$77705724$-,0.36
chr11:77299200-77300400,ENSG00000149269.5$PAK1$chr11$77185680$-,0.45
chr11:113236000-113237600,ENSG00000149292.12$TTC12$chr11$113185251$+,0.49
chr11:108031200-108032800,ENSG00000149308.12$NPAT$chr11$108093369$-,0.41
chr11:108080600-108083000,ENSG00000149308.12$NPAT$chr11$108093369$-,0.42
chr11:108114800-108115000,ENSG00000149308.12$NPAT$chr11$108093369$-,0.49
chr11:108118600-108118800,ENSG00000149308.12$NPAT$chr11$108093369$-,0.48
chr11:108119600-108121200,ENSG00000149308.12$NPAT$chr11$108093369$-,0.42
chr11:108145600-108145800,ENSG00000149308.12$NPAT$chr11$108093369$-,0.44
chr11:107991200-107992200,ENSG00000149311.13$ATM$chr11$108093211$+,0.41
chr11:108004000-108004800,ENSG00000149311.13$ATM$chr11$108093211$+,0.37
chr11:108031200-108032800,ENSG00000149311.13$ATM$chr11$108093211$+,0.6
chr11:108080600-108083000,ENSG00000149311.13$ATM$chr11$108093211$+,0.63
chr11:108114800-108115000,ENSG00000149311.13$ATM$chr11$108093211$+,0.6
chr11:108118600-108118800,ENSG00000149311.13$ATM$chr11$108093211$+,0.59
chr11:108119600-108121200,ENSG00000149311.13$ATM$chr11$108093211$+,0.59
chr11:108145600-108145800,ENSG00000149311.13$ATM$chr11$108093211$+,0.5
chr11:105954800-105955800,ENSG00000149313.6$AASDHPPT$chr11$105946228$+,0.65
chr20:10286600-10288800,ENSG00000149346.10$SLX4IP$chr20$10415951$+,0.38
chr11:71821000-71823000,ENSG00000149357.5$LAMTOR1$chr11$71814433$-,0.65
chr11:71824000-71826200,ENSG00000149357.5$LAMTOR1$chr11$71814433$-,0.67
chr11:118800600-118802800,ENSG00000149428.14$HYOU1$chr11$118927913$-,0.39
chr11:118866600-118868200,ENSG00000149428.14$HYOU1$chr11$118927913$-,0.48
chr11:118939000-118941400,ENSG00000149428.14$HYOU1$chr11$118927913$-,0.44
chr11:118970200-118972000,ENSG00000149428.14$HYOU1$chr11$118927913$-,0.56
chr11:118990000-118992200,ENSG00000149428.14$HYOU1$chr11$118927913$-,0.5
chr11:118993000-118994400,ENSG00000149428.14$HYOU1$chr11$118927913$-,0.44
chr11:119047800-119050000,ENSG00000149428.14$HYOU1$chr11$118927913$-,0.5
chr11:119074600-119076800,ENSG00000149428.14$HYOU1$chr11$118927913$-,0.44
chr11:119096800-119098200,ENSG00000149428.14$HYOU1$chr11$118927913$-,0.35
chr11:60865200-60867600,ENSG00000149476.10$DAK$chr11$61100682$+,0.38
chr11:61130400-61132000,ENSG00000149476.10$DAK$chr11$61100682$+,0.68
chr11:61151200-61153600,ENSG00000149476.10$DAK$chr11$61100682$+,0.52
chr11:61158400-61159800,ENSG00000149476.10$DAK$chr11$61100682$+,0.59
chr11:61191000-61191200,ENSG00000149476.10$DAK$chr11$61100682$+,0.52
chr11:62359600-62362000,ENSG00000149480.2$MTA2$chr11$62369312$-,0.36
chr11:62386400-62388800,ENSG00000149480.2$MTA2$chr11$62369312$-,0.35
chr11:60824000-60825200,ENSG00000149483.7$TMEM138$chr11$61129473$+,0.37
chr11:61151200-61153600,ENSG00000149483.7$TMEM138$chr11$61129473$+,0.7
chr11:61158400-61159800,ENSG00000149483.7$TMEM138$chr11$61129473$+,0.62
chr11:61191000-61191200,ENSG00000149483.7$TMEM138$chr11$61129473$+,0.65
chr20:2488000-2489000,ENSG00000149488.11$TMC2$chr20$2517253$+,0.38
chr20:2501600-2503000,ENSG00000149488.11$TMC2$chr20$2517253$+,0.39
chr20:2503200-2505400,ENSG00000149488.11$TMC2$chr20$2517253$+,0.39
chr11:62359600-62362000,ENSG00000149489.4$ROM1$chr11$62379194$+,0.61
chr11:62386400-62388800,ENSG00000149489.4$ROM1$chr11$62379194$+,0.58
chr11:62418200-62420200,ENSG00000149489.4$ROM1$chr11$62379194$+,0.4
chr11:62429600-62432000,ENSG00000149489.4$ROM1$chr11$62379194$+,0.41
chr11:62443600-62446000,ENSG00000149489.4$ROM1$chr11$62379194$+,0.46
chr11:62446800-62449200,ENSG00000149489.4$ROM1$chr11$62379194$+,0.48
chr11:62461600-62463400,ENSG00000149489.4$ROM1$chr11$62379194$+,0.42
chr11:62486400-62488600,ENSG00000149489.4$ROM1$chr11$62379194$+,0.42
chr11:62522000-62524400,ENSG00000149489.4$ROM1$chr11$62379194$+,0.36
chr11:62536800-62538200,ENSG00000149489.4$ROM1$chr11$62379194$+,0.43
chr11:62359600-62362000,ENSG00000149499.7$EML3$chr11$62380237$-,0.53
chr11:62386400-62388800,ENSG00000149499.7$EML3$chr11$62380237$-,0.65
chr11:62418200-62420200,ENSG00000149499.7$EML3$chr11$62380237$-,0.41
chr11:62429600-62432000,ENSG00000149499.7$EML3$chr11$62380237$-,0.4
chr11:62443600-62446000,ENSG00000149499.7$EML3$chr11$62380237$-,0.41
chr11:62446800-62449200,ENSG00000149499.7$EML3$chr11$62380237$-,0.46
chr11:62461600-62463400,ENSG00000149499.7$EML3$chr11$62380237$-,0.47
chr11:62486400-62488600,ENSG00000149499.7$EML3$chr11$62380237$-,0.35
chr11:62536800-62538200,ENSG00000149499.7$EML3$chr11$62380237$-,0.41
chr11:61848200-61850000,ENSG00000149503.8$INCENP$chr11$61891445$+,0.62
chr11:61879400-61880800,ENSG00000149503.8$INCENP$chr11$61891445$+,0.65
chr11:61889000-61891400,ENSG00000149503.8$INCENP$chr11$61891445$+,0.36
chr20:29511200-29513600,ENSG00000149531.10$FRG1B$chr20$29611857$+,0.47
chr20:29519000-29520000,ENSG00000149531.10$FRG1B$chr20$29611857$+,0.48
chr20:29612600-29614000,ENSG00000149531.10$FRG1B$chr20$29611857$+,0.35
chr20:29619600-29620200,ENSG00000149531.10$FRG1B$chr20$29611857$+,0.57
chr20:29620600-29621400,ENSG00000149531.10$FRG1B$chr20$29611857$+,0.71
chr11:61130400-61132000,ENSG00000149532.11$CPSF7$chr11$61197503$-,0.56
chr11:61151200-61153600,ENSG00000149532.11$CPSF7$chr11$61197503$-,0.59
chr11:61158400-61159800,ENSG00000149532.11$CPSF7$chr11$61197503$-,0.47
chr11:61191000-61191200,ENSG00000149532.11$CPSF7$chr11$61197503$-,0.57
chr11:59942800-59944600,ENSG00000149534.4$MS4A2$chr11$59855734$+,0.58
chr11:62359600-62362000,ENSG00000149541.5$B3GAT3$chr11$62389647$-,0.54
chr11:62418200-62420200,ENSG00000149541.5$B3GAT3$chr11$62389647$-,0.38
chr11:62429600-62432000,ENSG00000149541.5$B3GAT3$chr11$62389647$-,0.4
chr11:62443600-62446000,ENSG00000149541.5$B3GAT3$chr11$62389647$-,0.45
chr11:62446800-62449200,ENSG00000149541.5$B3GAT3$chr11$62389647$-,0.45
chr11:62461600-62463400,ENSG00000149541.5$B3GAT3$chr11$62389647$-,0.52
chr11:62486400-62488600,ENSG00000149541.5$B3GAT3$chr11$62389647$-,0.36
chr11:62522000-62524400,ENSG00000149541.5$B3GAT3$chr11$62389647$-,0.4
chr11:62527800-62529000,ENSG00000149541.5$B3GAT3$chr11$62389647$-,0.35
chr11:62536800-62538200,ENSG00000149541.5$B3GAT3$chr11$62389647$-,0.45
chr11:62596400-62598600,ENSG00000149541.5$B3GAT3$chr11$62389647$-,0.35
chr11:125461000-125461600,ENSG00000149547.10$EI24$chr11$125439112$+,0.6
chr11:125493800-125495200,ENSG00000149547.10$EI24$chr11$125439112$+,0.64
chr11:125501400-125503400,ENSG00000149547.10$EI24$chr11$125439112$+,0.45
chr11:125519400-125520400,ENSG00000149547.10$EI24$chr11$125439112$+,0.41
chr11:124659600-124659800,ENSG00000149548.10$CCDC15$chr11$124824017$+,0.5
chr11:124670800-124673200,ENSG00000149548.10$CCDC15$chr11$124824017$+,0.6
chr11:124705800-124707800,ENSG00000149548.10$CCDC15$chr11$124824017$+,0.62
chr11:124979600-124981000,ENSG00000149548.10$CCDC15$chr11$124824017$+,0.53
chr11:125461000-125461600,ENSG00000149554.8$CHEK1$chr11$125495036$+,0.62
chr11:125501400-125503400,ENSG00000149554.8$CHEK1$chr11$125495036$+,0.6
chr11:125519400-125520400,ENSG00000149554.8$CHEK1$chr11$125495036$+,0.63
chr11:124659600-124659800,ENSG00000149564.7$ESAM$chr11$124632186$-,0.58
chr11:124670800-124673200,ENSG00000149564.7$ESAM$chr11$124632186$-,0.47
chr11:118123400-118125400,ENSG00000149573.4$MPZL2$chr11$118135251$-,0.38
chr11:117013800-117014400,ENSG00000149577.11$SIDT2$chr11$117049449$+,0.54
chr11:117024600-117026000,ENSG00000149577.11$SIDT2$chr11$117049449$+,0.64
chr11:117104000-117105800,ENSG00000149577.11$SIDT2$chr11$117049449$+,0.55
chr11:117197400-117198400,ENSG00000149577.11$SIDT2$chr11$117049449$+,0.42
chr11:118165800-118167800,ENSG00000149582.11$TMEM25$chr11$118401756$+,0.43
chr11:118223200-118224400,ENSG00000149582.11$TMEM25$chr11$118401756$+,0.38
chr11:118304400-118305600,ENSG00000149582.11$TMEM25$chr11$118401756$+,0.52
chr11:118359000-118359600,ENSG00000149582.11$TMEM25$chr11$118401756$+,0.5
chr11:118441600-118442800,ENSG00000149582.11$TMEM25$chr11$118401756$+,0.46
chr11:118567400-118568400,ENSG00000149582.11$TMEM25$chr11$118401756$+,0.44
chr20:30311800-30312600,ENSG00000149599.11$DUSP15$chr20$30458550$-,0.39
chr20:30325200-30326600,ENSG00000149599.11$DUSP15$chr20$30458550$-,0.35
chr20:30357400-30359600,ENSG00000149599.11$DUSP15$chr20$30458550$-,0.41
chr20:30468200-30470200,ENSG00000149599.11$DUSP15$chr20$30458550$-,0.71
chr20:30537400-30539200,ENSG00000149599.11$DUSP15$chr20$30458550$-,0.47
chr20:30539600-30542000,ENSG00000149599.11$DUSP15$chr20$30458550$-,0.42
chr20:31139200-31140400,ENSG00000149600.7$COMMD7$chr20$31331803$-,0.43
chr20:31537600-31540000,ENSG00000149600.7$COMMD7$chr20$31331803$-,0.37
chr20:32076000-32078000,ENSG00000149609.5$C20orf144$chr20$32250090$+,0.44
chr20:32083400-32085400,ENSG00000149609.5$C20orf144$chr20$32250090$+,0.45
chr20:32176400-32178600,ENSG00000149609.5$C20orf144$chr20$32250090$+,0.52
chr20:32220400-32222400,ENSG00000149609.5$C20orf144$chr20$32250090$+,0.59
chr20:32305800-32307600,ENSG00000149609.5$C20orf144$chr20$32250090$+,0.46
chr20:32318200-32320400,ENSG00000149609.5$C20orf144$chr20$32250090$+,0.47
chr20:44560800-44562600,ENSG00000149634.4$SPATA25$chr20$44516274$-,0.38
chr20:35203400-35205600,ENSG00000149636.11$DSN1$chr20$35402221$-,0.37
chr20:35372200-35373800,ENSG00000149636.11$DSN1$chr20$35402221$-,0.62
chr20:35514800-35516800,ENSG00000149636.11$DSN1$chr20$35402221$-,0.35
chr20:35532600-35534400,ENSG00000149636.11$DSN1$chr20$35402221$-,0.4
chr20:34539600-34541200,ENSG00000149646.8$CNBD2$chr20$34556512$+,0.35
chr20:34543200-34545000,ENSG00000149646.8$CNBD2$chr20$34556512$+,0.58
chr20:34639000-34640600,ENSG00000149646.8$CNBD2$chr20$34556512$+,0.45
chr20:44421400-44422800,ENSG00000149651.3$SPINT4$chr20$44350990$+,0.39
chr20:44427000-44428800,ENSG00000149651.3$SPINT4$chr20$44350990$+,0.41
chr20:44802600-44804000,ENSG00000149654.5$CDH22$chr20$44937137$-,0.4
chr20:44875000-44876000,ENSG00000149654.5$CDH22$chr20$44937137$-,0.53
chr11:69360600-69362000,ENSG00000149716.8$ORAOV1$chr11$69490184$-,0.55
chr11:69499600-69502000,ENSG00000149716.8$ORAOV1$chr11$69490184$-,0.6
chr11:69525800-69528200,ENSG00000149716.8$ORAOV1$chr11$69490184$-,0.56
chr11:64690600-64691800,ENSG00000149735.2$GPHA2$chr11$64703360$-,0.41
chr11:64692800-64695200,ENSG00000149735.2$GPHA2$chr11$64703360$-,0.64
chr11:63934000-63936200,ENSG00000149743.9$TRPT1$chr11$63993726$-,0.48
chr11:63959400-63960800,ENSG00000149743.9$TRPT1$chr11$63993726$-,0.52
chr11:64026600-64028000,ENSG00000149743.9$TRPT1$chr11$63993726$-,0.63
chr11:64070600-64072000,ENSG00000149743.9$TRPT1$chr11$63993726$-,0.59
chr11:64074000-64076000,ENSG00000149743.9$TRPT1$chr11$63993726$-,0.54
chr11:63934000-63936200,ENSG00000149761.4$NUDT22$chr11$63993413$+,0.56
chr11:63959400-63960800,ENSG00000149761.4$NUDT22$chr11$63993413$+,0.62
chr11:64026600-64028000,ENSG00000149761.4$NUDT22$chr11$63993413$+,0.6
chr11:64070600-64072000,ENSG00000149761.4$NUDT22$chr11$63993413$+,0.58
chr11:64074000-64076000,ENSG00000149761.4$NUDT22$chr11$63993413$+,0.46
chr11:63934000-63936200,ENSG00000149781.8$FERMT3$chr11$63974150$+,0.57
chr11:63959400-63960800,ENSG00000149781.8$FERMT3$chr11$63974150$+,0.58
chr11:64026600-64028000,ENSG00000149781.8$FERMT3$chr11$63974150$+,0.56
chr11:64070600-64072000,ENSG00000149781.8$FERMT3$chr11$63974150$+,0.42
chr11:64074000-64076000,ENSG00000149781.8$FERMT3$chr11$63974150$+,0.51
chr11:63934000-63936200,ENSG00000149782.7$PLCB3$chr11$64018995$+,0.35
chr11:63959400-63960800,ENSG00000149782.7$PLCB3$chr11$64018995$+,0.52
chr11:64026600-64028000,ENSG00000149782.7$PLCB3$chr11$64018995$+,0.64
chr11:64070600-64072000,ENSG00000149782.7$PLCB3$chr11$64018995$+,0.49
chr11:64074000-64076000,ENSG00000149782.7$PLCB3$chr11$64018995$+,0.46
chr11:64690600-64691800,ENSG00000149806.6$FAU$chr11$64889945$-,0.35
chr11:64780200-64781400,ENSG00000149806.6$FAU$chr11$64889945$-,0.52
chr11:64805800-64808200,ENSG00000149806.6$FAU$chr11$64889945$-,0.47
chr11:64902800-64905200,ENSG00000149806.6$FAU$chr11$64889945$-,0.6
chr11:64690600-64691800,ENSG00000149809.10$TM7SF2$chr11$64879317$+,0.41
chr11:64780200-64781400,ENSG00000149809.10$TM7SF2$chr11$64879317$+,0.49
chr11:64805800-64808200,ENSG00000149809.10$TM7SF2$chr11$64879317$+,0.41
chr11:64902800-64905200,ENSG00000149809.10$TM7SF2$chr11$64879317$+,0.45
chr16:29972000-29973000,ENSG00000149922.6$TBX6$chr16$30103208$-,0.36
chr16:29983800-29985200,ENSG00000149922.6$TBX6$chr16$30103208$-,0.43
chr16:30008200-30009800,ENSG00000149922.6$TBX6$chr16$30103208$-,0.49
chr16:30031600-30033600,ENSG00000149922.6$TBX6$chr16$30103208$-,0.52
chr16:30085200-30087000,ENSG00000149922.6$TBX6$chr16$30103208$-,0.65
chr16:30174600-30175200,ENSG00000149922.6$TBX6$chr16$30103208$-,0.55
chr16:30192200-30194600,ENSG00000149922.6$TBX6$chr16$30103208$-,0.51
chr16:30319600-30321000,ENSG00000149922.6$TBX6$chr16$30103208$-,0.43
chr16:30338800-30339000,ENSG00000149922.6$TBX6$chr16$30103208$-,0.35
chr16:30343800-30345800,ENSG00000149922.6$TBX6$chr16$30103208$-,0.39
chr16:29938000-29939800,ENSG00000149923.9$PPP4C$chr16$30087299$+,0.37
chr16:29972000-29973000,ENSG00000149923.9$PPP4C$chr16$30087299$+,0.45
chr16:29983800-29985200,ENSG00000149923.9$PPP4C$chr16$30087299$+,0.55
chr16:30008200-30009800,ENSG00000149923.9$PPP4C$chr16$30087299$+,0.52
chr16:30031600-30033600,ENSG00000149923.9$PPP4C$chr16$30087299$+,0.58
chr16:30174600-30175200,ENSG00000149923.9$PPP4C$chr16$30087299$+,0.53
chr16:30192200-30194600,ENSG00000149923.9$PPP4C$chr16$30087299$+,0.47
chr16:30319600-30321000,ENSG00000149923.9$PPP4C$chr16$30087299$+,0.38
chr16:29972000-29973000,ENSG00000149925.12$ALDOA$chr16$30064411$+,0.46
chr16:29983800-29985200,ENSG00000149925.12$ALDOA$chr16$30064411$+,0.43
chr16:30008200-30009800,ENSG00000149925.12$ALDOA$chr16$30064411$+,0.58
chr16:30031600-30033600,ENSG00000149925.12$ALDOA$chr16$30064411$+,0.59
chr16:30085200-30087000,ENSG00000149925.12$ALDOA$chr16$30064411$+,0.62
chr16:30174600-30175200,ENSG00000149925.12$ALDOA$chr16$30064411$+,0.49
chr16:30192200-30194600,ENSG00000149925.12$ALDOA$chr16$30064411$+,0.45
chr16:29972000-29973000,ENSG00000149926.9$FAM57B$chr16$30064299$-,0.53
chr16:29983800-29985200,ENSG00000149926.9$FAM57B$chr16$30064299$-,0.53
chr16:30008200-30009800,ENSG00000149926.9$FAM57B$chr16$30064299$-,0.57
chr16:30031600-30033600,ENSG00000149926.9$FAM57B$chr16$30064299$-,0.66
chr16:30085200-30087000,ENSG00000149926.9$FAM57B$chr16$30064299$-,0.62
chr16:30174600-30175200,ENSG00000149926.9$FAM57B$chr16$30064299$-,0.56
chr16:30192200-30194600,ENSG00000149926.9$FAM57B$chr16$30064299$-,0.49
chr16:30338800-30339000,ENSG00000149926.9$FAM57B$chr16$30064299$-,0.35
chr16:29874800-29877000,ENSG00000149929.11$HIRIP3$chr16$30007757$-,0.41
chr16:29938000-29939800,ENSG00000149929.11$HIRIP3$chr16$30007757$-,0.43
chr16:29972000-29973000,ENSG00000149929.11$HIRIP3$chr16$30007757$-,0.51
chr16:29983800-29985200,ENSG00000149929.11$HIRIP3$chr16$30007757$-,0.67
chr16:30031600-30033600,ENSG00000149929.11$HIRIP3$chr16$30007757$-,0.6
chr16:30085200-30087000,ENSG00000149929.11$HIRIP3$chr16$30007757$-,0.54
chr16:30174600-30175200,ENSG00000149929.11$HIRIP3$chr16$30007757$-,0.4
chr16:29800200-29801600,ENSG00000149930.13$TAOK2$chr16$29984962$+,0.36
chr16:29874800-29877000,ENSG00000149930.13$TAOK2$chr16$29984962$+,0.38
chr16:29938000-29939800,ENSG00000149930.13$TAOK2$chr16$29984962$+,0.5
chr16:29972000-29973000,ENSG00000149930.13$TAOK2$chr16$29984962$+,0.53
chr16:30008200-30009800,ENSG00000149930.13$TAOK2$chr16$29984962$+,0.56
chr16:30031600-30033600,ENSG00000149930.13$TAOK2$chr16$29984962$+,0.53
chr16:30085200-30087000,ENSG00000149930.13$TAOK2$chr16$29984962$+,0.38
chr16:30174600-30175200,ENSG00000149930.13$TAOK2$chr16$29984962$+,0.36
chr16:29938000-29939800,ENSG00000149932.12$TMEM219$chr16$29952206$+,0.47
chr16:29972000-29973000,ENSG00000149932.12$TMEM219$chr16$29952206$+,0.45
chr12:10041400-10042200,ENSG00000150045.7$KLRF1$chr12$9980077$+,0.54
chr12:10113000-10115400,ENSG00000150045.7$KLRF1$chr12$9980077$+,0.36
chr12:9843400-9845800,ENSG00000150045.7$KLRF1$chr12$9980077$+,0.49
chr12:9931400-9932800,ENSG00000150045.7$KLRF1$chr12$9980077$+,0.58
chr10:28518200-28518400,ENSG00000150054.14$MPP7$chr10$28623415$-,0.36
chr10:28558200-28560600,ENSG00000150054.14$MPP7$chr10$28623415$-,0.48
chr10:28627600-28630000,ENSG00000150054.14$MPP7$chr10$28623415$-,0.54
chr10:28682600-28683400,ENSG00000150054.14$MPP7$chr10$28623415$-,0.56
chr10:32733000-32734800,ENSG00000150076.18$C10orf68$chr10$32832297$+,0.4
chr10:32735800-32737200,ENSG00000150076.18$C10orf68$chr10$32832297$+,0.49
chr10:32738400-32739000,ENSG00000150076.18$C10orf68$chr10$32832297$+,0.54
chr10:32752800-32753400,ENSG00000150076.18$C10orf68$chr10$32832297$+,0.51
chr10:32829000-32829200,ENSG00000150076.18$C10orf68$chr10$32832297$+,0.57
chr10:33212200-33214400,ENSG00000150093.14$ITGB1$chr10$33294720$-,0.37
chr10:33303200-33305600,ENSG00000150093.14$ITGB1$chr10$33294720$-,0.47
chr10:33323000-33323200,ENSG00000150093.14$ITGB1$chr10$33294720$-,0.42
chr10:33348200-33348600,ENSG00000150093.14$ITGB1$chr10$33294720$-,0.36
chr10:43857800-43859400,ENSG00000150201.10$FXYD4$chr10$43867090$+,0.45
chr16:30902600-30904800,ENSG00000150281.6$CTF1$chr16$30907928$+,0.47
chr16:30931600-30933400,ENSG00000150281.6$CTF1$chr16$30907928$+,0.36
chr1:149711400-149712600,ENSG00000150337.9$FCGR1A$chr1$149754227$+,0.36
chr1:149785600-149786000,ENSG00000150337.9$FCGR1A$chr1$149754227$+,0.37
chr10:63626200-63627400,ENSG00000150347.10$ARID5B$chr10$63661059$+,0.62
chr10:63675000-63676800,ENSG00000150347.10$ARID5B$chr10$63661059$+,0.64
chr10:63685000-63686000,ENSG00000150347.10$ARID5B$chr10$63661059$+,0.64
chr11:124824400-124826000,ENSG00000150433.5$TMEM218$chr11$124981659$-,0.41
chr11:125035000-125035400,ENSG00000150433.5$TMEM218$chr11$124981659$-,0.57
chr11:126135600-126138000,ENSG00000150455.9$TIRAP$chr11$126152960$+,0.41
chr11:126139400-126141600,ENSG00000150455.9$TIRAP$chr11$126152960$+,0.65
chr11:126171800-126173400,ENSG00000150455.9$TIRAP$chr11$126152960$+,0.54
chr13:21275200-21277400,ENSG00000150456.6$N6AMT2$chr13$21348097$-,0.57
chr13:21278400-21279400,ENSG00000150456.6$N6AMT2$chr13$21348097$-,0.5
chr13:21370600-21372800,ENSG00000150456.6$N6AMT2$chr13$21348097$-,0.66
chr13:21470200-21471800,ENSG00000150456.6$N6AMT2$chr13$21348097$-,0.36
chr13:21472200-21472400,ENSG00000150456.6$N6AMT2$chr13$21348097$-,0.41
chr13:21751400-21753400,ENSG00000150459.8$SAP18$chr13$21714653$+,0.57
chr18:34438400-34439200,ENSG00000150477.10$KIAA1328$chr18$34409069$+,0.62
chr14:39629200-39630600,ENSG00000150526.7$MIA2$chr14$39699435$+,0.54
chr14:39640000-39641400,ENSG00000150526.7$MIA2$chr14$39699435$+,0.56
chr14:39642600-39644200,ENSG00000150526.7$MIA2$chr14$39699435$+,0.54
chr14:39676600-39677400,ENSG00000150526.7$MIA2$chr14$39699435$+,0.54
chr14:39733800-39735600,ENSG00000150526.7$MIA2$chr14$39699435$+,0.5
chr10:112708200-112709600,ENSG00000150593.11$PDCD4$chr10$112631565$+,0.41
chr10:112778000-112778600,ENSG00000150594.5$ADRA2A$chr10$112836790$+,0.41
chr4:177117000-177118600,ENSG00000150627.11$WDR17$chr4$176986985$+,0.43
chr4:177238800-177240400,ENSG00000150628.2$SPATA4$chr4$177116822$-,0.51
chr18:67568200-67568800,ENSG00000150637.4$CD226$chr18$67629039$-,0.65
chr18:67572800-67573200,ENSG00000150637.4$CD226$chr18$67629039$-,0.59
chr18:67873800-67875200,ENSG00000150637.4$CD226$chr18$67629039$-,0.36
chr18:72203800-72204200,ENSG00000150656.10$CNDP1$chr18$72201675$+,0.52
chr15:40213600-40215600,ENSG00000150667.6$FSIP1$chr15$40075031$-,0.43
chr11:85359600-85361600,ENSG00000150672.12$DLG2$chr11$85338966$-,0.65
chr11:85376600-85378200,ENSG00000150672.12$DLG2$chr11$85338966$-,0.78
chr11:85405400-85407800,ENSG00000150672.12$DLG2$chr11$85338966$-,0.63
chr11:85731600-85733600,ENSG00000150676.8$CCDC83$chr11$85566144$+,0.36
chr5:32175200-32177200,ENSG00000150712.6$MTMR12$chr5$32313115$-,0.43
chr2:182754600-182756200,ENSG00000150722.6$PPP1R1C$chr2$182818968$+,0.56
chr11:111092800-111094600,ENSG00000150750.6$C11orf53$chr11$111126707$+,0.7
chr5:10283600-10285000,ENSG00000150753.7$CCT5$chr5$10250033$+,0.54
chr5:10350800-10353000,ENSG00000150753.7$CCT5$chr5$10250033$+,0.45
chr5:10283600-10285000,ENSG00000150756.9$FAM173B$chr5$10250009$-,0.61
chr5:10350800-10353000,ENSG00000150756.9$FAM173B$chr5$10250009$-,0.43
chr11:111740000-111741600,ENSG00000150764.9$DIXDC1$chr11$111797868$+,0.65
chr11:111742400-111743400,ENSG00000150764.9$DIXDC1$chr11$111797868$+,0.7
chr11:111893200-111895400,ENSG00000150764.9$DIXDC1$chr11$111797868$+,0.56
chr11:111896800-111898000,ENSG00000150764.9$DIXDC1$chr11$111797868$+,0.51
chr11:111943600-111944600,ENSG00000150764.9$DIXDC1$chr11$111797868$+,0.46
chr11:111740000-111741600,ENSG00000150768.11$DLAT$chr11$111895538$+,0.52
chr11:111742400-111743400,ENSG00000150768.11$DLAT$chr11$111895538$+,0.41
chr11:111943600-111944600,ENSG00000150768.11$DLAT$chr11$111895538$+,0.55
chr11:111955200-111956800,ENSG00000150768.11$DLAT$chr11$111895538$+,0.52
chr11:111740000-111741600,ENSG00000150773.6$PIH1D2$chr11$111944998$-,0.35
chr11:111893200-111895400,ENSG00000150773.6$PIH1D2$chr11$111944998$-,0.63
chr11:111896800-111898000,ENSG00000150773.6$PIH1D2$chr11$111944998$-,0.56
chr11:111955200-111956800,ENSG00000150773.6$PIH1D2$chr11$111944998$-,0.6
chr11:111893200-111895400,ENSG00000150776.13$C11orf57$chr11$111944810$+,0.61
chr11:111896800-111898000,ENSG00000150776.13$C11orf57$chr11$111944810$+,0.56
chr11:111955200-111956800,ENSG00000150776.13$C11orf57$chr11$111944810$+,0.63
chr11:111893200-111895400,ENSG00000150779.7$TIMM8B$chr11$111957522$-,0.63
chr11:111896800-111898000,ENSG00000150779.7$TIMM8B$chr11$111957522$-,0.47
chr11:111943600-111944600,ENSG00000150779.7$TIMM8B$chr11$111957522$-,0.66
chr11:111943600-111944600,ENSG00000150787.3$PTS$chr11$112097088$+,0.43
chr11:111955200-111956800,ENSG00000150787.3$PTS$chr11$112097088$+,0.39
chr10:22779600-22781800,ENSG00000150867.9$PIP4K2A$chr10$23003484$-,0.36
chr2:11091200-11093600,ENSG00000150873.7$C2orf50$chr2$11273179$+,0.39
chr2:11431800-11434000,ENSG00000150873.7$C2orf50$chr2$11273179$+,0.46
chr13:41103800-41106000,ENSG00000150907.6$FOXO1$chr13$41240734$-,0.37
chr13:41207200-41207400,ENSG00000150907.6$FOXO1$chr13$41240734$-,0.54
chr13:41315400-41316200,ENSG00000150907.6$FOXO1$chr13$41240734$-,0.52
chr4:119757800-119758800,ENSG00000150961.10$SEC24D$chr4$119759838$-,0.45
chr12:123310200-123312600,ENSG00000150967.13$ABCB9$chr12$123466196$-,0.37
chr12:123317800-123319400,ENSG00000150967.13$ABCB9$chr12$123466196$-,0.51
chr12:123457400-123458800,ENSG00000150967.13$ABCB9$chr12$123466196$-,0.56
chr12:123684400-123686000,ENSG00000150967.13$ABCB9$chr12$123466196$-,0.37
chr12:123850400-123852000,ENSG00000150977.9$RILPL2$chr12$123921264$-,0.62
chr12:125399600-125402000,ENSG00000150990.3$DHX37$chr12$125473668$-,0.5
chr12:125424400-125426800,ENSG00000150990.3$DHX37$chr12$125473668$-,0.6
chr12:125476800-125478000,ENSG00000150990.3$DHX37$chr12$125473668$-,0.49
chr12:125424400-125426800,ENSG00000150991.10$UBC$chr12$125401914$-,0.56
chr12:125471400-125473200,ENSG00000150991.10$UBC$chr12$125401914$-,0.4
chr12:125473400-125474600,ENSG00000150991.10$UBC$chr12$125401914$-,0.4
chr12:125476800-125478000,ENSG00000150991.10$UBC$chr12$125401914$-,0.4
chr3:4392400-4394800,ENSG00000150995.13$ITPR1$chr3$4535032$+,0.4
chr3:4507200-4508400,ENSG00000150995.13$ITPR1$chr3$4535032$+,0.65
chr3:4674800-4677000,ENSG00000150995.13$ITPR1$chr3$4535032$+,0.49
chr4:164316200-164317200,ENSG00000151005.3$TKTL2$chr4$164395047$-,0.52
chr4:164413800-164415400,ENSG00000151005.3$TKTL2$chr4$164395047$-,0.62
chr4:164464600-164466800,ENSG00000151005.3$TKTL2$chr4$164395047$-,0.37
chr16:31106400-31108000,ENSG00000151006.7$PRSS53$chr16$31100949$-,0.45
chr10:25257800-25259800,ENSG00000151023.12$ENKUR$chr10$25305089$-,0.66
chr10:25270000-25271800,ENSG00000151023.12$ENKUR$chr10$25305089$-,0.7
chr12:4756400-4757600,ENSG00000151079.6$KCNA6$chr12$4918342$+,0.42
chr3:25684200-25686000,ENSG00000151092.12$NGLY1$chr3$25831530$-,0.45
chr3:25825600-25827800,ENSG00000151092.12$NGLY1$chr3$25831530$-,0.57
chr3:25867200-25869200,ENSG00000151092.12$NGLY1$chr3$25831530$-,0.69
chr3:25684200-25686000,ENSG00000151093.3$OXSM$chr3$25824408$+,0.43
chr3:25867200-25869200,ENSG00000151093.3$OXSM$chr3$25824408$+,0.52
chr11:18607800-18609400,ENSG00000151116.12$UEVLD$chr11$18610294$-,0.36
chr11:18642600-18644200,ENSG00000151116.12$UEVLD$chr11$18610294$-,0.55
chr11:18647600-18648800,ENSG00000151116.12$UEVLD$chr11$18610294$-,0.61
chr11:18649400-18651600,ENSG00000151116.12$UEVLD$chr11$18610294$-,0.63
chr11:18686600-18688000,ENSG00000151116.12$UEVLD$chr11$18610294$-,0.36
chr11:18718000-18720200,ENSG00000151117.4$TMEM86A$chr11$18714669$+,0.5
chr12:105350400-105351800,ENSG00000151131.5$C12orf45$chr12$105380088$+,0.6
chr12:107296000-107298000,ENSG00000151135.5$C12orf23$chr12$107349497$+,0.62
chr12:107303000-107305200,ENSG00000151135.5$C12orf23$chr12$107349497$+,0.62
chr12:107407200-107408400,ENSG00000151135.5$C12orf23$chr12$107349497$+,0.68
chr12:107416600-107417600,ENSG00000151135.5$C12orf23$chr12$107349497$+,0.44
chr12:107460200-107461200,ENSG00000151135.5$C12orf23$chr12$107349497$+,0.39
chr12:107461600-107461800,ENSG00000151135.5$C12orf23$chr12$107349497$+,0.4
chr12:107472400-107474800,ENSG00000151135.5$C12orf23$chr12$107349497$+,0.43
chr12:107484000-107486200,ENSG00000151135.5$C12orf23$chr12$107349497$+,0.4
chr12:107680800-107682200,ENSG00000151136.10$BTBD11$chr12$107712190$+,0.46
chr12:107781000-107781600,ENSG00000151136.10$BTBD11$chr12$107712190$+,0.56
chr12:107785600-107788000,ENSG00000151136.10$BTBD11$chr12$107712190$+,0.53
chr12:107825000-107827400,ENSG00000151136.10$BTBD11$chr12$107712190$+,0.35
chr12:107934200-107935600,ENSG00000151136.10$BTBD11$chr12$107712190$+,0.41
chr12:109982000-109984400,ENSG00000151148.9$UBE3B$chr12$109915207$+,0.6
chr12:110012000-110014200,ENSG00000151148.9$UBE3B$chr12$109915207$+,0.59
chr10:62378400-62378600,ENSG00000151150.16$ANK3$chr10$62493248$-,0.41
chr10:62397000-62397400,ENSG00000151150.16$ANK3$chr10$62493248$-,0.54
chr10:62397600-62398000,ENSG00000151150.16$ANK3$chr10$62493248$-,0.52
chr10:62403400-62405000,ENSG00000151150.16$ANK3$chr10$62493248$-,0.48
chr10:62405200-62407600,ENSG00000151150.16$ANK3$chr10$62493248$-,0.49
chr10:62411800-62412800,ENSG00000151150.16$ANK3$chr10$62493248$-,0.48
chr10:62446600-62447200,ENSG00000151150.16$ANK3$chr10$62493248$-,0.63
chr10:62450800-62451000,ENSG00000151150.16$ANK3$chr10$62493248$-,0.58
chr10:62459600-62460200,ENSG00000151150.16$ANK3$chr10$62493248$-,0.61
chr10:62471600-62471800,ENSG00000151150.16$ANK3$chr10$62493248$-,0.6
chr10:62480400-62481000,ENSG00000151150.16$ANK3$chr10$62493248$-,0.63
chr10:62481200-62483600,ENSG00000151150.16$ANK3$chr10$62493248$-,0.67
chr10:62526400-62528000,ENSG00000151150.16$ANK3$chr10$62493248$-,0.55
chr10:62528400-62529800,ENSG00000151150.16$ANK3$chr10$62493248$-,0.61
chr10:62551600-62553400,ENSG00000151150.16$ANK3$chr10$62493248$-,0.57
chr10:60012000-60013000,ENSG00000151151.5$IPMK$chr10$60027694$-,0.64
chr10:60029600-60032000,ENSG00000151151.5$IPMK$chr10$60027694$-,0.51
chr10:60081200-60083600,ENSG00000151151.5$IPMK$chr10$60027694$-,0.53
chr10:60142200-60144400,ENSG00000151151.5$IPMK$chr10$60027694$-,0.38
chr10:60151000-60152000,ENSG00000151151.5$IPMK$chr10$60027694$-,0.41
chr12:110822000-110823600,ENSG00000151164.14$RAD9B$chr12$110939460$+,0.51
chr12:110841800-110843400,ENSG00000151164.14$RAD9B$chr12$110939460$+,0.46
chr12:110867800-110869600,ENSG00000151164.14$RAD9B$chr12$110939460$+,0.47
chr12:110907200-110909600,ENSG00000151164.14$RAD9B$chr12$110939460$+,0.54
chr12:113540600-113542800,ENSG00000151176.3$PLBD2$chr12$113796371$+,0.39
chr12:113547200-113548800,ENSG00000151176.3$PLBD2$chr12$113796371$+,0.39
chr12:113624000-113626400,ENSG00000151176.3$PLBD2$chr12$113796371$+,0.4
chr12:113657800-113658600,ENSG00000151176.3$PLBD2$chr12$113796371$+,0.52
chr12:40530600-40532800,ENSG00000151229.8$SLC2A13$chr12$40499891$-,0.64
chr12:40561800-40563200,ENSG00000151229.8$SLC2A13$chr12$40499891$-,0.59
chr12:40575200-40576200,ENSG00000151229.8$SLC2A13$chr12$40499891$-,0.53
chr12:42602000-42603600,ENSG00000151233.6$GXYLT1$chr12$42538681$-,0.45
chr12:44094800-44095800,ENSG00000151239.9$TWF1$chr12$44200178$-,0.44
chr12:44149800-44152200,ENSG00000151239.9$TWF1$chr12$44200178$-,0.59
chr4:99823800-99826000,ENSG00000151247.8$EIF4E$chr4$99851788$-,0.56
chr4:99914800-99916200,ENSG00000151247.8$EIF4E$chr4$99851788$-,0.65
chr13:103243400-103244800,ENSG00000151287.12$TEX30$chr13$103426161$-,0.39
chr13:103331800-103334200,ENSG00000151287.12$TEX30$chr13$103426161$-,0.58
chr13:103496800-103497800,ENSG00000151287.12$TEX30$chr13$103426161$-,0.48
chr5:122760000-122762000,ENSG00000151292.13$CSNK1G3$chr5$122847793$+,0.5
chr5:122906400-122908800,ENSG00000151292.13$CSNK1G3$chr5$122847793$+,0.45
chr14:35345000-35345800,ENSG00000151327.8$FAM177A1$chr14$35514113$+,0.37
chr14:35418000-35418200,ENSG00000151327.8$FAM177A1$chr14$35514113$+,0.4
chr14:35446000-35446600,ENSG00000151327.8$FAM177A1$chr14$35514113$+,0.42
chr14:35447000-35447200,ENSG00000151327.8$FAM177A1$chr14$35514113$+,0.49
chr14:35448800-35450800,ENSG00000151327.8$FAM177A1$chr14$35514113$+,0.44
chr14:35458000-35459800,ENSG00000151327.8$FAM177A1$chr14$35514113$+,0.45
chr14:35463200-35465600,ENSG00000151327.8$FAM177A1$chr14$35514113$+,0.55
chr14:35529600-35532000,ENSG00000151327.8$FAM177A1$chr14$35514113$+,0.79
chr14:35609800-35610600,ENSG00000151327.8$FAM177A1$chr14$35514113$+,0.47
chr11:44088400-44090000,ENSG00000151348.9$EXT2$chr11$44117099$+,0.65
chr11:77706200-77707200,ENSG00000151364.11$KCTD14$chr11$77757237$-,0.48
chr11:77805200-77806200,ENSG00000151364.11$KCTD14$chr11$77757237$-,0.36
chr11:77706200-77707200,ENSG00000151366.8$NDUFC2$chr11$77791265$-,0.56
chr11:77805200-77806200,ENSG00000151366.8$NDUFC2$chr11$77791265$-,0.61
chr11:77848200-77850200,ENSG00000151366.8$NDUFC2$chr11$77791265$-,0.51
chr11:77851200-77852800,ENSG00000151366.8$NDUFC2$chr11$77791265$-,0.51
chr14:31846000-31848200,ENSG00000151413.12$NUBPL$chr14$31959162$+,0.37
chr14:31886400-31888800,ENSG00000151413.12$NUBPL$chr14$31959162$+,0.39
chr14:31926800-31928600,ENSG00000151413.12$NUBPL$chr14$31959162$+,0.64
chr1:198016600-198019000,ENSG00000151414.10$NEK7$chr1$198126093$+,0.43
chr1:198178800-198179400,ENSG00000151414.10$NEK7$chr1$198126093$+,0.54
chr1:198198000-198199800,ENSG00000151414.10$NEK7$chr1$198126093$+,0.52
chr1:198217000-198217800,ENSG00000151414.10$NEK7$chr1$198126093$+,0.47
chr1:198532600-198535000,ENSG00000151418.7$ATP6V1G3$chr1$198510075$-,0.67
chr1:198710000-198712400,ENSG00000151418.7$ATP6V1G3$chr1$198510075$-,0.35
chr5:108104600-108105600,ENSG00000151422.8$FER$chr5$108083523$+,0.72
chr14:78083200-78085600,ENSG00000151445.11$VIPAS39$chr14$77924295$-,0.36
chr10:12028400-12029400,ENSG00000151461.15$UPF2$chr10$12085169$-,0.56
chr10:12067000-12067400,ENSG00000151461.15$UPF2$chr10$12085169$-,0.58
chr10:12067600-12068600,ENSG00000151461.15$UPF2$chr10$12085169$-,0.63
chr10:12069400-12071200,ENSG00000151461.15$UPF2$chr10$12085169$-,0.66
chr10:12108800-12110800,ENSG00000151461.15$UPF2$chr10$12085169$-,0.61
chr10:12169800-12171400,ENSG00000151461.15$UPF2$chr10$12085169$-,0.52
chr10:12172200-12173800,ENSG00000151461.15$UPF2$chr10$12085169$-,0.49
chr10:12067000-12067400,ENSG00000151465.9$CDC123$chr10$12237964$+,0.39
chr10:12067600-12068600,ENSG00000151465.9$CDC123$chr10$12237964$+,0.36
chr10:12108800-12110800,ENSG00000151465.9$CDC123$chr10$12237964$+,0.54
chr10:12169800-12171400,ENSG00000151465.9$CDC123$chr10$12237964$+,0.6
chr10:12172200-12173800,ENSG00000151465.9$CDC123$chr10$12237964$+,0.55
chr10:12389400-12391000,ENSG00000151465.9$CDC123$chr10$12237964$+,0.43
chr4:129882400-129884000,ENSG00000151466.7$SCLT1$chr4$130014764$-,0.42
chr10:13116600-13119000,ENSG00000151468.9$CCDC3$chr10$13141652$-,0.59
chr10:13329400-13330800,ENSG00000151468.9$CCDC3$chr10$13141652$-,0.41
chr10:13341600-13344000,ENSG00000151468.9$CCDC3$chr10$13141652$-,0.38
chr10:13344400-13345400,ENSG00000151468.9$CCDC3$chr10$13141652$-,0.37
chr4:129882400-129884000,ENSG00000151470.8$C4orf33$chr4$130014472$+,0.42
chr10:14431200-14433600,ENSG00000151474.15$FRMD4A$chr10$14504141$-,0.66
chr4:128802800-128805200,ENSG00000151475.4$SLC25A31$chr4$128651533$+,0.4
chr12:15942800-15944000,ENSG00000151491.8$EPS8$chr12$16035263$-,0.61
chr10:114230600-114232800,ENSG00000151532.9$VTI1A$chr10$114206756$+,0.57
chr4:17577400-17578400,ENSG00000151552.7$QDPR$chr4$17513857$-,0.53
chr10:116568400-116568600,ENSG00000151553.10$FAM160B1$chr10$116581503$+,0.57
chr10:116569400-116569800,ENSG00000151553.10$FAM160B1$chr10$116581503$+,0.55
chr10:116696600-116697800,ENSG00000151553.10$FAM160B1$chr10$116581503$+,0.42
chr15:56460000-56461600,ENSG00000151575.10$TEX9$chr15$56536207$+,0.38
chr15:56482200-56483000,ENSG00000151575.10$TEX9$chr15$56536207$+,0.49
chr15:56483200-56485600,ENSG00000151575.10$TEX9$chr15$56536207$+,0.56
chr3:113664800-113666200,ENSG00000151576.6$QTRTD1$chr3$113724680$+,0.47
chr3:113667400-113669000,ENSG00000151576.6$QTRTD1$chr3$113724680$+,0.58
chr3:113773800-113774800,ENSG00000151576.6$QTRTD1$chr3$113724680$+,0.57
chr3:113960000-113960800,ENSG00000151577.8$DRD3$chr3$113918254$-,0.51
chr3:114003600-114006000,ENSG00000151577.8$DRD3$chr3$113918254$-,0.36
chr4:146401000-146403000,ENSG00000151611.9$MMAA$chr4$146539415$+,0.37
chr4:146541200-146543200,ENSG00000151611.9$MMAA$chr4$146539415$+,0.47
chr4:149244600-149247000,ENSG00000151623.10$NR3C2$chr4$149365850$-,0.35
chr4:149269800-149272000,ENSG00000151623.10$NR3C2$chr4$149365850$-,0.42
chr4:149328000-149328600,ENSG00000151623.10$NR3C2$chr4$149365850$-,0.46
chr4:149336000-149337000,ENSG00000151623.10$NR3C2$chr4$149365850$-,0.46
chr4:149349800-149350400,ENSG00000151623.10$NR3C2$chr4$149365850$-,0.48
chr10:133971600-133973800,ENSG00000151640.8$DPYSL4$chr10$134000404$+,0.65
chr10:135122600-135124400,ENSG00000151651.11$ADAM8$chr10$135090372$-,0.63
chr10:135131800-135133400,ENSG00000151651.11$ADAM8$chr10$135090372$-,0.58
chr10:135208400-135210600,ENSG00000151651.11$ADAM8$chr10$135090372$-,0.49
chr10:135221400-135222200,ENSG00000151651.11$ADAM8$chr10$135090372$-,0.43
chr10:135222800-135223200,ENSG00000151651.11$ADAM8$chr10$135090372$-,0.43
chr10:7866000-7868200,ENSG00000151657.7$KIN$chr10$7829990$-,0.63
chr10:7913800-7915400,ENSG00000151657.7$KIN$chr10$7829990$-,0.54
chr2:46839600-46840000,ENSG00000151665.8$PIGF$chr2$46844258$-,0.74
chr2:46840800-46843200,ENSG00000151665.8$PIGF$chr2$46844258$-,0.39
chr2:46861200-46863000,ENSG00000151665.8$PIGF$chr2$46844258$-,0.66
chr2:190455000-190455800,ENSG00000151687.10$ANKAR$chr2$190539016$+,0.56
chr2:190460200-190461200,ENSG00000151687.10$ANKAR$chr2$190539016$+,0.58
chr2:190539800-190541800,ENSG00000151687.10$ANKAR$chr2$190539016$+,0.4
chr2:190549600-190551400,ENSG00000151687.10$ANKAR$chr2$190539016$+,0.75
chr2:190625600-190627000,ENSG00000151687.10$ANKAR$chr2$190539016$+,0.52
chr2:191184600-191186600,ENSG00000151689.8$INPP1$chr2$191208196$+,0.39
chr2:191209200-191211600,ENSG00000151689.8$INPP1$chr2$191208196$+,0.46
chr2:191184600-191186600,ENSG00000151690.10$MFSD6$chr2$191273081$+,0.45
chr2:191206800-191208400,ENSG00000151690.10$MFSD6$chr2$191273081$+,0.47
chr2:191209200-191211600,ENSG00000151690.10$MFSD6$chr2$191273081$+,0.5
chr2:7006400-7008200,ENSG00000151692.10$RNF144A$chr2$7057523$+,0.54
chr2:7044200-7046000,ENSG00000151692.10$RNF144A$chr2$7057523$+,0.59
chr2:7046400-7047400,ENSG00000151692.10$RNF144A$chr2$7057523$+,0.57
chr2:7047600-7047800,ENSG00000151692.10$RNF144A$chr2$7057523$+,0.6
chr2:7183400-7185000,ENSG00000151692.10$RNF144A$chr2$7057523$+,0.44
chr2:9612800-9614000,ENSG00000151694.8$ADAM17$chr2$9695921$-,0.43
chr11:128511400-128512000,ENSG00000151702.12$FLI1$chr11$128556430$+,0.67
chr11:128520800-128521200,ENSG00000151702.12$FLI1$chr11$128556430$+,0.69
chr11:128665000-128667000,ENSG00000151702.12$FLI1$chr11$128556430$+,0.43
chr11:128718400-128720400,ENSG00000151702.12$FLI1$chr11$128556430$+,0.36
chr11:128718400-128720400,ENSG00000151704.11$KCNJ1$chr11$128737268$-,0.39
chr11:129564400-129566800,ENSG00000151715.3$TMEM45B$chr11$129685714$+,0.4
chr11:129666400-129668800,ENSG00000151715.3$TMEM45B$chr11$129685714$+,0.64
chr11:129704800-129707200,ENSG00000151715.3$TMEM45B$chr11$129685714$+,0.63
chr11:129765800-129766600,ENSG00000151715.3$TMEM45B$chr11$129685714$+,0.58
chr4:185627200-185628200,ENSG00000151725.7$MLF1IP$chr4$185655287$-,0.62
chr4:185660000-185662200,ENSG00000151725.7$MLF1IP$chr4$185655287$-,0.57
chr4:185627200-185628200,ENSG00000151726.9$ACSL1$chr4$185747972$-,0.37
chr4:185660000-185662200,ENSG00000151726.9$ACSL1$chr4$185747972$-,0.42
chr4:186043400-186044600,ENSG00000151729.6$SLC25A4$chr4$186064395$+,0.63
chr4:186062200-186064000,ENSG00000151729.6$SLC25A4$chr4$186064395$+,0.38
chr4:186112600-186114400,ENSG00000151729.6$SLC25A4$chr4$186064395$+,0.58
chr4:186117600-186118200,ENSG00000151729.6$SLC25A4$chr4$186064395$+,0.53
chr4:186129600-186130800,ENSG00000151729.6$SLC25A4$chr4$186064395$+,0.52
chr12:31744400-31746200,ENSG00000151743.6$AMN1$chr12$31882108$-,0.46
chr12:31810800-31812000,ENSG00000151743.6$AMN1$chr12$31882108$-,0.53
chr12:31812800-31814200,ENSG00000151743.6$AMN1$chr12$31882108$-,0.5
chr12:31814600-31815400,ENSG00000151743.6$AMN1$chr12$31882108$-,0.53
chr12:31834800-31836000,ENSG00000151743.6$AMN1$chr12$31882108$-,0.56
chr12:31876200-31878400,ENSG00000151743.6$AMN1$chr12$31882108$-,0.54
chr12:31949200-31951400,ENSG00000151743.6$AMN1$chr12$31882108$-,0.42
chr12:31973600-31975000,ENSG00000151743.6$AMN1$chr12$31882108$-,0.41
chr12:31979600-31981800,ENSG00000151743.6$AMN1$chr12$31882108$-,0.43
chr12:32032600-32033800,ENSG00000151743.6$AMN1$chr12$31882108$-,0.45
chr12:32038800-32040200,ENSG00000151743.6$AMN1$chr12$31882108$-,0.36
chr12:32213200-32214000,ENSG00000151746.9$BICD1$chr12$32259769$+,0.49
chr2:15730200-15731600,ENSG00000151779.8$NBAS$chr2$15701454$-,0.66
chr4:44722000-44723400,ENSG00000151806.9$GUF1$chr4$44680444$+,0.7
chr4:44728800-44730000,ENSG00000151806.9$GUF1$chr4$44680444$+,0.64
chr14:59970200-59972400,ENSG00000151838.7$CCDC175$chr14$60043549$-,0.48
chr13:25569600-25570000,ENSG00000151849.10$CENPJ$chr13$25497018$-,0.48
chr5:41859000-41859800,ENSG00000151876.8$FBXO4$chr5$41925356$+,0.44
chr5:41870800-41873000,ENSG00000151876.8$FBXO4$chr5$41925356$+,0.5
chr5:41903000-41903800,ENSG00000151876.8$FBXO4$chr5$41925356$+,0.56
chr5:43388600-43390800,ENSG00000151881.10$C5orf28$chr5$43483995$-,0.49
chr5:43479800-43480800,ENSG00000151881.10$C5orf28$chr5$43483995$-,0.58
chr5:43515800-43516600,ENSG00000151881.10$C5orf28$chr5$43483995$-,0.61
chr5:43532800-43534400,ENSG00000151881.10$C5orf28$chr5$43483995$-,0.46
chr5:49715800-49717000,ENSG00000151883.12$PARP8$chr5$49961733$+,0.37
chr5:49849000-49851000,ENSG00000151883.12$PARP8$chr5$49961733$+,0.35
chr5:49878000-49878400,ENSG00000151883.12$PARP8$chr5$49961733$+,0.46
chr5:49896600-49899000,ENSG00000151883.12$PARP8$chr5$49961733$+,0.44
chr5:50001400-50002800,ENSG00000151883.12$PARP8$chr5$49961733$+,0.61
chr5:50028800-50030400,ENSG00000151883.12$PARP8$chr5$49961733$+,0.45
chr5:50052400-50053200,ENSG00000151883.12$PARP8$chr5$49961733$+,0.38
chr5:50057600-50059000,ENSG00000151883.12$PARP8$chr5$49961733$+,0.42
chr5:50077400-50078000,ENSG00000151883.12$PARP8$chr5$49961733$+,0.38
chr10:120436000-120437400,ENSG00000151893.10$CACUL1$chr10$120514761$-,0.6
chr10:121334200-121336400,ENSG00000151923.13$TIAL1$chr10$121356541$-,0.69
chr10:121409400-121410400,ENSG00000151923.13$TIAL1$chr10$121356541$-,0.53
chr10:121482600-121485000,ENSG00000151923.13$TIAL1$chr10$121356541$-,0.38
chr10:121499000-121501000,ENSG00000151923.13$TIAL1$chr10$121356541$-,0.55
chr10:121650400-121651800,ENSG00000151923.13$TIAL1$chr10$121356541$-,0.36
chr10:121356800-121358200,ENSG00000151929.5$BAG3$chr10$121410882$+,0.52
chr10:121482600-121485000,ENSG00000151929.5$BAG3$chr10$121410882$+,0.61
chr10:121499000-121501000,ENSG00000151929.5$BAG3$chr10$121410882$+,0.58
chr10:121650400-121651800,ENSG00000151929.5$BAG3$chr10$121410882$+,0.37
chr1:145323400-145323800,ENSG00000152022.7$LIX1L$chr1$145477085$+,0.36
chr1:145397800-145400200,ENSG00000152022.7$LIX1L$chr1$145477085$+,0.47
chr1:145421000-145422600,ENSG00000152022.7$LIX1L$chr1$145477085$+,0.52
chr1:145464800-145465400,ENSG00000152022.7$LIX1L$chr1$145477085$+,0.59
chr1:145465800-145467400,ENSG00000152022.7$LIX1L$chr1$145477085$+,0.55
chr1:145468600-145469800,ENSG00000152022.7$LIX1L$chr1$145477085$+,0.57
chr1:145505800-145507000,ENSG00000152022.7$LIX1L$chr1$145477085$+,0.39
chr1:145508400-145509600,ENSG00000152022.7$LIX1L$chr1$145477085$+,0.44
chr1:145514600-145515600,ENSG00000152022.7$LIX1L$chr1$145477085$+,0.53
chr1:145517000-145519000,ENSG00000152022.7$LIX1L$chr1$145477085$+,0.44
chr1:145607800-145610200,ENSG00000152022.7$LIX1L$chr1$145477085$+,0.36
chr2:224711000-224713000,ENSG00000152056.12$AP1S3$chr2$224702744$-,0.69
chr2:224810000-224811400,ENSG00000152056.12$AP1S3$chr2$224702744$-,0.37
chr1:173991800-173993400,ENSG00000152061.17$RABGAP1L$chr1$174128548$+,0.43
chr1:174036800-174037800,ENSG00000152061.17$RABGAP1L$chr1$174128548$+,0.59
chr1:174148000-174149000,ENSG00000152061.17$RABGAP1L$chr1$174128548$+,0.52
chr1:174168800-174170800,ENSG00000152061.17$RABGAP1L$chr1$174128548$+,0.59
chr2:130940400-130942600,ENSG00000152076.14$CCDC74B$chr2$130902707$-,0.43
chr1:95539000-95539800,ENSG00000152078.5$TMEM56$chr1$95582894$+,0.5
chr1:95580800-95582600,ENSG00000152078.5$TMEM56$chr1$95582894$+,0.37
chr1:95681600-95683400,ENSG00000152078.5$TMEM56$chr1$95582894$+,0.4
chr2:130940400-130942600,ENSG00000152082.9$MZT2B$chr2$130939310$+,0.38
chr2:131089600-131090800,ENSG00000152082.9$MZT2B$chr2$130939310$+,0.47
chr2:131114200-131115200,ENSG00000152082.9$MZT2B$chr2$130939310$+,0.37
chr2:130940400-130942600,ENSG00000152086.7$TUBA3E$chr2$130956034$-,0.4
chr2:131842000-131844400,ENSG00000152102.13$FAM168B$chr2$131851033$-,0.62
chr2:131845000-131846600,ENSG00000152102.13$FAM168B$chr2$131851033$-,0.66
chr2:131860600-131863000,ENSG00000152102.13$FAM168B$chr2$131851033$-,0.61
chr2:134800000-134801600,ENSG00000152127.4$MGAT5$chr2$134877554$+,0.6
chr2:134818200-134819400,ENSG00000152127.4$MGAT5$chr2$134877554$+,0.57
chr2:134985600-134985800,ENSG00000152127.4$MGAT5$chr2$134877554$+,0.43
chr2:134986200-134986400,ENSG00000152127.4$MGAT5$chr2$134877554$+,0.48
chr2:135422200-135422400,ENSG00000152128.13$TMEM163$chr2$135476570$-,0.4
chr2:37231800-37233800,ENSG00000152133.10$GPATCH11$chr2$37311594$+,0.48
chr2:37299200-37301000,ENSG00000152133.10$GPATCH11$chr2$37311594$+,0.59
chr2:37303400-37304200,ENSG00000152133.10$GPATCH11$chr2$37311594$+,0.6
chr2:37387200-37387600,ENSG00000152133.10$GPATCH11$chr2$37311594$+,0.5
chr2:38860800-38863000,ENSG00000152147.6$GEMIN6$chr2$38978676$+,0.38
chr2:38884800-38886800,ENSG00000152147.6$GEMIN6$chr2$38978676$+,0.44
chr2:38939400-38941000,ENSG00000152147.6$GEMIN6$chr2$38978676$+,0.55
chr2:38942400-38944400,ENSG00000152147.6$GEMIN6$chr2$38978676$+,0.54
chr2:38951600-38952200,ENSG00000152147.6$GEMIN6$chr2$38978676$+,0.56
chr2:38952400-38953800,ENSG00000152147.6$GEMIN6$chr2$38978676$+,0.59
chr2:38980800-38982400,ENSG00000152147.6$GEMIN6$chr2$38978676$+,0.48
chr2:39005800-39007000,ENSG00000152147.6$GEMIN6$chr2$38978676$+,0.61
chr2:39103600-39104400,ENSG00000152147.6$GEMIN6$chr2$38978676$+,0.38
chr13:79233600-79234800,ENSG00000152192.6$POU4F1$chr13$79177673$-,0.43
chr13:49241000-49242600,ENSG00000152207.3$CYSLTR2$chr13$49280951$+,0.4
chr13:49277000-49279400,ENSG00000152207.3$CYSLTR2$chr13$49280951$+,0.53
chr13:50333000-50335200,ENSG00000152213.3$ARL11$chr13$50202435$+,0.38
chr13:50337600-50339400,ENSG00000152213.3$ARL11$chr13$50202435$+,0.43
chr18:43553400-43555000,ENSG00000152223.8$EPG5$chr18$43547240$-,0.57
chr18:43608200-43609600,ENSG00000152223.8$EPG5$chr18$43547240$-,0.49
chr18:43678400-43680000,ENSG00000152223.8$EPG5$chr18$43547240$-,0.37
chr18:43682600-43684200,ENSG00000152223.8$EPG5$chr18$43547240$-,0.43
chr18:43685000-43686800,ENSG00000152223.8$EPG5$chr18$43547240$-,0.36
chr18:43776400-43778200,ENSG00000152223.8$EPG5$chr18$43547240$-,0.36
chr18:43548000-43548400,ENSG00000152229.14$PSTPIP2$chr18$43652238$-,0.36
chr18:43553400-43555000,ENSG00000152229.14$PSTPIP2$chr18$43652238$-,0.41
chr18:43608200-43609600,ENSG00000152229.14$PSTPIP2$chr18$43652238$-,0.46
chr18:43678400-43680000,ENSG00000152229.14$PSTPIP2$chr18$43652238$-,0.6
chr18:43682600-43684200,ENSG00000152229.14$PSTPIP2$chr18$43652238$-,0.62
chr18:43685000-43686800,ENSG00000152229.14$PSTPIP2$chr18$43652238$-,0.63
chr18:43752400-43753400,ENSG00000152229.14$PSTPIP2$chr18$43652238$-,0.48
chr18:43776400-43778200,ENSG00000152229.14$PSTPIP2$chr18$43652238$-,0.4
chr18:43678400-43680000,ENSG00000152234.11$ATP5A1$chr18$43684300$-,0.49
chr18:43685000-43686800,ENSG00000152234.11$ATP5A1$chr18$43684300$-,0.52
chr18:43776400-43778200,ENSG00000152234.11$ATP5A1$chr18$43684300$-,0.38
chr18:43678400-43680000,ENSG00000152240.8$HAUS1$chr18$43684298$+,0.45
chr18:43685000-43686800,ENSG00000152240.8$HAUS1$chr18$43684298$+,0.49
chr18:43608200-43609600,ENSG00000152242.6$C18orf25$chr18$43753519$+,0.38
chr18:43678400-43680000,ENSG00000152242.6$C18orf25$chr18$43753519$+,0.56
chr18:43682600-43684200,ENSG00000152242.6$C18orf25$chr18$43753519$+,0.53
chr18:43685000-43686800,ENSG00000152242.6$C18orf25$chr18$43753519$+,0.54
chr18:43776400-43778200,ENSG00000152242.6$C18orf25$chr18$43753519$+,0.55
chr18:43787800-43788200,ENSG00000152242.6$C18orf25$chr18$43753519$+,0.53
chr18:43812200-43813600,ENSG00000152242.6$C18orf25$chr18$43753519$+,0.54
chr2:169747000-169747800,ENSG00000152253.4$SPC25$chr2$169769881$-,0.38
chr2:169777000-169778000,ENSG00000152253.4$SPC25$chr2$169769881$-,0.5
chr2:169732800-169734200,ENSG00000152254.6$G6PC2$chr2$169757750$+,0.37
chr2:169736200-169738600,ENSG00000152254.6$G6PC2$chr2$169757750$+,0.41
chr2:169747000-169747800,ENSG00000152254.6$G6PC2$chr2$169757750$+,0.47
chr2:169777000-169778000,ENSG00000152254.6$G6PC2$chr2$169757750$+,0.56
chr2:169817400-169819800,ENSG00000152254.6$G6PC2$chr2$169757750$+,0.44
chr11:13478200-13478600,ENSG00000152266.2$PTH$chr11$13517728$-,0.73
chr11:13479400-13480400,ENSG00000152266.2$PTH$chr11$13517728$-,0.72
chr11:13688000-13689400,ENSG00000152266.2$PTH$chr11$13517728$-,0.4
chr11:14701000-14703400,ENSG00000152270.4$PDE3B$chr11$14665269$+,0.43
chr11:14704800-14706600,ENSG00000152270.4$PDE3B$chr11$14665269$+,0.43
chr11:14730800-14732400,ENSG00000152270.4$PDE3B$chr11$14665269$+,0.36
chr2:85644200-85646000,ENSG00000152291.9$TGOLN2$chr2$85555548$-,0.38
chr2:85555800-85557000,ENSG00000152292.12$SH2D6$chr2$85645844$+,0.49
chr1:162529600-162531000,ENSG00000152332.11$UHMK1$chr1$162467041$+,0.62
chr5:74944000-74945000,ENSG00000152359.10$POC5$chr5$75013313$-,0.5
chr1:166944600-166947000,ENSG00000152382.5$TADA1$chr1$166845564$-,0.36
chr1:167012200-167013200,ENSG00000152382.5$TADA1$chr1$166845564$-,0.4
chr1:167013400-167014400,ENSG00000152382.5$TADA1$chr1$166845564$-,0.41
chr1:167028000-167029200,ENSG00000152382.5$TADA1$chr1$166845564$-,0.39
chr11:107322400-107323200,ENSG00000152404.11$CWF19L2$chr11$107328572$-,0.43
chr5:78428600-78430800,ENSG00000152409.8$JMY$chr5$78532012$+,0.35
chr5:78489400-78490200,ENSG00000152409.8$JMY$chr5$78532012$+,0.48
chr5:78541400-78541800,ENSG00000152409.8$JMY$chr5$78532012$+,0.64
chr5:78542000-78543400,ENSG00000152409.8$JMY$chr5$78532012$+,0.64
chr5:78564800-78567200,ENSG00000152409.8$JMY$chr5$78532012$+,0.62
chr2:198568400-198569600,ENSG00000152430.13$BOLL$chr2$198651486$-,0.43
chr2:198577600-198579200,ENSG00000152430.13$BOLL$chr2$198651486$-,0.38
chr2:198706200-198708400,ENSG00000152430.13$BOLL$chr2$198651486$-,0.42
chr19:57703800-57705600,ENSG00000152433.10$ZNF547$chr19$57874845$+,0.49
chr19:57751000-57751600,ENSG00000152433.10$ZNF547$chr19$57874845$+,0.6
chr19:57789400-57791400,ENSG00000152433.10$ZNF547$chr19$57874845$+,0.59
chr19:57861600-57862200,ENSG00000152433.10$ZNF547$chr19$57874845$+,0.72
chr19:57900000-57901200,ENSG00000152433.10$ZNF547$chr19$57874845$+,0.71
chr19:57921400-57922400,ENSG00000152433.10$ZNF547$chr19$57874845$+,0.58
chr19:57944600-57946400,ENSG00000152433.10$ZNF547$chr19$57874845$+,0.5
chr19:57999400-58000800,ENSG00000152433.10$ZNF547$chr19$57874845$+,0.59
chr19:58037800-58038600,ENSG00000152433.10$ZNF547$chr19$57874845$+,0.39
chr19:58039400-58040600,ENSG00000152433.10$ZNF547$chr19$57874845$+,0.47
chr19:57872200-57874400,ENSG00000152439.8$ZNF773$chr19$58011283$+,0.42
chr19:57900000-57901200,ENSG00000152439.8$ZNF773$chr19$58011283$+,0.42
chr19:57921400-57922400,ENSG00000152439.8$ZNF773$chr19$58011283$+,0.45
chr19:57944600-57946400,ENSG00000152439.8$ZNF773$chr19$58011283$+,0.49
chr19:57999400-58000800,ENSG00000152439.8$ZNF773$chr19$58011283$+,0.56
chr19:58037800-58038600,ENSG00000152439.8$ZNF773$chr19$58011283$+,0.58
chr19:58039400-58040600,ENSG00000152439.8$ZNF773$chr19$58011283$+,0.59
chr19:58088800-58089800,ENSG00000152439.8$ZNF773$chr19$58011283$+,0.48
chr19:58090200-58091400,ENSG00000152439.8$ZNF773$chr19$58011283$+,0.45
chr19:58110200-58111200,ENSG00000152439.8$ZNF773$chr19$58011283$+,0.44
chr19:58143400-58144400,ENSG00000152439.8$ZNF773$chr19$58011283$+,0.35
chr19:58145200-58147000,ENSG00000152439.8$ZNF773$chr19$58011283$+,0.35
chr19:58174600-58177000,ENSG00000152439.8$ZNF773$chr19$58011283$+,0.35
chr19:58110200-58111200,ENSG00000152443.8$ZNF776$chr19$58258164$+,0.39
chr19:58143400-58144400,ENSG00000152443.8$ZNF776$chr19$58258164$+,0.37
chr19:58145200-58147000,ENSG00000152443.8$ZNF776$chr19$58258164$+,0.35
chr19:58174600-58177000,ENSG00000152443.8$ZNF776$chr19$58258164$+,0.4
chr19:58237000-58238400,ENSG00000152443.8$ZNF776$chr19$58258164$+,0.64
chr19:58329400-58330600,ENSG00000152443.8$ZNF776$chr19$58258164$+,0.56
chr19:58360400-58361200,ENSG00000152443.8$ZNF776$chr19$58258164$+,0.37
chr19:58257400-58258200,ENSG00000152454.3$ZNF256$chr19$58459043$-,0.38
chr19:58329400-58330600,ENSG00000152454.3$ZNF256$chr19$58459043$-,0.44
chr19:58360400-58361200,ENSG00000152454.3$ZNF256$chr19$58459043$-,0.52
chr19:58400400-58402400,ENSG00000152454.3$ZNF256$chr19$58459043$-,0.6
chr19:58511200-58513600,ENSG00000152454.3$ZNF256$chr19$58459043$-,0.57
chr10:14854000-14855400,ENSG00000152455.11$SUV39H2$chr10$14920819$+,0.51
chr10:14878000-14879400,ENSG00000152455.11$SUV39H2$chr10$14920819$+,0.52
chr10:14881400-14882600,ENSG00000152455.11$SUV39H2$chr10$14920819$+,0.64
chr10:14957400-14958400,ENSG00000152455.11$SUV39H2$chr10$14920819$+,0.54
chr10:14983000-14985400,ENSG00000152455.11$SUV39H2$chr10$14920819$+,0.46
chr10:14996600-14998200,ENSG00000152455.11$SUV39H2$chr10$14920819$+,0.37
chr10:14854000-14855400,ENSG00000152457.13$DCLRE1C$chr10$14996431$-,0.41
chr10:14878000-14879400,ENSG00000152457.13$DCLRE1C$chr10$14996431$-,0.55
chr10:14881400-14882600,ENSG00000152457.13$DCLRE1C$chr10$14996431$-,0.48
chr10:14957400-14958400,ENSG00000152457.13$DCLRE1C$chr10$14996431$-,0.45
chr10:14983000-14985400,ENSG00000152457.13$DCLRE1C$chr10$14996431$-,0.56
chr10:15008800-15010000,ENSG00000152457.13$DCLRE1C$chr10$14996431$-,0.55
chr10:15137400-15138800,ENSG00000152457.13$DCLRE1C$chr10$14996431$-,0.42
chr10:14996600-14998200,ENSG00000152463.10$OLAH$chr10$15074226$+,0.47
chr10:15008800-15010000,ENSG00000152463.10$OLAH$chr10$15074226$+,0.37
chr10:15137400-15138800,ENSG00000152463.10$OLAH$chr10$15074226$+,0.47
chr10:14431200-14433600,ENSG00000152464.10$RPP38$chr10$15139179$+,0.37
chr10:14983000-14985400,ENSG00000152464.10$RPP38$chr10$15139179$+,0.43
chr10:14996600-14998200,ENSG00000152464.10$RPP38$chr10$15139179$+,0.53
chr10:15216200-15217800,ENSG00000152464.10$RPP38$chr10$15139179$+,0.44
chr10:15137400-15138800,ENSG00000152465.13$NMT2$chr10$15210692$-,0.47
chr10:15216200-15217800,ENSG00000152465.13$NMT2$chr10$15210692$-,0.61
chr19:58738400-58739600,ENSG00000152475.6$ZNF837$chr19$58892427$-,0.47
chr19:58788200-58789600,ENSG00000152475.6$ZNF837$chr19$58892427$-,0.4
chr19:58791000-58793400,ENSG00000152475.6$ZNF837$chr19$58892427$-,0.59
chr19:58815000-58816200,ENSG00000152475.6$ZNF837$chr19$58892427$-,0.45
chr19:58836000-58838000,ENSG00000152475.6$ZNF837$chr19$58892427$-,0.59
chr19:58872400-58873400,ENSG00000152475.6$ZNF837$chr19$58892427$-,0.65
chr19:58895600-58897800,ENSG00000152475.6$ZNF837$chr19$58892427$-,0.54
chr19:58910800-58912800,ENSG00000152475.6$ZNF837$chr19$58892427$-,0.66
chr19:58917600-58919200,ENSG00000152475.6$ZNF837$chr19$58892427$-,0.73
chr19:58920800-58922000,ENSG00000152475.6$ZNF837$chr19$58892427$-,0.76
chr19:58952200-58953400,ENSG00000152475.6$ZNF837$chr19$58892427$-,0.47
chr19:58961800-58962800,ENSG00000152475.6$ZNF837$chr19$58892427$-,0.57
chr19:58987800-58989800,ENSG00000152475.6$ZNF837$chr19$58892427$-,0.54
chr19:59000000-59001000,ENSG00000152475.6$ZNF837$chr19$58892427$-,0.48
chr19:59054000-59055200,ENSG00000152475.6$ZNF837$chr19$58892427$-,0.47
chr19:59063400-59065800,ENSG00000152475.6$ZNF837$chr19$58892427$-,0.39
chr13:27746800-27747800,ENSG00000152484.9$USP12$chr13$27746033$-,0.35
chr13:27823600-27824800,ENSG00000152484.9$USP12$chr13$27746033$-,0.48
chr3:191045000-191046800,ENSG00000152492.9$CCDC50$chr3$191046866$+,0.48
chr5:110405000-110407400,ENSG00000152495.6$CAMK4$chr5$110559351$+,0.41
chr5:110408200-110408800,ENSG00000152495.6$CAMK4$chr5$110559351$+,0.42
chr5:110546200-110548000,ENSG00000152495.6$CAMK4$chr5$110559351$+,0.62
chr5:110549200-110550800,ENSG00000152495.6$CAMK4$chr5$110559351$+,0.6
chr5:110609400-110611000,ENSG00000152495.6$CAMK4$chr5$110559351$+,0.5
chr5:110611200-110611400,ENSG00000152495.6$CAMK4$chr5$110559351$+,0.58
chr5:110620000-110620400,ENSG00000152495.6$CAMK4$chr5$110559351$+,0.52
chr5:110620600-110623000,ENSG00000152495.6$CAMK4$chr5$110559351$+,0.49
chr5:110631800-110632800,ENSG00000152495.6$CAMK4$chr5$110559351$+,0.48
chr5:110634400-110636400,ENSG00000152495.6$CAMK4$chr5$110559351$+,0.45
chr5:110672800-110674200,ENSG00000152495.6$CAMK4$chr5$110559351$+,0.41
chr5:110675800-110676600,ENSG00000152495.6$CAMK4$chr5$110559351$+,0.39
chr5:110676800-110678400,ENSG00000152495.6$CAMK4$chr5$110559351$+,0.38
chr5:110678600-110680200,ENSG00000152495.6$CAMK4$chr5$110559351$+,0.43
chr5:110684400-110685800,ENSG00000152495.6$CAMK4$chr5$110559351$+,0.38
chr5:114403800-114405800,ENSG00000152503.5$TRIM36$chr5$114516243$-,0.38
chr5:114503600-114505200,ENSG00000152503.5$TRIM36$chr5$114516243$-,0.48
chr5:114506400-114507400,ENSG00000152503.5$TRIM36$chr5$114516243$-,0.61
chr5:114598800-114599800,ENSG00000152503.5$TRIM36$chr5$114516243$-,0.48
chr5:114630000-114631600,ENSG00000152503.5$TRIM36$chr5$114516243$-,0.47
chr5:114632600-114633400,ENSG00000152503.5$TRIM36$chr5$114516243$-,0.46
chr13:28739800-28742200,ENSG00000152520.9$PAN3$chr13$28712643$+,0.68
chr13:28746800-28748800,ENSG00000152520.9$PAN3$chr13$28712643$+,0.58
chr2:43801800-43802000,ENSG00000152527.9$PLEKHH2$chr2$43864412$+,0.59
chr2:43999400-44001000,ENSG00000152527.9$PLEKHH2$chr2$43864412$+,0.48
chr2:44001800-44002600,ENSG00000152527.9$PLEKHH2$chr2$43864412$+,0.52
chr12:48356000-48357400,ENSG00000152556.11$PFKM$chr12$48498922$+,0.41
chr12:48511600-48513000,ENSG00000152556.11$PFKM$chr12$48498922$+,0.58
chr12:48561400-48561600,ENSG00000152556.11$PFKM$chr12$48498922$+,0.44
chr12:48574800-48577000,ENSG00000152556.11$PFKM$chr12$48498922$+,0.55
chr11:102227600-102230000,ENSG00000152558.10$TMEM123$chr11$102341115$-,0.43
chr11:102261000-102263000,ENSG00000152558.10$TMEM123$chr11$102341115$-,0.4
chr11:102313200-102315000,ENSG00000152558.10$TMEM123$chr11$102341115$-,0.42
chr5:35651000-35652200,ENSG00000152582.8$SPEF2$chr5$35617946$+,0.69
chr5:35657800-35660200,ENSG00000152582.8$SPEF2$chr5$35617946$+,0.61
chr5:35760600-35762200,ENSG00000152582.8$SPEF2$chr5$35617946$+,0.37
chr5:35864800-35866400,ENSG00000152582.8$SPEF2$chr5$35617946$+,0.35
chr5:35873200-35875200,ENSG00000152582.8$SPEF2$chr5$35617946$+,0.35
chr3:151928000-151930000,ENSG00000152601.13$MBNL1$chr3$151961617$+,0.7
chr3:151930400-151932600,ENSG00000152601.13$MBNL1$chr3$151961617$+,0.68
chr3:151947600-151949600,ENSG00000152601.13$MBNL1$chr3$151961617$+,0.69
chr3:151964200-151966400,ENSG00000152601.13$MBNL1$chr3$151961617$+,0.57
chr5:36070600-36072200,ENSG00000152620.8$NADK2$chr5$36242381$-,0.36
chr5:36168000-36169600,ENSG00000152620.8$NADK2$chr5$36242381$-,0.49
chr3:32132400-32133800,ENSG00000152642.6$GPD1L$chr3$32147181$+,0.49
chr5:55008800-55010800,ENSG00000152670.14$DDX4$chr5$55033845$+,0.36
chr5:55058600-55061000,ENSG00000152670.14$DDX4$chr5$55033845$+,0.43
chr2:70890400-70892800,ENSG00000152672.3$CLEC4F$chr2$71047732$-,0.39
chr2:71098000-71099800,ENSG00000152672.3$CLEC4F$chr2$71047732$-,0.54
chr2:71184400-71186800,ENSG00000152672.3$CLEC4F$chr2$71047732$-,0.39
chr2:71191400-71193000,ENSG00000152672.3$CLEC4F$chr2$71047732$-,0.42
chr2:32236400-32238800,ENSG00000152683.10$SLC30A6$chr2$32390933$+,0.41
chr2:32258800-32260000,ENSG00000152683.10$SLC30A6$chr2$32390933$+,0.42
chr2:32262400-32264400,ENSG00000152683.10$SLC30A6$chr2$32390933$+,0.39
chr2:32287000-32288000,ENSG00000152683.10$SLC30A6$chr2$32390933$+,0.47
chr2:32500400-32502800,ENSG00000152683.10$SLC30A6$chr2$32390933$+,0.42
chr2:32615800-32617000,ENSG00000152683.10$SLC30A6$chr2$32390933$+,0.36
chr5:52044200-52045000,ENSG00000152684.10$PELO$chr5$52083774$+,0.41
chr5:52066800-52068400,ENSG00000152684.10$PELO$chr5$52083774$+,0.49
chr5:52068600-52070800,ENSG00000152684.10$PELO$chr5$52083774$+,0.5
chr5:52071200-52073200,ENSG00000152684.10$PELO$chr5$52083774$+,0.57
chr5:52082200-52083400,ENSG00000152684.10$PELO$chr5$52083774$+,0.44
chr5:133965800-133967800,ENSG00000152700.9$SAR1B$chr5$133984961$-,0.62
chr5:133968600-133971000,ENSG00000152700.9$SAR1B$chr5$133984961$-,0.68
chr5:134208800-134209800,ENSG00000152700.9$SAR1B$chr5$133984961$-,0.36
chr5:134148400-134150600,ENSG00000152705.6$CATSPER3$chr5$134303596$+,0.41
chr5:134208800-134209800,ENSG00000152705.6$CATSPER3$chr5$134303596$+,0.45
chr13:95248600-95249800,ENSG00000152749.7$GPR180$chr13$95254157$+,0.58
chr13:95267600-95268800,ENSG00000152749.7$GPR180$chr13$95254157$+,0.64
chr1:67252800-67255200,ENSG00000152763.12$WDR78$chr1$67390570$-,0.61
chr1:67306000-67308000,ENSG00000152763.12$WDR78$chr1$67390570$-,0.58
chr1:67422200-67422800,ENSG00000152763.12$WDR78$chr1$67390570$-,0.76
chr1:67461200-67462200,ENSG00000152763.12$WDR78$chr1$67390570$-,0.53
chr1:67520000-67522400,ENSG00000152763.12$WDR78$chr1$67390570$-,0.42
chr10:90579800-90582000,ENSG00000152766.5$ANKRD22$chr10$90611575$-,0.37
chr10:91170200-91171800,ENSG00000152778.7$IFIT5$chr10$91174343$+,0.59
chr10:91172000-91174000,ENSG00000152778.7$IFIT5$chr10$91174343$+,0.4
chr10:91372800-91374200,ENSG00000152779.12$SLC16A12$chr10$91316398$-,0.42
chr10:91381200-91381400,ENSG00000152782.12$PANK1$chr10$91405215$-,0.37
chr4:80982800-80984600,ENSG00000152784.11$PRDM8$chr4$81105033$+,0.44
chr4:81256200-81258200,ENSG00000152784.11$PRDM8$chr4$81105033$+,0.61
chr4:83276800-83277800,ENSG00000152795.13$HNRNPDL$chr4$83351294$-,0.55
chr10:94334600-94336800,ENSG00000152804.6$HHEX$chr10$94447945$+,0.36
chr10:94506400-94508800,ENSG00000152804.6$HHEX$chr10$94447945$+,0.49
chr1:235316800-235318800,ENSG00000152904.7$GGPS1$chr1$235490665$+,0.37
chr1:235353400-235354600,ENSG00000152904.7$GGPS1$chr1$235490665$+,0.46
chr1:235416400-235417800,ENSG00000152904.7$GGPS1$chr1$235490665$+,0.46
chr1:235529000-235530400,ENSG00000152904.7$GGPS1$chr1$235490665$+,0.48
chr1:235531400-235533600,ENSG00000152904.7$GGPS1$chr1$235490665$+,0.54
chr1:235625200-235626200,ENSG00000152904.7$GGPS1$chr1$235490665$+,0.38
chr7:64362600-64363400,ENSG00000152926.10$ZNF117$chr7$64467062$-,0.44
chr7:64499800-64501000,ENSG00000152926.10$ZNF117$chr7$64467062$-,0.58
chr7:64541800-64542400,ENSG00000152926.10$ZNF117$chr7$64467062$-,0.51
chr7:64712800-64713400,ENSG00000152926.10$ZNF117$chr7$64467062$-,0.41
chr12:27098400-27100600,ENSG00000152944.4$MED21$chr12$27175479$+,0.53
chr1:180992400-180994600,ENSG00000153029.10$MR1$chr1$181003067$+,0.59
chr1:181025600-181027000,ENSG00000153029.10$MR1$chr1$181003067$+,0.71
chr1:181158000-181160200,ENSG00000153029.10$MR1$chr1$181003067$+,0.42
chr5:112064000-112064200,ENSG00000153037.8$SRP19$chr5$112196919$+,0.38
chr5:112202000-112203800,ENSG00000153037.8$SRP19$chr5$112196919$+,0.56
chr5:112209400-112210400,ENSG00000153037.8$SRP19$chr5$112196919$+,0.7
chr5:112298600-112300400,ENSG00000153037.8$SRP19$chr5$112196919$+,0.41
chr5:68461600-68462800,ENSG00000153044.5$CENPH$chr5$68485375$+,0.54
chr5:68512000-68513400,ENSG00000153044.5$CENPH$chr5$68485375$+,0.66
chr5:68514400-68516600,ENSG00000153044.5$CENPH$chr5$68485375$+,0.51
chr16:8888800-8891000,ENSG00000153048.6$CARHSP1$chr16$8962866$-,0.47
chr16:10945200-10947200,ENSG00000153060.3$TEKT5$chr16$10788802$-,0.39
chr4:102135000-102136000,ENSG00000153064.7$BANK1$chr4$102332443$+,0.37
chr4:102232200-102233000,ENSG00000153064.7$BANK1$chr4$102332443$+,0.45
chr4:102234000-102235400,ENSG00000153064.7$BANK1$chr4$102332443$+,0.47
chr4:102237400-102238600,ENSG00000153064.7$BANK1$chr4$102332443$+,0.49
chr4:102255000-102257400,ENSG00000153064.7$BANK1$chr4$102332443$+,0.52
chr4:102269800-102272200,ENSG00000153064.7$BANK1$chr4$102332443$+,0.43
chr4:102447600-102449200,ENSG00000153064.7$BANK1$chr4$102332443$+,0.42
chr16:11681000-11683200,ENSG00000153066.8$TXNDC11$chr16$11836734$-,0.49
chr16:12071400-12073400,ENSG00000153066.8$TXNDC11$chr16$11836734$-,0.35
chr2:112810600-112811800,ENSG00000153107.7$ANAPC1$chr2$112642267$-,0.45
chr2:112829000-112830400,ENSG00000153107.7$ANAPC1$chr2$112642267$-,0.38
chr6:10695800-10698000,ENSG00000153157.8$SYCP2L$chr6$10748027$+,0.56
chr12:64839600-64841200,ENSG00000153179.7$RASSF3$chr12$65004293$+,0.41
chr12:64887600-64889800,ENSG00000153179.7$RASSF3$chr12$65004293$+,0.35
chr12:64999200-65000200,ENSG00000153179.7$RASSF3$chr12$65004293$+,0.49
chr12:65116600-65118800,ENSG00000153179.7$RASSF3$chr12$65004293$+,0.4
chr1:245009400-245011200,ENSG00000153187.12$HNRNPU$chr1$245027844$-,0.76
chr1:245131200-245132800,ENSG00000153187.12$HNRNPU$chr1$245027844$-,0.45
chr1:245135200-245136000,ENSG00000153187.12$HNRNPU$chr1$245027844$-,0.46
chr2:109264400-109265600,ENSG00000153201.11$RANBP2$chr2$109335937$+,0.46
chr2:109383200-109384800,ENSG00000153201.11$RANBP2$chr2$109335937$+,0.51
chr2:109401600-109402800,ENSG00000153201.11$RANBP2$chr2$109335937$+,0.6
chr2:109447400-109448200,ENSG00000153201.11$RANBP2$chr2$109335937$+,0.44
chr2:109448800-109450800,ENSG00000153201.11$RANBP2$chr2$109335937$+,0.4
chr1:246886200-246887400,ENSG00000153207.10$AHCTF1$chr1$247095280$-,0.43
chr1:247070200-247072000,ENSG00000153207.10$AHCTF1$chr1$247095280$-,0.5
chr1:247081800-247083800,ENSG00000153207.10$AHCTF1$chr1$247095280$-,0.58
chr1:247240000-247241400,ENSG00000153207.10$AHCTF1$chr1$247095280$-,0.43
chr1:247265200-247267000,ENSG00000153207.10$AHCTF1$chr1$247095280$-,0.35
chr1:247267800-247270200,ENSG00000153207.10$AHCTF1$chr1$247095280$-,0.41
chr2:112639000-112641200,ENSG00000153208.12$MERTK$chr2$112656056$+,0.49
chr2:112642200-112643000,ENSG00000153208.12$MERTK$chr2$112656056$+,0.64
chr2:112639000-112641200,ENSG00000153214.5$TMEM87B$chr2$112812800$+,0.44
chr2:112642200-112643000,ENSG00000153214.5$TMEM87B$chr2$112812800$+,0.49
chr2:112810600-112811800,ENSG00000153214.5$TMEM87B$chr2$112812800$+,0.4
chr2:112829000-112830400,ENSG00000153214.5$TMEM87B$chr2$112812800$+,0.66
chr2:112924200-112925200,ENSG00000153214.5$TMEM87B$chr2$112812800$+,0.44
chr2:112949200-112950600,ENSG00000153214.5$TMEM87B$chr2$112812800$+,0.46
chr2:113038000-113038600,ENSG00000153214.5$TMEM87B$chr2$112812800$+,0.44
chr2:157102800-157103200,ENSG00000153234.9$NR4A2$chr2$157198860$-,0.47
chr2:157254800-157256600,ENSG00000153234.9$NR4A2$chr2$157198860$-,0.58
chr2:157257800-157259200,ENSG00000153234.9$NR4A2$chr2$157198860$-,0.51
chr2:157339200-157341000,ENSG00000153234.9$NR4A2$chr2$157198860$-,0.37
chr2:159248200-159249000,ENSG00000153237.13$CCDC148$chr2$159313265$-,0.59
chr2:159365200-159365400,ENSG00000153237.13$CCDC148$chr2$159313265$-,0.57
chr6:47598400-47600400,ENSG00000153294.7$GPR115$chr6$47653600$+,0.49
chr6:47748000-47749400,ENSG00000153294.7$GPR115$chr6$47653600$+,0.36
chr8:130932400-130934600,ENSG00000153310.14$FAM49B$chr8$131029375$-,0.39
chr8:130949200-130951200,ENSG00000153310.14$FAM49B$chr8$131029375$-,0.45
chr8:130990200-130991200,ENSG00000153310.14$FAM49B$chr8$131029375$-,0.53
chr8:130991400-130992800,ENSG00000153310.14$FAM49B$chr8$131029375$-,0.51
chr18:32994600-32996800,ENSG00000153391.11$INO80C$chr18$33077955$-,0.49
chr16:4483800-4484200,ENSG00000153406.9$NMRAL1$chr16$4545764$-,0.37
chr16:4524600-4527000,ENSG00000153406.9$NMRAL1$chr16$4545764$-,0.44
chr16:4598000-4599400,ENSG00000153406.9$NMRAL1$chr16$4545764$-,0.39
chr16:4598000-4599400,ENSG00000153443.8$UBALD1$chr16$4665028$-,0.55
chr16:4672400-4674600,ENSG00000153443.8$UBALD1$chr16$4665028$-,0.55
chr16:4782000-4783600,ENSG00000153443.8$UBALD1$chr16$4665028$-,0.4
chr16:4785000-4786600,ENSG00000153443.8$UBALD1$chr16$4665028$-,0.35
chr16:4817600-4820000,ENSG00000153443.8$UBALD1$chr16$4665028$-,0.44
chr16:5120200-5121800,ENSG00000153446.11$C16orf89$chr16$5116111$-,0.58
chr16:5122400-5124800,ENSG00000153446.11$C16orf89$chr16$5116111$-,0.37
chr14:93368600-93370800,ENSG00000153485.5$TMEM251$chr14$93651296$+,0.35
chr14:93582600-93584000,ENSG00000153485.5$TMEM251$chr14$93651296$+,0.56
chr14:93729000-93730800,ENSG00000153485.5$TMEM251$chr14$93651296$+,0.48
chr13:111266800-111268000,ENSG00000153487.11$ING1$chr13$111365083$+,0.44
chr13:111471200-111473200,ENSG00000153487.11$ING1$chr13$111365083$+,0.41
chr3:32329200-32331600,ENSG00000153551.9$CMTM7$chr3$32433163$+,0.42
chr3:32340600-32342000,ENSG00000153551.9$CMTM7$chr3$32433163$+,0.42
chr3:32544600-32546000,ENSG00000153551.9$CMTM7$chr3$32433163$+,0.41
chr3:33413600-33415000,ENSG00000153560.7$UBP1$chr3$33482863$-,0.57
chr2:86851200-86853200,ENSG00000153561.8$RMND5A$chr2$86947296$+,0.44
chr2:86924400-86925600,ENSG00000153561.8$RMND5A$chr2$86947296$+,0.68
chr2:86946000-86946600,ENSG00000153561.8$RMND5A$chr2$86947296$+,0.38
chr2:86963200-86963600,ENSG00000153561.8$RMND5A$chr2$86947296$+,0.54
chr2:86924400-86925600,ENSG00000153563.11$CD8A$chr2$87035519$-,0.55
chr2:86946000-86946600,ENSG00000153563.11$CD8A$chr2$87035519$-,0.58
chr2:86963200-86963600,ENSG00000153563.11$CD8A$chr2$87035519$-,0.55
chr2:88927800-88929400,ENSG00000153574.8$RPIA$chr2$88991162$+,0.56
chr2:88944200-88945200,ENSG00000153574.8$RPIA$chr2$88991162$+,0.49
chr2:88989000-88990600,ENSG00000153574.8$RPIA$chr2$88991162$+,0.35
chr2:89063600-89065800,ENSG00000153574.8$RPIA$chr2$88991162$+,0.49
chr15:22834200-22836000,ENSG00000153575.6$TUBGCP5$chr15$22833395$+,0.35
chr15:22836600-22837600,ENSG00000153575.6$TUBGCP5$chr15$22833395$+,0.54
chr3:120314000-120314800,ENSG00000153767.5$GTF2E1$chr3$120461484$+,0.46
chr3:120456600-120458000,ENSG00000153767.5$GTF2E1$chr3$120461484$+,0.54
chr16:75367200-75369400,ENSG00000153774.4$CFDP1$chr16$75467383$-,0.56
chr16:75468400-75470000,ENSG00000153774.4$CFDP1$chr16$75467383$-,0.46
chr16:75498600-75499600,ENSG00000153774.4$CFDP1$chr16$75467383$-,0.47
chr16:75583400-75585200,ENSG00000153774.4$CFDP1$chr16$75467383$-,0.39
chr16:75597600-75599800,ENSG00000153774.4$CFDP1$chr16$75467383$-,0.39
chr7:25171600-25173400,ENSG00000153790.7$C7orf31$chr7$25219975$-,0.56
chr16:81457800-81459600,ENSG00000153815.12$CMIP$chr16$81478775$+,0.64
chr2:230739600-230741600,ENSG00000153827.9$TRIP12$chr2$230787955$-,0.42
chr2:230925200-230926600,ENSG00000153827.9$TRIP12$chr2$230787955$-,0.39
chr2:230930600-230932600,ENSG00000153827.9$TRIP12$chr2$230787955$-,0.41
chr2:230719000-230719800,ENSG00000153832.7$FBXO36$chr2$230787018$+,0.52
chr2:230739600-230741600,ENSG00000153832.7$FBXO36$chr2$230787018$+,0.69
chr2:230925200-230926600,ENSG00000153832.7$FBXO36$chr2$230787018$+,0.49
chr2:230930600-230932600,ENSG00000153832.7$FBXO36$chr2$230787018$+,0.36
chr2:230933400-230934600,ENSG00000153832.7$FBXO36$chr2$230787018$+,0.5
chr2:231024400-231026800,ENSG00000153832.7$FBXO36$chr2$230787018$+,0.38
chr19:33906800-33908600,ENSG00000153879.4$CEBPG$chr19$33864236$+,0.57
chr19:35222000-35224400,ENSG00000153896.13$ZNF599$chr19$35264134$-,0.53
chr19:35262000-35263400,ENSG00000153896.13$ZNF599$chr19$35264134$-,0.37
chr19:35284200-35285400,ENSG00000153896.13$ZNF599$chr19$35264134$-,0.6
chr19:35416200-35417800,ENSG00000153896.13$ZNF599$chr19$35264134$-,0.38
chr1:85394600-85397000,ENSG00000153898.8$MCOLN2$chr1$85462796$-,0.46
chr1:85452000-85452800,ENSG00000153898.8$MCOLN2$chr1$85462796$-,0.64
chr1:85453600-85455400,ENSG00000153898.8$MCOLN2$chr1$85462796$-,0.66
chr1:85456400-85458600,ENSG00000153898.8$MCOLN2$chr1$85462796$-,0.66
chr1:85458800-85459200,ENSG00000153898.8$MCOLN2$chr1$85462796$-,0.63
chr1:85470800-85472000,ENSG00000153898.8$MCOLN2$chr1$85462796$-,0.53
chr1:85492600-85493800,ENSG00000153898.8$MCOLN2$chr1$85462796$-,0.56
chr19:35416200-35417800,ENSG00000153902.9$LGI4$chr19$35633355$-,0.36
chr19:35475600-35477400,ENSG00000153902.9$LGI4$chr19$35633355$-,0.44
chr19:35684400-35685800,ENSG00000153902.9$LGI4$chr19$35633355$-,0.58
chr19:35727600-35728200,ENSG00000153902.9$LGI4$chr19$35633355$-,0.45
chr19:35823400-35825000,ENSG00000153902.9$LGI4$chr19$35633355$-,0.42
chr19:35842600-35845000,ENSG00000153902.9$LGI4$chr19$35633355$-,0.39
chr19:35848200-35850000,ENSG00000153902.9$LGI4$chr19$35633355$-,0.35
chr5:65308000-65310400,ENSG00000153914.11$SREK1$chr5$65435799$+,0.44
chr5:65310800-65312200,ENSG00000153914.11$SREK1$chr5$65435799$+,0.4
chr5:65312400-65314200,ENSG00000153914.11$SREK1$chr5$65435799$+,0.4
chr5:65438200-65439600,ENSG00000153914.11$SREK1$chr5$65435799$+,0.56
chr5:65453000-65454800,ENSG00000153914.11$SREK1$chr5$65435799$+,0.58
chr5:98107000-98109000,ENSG00000153922.6$CHD1$chr5$98262240$-,0.47
chr17:54839600-54841600,ENSG00000153933.5$DGKE$chr17$54911460$+,0.6
chr17:54896200-54898200,ENSG00000153933.5$DGKE$chr17$54911460$+,0.62
chr17:54906800-54907000,ENSG00000153933.5$DGKE$chr17$54911460$+,0.62
chr17:55053800-55055000,ENSG00000153933.5$DGKE$chr17$54911460$+,0.46
chr1:87183600-87185400,ENSG00000153936.12$HS2ST1$chr1$87380331$+,0.37
chr1:87298200-87299800,ENSG00000153936.12$HS2ST1$chr1$87380331$+,0.51
chr1:87368000-87369200,ENSG00000153936.12$HS2ST1$chr1$87380331$+,0.61
chr1:87436600-87438800,ENSG00000153936.12$HS2ST1$chr1$87380331$+,0.6
chr6:117000600-117001800,ENSG00000153975.5$ZUFSP$chr6$116989957$-,0.54
chr17:57222800-57223400,ENSG00000153982.6$GDPD1$chr17$57297828$+,0.41
chr6:117908200-117908600,ENSG00000153989.7$NUS1$chr6$117996665$+,0.47
chr6:118011800-118012600,ENSG00000153989.7$NUS1$chr6$117996665$+,0.75
chr14:63973600-63975800,ENSG00000154001.9$PPP2R5E$chr14$64010092$-,0.77
chr14:63982800-63984400,ENSG00000154001.9$PPP2R5E$chr14$64010092$-,0.7
chr14:64007400-64008800,ENSG00000154001.9$PPP2R5E$chr14$64010092$-,0.37
chr14:64099400-64101400,ENSG00000154001.9$PPP2R5E$chr14$64010092$-,0.56
chr14:64109400-64111800,ENSG00000154001.9$PPP2R5E$chr14$64010092$-,0.56
chr1:76538600-76540400,ENSG00000154007.6$ASB17$chr1$76398116$-,0.42
chr17:18926200-18928600,ENSG00000154016.9$GRAP$chr17$18950950$-,0.47
chr1:77654400-77655200,ENSG00000154027.14$AK5$chr1$77747736$+,0.47
chr1:77679800-77681600,ENSG00000154027.14$AK5$chr1$77747736$+,0.48
chr1:77685400-77687000,ENSG00000154027.14$AK5$chr1$77747736$+,0.53
chr1:77768200-77769600,ENSG00000154027.14$AK5$chr1$77747736$+,0.64
chr1:77794200-77796200,ENSG00000154027.14$AK5$chr1$77747736$+,0.63
chr18:21511600-21511800,ENSG00000154040.16$CABYR$chr18$21718942$+,0.37
chr18:21626200-21626600,ENSG00000154040.16$CABYR$chr18$21718942$+,0.39
chr18:22007200-22009400,ENSG00000154059.5$IMPACT$chr18$22006580$+,0.39
chr18:22071600-22073000,ENSG00000154059.5$IMPACT$chr18$22006580$+,0.59
chr18:21082000-21083000,ENSG00000154065.12$ANKRD29$chr18$21242849$-,0.4
chr18:21091600-21093600,ENSG00000154065.12$ANKRD29$chr18$21242849$-,0.51
chr18:21094600-21096600,ENSG00000154065.12$ANKRD29$chr18$21242849$-,0.52
chr18:21143000-21144600,ENSG00000154065.12$ANKRD29$chr18$21242849$-,0.47
chr18:21201800-21202400,ENSG00000154065.12$ANKRD29$chr18$21242849$-,0.58
chr6:71376000-71377200,ENSG00000154079.5$C6orf57$chr6$71276620$+,0.46
chr6:71385200-71387200,ENSG00000154079.5$C6orf57$chr6$71276620$+,0.48
chr6:71391000-71391800,ENSG00000154079.5$C6orf57$chr6$71276620$+,0.35
chr6:71406800-71407800,ENSG00000154079.5$C6orf57$chr6$71276620$+,0.36
chr6:71421800-71423400,ENSG00000154079.5$C6orf57$chr6$71276620$+,0.37
chr11:119311200-119313200,ENSG00000154096.9$THY1$chr11$119295695$-,0.47
chr16:84046800-84049000,ENSG00000154099.13$DNAAF1$chr16$84178865$+,0.48
chr16:84220600-84221200,ENSG00000154099.13$DNAAF1$chr16$84178865$+,0.53
chr11:120949400-120951200,ENSG00000154114.8$TBCEL$chr11$120894781$+,0.63
chr11:121065400-121066400,ENSG00000154114.8$TBCEL$chr11$120894781$+,0.48
chr5:14801600-14803200,ENSG00000154122.8$ANKH$chr5$14871887$-,0.43
chr5:14872800-14874800,ENSG00000154122.8$ANKH$chr5$14871887$-,0.37
chr5:14945600-14948000,ENSG00000154122.8$ANKH$chr5$14871887$-,0.5
chr5:14992400-14993000,ENSG00000154122.8$ANKH$chr5$14871887$-,0.47
chr5:14647600-14649200,ENSG00000154124.4$FAM105B$chr5$14664773$+,0.64
chr5:14801600-14803200,ENSG00000154124.4$FAM105B$chr5$14664773$+,0.45
chr11:124705800-124707800,ENSG00000154134.10$ROBO3$chr11$124735282$+,0.41
chr11:124659600-124659800,ENSG00000154144.8$TBRG1$chr11$124492732$+,0.46
chr11:124705800-124707800,ENSG00000154144.8$TBRG1$chr11$124492732$+,0.35
chr3:98227000-98228200,ENSG00000154165.3$GPR15$chr3$98250743$+,0.65
chr3:98241800-98243000,ENSG00000154165.3$GPR15$chr3$98250743$+,0.66
chr3:98243600-98245400,ENSG00000154165.3$GPR15$chr3$98250743$+,0.66
chr3:98257200-98258200,ENSG00000154165.3$GPR15$chr3$98250743$+,0.49
chr3:98267000-98269000,ENSG00000154165.3$GPR15$chr3$98250743$+,0.63
chr3:98285600-98288000,ENSG00000154165.3$GPR15$chr3$98250743$+,0.6
chr3:100035000-100037400,ENSG00000154174.7$TOMM70A$chr3$100120242$-,0.48
chr3:100209600-100211200,ENSG00000154174.7$TOMM70A$chr3$100120242$-,0.52
chr17:65220000-65222200,ENSG00000154217.10$PITPNC1$chr17$65373575$+,0.49
chr17:65231000-65231400,ENSG00000154217.10$PITPNC1$chr17$65373575$+,0.45
chr17:65389600-65389800,ENSG00000154217.10$PITPNC1$chr17$65373575$+,0.49
chr17:65421200-65422600,ENSG00000154217.10$PITPNC1$chr17$65373575$+,0.51
chr17:65423000-65424600,ENSG00000154217.10$PITPNC1$chr17$65373575$+,0.56
chr17:65443400-65443800,ENSG00000154217.10$PITPNC1$chr17$65373575$+,0.48
chr1:52871000-52873400,ENSG00000154222.10$CC2D1B$chr1$52831865$-,0.48
chr1:52887400-52887600,ENSG00000154222.10$CC2D1B$chr1$52831865$-,0.5
chr15:101003800-101006200,ENSG00000154227.9$CERS3$chr15$101085200$-,0.62
chr15:101114600-101115600,ENSG00000154227.9$CERS3$chr15$101085200$-,0.54
chr17:64196400-64198800,ENSG00000154229.7$PRKCA$chr17$64298754$+,0.49
chr17:64245800-64246000,ENSG00000154229.7$PRKCA$chr17$64298754$+,0.43
chr17:64246400-64248000,ENSG00000154229.7$PRKCA$chr17$64298754$+,0.45
chr17:64251000-64253000,ENSG00000154229.7$PRKCA$chr17$64298754$+,0.51
chr17:64331800-64332200,ENSG00000154229.7$PRKCA$chr17$64298754$+,0.5
chr17:64158000-64158800,ENSG00000154240.12$CEP112$chr17$64188202$-,0.68
chr17:64196400-64198800,ENSG00000154240.12$CEP112$chr17$64188202$-,0.53
chr17:64245800-64246000,ENSG00000154240.12$CEP112$chr17$64188202$-,0.51
chr17:64246400-64248000,ENSG00000154240.12$CEP112$chr17$64188202$-,0.52
chr17:64251000-64253000,ENSG00000154240.12$CEP112$chr17$64188202$-,0.56
chr17:64295600-64298000,ENSG00000154240.12$CEP112$chr17$64188202$-,0.36
chr17:64331800-64332200,ENSG00000154240.12$CEP112$chr17$64188202$-,0.39
chr17:67066400-67068000,ENSG00000154258.12$ABCA9$chr17$67057205$-,0.5
chr17:67251000-67251800,ENSG00000154263.13$ABCA10$chr17$67240987$-,0.63
chr17:67324000-67324400,ENSG00000154263.13$ABCA10$chr17$67240987$-,0.52
chr17:67251000-67251800,ENSG00000154265.11$ABCA5$chr17$67323385$-,0.51
chr6:131840600-131842200,ENSG00000154269.10$ENPP3$chr6$131949582$+,0.44
chr6:131851400-131853400,ENSG00000154269.10$ENPP3$chr6$131949582$+,0.43
chr1:222789000-222791000,ENSG00000154305.12$MIA3$chr1$222791428$+,0.47
chr1:222792400-222794400,ENSG00000154305.12$MIA3$chr1$222791428$+,0.38
chr1:222887400-222889200,ENSG00000154305.12$MIA3$chr1$222791428$+,0.5
chr1:222894800-222895400,ENSG00000154305.12$MIA3$chr1$222791428$+,0.5
chr1:222986400-222988400,ENSG00000154309.7$DISP1$chr1$222988406$+,0.35
chr3:171077800-171079400,ENSG00000154310.12$TNIK$chr3$171178197$-,0.38
chr3:171179200-171181600,ENSG00000154310.12$TNIK$chr3$171178197$-,0.4
chr3:171197400-171199400,ENSG00000154310.12$TNIK$chr3$171178197$-,0.58
chr3:171279000-171280400,ENSG00000154310.12$TNIK$chr3$171178197$-,0.38
chr8:11593200-11595600,ENSG00000154328.11$NEIL2$chr8$11627148$+,0.47
chr8:12522400-12523600,ENSG00000154359.8$LONRF1$chr8$12613582$-,0.49
chr1:228354400-228355400,ENSG00000154370.9$TRIM11$chr1$228594541$-,0.35
chr1:228770800-228771600,ENSG00000154370.9$TRIM11$chr1$228594541$-,0.36
chr1:229392800-229395200,ENSG00000154429.6$CCSAP$chr1$229479041$-,0.46
chr1:229641600-229643200,ENSG00000154429.6$CCSAP$chr1$229479041$-,0.4
chr1:229644400-229646200,ENSG00000154429.6$CCSAP$chr1$229479041$-,0.36
chr1:229649600-229651000,ENSG00000154429.6$CCSAP$chr1$229479041$-,0.37
chr1:89655200-89656000,ENSG00000154451.10$GBP5$chr1$89738544$-,0.35
chr1:89656800-89657600,ENSG00000154451.10$GBP5$chr1$89738544$-,0.46
chr1:89704600-89706200,ENSG00000154451.10$GBP5$chr1$89738544$-,0.7
chr1:89715800-89717800,ENSG00000154451.10$GBP5$chr1$89738544$-,0.69
chr1:89731000-89731600,ENSG00000154451.10$GBP5$chr1$89738544$-,0.77
chr1:89732800-89733000,ENSG00000154451.10$GBP5$chr1$89738544$-,0.67
chr1:89756400-89756600,ENSG00000154451.10$GBP5$chr1$89738544$-,0.58
chr1:89790600-89791600,ENSG00000154451.10$GBP5$chr1$89738544$-,0.66
chr1:89798200-89799000,ENSG00000154451.10$GBP5$chr1$89738544$-,0.52
chr1:89819200-89821400,ENSG00000154451.10$GBP5$chr1$89738544$-,0.43
chr2:170452800-170453600,ENSG00000154479.8$CCDC173$chr2$170550943$-,0.55
chr2:170589000-170590200,ENSG00000154479.8$CCDC173$chr2$170550943$-,0.67
chr2:170654000-170655000,ENSG00000154479.8$CCDC173$chr2$170550943$-,0.38
chr2:170671400-170673000,ENSG00000154479.8$CCDC173$chr2$170550943$-,0.38
chr1:93378200-93379600,ENSG00000154511.7$FAM69A$chr1$93427057$-,0.56
chr1:93556600-93558000,ENSG00000154511.7$FAM69A$chr1$93427057$-,0.42
chr2:175995200-175996600,ENSG00000154518.5$ATP5G3$chr2$176049335$-,0.57
chr6:89825600-89827000,ENSG00000154548.8$SRSF12$chr6$89827800$-,0.35
chr6:89853000-89855400,ENSG00000154548.8$SRSF12$chr6$89827800$-,0.35
chr8:74656400-74658200,ENSG00000154582.12$TCEB1$chr8$74884522$-,0.37
chr8:74791800-74793600,ENSG00000154582.12$TCEB1$chr8$74884522$-,0.6
chr8:74887000-74888000,ENSG00000154582.12$TCEB1$chr8$74884522$-,0.52
chr8:74889200-74891200,ENSG00000154582.12$TCEB1$chr8$74884522$-,0.62
chr8:74959800-74961600,ENSG00000154582.12$TCEB1$chr8$74884522$-,0.5
chr8:74791800-74793600,ENSG00000154589.2$LY96$chr8$74903587$+,0.36
chr8:74885200-74886000,ENSG00000154589.2$LY96$chr8$74903587$+,0.57
chr8:74887000-74888000,ENSG00000154589.2$LY96$chr8$74903587$+,0.53
chr8:74889200-74891200,ENSG00000154589.2$LY96$chr8$74903587$+,0.6
chr8:74959800-74961600,ENSG00000154589.2$LY96$chr8$74903587$+,0.56
chr18:23646400-23648200,ENSG00000154611.10$PSMA8$chr18$23713816$+,0.5
chr18:23653400-23654600,ENSG00000154611.10$PSMA8$chr18$23713816$+,0.59
chr18:23655000-23657400,ENSG00000154611.10$PSMA8$chr18$23713816$+,0.64
chr18:23660200-23660800,ENSG00000154611.10$PSMA8$chr18$23713816$+,0.57
chr18:23663400-23664800,ENSG00000154611.10$PSMA8$chr18$23713816$+,0.54
chr18:23804200-23806000,ENSG00000154611.10$PSMA8$chr18$23713816$+,0.41
chr21:19058400-19060000,ENSG00000154640.10$BTG3$chr21$18985265$-,0.51
chr21:19065800-19066800,ENSG00000154640.10$BTG3$chr21$18985265$-,0.53
chr21:19065800-19066800,ENSG00000154642.6$C21orf91$chr21$19191703$-,0.36
chr21:19296000-19298000,ENSG00000154642.6$C21orf91$chr21$19191703$-,0.4
chr7:66057400-66058600,ENSG00000154710.11$RABGEF1$chr7$66147151$+,0.53
chr7:66307600-66309400,ENSG00000154710.11$RABGEF1$chr7$66147151$+,0.43
chr7:66385000-66385800,ENSG00000154710.11$RABGEF1$chr7$66147151$+,0.35
chr21:26954400-26956000,ENSG00000154721.10$JAM2$chr21$27011584$+,0.44
chr21:26980400-26981400,ENSG00000154721.10$JAM2$chr21$27011584$+,0.56
chr21:26954400-26956000,ENSG00000154723.8$ATP5J$chr21$27107984$-,0.35
chr21:26980400-26981400,ENSG00000154723.8$ATP5J$chr21$27107984$-,0.42
chr21:27121600-27123400,ENSG00000154723.8$ATP5J$chr21$27107984$-,0.63
chr21:27162200-27164000,ENSG00000154723.8$ATP5J$chr21$27107984$-,0.48
chr21:27173400-27174600,ENSG00000154723.8$ATP5J$chr21$27107984$-,0.61
chr21:26954400-26956000,ENSG00000154727.6$GABPA$chr21$27106881$+,0.37
chr21:26980400-26981400,ENSG00000154727.6$GABPA$chr21$27106881$+,0.35
chr21:27121600-27123400,ENSG00000154727.6$GABPA$chr21$27106881$+,0.59
chr21:27162200-27164000,ENSG00000154727.6$GABPA$chr21$27106881$+,0.5
chr21:27173400-27174600,ENSG00000154727.6$GABPA$chr21$27106881$+,0.58
chr3:12594400-12596400,ENSG00000154743.13$TSEN2$chr3$12525931$+,0.61
chr3:12597000-12598000,ENSG00000154743.13$TSEN2$chr3$12525931$+,0.5
chr17:33786600-33788800,ENSG00000154760.9$SLFN13$chr17$33775856$-,0.45
chr17:33794000-33796200,ENSG00000154760.9$SLFN13$chr17$33775856$-,0.42
chr3:13935600-13937200,ENSG00000154764.5$WNT7A$chr3$13921618$-,0.73
chr3:13973600-13975200,ENSG00000154764.5$WNT7A$chr3$13921618$-,0.64
chr3:14228400-14229000,ENSG00000154767.10$XPC$chr3$14220283$-,0.63
chr3:14229400-14230200,ENSG00000154767.10$XPC$chr3$14220283$-,0.49
chr17:34067200-34069200,ENSG00000154768.4$C17orf50$chr17$34087916$+,0.45
chr17:34131200-34132400,ENSG00000154768.4$C17orf50$chr17$34087916$+,0.36
chr3:14697400-14699800,ENSG00000154781.11$CCDC174$chr3$14693271$+,0.49
chr17:17077600-17077800,ENSG00000154803.8$FLCN$chr17$17140502$-,0.61
chr17:17141400-17143800,ENSG00000154803.8$FLCN$chr17$17140502$-,0.42
chr17:17184600-17187000,ENSG00000154803.8$FLCN$chr17$17140502$-,0.59
chr3:16870000-16871000,ENSG00000154822.11$PLCL2$chr3$16844159$+,0.74
chr18:47791800-47792600,ENSG00000154832.10$CXXC1$chr18$47814674$-,0.61
chr18:47792800-47794600,ENSG00000154832.10$CXXC1$chr18$47814674$-,0.62
chr18:47795000-47796200,ENSG00000154832.10$CXXC1$chr18$47814674$-,0.56
chr18:47814800-47816000,ENSG00000154839.5$SKA1$chr18$47901365$+,0.48
chr18:9604200-9606600,ENSG00000154845.11$PPP4R1$chr18$9615238$-,0.39
chr18:11978600-11980800,ENSG00000154889.12$MPPE1$chr18$11909222$-,0.49
chr17:9477400-9478600,ENSG00000154914.12$USP43$chr17$9548015$+,0.35
chr17:48474800-48476000,ENSG00000154920.10$EME1$chr17$48450581$+,0.61
chr17:48511400-48512000,ENSG00000154920.10$EME1$chr17$48450581$+,0.41
chr20:25174200-25176600,ENSG00000154930.10$ACSS1$chr20$25039616$-,0.43
chr17:48860000-48861200,ENSG00000154945.6$ANKRD40$chr17$48785285$-,0.61
chr17:11922800-11924200,ENSG00000154957.9$ZNF18$chr17$11900827$-,0.66
chr17:11934000-11935800,ENSG00000154957.9$ZNF18$chr17$11900827$-,0.6
chr7:55524800-55526000,ENSG00000154978.8$VOPP1$chr7$55640681$-,0.36
chr7:55664600-55666200,ENSG00000154978.8$VOPP1$chr7$55640681$-,0.44
chr7:55708800-55710600,ENSG00000154978.8$VOPP1$chr7$55640681$-,0.44
chr7:55954400-55954800,ENSG00000154997.8$SEPT14$chr7$55930482$-,0.52
chr7:55955800-55957800,ENSG00000154997.8$SEPT14$chr7$55930482$-,0.51
chr6:109911200-109912400,ENSG00000155085.11$AK9$chr6$110012420$-,0.43
chr6:110080800-110082600,ENSG00000155085.11$AK9$chr6$110012420$-,0.63
chr8:103600400-103600600,ENSG00000155090.10$KLF10$chr8$103668130$-,0.45
chr8:103688000-103689000,ENSG00000155090.10$KLF10$chr8$103668130$-,0.67
chr8:92059400-92061800,ENSG00000155099.3$TMEM55A$chr8$92053292$-,0.65
chr8:92053400-92055800,ENSG00000155100.6$OTUD6B$chr8$92082424$+,0.67
chr8:92059400-92061800,ENSG00000155100.6$OTUD6B$chr8$92082424$+,0.82
chr6:111278400-111279600,ENSG00000155111.10$CDK19$chr6$111137161$-,0.42
chr6:111280600-111282200,ENSG00000155111.10$CDK19$chr6$111137161$-,0.46
chr9:15349800-15352200,ENSG00000155158.16$TTC39B$chr9$15307358$-,0.49
chr8:6563200-6565200,ENSG00000155189.7$AGPAT5$chr8$6565878$+,0.42
chr10:99158600-99160200,ENSG00000155229.16$MMS19$chr10$99258551$-,0.38
chr10:99203800-99205000,ENSG00000155229.16$MMS19$chr10$99258551$-,0.48
chr14:20437800-20438800,ENSG00000155249.4$OR4K1$chr14$20403767$+,0.64
chr10:99399600-99400400,ENSG00000155256.13$ZFYVE27$chr10$99496878$+,0.5
chr10:99471400-99473800,ENSG00000155256.13$ZFYVE27$chr10$99496878$+,0.62
chr10:99471400-99473800,ENSG00000155265.6$GOLGA7B$chr10$99609996$+,0.42
chr4:8415400-8417000,ENSG00000155275.14$TRMT44$chr4$8437867$+,0.5
chr4:8427400-8429600,ENSG00000155275.14$TRMT44$chr4$8437867$+,0.55
chr4:8430400-8431800,ENSG00000155275.14$TRMT44$chr4$8437867$+,0.53
chr10:101489200-101491400,ENSG00000155287.6$SLC25A28$chr10$101380366$-,0.45
chr21:15589000-15589800,ENSG00000155304.4$HSPA13$chr21$15755805$-,0.39
chr21:15625400-15627000,ENSG00000155304.4$HSPA13$chr21$15755805$-,0.37
chr21:15750400-15750800,ENSG00000155304.4$HSPA13$chr21$15755805$-,0.66
chr21:15825200-15825600,ENSG00000155304.4$HSPA13$chr21$15755805$-,0.57
chr21:15877800-15879000,ENSG00000155304.4$HSPA13$chr21$15755805$-,0.41
chr21:15885600-15887600,ENSG00000155304.4$HSPA13$chr21$15755805$-,0.42
chr21:15889400-15890000,ENSG00000155304.4$HSPA13$chr21$15755805$-,0.41
chr21:15912600-15914200,ENSG00000155304.4$HSPA13$chr21$15755805$-,0.37
chr21:15877800-15879000,ENSG00000155307.13$SAMSN1$chr21$15955723$-,0.41
chr21:15885600-15887600,ENSG00000155307.13$SAMSN1$chr21$15955723$-,0.4
chr21:15889400-15890000,ENSG00000155307.13$SAMSN1$chr21$15955723$-,0.48
chr21:15912600-15914200,ENSG00000155307.13$SAMSN1$chr21$15955723$-,0.54
chr21:15926800-15929200,ENSG00000155307.13$SAMSN1$chr21$15955723$-,0.56
chr21:15956200-15958000,ENSG00000155307.13$SAMSN1$chr21$15955723$-,0.37
chr21:16001400-16003800,ENSG00000155307.13$SAMSN1$chr21$15955723$-,0.5
chr21:16024400-16025400,ENSG00000155307.13$SAMSN1$chr21$15955723$-,0.44
chr21:16924200-16926200,ENSG00000155313.11$USP25$chr21$17102344$+,0.37
chr21:17229200-17231000,ENSG00000155313.11$USP25$chr21$17102344$+,0.43
chr5:132200200-132201800,ENSG00000155329.7$ZCCHC10$chr5$132362296$-,0.38
chr5:132203000-132204800,ENSG00000155329.7$ZCCHC10$chr5$132362296$-,0.44
chr16:46836600-46838200,ENSG00000155330.5$C16orf87$chr16$46865323$-,0.64
chr16:46850800-46851600,ENSG00000155330.5$C16orf87$chr16$46865323$-,0.58
chr16:46976600-46978200,ENSG00000155330.5$C16orf87$chr16$46865323$-,0.48
chr1:113209800-113210000,ENSG00000155363.14$MOV10$chr1$113215763$+,0.47
chr1:113210800-113212000,ENSG00000155363.14$MOV10$chr1$113215763$+,0.51
chr1:113209800-113210000,ENSG00000155366.12$RHOC$chr1$113250056$-,0.41
chr1:113210800-113212000,ENSG00000155366.12$RHOC$chr1$113250056$-,0.41
chr1:113209800-113210000,ENSG00000155367.11$PPM1J$chr1$113258099$-,0.6
chr1:113210800-113212000,ENSG00000155367.11$PPM1J$chr1$113258099$-,0.57
chr1:113312000-113314400,ENSG00000155367.11$PPM1J$chr1$113258099$-,0.51
chr1:113406400-113407600,ENSG00000155367.11$PPM1J$chr1$113258099$-,0.39
chr1:113406400-113407600,ENSG00000155380.7$SLC16A1$chr1$113499635$-,0.39
chr1:113476200-113476600,ENSG00000155380.7$SLC16A1$chr1$113499635$-,0.63
chr1:113505400-113506600,ENSG00000155380.7$SLC16A1$chr1$113499635$-,0.53
chr1:113593400-113594400,ENSG00000155380.7$SLC16A1$chr1$113499635$-,0.43
chr1:113614200-113615400,ENSG00000155380.7$SLC16A1$chr1$113499635$-,0.37
chr16:50057000-50059200,ENSG00000155393.8$HEATR3$chr16$50099852$+,0.61
chr16:50063000-50063600,ENSG00000155393.8$HEATR3$chr16$50099852$+,0.59
chr16:50185000-50186200,ENSG00000155393.8$HEATR3$chr16$50099852$+,0.46
chr2:122397800-122399600,ENSG00000155438.7$MKI67IP$chr2$122494499$-,0.4
chr2:122491200-122493400,ENSG00000155438.7$MKI67IP$chr2$122494499$-,0.41
chr2:122511600-122512600,ENSG00000155438.7$MKI67IP$chr2$122494499$-,0.65
chr2:122514000-122516200,ENSG00000155438.7$MKI67IP$chr2$122494499$-,0.58
chr14:23065400-23066800,ENSG00000155463.8$OXA1L$chr14$23235731$+,0.42
chr14:23181400-23183400,ENSG00000155463.8$OXA1L$chr14$23235731$+,0.47
chr14:23297400-23299000,ENSG00000155463.8$OXA1L$chr14$23235731$+,0.48
chr14:23299600-23301600,ENSG00000155463.8$OXA1L$chr14$23235731$+,0.49
chr14:23326400-23328800,ENSG00000155463.8$OXA1L$chr14$23235731$+,0.52
chr14:23334400-23336200,ENSG00000155463.8$OXA1L$chr14$23235731$+,0.53
chr14:23423200-23425600,ENSG00000155463.8$OXA1L$chr14$23235731$+,0.38
chr14:23181400-23183400,ENSG00000155465.14$SLC7A7$chr14$23299029$-,0.41
chr14:23233600-23235600,ENSG00000155465.14$SLC7A7$chr14$23299029$-,0.51
chr14:23326400-23328800,ENSG00000155465.14$SLC7A7$chr14$23299029$-,0.56
chr14:23334400-23336200,ENSG00000155465.14$SLC7A7$chr14$23299029$-,0.54
chr14:23426600-23427400,ENSG00000155465.14$SLC7A7$chr14$23299029$-,0.35
chr5:154144000-154144200,ENSG00000155508.9$CNOT8$chr5$154237113$+,0.43
chr7:133825200-133827600,ENSG00000155530.2$LRGUK$chr7$133812052$+,0.66
chr5:56157400-56157600,ENSG00000155542.7$SETD9$chr5$56205087$+,0.59
chr5:56157800-56159200,ENSG00000155542.7$SETD9$chr5$56205087$+,0.64
chr5:56188800-56190000,ENSG00000155542.7$SETD9$chr5$56205087$+,0.62
chr5:56196000-56197000,ENSG00000155542.7$SETD9$chr5$56205087$+,0.73
chr5:56204000-56204800,ENSG00000155542.7$SETD9$chr5$56205087$+,0.36
chr5:56244600-56246400,ENSG00000155542.7$SETD9$chr5$56205087$+,0.64
chr5:56248400-56250600,ENSG00000155542.7$SETD9$chr5$56205087$+,0.57
chr5:56279000-56281000,ENSG00000155542.7$SETD9$chr5$56205087$+,0.5
chr5:56157400-56157600,ENSG00000155545.15$MIER3$chr5$56267502$-,0.46
chr5:56157800-56159200,ENSG00000155545.15$MIER3$chr5$56267502$-,0.47
chr5:56188800-56190000,ENSG00000155545.15$MIER3$chr5$56267502$-,0.52
chr5:56196000-56197000,ENSG00000155545.15$MIER3$chr5$56267502$-,0.59
chr5:56204000-56204800,ENSG00000155545.15$MIER3$chr5$56267502$-,0.54
chr5:56206400-56207600,ENSG00000155545.15$MIER3$chr5$56267502$-,0.56
chr5:56244600-56246400,ENSG00000155545.15$MIER3$chr5$56267502$-,0.69
chr5:56248400-56250600,ENSG00000155545.15$MIER3$chr5$56267502$-,0.68
chr5:56279000-56281000,ENSG00000155545.15$MIER3$chr5$56267502$-,0.81
chr5:56362600-56364200,ENSG00000155545.15$MIER3$chr5$56267502$-,0.37
chr7:135109000-135111000,ENSG00000155561.10$NUP205$chr7$135242667$+,0.37
chr7:135135800-135137200,ENSG00000155561.10$NUP205$chr7$135242667$+,0.37
chr7:135147000-135147400,ENSG00000155561.10$NUP205$chr7$135242667$+,0.39
chr7:135151400-135152800,ENSG00000155561.10$NUP205$chr7$135242667$+,0.39
chr7:135195600-135196600,ENSG00000155561.10$NUP205$chr7$135242667$+,0.76
chr16:25116600-25117800,ENSG00000155592.11$ZKSCAN2$chr16$25269252$-,0.36
chr16:25135600-25136800,ENSG00000155592.11$ZKSCAN2$chr16$25269252$-,0.45
chr9:74490600-74493000,ENSG00000155621.10$C9orf85$chr9$74526426$+,0.63
chr9:74531600-74532800,ENSG00000155621.10$C9orf85$chr9$74526426$+,0.59
chr7:148553000-148554600,ENSG00000155660.6$PDIA4$chr7$148725733$-,0.36
chr7:148582200-148583200,ENSG00000155660.6$PDIA4$chr7$148725733$-,0.43
chr7:148617200-148619200,ENSG00000155660.6$PDIA4$chr7$148725733$-,0.38
chr7:148636200-148637800,ENSG00000155660.6$PDIA4$chr7$148725733$-,0.4
chr7:148638800-148640400,ENSG00000155660.6$PDIA4$chr7$148725733$-,0.41
chr7:148658000-148660200,ENSG00000155660.6$PDIA4$chr7$148725733$-,0.42
chr7:148660400-148662400,ENSG00000155660.6$PDIA4$chr7$148725733$-,0.55
chr7:148662800-148665000,ENSG00000155660.6$PDIA4$chr7$148725733$-,0.52
chr7:148685000-148686200,ENSG00000155660.6$PDIA4$chr7$148725733$-,0.56
chr7:148821600-148822800,ENSG00000155660.6$PDIA4$chr7$148725733$-,0.45
chr7:148825000-148826000,ENSG00000155660.6$PDIA4$chr7$148725733$-,0.49
chr7:148891600-148892400,ENSG00000155660.6$PDIA4$chr7$148725733$-,0.43
chr16:27280400-27282200,ENSG00000155666.7$KDM8$chr16$27214807$+,0.43
chr16:21958000-21960000,ENSG00000155714.9$PDZD9$chr16$22012433$-,0.46
chr16:22172800-22174600,ENSG00000155714.9$PDZD9$chr16$22012433$-,0.46
chr16:21607800-21610200,ENSG00000155719.12$OTOA$chr16$21689835$+,0.45
chr16:21672000-21673800,ENSG00000155719.12$OTOA$chr16$21689835$+,0.66
chr16:21719600-21720400,ENSG00000155719.12$OTOA$chr16$21689835$+,0.5
chr16:21738600-21739800,ENSG00000155719.12$OTOA$chr16$21689835$+,0.59
chr16:21830200-21831600,ENSG00000155719.12$OTOA$chr16$21689835$+,0.53
chr2:201372600-201374200,ENSG00000155729.8$KCTD18$chr2$201384507$-,0.36
chr2:201375200-201376400,ENSG00000155729.8$KCTD18$chr2$201384507$-,0.55
chr2:201378800-201381000,ENSG00000155729.8$KCTD18$chr2$201384507$-,0.57
chr2:201389800-201390400,ENSG00000155729.8$KCTD18$chr2$201384507$-,0.59
chr2:201911000-201912000,ENSG00000155744.5$FAM126B$chr2$201936394$-,0.68
chr2:202043800-202045400,ENSG00000155744.5$FAM126B$chr2$201936394$-,0.4
chr2:202046000-202047800,ENSG00000155744.5$FAM126B$chr2$201936394$-,0.43
chr8:120842600-120844600,ENSG00000155792.5$DEPTOR$chr8$120885957$+,0.7
chr8:120845600-120846800,ENSG00000155792.5$DEPTOR$chr8$120885957$+,0.6
chr8:120865400-120867600,ENSG00000155792.5$DEPTOR$chr8$120885957$+,0.63
chr8:120868600-120870800,ENSG00000155792.5$DEPTOR$chr8$120885957$+,0.74
chr9:104323000-104325400,ENSG00000155827.7$RNF20$chr9$104296133$+,0.69
chr7:37366200-37368200,ENSG00000155849.11$ELMO1$chr7$37488852$-,0.44
chr7:37368600-37369600,ENSG00000155849.11$ELMO1$chr7$37488852$-,0.42
chr7:37370200-37370400,ENSG00000155849.11$ELMO1$chr7$37488852$-,0.42
chr5:149280800-149282000,ENSG00000155850.7$SLC26A2$chr5$149340300$+,0.57
chr5:149378000-149379600,ENSG00000155850.7$SLC26A2$chr5$149340300$+,0.66
chr5:157077600-157080000,ENSG00000155858.5$LSM11$chr5$157170703$+,0.41
chr5:157171400-157173200,ENSG00000155858.5$LSM11$chr5$157170703$+,0.38
chr5:157188400-157190000,ENSG00000155858.5$LSM11$chr5$157170703$+,0.61
chr5:157199000-157199600,ENSG00000155858.5$LSM11$chr5$157170703$+,0.59
chr5:157270400-157272200,ENSG00000155858.5$LSM11$chr5$157170703$+,0.37
chr5:157272800-157275000,ENSG00000155858.5$LSM11$chr5$157170703$+,0.41
chr5:156555400-156557000,ENSG00000155868.7$MED7$chr5$156586030$-,0.52
chr5:156567000-156569200,ENSG00000155868.7$MED7$chr5$156586030$-,0.48
chr5:156570800-156571400,ENSG00000155868.7$MED7$chr5$156586030$-,0.56
chr5:156584200-156585000,ENSG00000155868.7$MED7$chr5$156586030$-,0.39
chr5:156612200-156613800,ENSG00000155868.7$MED7$chr5$156586030$-,0.52
chr5:156614800-156615200,ENSG00000155868.7$MED7$chr5$156586030$-,0.48
chr5:156617400-156618400,ENSG00000155868.7$MED7$chr5$156586030$-,0.48
chr5:156618600-156621000,ENSG00000155868.7$MED7$chr5$156586030$-,0.49
chr5:156663400-156665200,ENSG00000155868.7$MED7$chr5$156586030$-,0.35
chr5:156668600-156670000,ENSG00000155868.7$MED7$chr5$156586030$-,0.35
chr5:156670600-156671400,ENSG00000155868.7$MED7$chr5$156586030$-,0.36
chr5:156671600-156673800,ENSG00000155868.7$MED7$chr5$156586030$-,0.36
chr9:19047400-19048800,ENSG00000155875.9$FAM154A$chr9$19033251$-,0.43
chr9:19095400-19095800,ENSG00000155876.4$RRAGA$chr9$19049372$+,0.53
chr3:141263000-141265400,ENSG00000155903.7$RASA2$chr3$141205889$+,0.49
chr6:151796600-151797600,ENSG00000155906.12$RMND1$chr6$151773259$-,0.6
chr6:150380600-150382000,ENSG00000155918.3$RAET1L$chr6$150346668$-,0.45
chr6:150388200-150389800,ENSG00000155918.3$RAET1L$chr6$150346668$-,0.38
chr6:150399800-150402200,ENSG00000155918.3$RAET1L$chr6$150346668$-,0.43
chr12:66525200-66527400,ENSG00000155957.12$TMBIM4$chr12$66563852$-,0.55
chr12:66668800-66670400,ENSG00000155957.12$TMBIM4$chr12$66563852$-,0.35
chr12:66677000-66679000,ENSG00000155957.12$TMBIM4$chr12$66563852$-,0.41
chr12:66687800-66688000,ENSG00000155957.12$TMBIM4$chr12$66563852$-,0.5
chr12:66689400-66691600,ENSG00000155957.12$TMBIM4$chr12$66563852$-,0.54
chr12:66694800-66695800,ENSG00000155957.12$TMBIM4$chr12$66563852$-,0.62
chr12:66701600-66703000,ENSG00000155957.12$TMBIM4$chr12$66563852$-,0.46
chr12:66717600-66718000,ENSG00000155957.12$TMBIM4$chr12$66563852$-,0.65
chr12:66719000-66720400,ENSG00000155957.12$TMBIM4$chr12$66563852$-,0.57
chrX:154421200-154423400,ENSG00000155959.6$VBP1$chrX$154425284$+,0.68
chrX:154493800-154494600,ENSG00000155959.6$VBP1$chrX$154425284$+,0.42
chrX:154421200-154423400,ENSG00000155961.4$RAB39B$chrX$154493874$-,0.47
chrX:154616400-154618000,ENSG00000155961.4$RAB39B$chrX$154493874$-,0.46
chrX:154623800-154625000,ENSG00000155961.4$RAB39B$chrX$154493874$-,0.49
chrX:154493800-154494600,ENSG00000155962.8$CLIC2$chrX$154563966$-,0.5
chrX:154616400-154618000,ENSG00000155962.8$CLIC2$chrX$154563966$-,0.47
chrX:154623800-154625000,ENSG00000155962.8$CLIC2$chrX$154563966$-,0.5
chr8:17011400-17013200,ENSG00000155970.7$MICU3$chr8$16884747$+,0.48
chr8:17011400-17013200,ENSG00000155975.5$VPS37A$chr8$17104080$+,0.41
chr8:17115600-17117600,ENSG00000155975.5$VPS37A$chr8$17104080$+,0.64
chr12:57881000-57881800,ENSG00000155980.7$KIF5A$chr12$57943781$+,0.47
chr12:57914400-57916000,ENSG00000155980.7$KIF5A$chr12$57943781$+,0.51
chr12:57999000-58001400,ENSG00000155980.7$KIF5A$chr12$57943781$+,0.44
chrX:148586600-148588200,ENSG00000155984.10$TMEM185A$chrX$148713568$-,0.4
chrX:148619000-148621200,ENSG00000155984.10$TMEM185A$chrX$148713568$-,0.56
chrX:148623000-148623800,ENSG00000155984.10$TMEM185A$chrX$148713568$-,0.53
chrX:148880400-148882400,ENSG00000155984.10$TMEM185A$chrX$148713568$-,0.46
chr9:77501000-77503400,ENSG00000156017.8$C9orf41$chr9$77643339$-,0.48
chr9:77625000-77627000,ENSG00000156017.8$C9orf41$chr9$77643339$-,0.71
chr9:77628000-77629600,ENSG00000156017.8$C9orf41$chr9$77643339$-,0.73
chr9:77643600-77644800,ENSG00000156017.8$C9orf41$chr9$77643339$-,0.38
chr9:77686200-77688400,ENSG00000156017.8$C9orf41$chr9$77643339$-,0.64
chr9:77730600-77733000,ENSG00000156017.8$C9orf41$chr9$77643339$-,0.49
chr9:77770400-77772400,ENSG00000156017.8$C9orf41$chr9$77643339$-,0.51
chr9:77781400-77783000,ENSG00000156017.8$C9orf41$chr9$77643339$-,0.48
chr10:74382800-74385000,ENSG00000156026.10$MCU$chr10$74451889$+,0.54
chr10:74386200-74387200,ENSG00000156026.10$MCU$chr10$74451889$+,0.63
chr10:75013000-75014600,ENSG00000156042.13$TTC18$chr10$75118617$-,0.58
chr10:75056600-75057400,ENSG00000156042.13$TTC18$chr10$75118617$-,0.45
chr10:75174200-75175800,ENSG00000156042.13$TTC18$chr10$75118617$-,0.49
chr14:74319200-74320600,ENSG00000156050.4$FAM161B$chr14$74417117$-,0.54
chr14:74358000-74359000,ENSG00000156050.4$FAM161B$chr14$74417117$-,0.58
chr14:74484400-74485000,ENSG00000156050.4$FAM161B$chr14$74417117$-,0.68
chr14:74552400-74553800,ENSG00000156050.4$FAM161B$chr14$74417117$-,0.44
chr9:80583000-80585400,ENSG00000156052.6$GNAQ$chr9$80646374$-,0.35
chr9:80667800-80670200,ENSG00000156052.6$GNAQ$chr9$80646374$-,0.54
chr10:75907800-75910000,ENSG00000156110.9$ADK$chr10$75910960$+,0.38
chr10:75918400-75919400,ENSG00000156110.9$ADK$chr10$75910960$+,0.73
chr14:76034200-76036200,ENSG00000156127.6$BATF$chr14$75988768$+,0.56
chr4:71766800-71767600,ENSG00000156136.5$DCK$chr4$71858255$+,0.43
chr8:95833600-95835000,ENSG00000156170.8$NDUFAF6$chr8$95907995$+,0.35
chr8:95853600-95856000,ENSG00000156170.8$NDUFAF6$chr8$95907995$+,0.57
chr8:95909000-95911200,ENSG00000156170.8$NDUFAF6$chr8$95907995$+,0.39
chr8:95945400-95946000,ENSG00000156170.8$NDUFAF6$chr8$95907995$+,0.49
chr1:111524200-111526600,ENSG00000156171.10$DRAM2$chr1$111682838$-,0.49
chr1:111714000-111716400,ENSG00000156171.10$DRAM2$chr1$111682838$-,0.63
chr1:111721600-111723400,ENSG00000156171.10$DRAM2$chr1$111682838$-,0.67
chr1:111836600-111839000,ENSG00000156171.10$DRAM2$chr1$111682838$-,0.38
chr15:81425800-81427200,ENSG00000156206.9$C15orf26$chr15$81299374$+,0.51
chr4:76949200-76951000,ENSG00000156219.12$ART3$chr4$76932337$+,0.44
chr15:83348200-83350600,ENSG00000156232.6$WHAMM$chr15$83478380$+,0.48
chr15:83417800-83418800,ENSG00000156232.6$WHAMM$chr15$83478380$+,0.47
chr21:30201400-30202200,ENSG00000156239.7$N6AMT1$chr21$30257693$-,0.74
chr21:30208600-30208800,ENSG00000156239.7$N6AMT1$chr21$30257693$-,0.71
chr21:30209000-30211200,ENSG00000156239.7$N6AMT1$chr21$30257693$-,0.55
chr21:30365600-30366800,ENSG00000156239.7$N6AMT1$chr21$30257693$-,0.47
chr21:30375600-30377200,ENSG00000156239.7$N6AMT1$chr21$30257693$-,0.43
chr21:30392000-30393200,ENSG00000156239.7$N6AMT1$chr21$30257693$-,0.4
chr21:30401200-30402400,ENSG00000156239.7$N6AMT1$chr21$30257693$-,0.42
chr21:30255600-30256800,ENSG00000156253.2$RWDD2B$chr21$30391699$-,0.41
chr21:30257800-30259000,ENSG00000156253.2$RWDD2B$chr21$30391699$-,0.38
chr21:30365600-30366800,ENSG00000156253.2$RWDD2B$chr21$30391699$-,0.48
chr21:30375600-30377200,ENSG00000156253.2$RWDD2B$chr21$30391699$-,0.49
chr21:30401200-30402400,ENSG00000156253.2$RWDD2B$chr21$30391699$-,0.58
chr21:30419800-30420000,ENSG00000156253.2$RWDD2B$chr21$30391699$-,0.55
chr21:30255600-30256800,ENSG00000156256.10$USP16$chr21$30396950$+,0.35
chr21:30365600-30366800,ENSG00000156256.10$USP16$chr21$30396950$+,0.51
chr21:30375600-30377200,ENSG00000156256.10$USP16$chr21$30396950$+,0.51
chr21:30389400-30391000,ENSG00000156256.10$USP16$chr21$30396950$+,0.63
chr21:30392000-30393200,ENSG00000156256.10$USP16$chr21$30396950$+,0.58
chr21:30401200-30402400,ENSG00000156256.10$USP16$chr21$30396950$+,0.59
chr21:30419800-30420000,ENSG00000156256.10$USP16$chr21$30396950$+,0.62
chr21:30255600-30256800,ENSG00000156261.8$CCT8$chr21$30446118$-,0.37
chr21:30365600-30366800,ENSG00000156261.8$CCT8$chr21$30446118$-,0.47
chr21:30375600-30377200,ENSG00000156261.8$CCT8$chr21$30446118$-,0.5
chr21:30389400-30391000,ENSG00000156261.8$CCT8$chr21$30446118$-,0.6
chr21:30392000-30393200,ENSG00000156261.8$CCT8$chr21$30446118$-,0.48
chr21:30401200-30402400,ENSG00000156261.8$CCT8$chr21$30446118$-,0.5
chr21:30419800-30420000,ENSG00000156261.8$CCT8$chr21$30446118$-,0.62
chr21:30365600-30366800,ENSG00000156265.11$MAP3K7CL$chr21$30449792$+,0.45
chr21:30375600-30377200,ENSG00000156265.11$MAP3K7CL$chr21$30449792$+,0.48
chr21:30389400-30391000,ENSG00000156265.11$MAP3K7CL$chr21$30449792$+,0.53
chr21:30392000-30393200,ENSG00000156265.11$MAP3K7CL$chr21$30449792$+,0.54
chr21:30401200-30402400,ENSG00000156265.11$MAP3K7CL$chr21$30449792$+,0.45
chr21:30419800-30420000,ENSG00000156265.11$MAP3K7CL$chr21$30449792$+,0.62
chr21:32389000-32389800,ENSG00000156304.10$SCAF4$chr21$33104388$-,0.36
chr21:32470600-32472200,ENSG00000156304.10$SCAF4$chr21$33104388$-,0.36
chrX:38419600-38420800,ENSG00000156313.8$RPGR$chrX$38186817$-,0.35
chr10:105126800-105127600,ENSG00000156374.10$PCGF6$chr10$105110891$-,0.71
chr14:102988800-102991200,ENSG00000156381.4$ANKRD9$chr14$102976136$-,0.53
chr10:105929600-105931600,ENSG00000156384.10$SFR1$chr10$105881816$+,0.53
chr10:105990400-105991800,ENSG00000156384.10$SFR1$chr10$105881816$+,0.5
chr10:104401000-104401600,ENSG00000156398.8$SFXN2$chr10$104474295$+,0.51
chr5:170813200-170814000,ENSG00000156427.7$FGF18$chr5$170846660$+,0.41
chr5:170828200-170829200,ENSG00000156427.7$FGF18$chr5$170846660$+,0.42
chr5:141300600-141302800,ENSG00000156453.9$PCDH1$chr5$141258811$-,0.48
chrX:133940400-133941200,ENSG00000156500.10$FAM122C$chrX$133930819$+,0.59
chrX:133961200-133963200,ENSG00000156500.10$FAM122C$chrX$133930819$+,0.52
chrX:134047200-134048400,ENSG00000156500.10$FAM122C$chrX$133930819$+,0.6
chrX:134049200-134050000,ENSG00000156500.10$FAM122C$chrX$133930819$+,0.53
chrX:134137400-134139000,ENSG00000156500.10$FAM122C$chrX$133930819$+,0.35
chrX:134164000-134166000,ENSG00000156500.10$FAM122C$chrX$133930819$+,0.38
chr10:70786000-70788200,ENSG00000156502.9$SUPV3L1$chr10$70939988$+,0.38
chr10:70881600-70883000,ENSG00000156502.9$SUPV3L1$chr10$70939988$+,0.56
chr10:70885000-70887000,ENSG00000156502.9$SUPV3L1$chr10$70939988$+,0.47
chr10:70887200-70887400,ENSG00000156502.9$SUPV3L1$chr10$70939988$+,0.46
chr10:70891400-70892600,ENSG00000156502.9$SUPV3L1$chr10$70939988$+,0.55
chr10:70938400-70939200,ENSG00000156502.9$SUPV3L1$chr10$70939988$+,0.35
chrX:133940400-133941200,ENSG00000156504.12$FAM122B$chrX$133931262$-,0.6
chrX:133961200-133963200,ENSG00000156504.12$FAM122B$chrX$133931262$-,0.51
chrX:134047200-134048400,ENSG00000156504.12$FAM122B$chrX$133931262$-,0.56
chrX:134049200-134050000,ENSG00000156504.12$FAM122B$chrX$133931262$-,0.5
chrX:134164000-134166000,ENSG00000156504.12$FAM122B$chrX$133931262$-,0.4
chr6:74097600-74098800,ENSG00000156508.13$EEF1A1$chr6$74233520$-,0.41
chr6:74148000-74148800,ENSG00000156508.13$EEF1A1$chr6$74233520$-,0.38
chr6:74175800-74176400,ENSG00000156508.13$EEF1A1$chr6$74233520$-,0.5
chr6:74180000-74182000,ENSG00000156508.13$EEF1A1$chr6$74233520$-,0.48
chr6:74361600-74362800,ENSG00000156508.13$EEF1A1$chr6$74233520$-,0.42
chr8:101161200-101162200,ENSG00000156509.9$FBXO43$chr8$101158028$-,0.61
chr8:101163400-101165600,ENSG00000156509.9$FBXO43$chr8$101158028$-,0.53
chr8:101193600-101194200,ENSG00000156509.9$FBXO43$chr8$101158028$-,0.51
chr8:101226000-101227800,ENSG00000156509.9$FBXO43$chr8$101158028$-,0.41
chr10:71930800-71932200,ENSG00000156521.9$TYSND1$chr10$71906432$-,0.45
chr10:71932800-71935200,ENSG00000156521.9$TYSND1$chr10$71906432$-,0.43
chr10:71993600-71995800,ENSG00000156521.9$TYSND1$chr10$71906432$-,0.44
chr11:57103600-57104600,ENSG00000156575.2$PRG3$chr11$57148623$-,0.57
chr11:57298800-57300400,ENSG00000156575.2$PRG3$chr11$57148623$-,0.37
chr11:57298800-57300400,ENSG00000156587.11$UBE2L6$chr11$57335757$-,0.5
chr11:57335800-57337600,ENSG00000156587.11$UBE2L6$chr11$57335757$-,0.35
chr11:57403800-57405800,ENSG00000156587.11$UBE2L6$chr11$57335757$-,0.54
chr11:57424000-57424800,ENSG00000156587.11$UBE2L6$chr11$57335757$-,0.46
chr11:57433000-57434400,ENSG00000156587.11$UBE2L6$chr11$57335757$-,0.52
chr11:57298800-57300400,ENSG00000156599.6$ZDHHC5$chr11$57435219$+,0.44
chr11:57335800-57337600,ENSG00000156599.6$ZDHHC5$chr11$57435219$+,0.43
chr11:57403800-57405800,ENSG00000156599.6$ZDHHC5$chr11$57435219$+,0.68
chr11:57424000-57424800,ENSG00000156599.6$ZDHHC5$chr11$57435219$+,0.63
chr11:57445000-57445800,ENSG00000156599.6$ZDHHC5$chr11$57435219$+,0.59
chr11:57477200-57479200,ENSG00000156599.6$ZDHHC5$chr11$57435219$+,0.56
chr11:57480600-57482800,ENSG00000156599.6$ZDHHC5$chr11$57435219$+,0.49
chr11:57524600-57526600,ENSG00000156599.6$ZDHHC5$chr11$57435219$+,0.4
chr11:57335800-57337600,ENSG00000156603.10$MED19$chr11$57479693$-,0.38
chr11:57403800-57405800,ENSG00000156603.10$MED19$chr11$57479693$-,0.58
chr11:57424000-57424800,ENSG00000156603.10$MED19$chr11$57479693$-,0.54
chr11:57433000-57434400,ENSG00000156603.10$MED19$chr11$57479693$-,0.61
chr11:57445000-57445800,ENSG00000156603.10$MED19$chr11$57479693$-,0.59
chr11:57477200-57479200,ENSG00000156603.10$MED19$chr11$57479693$-,0.41
chr11:57524600-57526600,ENSG00000156603.10$MED19$chr11$57479693$-,0.64
chr6:37875800-37876000,ENSG00000156639.7$ZFAND3$chr6$37787275$+,0.44
chr10:76617000-76618800,ENSG00000156650.8$KAT6B$chr10$76585340$+,0.67
chr10:76751200-76753000,ENSG00000156650.8$KAT6B$chr10$76585340$+,0.48
chr10:76849000-76850400,ENSG00000156671.8$SAMD8$chr10$76859344$+,0.47
chr10:76908800-76909400,ENSG00000156671.8$SAMD8$chr10$76859344$+,0.36
chr8:37705800-37706800,ENSG00000156675.11$RAB11FIP1$chr8$37756985$-,0.46
chr8:37707400-37709200,ENSG00000156675.11$RAB11FIP1$chr8$37756985$-,0.41
chrX:128941800-128944200,ENSG00000156697.8$UTP14A$chrX$129040097$+,0.46
chrX:128959600-128961000,ENSG00000156697.8$UTP14A$chrX$129040097$+,0.46
chrX:128978400-128978800,ENSG00000156697.8$UTP14A$chrX$129040097$+,0.44
chrX:129040600-129043000,ENSG00000156697.8$UTP14A$chrX$129040097$+,0.35
chrX:129070800-129073200,ENSG00000156697.8$UTP14A$chrX$129040097$+,0.63
chrX:129157600-129159600,ENSG00000156697.8$UTP14A$chrX$129040097$+,0.38
chrX:129157600-129159600,ENSG00000156709.9$AIFM1$chrX$129299861$-,0.37
chrX:129245000-129246600,ENSG00000156709.9$AIFM1$chrX$129299861$-,0.5
chrX:129293000-129295400,ENSG00000156709.9$AIFM1$chrX$129299861$-,0.62
chr6:36117200-36119600,ENSG00000156711.12$MAPK13$chr6$36095586$+,0.7
chr6:36136600-36138600,ENSG00000156711.12$MAPK13$chr6$36095586$+,0.61
chr6:36162800-36163800,ENSG00000156711.12$MAPK13$chr6$36095586$+,0.41
chr8:37886600-37887600,ENSG00000156735.6$BAG4$chr8$38034051$+,0.41
chr8:37923800-37926200,ENSG00000156735.6$BAG4$chr8$38034051$+,0.4
chr8:37960600-37962200,ENSG00000156735.6$BAG4$chr8$38034051$+,0.44
chr8:38086400-38088400,ENSG00000156735.6$BAG4$chr8$38034051$+,0.47
chr8:38090000-38092000,ENSG00000156735.6$BAG4$chr8$38034051$+,0.44
chr8:124006400-124008600,ENSG00000156787.12$TBC1D31$chr8$124054208$+,0.48
chr8:124124000-124125800,ENSG00000156787.12$TBC1D31$chr8$124054208$+,0.43
chr8:124141200-124143000,ENSG00000156787.12$TBC1D31$chr8$124054208$+,0.38
chr8:124160600-124163000,ENSG00000156787.12$TBC1D31$chr8$124054208$+,0.42
chr8:124322000-124324000,ENSG00000156795.2$WDYHV1$chr8$124428965$+,0.41
chr8:124324200-124324600,ENSG00000156795.2$WDYHV1$chr8$124428965$+,0.38
chr8:124376200-124376800,ENSG00000156795.2$WDYHV1$chr8$124428965$+,0.5
chr8:124409000-124410200,ENSG00000156795.2$WDYHV1$chr8$124428965$+,0.53
chr8:124553800-124556000,ENSG00000156795.2$WDYHV1$chr8$124428965$+,0.4
chr8:124322000-124324000,ENSG00000156802.8$ATAD2$chr8$124428590$-,0.38
chr8:124324200-124324600,ENSG00000156802.8$ATAD2$chr8$124428590$-,0.36
chr8:124376200-124376800,ENSG00000156802.8$ATAD2$chr8$124428590$-,0.53
chr8:124409000-124410200,ENSG00000156802.8$ATAD2$chr8$124428590$-,0.54
chr8:124553800-124556000,ENSG00000156802.8$ATAD2$chr8$124428590$-,0.39
chr8:124409000-124410200,ENSG00000156804.3$FBXO32$chr8$124553446$-,0.38
chr8:125984000-125985400,ENSG00000156831.3$NSMCE2$chr8$126103921$+,0.4
chr16:30639400-30641000,ENSG00000156853.7$ZNF689$chr16$30635333$-,0.5
chr16:30418000-30418400,ENSG00000156858.7$PRR14$chr16$30662038$+,0.42
chr16:30438800-30440800,ENSG00000156858.7$PRR14$chr16$30662038$+,0.41
chr16:30441200-30443000,ENSG00000156858.7$PRR14$chr16$30662038$+,0.39
chr16:30476600-30478800,ENSG00000156858.7$PRR14$chr16$30662038$+,0.43
chr16:30492800-30493000,ENSG00000156858.7$PRR14$chr16$30662038$+,0.38
chr16:30493600-30495600,ENSG00000156858.7$PRR14$chr16$30662038$+,0.38
chr16:30496200-30498200,ENSG00000156858.7$PRR14$chr16$30662038$+,0.39
chr16:30505400-30506400,ENSG00000156858.7$PRR14$chr16$30662038$+,0.42
chr16:30546800-30549200,ENSG00000156858.7$PRR14$chr16$30662038$+,0.39
chr16:30597800-30599600,ENSG00000156858.7$PRR14$chr16$30662038$+,0.46
chr16:30618800-30620800,ENSG00000156858.7$PRR14$chr16$30662038$+,0.49
chr16:30639400-30641000,ENSG00000156858.7$PRR14$chr16$30662038$+,0.58
chr16:30646200-30648200,ENSG00000156858.7$PRR14$chr16$30662038$+,0.56
chr16:30711000-30713200,ENSG00000156858.7$PRR14$chr16$30662038$+,0.49
chr16:30757800-30759600,ENSG00000156858.7$PRR14$chr16$30662038$+,0.47
chr16:30760000-30762400,ENSG00000156858.7$PRR14$chr16$30662038$+,0.43
chr16:30816000-30816600,ENSG00000156858.7$PRR14$chr16$30662038$+,0.37
chr16:30418000-30418400,ENSG00000156860.11$FBRS$chr16$30669752$+,0.37
chr16:30438800-30440800,ENSG00000156860.11$FBRS$chr16$30669752$+,0.37
chr16:30476600-30478800,ENSG00000156860.11$FBRS$chr16$30669752$+,0.39
chr16:30496200-30498200,ENSG00000156860.11$FBRS$chr16$30669752$+,0.35
chr16:30505400-30506400,ENSG00000156860.11$FBRS$chr16$30669752$+,0.38
chr16:30546800-30549200,ENSG00000156860.11$FBRS$chr16$30669752$+,0.52
chr16:30597800-30599600,ENSG00000156860.11$FBRS$chr16$30669752$+,0.49
chr16:30618800-30620800,ENSG00000156860.11$FBRS$chr16$30669752$+,0.47
chr16:30639400-30641000,ENSG00000156860.11$FBRS$chr16$30669752$+,0.65
chr16:30646200-30648200,ENSG00000156860.11$FBRS$chr16$30669752$+,0.58
chr16:30711000-30713200,ENSG00000156860.11$FBRS$chr16$30669752$+,0.57
chr16:30757800-30759600,ENSG00000156860.11$FBRS$chr16$30669752$+,0.42
chr16:30760000-30762400,ENSG00000156860.11$FBRS$chr16$30669752$+,0.45
chr16:30816000-30816600,ENSG00000156860.11$FBRS$chr16$30669752$+,0.5
chr1:100229600-100231800,ENSG00000156869.8$FRRS1$chr1$100232187$-,0.41
chr1:100273800-100275400,ENSG00000156869.8$FRRS1$chr1$100232187$-,0.59
chr1:100314200-100315400,ENSG00000156869.8$FRRS1$chr1$100232187$-,0.46
chr16:30618800-30620800,ENSG00000156873.11$PHKG2$chr16$30759591$+,0.4
chr16:30639400-30641000,ENSG00000156873.11$PHKG2$chr16$30759591$+,0.42
chr16:30646200-30648200,ENSG00000156873.11$PHKG2$chr16$30759591$+,0.4
chr16:30711000-30713200,ENSG00000156873.11$PHKG2$chr16$30759591$+,0.62
chr16:30760000-30762400,ENSG00000156873.11$PHKG2$chr16$30759591$+,0.42
chr16:30816000-30816600,ENSG00000156873.11$PHKG2$chr16$30759591$+,0.53
chr16:30931600-30933400,ENSG00000156873.11$PHKG2$chr16$30759591$+,0.36
chr1:100433200-100435200,ENSG00000156875.9$HIAT1$chr1$100503653$+,0.5
chr1:100451400-100453400,ENSG00000156875.9$HIAT1$chr1$100503653$+,0.63
chr1:100493800-100495400,ENSG00000156875.9$HIAT1$chr1$100503653$+,0.5
chr1:100510200-100510400,ENSG00000156875.9$HIAT1$chr1$100503653$+,0.5
chr1:100529800-100532200,ENSG00000156875.9$HIAT1$chr1$100503653$+,0.52
chr1:100451400-100453400,ENSG00000156876.8$SASS6$chr1$100598511$-,0.4
chr1:100493800-100495400,ENSG00000156876.8$SASS6$chr1$100598511$-,0.45
chr1:100510200-100510400,ENSG00000156876.8$SASS6$chr1$100598511$-,0.46
chr1:100529800-100532200,ENSG00000156876.8$SASS6$chr1$100598511$-,0.52
chr1:100593800-100594600,ENSG00000156876.8$SASS6$chr1$100598511$-,0.63
chr1:100616800-100618800,ENSG00000156876.8$SASS6$chr1$100598511$-,0.77
chr1:100713600-100714800,ENSG00000156876.8$SASS6$chr1$100598511$-,0.44
chr1:100715800-100716600,ENSG00000156876.8$SASS6$chr1$100598511$-,0.42
chr1:100730200-100731400,ENSG00000156876.8$SASS6$chr1$100598511$-,0.4
chr16:31454200-31455600,ENSG00000156885.4$COX6A2$chr16$31439967$-,0.55
chr16:31348600-31350400,ENSG00000156886.11$ITGAD$chr16$31404633$+,0.35
chr7:23219600-23221200,ENSG00000156928.4$MALSU1$chr7$23338358$+,0.51
chr7:23486400-23486600,ENSG00000156928.4$MALSU1$chr7$23338358$+,0.46
chr7:23530600-23531800,ENSG00000156928.4$MALSU1$chr7$23338358$+,0.39
chr3:184426800-184429000,ENSG00000156931.11$VPS8$chr3$184529931$+,0.51
chr15:49338800-49340200,ENSG00000156958.10$GALK2$chr15$49447853$+,0.36
chr15:49476600-49476800,ENSG00000156958.10$GALK2$chr15$49447853$+,0.57
chr15:40470200-40472200,ENSG00000156970.8$BUB1B$chr15$40453224$+,0.71
chr2:232421800-232422800,ENSG00000156973.9$PDE6D$chr2$232650982$-,0.35
chr2:232542000-232543000,ENSG00000156973.9$PDE6D$chr2$232650982$-,0.35
chr2:232568600-232571000,ENSG00000156973.9$PDE6D$chr2$232650982$-,0.55
chr2:232643200-232645600,ENSG00000156973.9$PDE6D$chr2$232650982$-,0.52
chr3:186423200-186424800,ENSG00000156976.10$EIF4A2$chr3$186500994$+,0.65
chr3:186515600-186517000,ENSG00000156976.10$EIF4A2$chr3$186500994$+,0.42
chr3:186517400-186517600,ENSG00000156976.10$EIF4A2$chr3$186500994$+,0.54
chr3:186517800-186519200,ENSG00000156976.10$EIF4A2$chr3$186500994$+,0.51
chr3:186566400-186568000,ENSG00000156976.10$EIF4A2$chr3$186500994$+,0.43
chr3:186597000-186599200,ENSG00000156976.10$EIF4A2$chr3$186500994$+,0.47
chr3:186645800-186648000,ENSG00000156976.10$EIF4A2$chr3$186500994$+,0.4
chr3:9690200-9691000,ENSG00000156983.11$BRPF1$chr3$9773413$+,0.48
chr3:9691800-9693200,ENSG00000156983.11$BRPF1$chr3$9773413$+,0.6
chr3:9744600-9747000,ENSG00000156983.11$BRPF1$chr3$9773413$+,0.56
chr3:9768000-9770000,ENSG00000156983.11$BRPF1$chr3$9773413$+,0.58
chr3:9795600-9797800,ENSG00000156983.11$BRPF1$chr3$9773413$+,0.62
chr3:9883400-9885000,ENSG00000156983.11$BRPF1$chr3$9773413$+,0.42
chr3:9885800-9887200,ENSG00000156983.11$BRPF1$chr3$9773413$+,0.41
chr3:9892800-9895000,ENSG00000156983.11$BRPF1$chr3$9773413$+,0.37
chr3:10028800-10030600,ENSG00000156990.10$RPUSD3$chr3$9886286$-,0.35
chr3:9744600-9747000,ENSG00000156990.10$RPUSD3$chr3$9886286$-,0.46
chr3:9771400-9772600,ENSG00000156990.10$RPUSD3$chr3$9886286$-,0.36
chr3:9795600-9797800,ENSG00000156990.10$RPUSD3$chr3$9886286$-,0.51
chr3:9892800-9895000,ENSG00000156990.10$RPUSD3$chr3$9886286$-,0.78
chr3:9930000-9932200,ENSG00000156990.10$RPUSD3$chr3$9886286$-,0.57
chr3:9972400-9974600,ENSG00000156990.10$RPUSD3$chr3$9886286$-,0.55
chr3:10068600-10070600,ENSG00000157014.6$TATDN2$chr3$10289707$+,0.35
chr3:10156400-10157200,ENSG00000157014.6$TATDN2$chr3$10289707$+,0.37
chr3:10162400-10163200,ENSG00000157014.6$TATDN2$chr3$10289707$+,0.36
chr3:10182600-10183400,ENSG00000157014.6$TATDN2$chr3$10289707$+,0.39
chr3:10205000-10206800,ENSG00000157014.6$TATDN2$chr3$10289707$+,0.43
chr3:10214600-10216800,ENSG00000157014.6$TATDN2$chr3$10289707$+,0.46
chr3:10362800-10364200,ENSG00000157014.6$TATDN2$chr3$10289707$+,0.46
chr3:10460800-10463000,ENSG00000157014.6$TATDN2$chr3$10289707$+,0.39
chr3:10288800-10290000,ENSG00000157017.11$GHRL$chr3$10334631$-,0.42
chr3:10362800-10364200,ENSG00000157017.11$GHRL$chr3$10334631$-,0.51
chr3:10156400-10157200,ENSG00000157020.13$SEC13$chr3$10362862$-,0.39
chr3:10162400-10163200,ENSG00000157020.13$SEC13$chr3$10362862$-,0.41
chr3:10205000-10206800,ENSG00000157020.13$SEC13$chr3$10362862$-,0.36
chr3:10288800-10290000,ENSG00000157020.13$SEC13$chr3$10362862$-,0.45
chr3:10460800-10463000,ENSG00000157020.13$SEC13$chr3$10362862$-,0.41
chr3:38405600-38408000,ENSG00000157036.8$EXOG$chr3$38537618$+,0.39
chr3:38478800-38480800,ENSG00000157036.8$EXOG$chr3$38537618$+,0.45
chr3:38493800-38495600,ENSG00000157036.8$EXOG$chr3$38537618$+,0.62
chr16:14997200-14997800,ENSG00000157045.4$NTAN1$chr16$15149921$-,0.46
chr16:15089000-15089800,ENSG00000157045.4$NTAN1$chr16$15149921$-,0.51
chr1:52499600-52500200,ENSG00000157077.10$ZFYVE9$chr1$52608046$+,0.44
chr1:52536000-52538200,ENSG00000157077.10$ZFYVE9$chr1$52608046$+,0.43
chr16:18771000-18771800,ENSG00000157106.12$SMG1$chr16$18937776$-,0.35
chr16:18776400-18778000,ENSG00000157106.12$SMG1$chr16$18937776$-,0.41
chr16:18778200-18780000,ENSG00000157106.12$SMG1$chr16$18937776$-,0.45
chr16:18830600-18832200,ENSG00000157106.12$SMG1$chr16$18937776$-,0.41
chr16:18938400-18940200,ENSG00000157106.12$SMG1$chr16$18937776$-,0.35
chr16:18961600-18962800,ENSG00000157106.12$SMG1$chr16$18937776$-,0.6
chr16:19077800-19078800,ENSG00000157106.12$SMG1$chr16$18937776$-,0.46
chr16:19079800-19082000,ENSG00000157106.12$SMG1$chr16$18937776$-,0.46
chr1:57238600-57240400,ENSG00000157131.10$C8A$chr1$57320479$+,0.42
chr1:186289800-186291200,ENSG00000157181.10$C1orf27$chr1$186344890$+,0.54
chr1:186292800-186293000,ENSG00000157181.10$C1orf27$chr1$186344890$+,0.55
chr1:186293200-186293800,ENSG00000157181.10$C1orf27$chr1$186344890$+,0.56
chr1:186332800-186334800,ENSG00000157181.10$C1orf27$chr1$186344890$+,0.53
chr1:53479400-53480200,ENSG00000157184.5$CPT2$chr1$53662101$+,0.41
chr1:53683800-53685800,ENSG00000157184.5$CPT2$chr1$53662101$+,0.48
chr1:53701200-53703600,ENSG00000157184.5$CPT2$chr1$53662101$+,0.4
chr1:53704800-53705400,ENSG00000157184.5$CPT2$chr1$53662101$+,0.49
chr1:16653400-16655400,ENSG00000157191.15$NECAP2$chr1$16767167$+,0.38
chr1:16679400-16680400,ENSG00000157191.15$NECAP2$chr1$16767167$+,0.36
chr1:16823400-16825400,ENSG00000157191.15$NECAP2$chr1$16767167$+,0.46
chr1:16832000-16834200,ENSG00000157191.15$NECAP2$chr1$16767167$+,0.42
chr1:53683800-53685800,ENSG00000157193.10$LRP8$chr1$53793742$-,0.5
chr1:53686600-53687400,ENSG00000157193.10$LRP8$chr1$53793742$-,0.64
chr1:53701200-53703600,ENSG00000157193.10$LRP8$chr1$53793742$-,0.51
chr1:53704800-53705400,ENSG00000157193.10$LRP8$chr1$53793742$-,0.64
chr1:53799800-53801200,ENSG00000157193.10$LRP8$chr1$53793742$-,0.69
chr7:154796000-154797600,ENSG00000157212.14$PAXIP1$chr7$154794794$-,0.38
chr7:89747600-89749800,ENSG00000157214.9$STEAP2$chr7$89796904$+,0.44
chr1:54955000-54957400,ENSG00000157216.11$SSBP3$chr1$54879152$-,0.43
chr7:154796000-154797600,ENSG00000157219.3$HTR5A$chr7$154862034$+,0.56
chr14:23297400-23299000,ENSG00000157227.8$MMP14$chr14$23305766$+,0.52
chr14:23299600-23301600,ENSG00000157227.8$MMP14$chr14$23305766$+,0.43
chr7:92154400-92156800,ENSG00000157259.6$GATAD1$chr7$92076767$+,0.52
chr7:92158800-92160800,ENSG00000157259.6$GATAD1$chr7$92076767$+,0.39
chr7:92212000-92212600,ENSG00000157259.6$GATAD1$chr7$92076767$+,0.45
chr7:92219800-92221000,ENSG00000157259.6$GATAD1$chr7$92076767$+,0.43
chr9:95759000-95759400,ENSG00000157303.6$SUSD3$chr9$95820989$+,0.54
chr9:95760800-95761000,ENSG00000157303.6$SUSD3$chr9$95820989$+,0.51
chr9:95781800-95784200,ENSG00000157303.6$SUSD3$chr9$95820989$+,0.46
chr9:95804600-95806800,ENSG00000157303.6$SUSD3$chr9$95820989$+,0.58
chr14:24474800-24475800,ENSG00000157326.14$DHRS4$chr14$24422795$+,0.58
chr14:24564200-24566400,ENSG00000157326.14$DHRS4$chr14$24422795$+,0.47
chr14:24582400-24582800,ENSG00000157326.14$DHRS4$chr14$24422795$+,0.47
chr16:70198800-70200600,ENSG00000157335.15$CLEC18C$chr16$70207225$+,0.43
chr6:35590800-35593200,ENSG00000157343.4$ARMC12$chr6$35704809$+,0.35
chr6:35595800-35596400,ENSG00000157343.4$ARMC12$chr6$35704809$+,0.35
chr6:35677600-35679000,ENSG00000157343.4$ARMC12$chr6$35704809$+,0.63
chr16:70149000-70151000,ENSG00000157349.11$DDX19B$chr16$70323566$+,0.35
chr16:70198800-70200600,ENSG00000157349.11$DDX19B$chr16$70323566$+,0.4
chr16:70279600-70281000,ENSG00000157349.11$DDX19B$chr16$70323566$+,0.6
chr16:70332000-70332800,ENSG00000157349.11$DDX19B$chr16$70323566$+,0.59
chr16:70333600-70335400,ENSG00000157349.11$DDX19B$chr16$70323566$+,0.6
chr16:70337800-70339600,ENSG00000157349.11$DDX19B$chr16$70323566$+,0.59
chr16:70379000-70380800,ENSG00000157349.11$DDX19B$chr16$70323566$+,0.51
chr16:70412200-70414400,ENSG00000157349.11$DDX19B$chr16$70323566$+,0.37
chr16:70415000-70417000,ENSG00000157349.11$DDX19B$chr16$70323566$+,0.4
chr16:70473600-70476000,ENSG00000157349.11$DDX19B$chr16$70323566$+,0.44
chr16:70486800-70487800,ENSG00000157349.11$DDX19B$chr16$70323566$+,0.46
chr16:70324000-70325400,ENSG00000157350.8$ST3GAL2$chr16$70473140$-,0.36
chr16:70333600-70335400,ENSG00000157350.8$ST3GAL2$chr16$70473140$-,0.35
chr16:70337800-70339600,ENSG00000157350.8$ST3GAL2$chr16$70473140$-,0.4
chr16:70379000-70380800,ENSG00000157350.8$ST3GAL2$chr16$70473140$-,0.39
chr16:70412200-70414400,ENSG00000157350.8$ST3GAL2$chr16$70473140$-,0.48
chr16:70415000-70417000,ENSG00000157350.8$ST3GAL2$chr16$70473140$-,0.43
chr16:70473600-70476000,ENSG00000157350.8$ST3GAL2$chr16$70473140$-,0.38
chr16:70486800-70487800,ENSG00000157350.8$ST3GAL2$chr16$70473140$-,0.56
chr16:70489000-70491200,ENSG00000157350.8$ST3GAL2$chr16$70473140$-,0.57
chr16:70542200-70543600,ENSG00000157350.8$ST3GAL2$chr16$70473140$-,0.48
chr16:70321200-70322800,ENSG00000157353.12$FUK$chr16$70488324$+,0.4
chr16:70324000-70325400,ENSG00000157353.12$FUK$chr16$70488324$+,0.47
chr16:70333600-70335400,ENSG00000157353.12$FUK$chr16$70488324$+,0.44
chr16:70337800-70339600,ENSG00000157353.12$FUK$chr16$70488324$+,0.48
chr16:70379000-70380800,ENSG00000157353.12$FUK$chr16$70488324$+,0.53
chr16:70412200-70414400,ENSG00000157353.12$FUK$chr16$70488324$+,0.57
chr16:70415000-70417000,ENSG00000157353.12$FUK$chr16$70488324$+,0.48
chr16:70473600-70476000,ENSG00000157353.12$FUK$chr16$70488324$+,0.55
chr16:70489000-70491200,ENSG00000157353.12$FUK$chr16$70488324$+,0.43
chr16:70542200-70543600,ENSG00000157353.12$FUK$chr16$70488324$+,0.62
chr16:70574200-70575200,ENSG00000157353.12$FUK$chr16$70488324$+,0.5
chr14:24564200-24566400,ENSG00000157379.9$DHRS1$chr14$24769039$-,0.45
chr14:24582400-24582800,ENSG00000157379.9$DHRS1$chr14$24769039$-,0.44
chr14:24603400-24604800,ENSG00000157379.9$DHRS1$chr14$24769039$-,0.56
chr14:24628800-24630600,ENSG00000157379.9$DHRS1$chr14$24769039$-,0.52
chr14:24682800-24684600,ENSG00000157379.9$DHRS1$chr14$24769039$-,0.46
chr14:24685200-24686400,ENSG00000157379.9$DHRS1$chr14$24769039$-,0.47
chr14:24712400-24714800,ENSG00000157379.9$DHRS1$chr14$24769039$-,0.54
chr14:24715000-24717400,ENSG00000157379.9$DHRS1$chr14$24769039$-,0.6
chr14:24738000-24740200,ENSG00000157379.9$DHRS1$chr14$24769039$-,0.65
chr14:24758400-24760200,ENSG00000157379.9$DHRS1$chr14$24769039$-,0.67
chr14:24912400-24913600,ENSG00000157379.9$DHRS1$chr14$24769039$-,0.42
chr4:57214400-57215400,ENSG00000157426.9$AASDH$chr4$57253666$-,0.61
chr4:57410200-57411600,ENSG00000157426.9$AASDH$chr4$57253666$-,0.38
chr15:59153200-59155200,ENSG00000157450.11$RNF111$chr15$59157374$+,0.58
chr15:59320400-59322600,ENSG00000157456.3$CCNB2$chr15$59397277$+,0.39
chr3:57262800-57265200,ENSG00000157500.6$APPL1$chr3$57261765$+,0.37
chrX:106869600-106871600,ENSG00000157514.12$TSC22D3$chrX$107020572$-,0.5
chrX:106877800-106880000,ENSG00000157514.12$TSC22D3$chrX$107020572$-,0.45
chrX:106911800-106914000,ENSG00000157514.12$TSC22D3$chrX$107020572$-,0.45
chr21:38593800-38594200,ENSG00000157538.9$DSCR3$chr21$38640262$-,0.53
chr21:38735600-38737800,ENSG00000157538.9$DSCR3$chr21$38640262$-,0.65
chr21:38798600-38798800,ENSG00000157538.9$DSCR3$chr21$38640262$-,0.35
chr21:38593800-38594200,ENSG00000157540.15$DYRK1A$chr21$38738092$+,0.37
chr21:38735600-38737800,ENSG00000157540.15$DYRK1A$chr21$38738092$+,0.38
chr21:38798600-38798800,ENSG00000157540.15$DYRK1A$chr21$38738092$+,0.53
chr11:44669000-44670200,ENSG00000157570.7$TSPAN18$chr11$44748015$+,0.46
chr11:44694800-44697000,ENSG00000157570.7$TSPAN18$chr11$44748015$+,0.58
chr11:44708200-44710400,ENSG00000157570.7$TSPAN18$chr11$44748015$+,0.59
chr21:40662800-40664200,ENSG00000157578.9$LCA5L$chr21$40817731$-,0.35
chr21:40722000-40723400,ENSG00000157578.9$LCA5L$chr21$40817731$-,0.47
chr21:40748800-40750400,ENSG00000157578.9$LCA5L$chr21$40817731$-,0.52
chr21:40751000-40752000,ENSG00000157578.9$LCA5L$chr21$40817731$-,0.6
chr21:40752800-40754800,ENSG00000157578.9$LCA5L$chr21$40817731$-,0.5
chr6:44212600-44214000,ENSG00000157593.12$SLC35B2$chr6$44225291$-,0.61
chr6:44281000-44281800,ENSG00000157593.12$SLC35B2$chr6$44225291$-,0.47
chr6:44352400-44354800,ENSG00000157593.12$SLC35B2$chr6$44225291$-,0.44
chr6:44367200-44369400,ENSG00000157593.12$SLC35B2$chr6$44225291$-,0.44
chr6:44378000-44380200,ENSG00000157593.12$SLC35B2$chr6$44225291$-,0.38
chrX:109271600-109273200,ENSG00000157600.7$TMEM164$chrX$109245859$+,0.56
chr21:42790200-42792200,ENSG00000157601.9$MX1$chr21$42792231$+,0.38
chrX:30989800-30990800,ENSG00000157625.11$TAB3$chrX$30993201$-,0.52
chr17:79474600-79476800,ENSG00000157637.8$SLC38A10$chr17$79269347$-,0.37
chr9:117280200-117281400,ENSG00000157693.10$C9orf91$chr9$117373486$+,0.42
chr9:117349000-117349600,ENSG00000157693.10$C9orf91$chr9$117373486$+,0.55
chr9:117414200-117416600,ENSG00000157693.10$C9orf91$chr9$117373486$+,0.5
chr9:117515600-117518000,ENSG00000157693.10$C9orf91$chr9$117373486$+,0.41
chr15:64386600-64388000,ENSG00000157734.9$SNX22$chr15$64443914$+,0.55
chr15:64455600-64457600,ENSG00000157734.9$SNX22$chr15$64443914$+,0.42
chr7:140569200-140571400,ENSG00000157764.8$BRAF$chr7$140624564$-,0.54
chr7:140572400-140574000,ENSG00000157764.8$BRAF$chr7$140624564$-,0.55
chr7:140595200-140596600,ENSG00000157764.8$BRAF$chr7$140624564$-,0.52
chr7:140722400-140724400,ENSG00000157764.8$BRAF$chr7$140624564$-,0.6
chr7:140751800-140754200,ENSG00000157764.8$BRAF$chr7$140624564$-,0.49
chr7:1618400-1620800,ENSG00000157778.4$PSMG3$chr7$1610641$-,0.57
chr12:120932200-120933600,ENSG00000157782.5$CABP1$chr12$121078355$+,0.35
chr12:121146400-121148200,ENSG00000157782.5$CABP1$chr12$121078355$+,0.43
chr4:39058200-39059200,ENSG00000157796.13$WDR19$chr4$39184024$+,0.42
chr4:39136000-39137600,ENSG00000157796.13$WDR19$chr4$39184024$+,0.52
chr7:140095600-140097800,ENSG00000157800.13$SLC37A3$chr7$140104233$-,0.53
chr7:140098200-140099000,ENSG00000157800.13$SLC37A3$chr7$140104233$-,0.55
chr12:121314600-121315400,ENSG00000157837.11$SPPL3$chr12$121342174$-,0.35
chr4:13436800-13438000,ENSG00000157869.10$RAB28$chr4$13485989$-,0.59
chr4:13486600-13487600,ENSG00000157869.10$RAB28$chr4$13485989$-,0.46
chr4:13630200-13631600,ENSG00000157869.10$RAB28$chr4$13485989$-,0.48
chr1:2518800-2521200,ENSG00000157870.10$FAM213B$chr1$2517930$+,0.4
chr1:2574600-2575800,ENSG00000157870.10$FAM213B$chr1$2517930$+,0.62
chr1:2518800-2521200,ENSG00000157873.13$TNFRSF14$chr1$2487078$+,0.54
chr1:2574600-2575800,ENSG00000157873.13$TNFRSF14$chr1$2487078$+,0.61
chr12:121314600-121315400,ENSG00000157895.7$C12orf43$chr12$121454305$-,0.39
chr12:121557800-121560000,ENSG00000157895.7$C12orf43$chr12$121454305$-,0.39
chr1:2518800-2521200,ENSG00000157911.5$PEX10$chr1$2345236$-,0.4
chr1:2574600-2575800,ENSG00000157911.5$PEX10$chr1$2345236$-,0.39
chr1:2518800-2521200,ENSG00000157916.14$RER1$chr1$2323267$+,0.52
chr1:2574600-2575800,ENSG00000157916.14$RER1$chr1$2323267$+,0.38
chr7:4720400-4722800,ENSG00000157927.12$RADIL$chr7$4923350$-,0.37
chr7:4816000-4818400,ENSG00000157927.12$RADIL$chr7$4923350$-,0.49
chr7:5012800-5013600,ENSG00000157927.12$RADIL$chr7$4923350$-,0.4
chr7:5083000-5085400,ENSG00000157927.12$RADIL$chr7$4923350$-,0.44
chr7:5085600-5087600,ENSG00000157927.12$RADIL$chr7$4923350$-,0.46
chr7:5088200-5088400,ENSG00000157927.12$RADIL$chr7$4923350$-,0.35
chr7:5171200-5171400,ENSG00000157927.12$RADIL$chr7$4923350$-,0.36
chr1:2157400-2159200,ENSG00000157933.9$SKI$chr1$2160134$+,0.41
chr7:5012800-5013600,ENSG00000157954.10$WIPI2$chr7$5229819$+,0.43
chr7:5083000-5085400,ENSG00000157954.10$WIPI2$chr7$5229819$+,0.4
chr7:5085600-5087600,ENSG00000157954.10$WIPI2$chr7$5229819$+,0.43
chr7:5171200-5171400,ENSG00000157954.10$WIPI2$chr7$5229819$+,0.55
chr7:5209800-5211400,ENSG00000157954.10$WIPI2$chr7$5229819$+,0.63
chr7:5279400-5281800,ENSG00000157954.10$WIPI2$chr7$5229819$+,0.65
chr1:25753800-25756200,ENSG00000157978.7$LDLRAP1$chr1$25870071$+,0.44
chr1:25816200-25816800,ENSG00000157978.7$LDLRAP1$chr1$25870071$+,0.57
chr1:25845400-25847600,ENSG00000157978.7$LDLRAP1$chr1$25870071$+,0.57
chr1:25916200-25917800,ENSG00000157978.7$LDLRAP1$chr1$25870071$+,0.48
chr1:25953600-25954600,ENSG00000157978.7$LDLRAP1$chr1$25870071$+,0.41
chr7:5936800-5938400,ENSG00000157999.5$ANKRD61$chr7$6071007$+,0.38
chr7:6046400-6048200,ENSG00000157999.5$ANKRD61$chr7$6071007$+,0.65
chr7:6142200-6144200,ENSG00000157999.5$ANKRD61$chr7$6071007$+,0.38
chr7:6150400-6151200,ENSG00000157999.5$ANKRD61$chr7$6071007$+,0.35
chr1:26184400-26186000,ENSG00000158006.9$PAFAH2$chr1$26324648$-,0.36
chr1:26436000-26437200,ENSG00000158006.9$PAFAH2$chr1$26324648$-,0.46
chr1:26471200-26472600,ENSG00000158006.9$PAFAH2$chr1$26324648$-,0.48
chr1:26516400-26518800,ENSG00000158006.9$PAFAH2$chr1$26324648$-,0.46
chr1:26559800-26560600,ENSG00000158006.9$PAFAH2$chr1$26324648$-,0.39
chr2:27993600-27994200,ENSG00000158019.16$BRE$chr2$28112808$+,0.49
chr2:28159800-28160800,ENSG00000158019.16$BRE$chr2$28112808$+,0.73
chr1:26324400-26326600,ENSG00000158022.6$TRIM63$chr1$26394927$-,0.53
chr1:26436000-26437200,ENSG00000158022.6$TRIM63$chr1$26394927$-,0.61
chr1:26471200-26472600,ENSG00000158022.6$TRIM63$chr1$26394927$-,0.43
chr1:26516400-26518800,ENSG00000158022.6$TRIM63$chr1$26394927$-,0.38
chr1:26559800-26560600,ENSG00000158022.6$TRIM63$chr1$26394927$-,0.36
chr12:122194200-122196200,ENSG00000158023.5$WDR66$chr12$122355768$+,0.36
chr12:122325400-122326200,ENSG00000158023.5$WDR66$chr12$122355768$+,0.58
chr12:122346400-122347000,ENSG00000158023.5$WDR66$chr12$122355768$+,0.66
chr12:122349400-122350800,ENSG00000158023.5$WDR66$chr12$122355768$+,0.78
chr2:96654800-96657200,ENSG00000158050.4$DUSP2$chr2$96811179$-,0.42
chr2:96845600-96848000,ENSG00000158050.4$DUSP2$chr2$96811179$-,0.51
chr1:26516400-26518800,ENSG00000158062.16$UBXN11$chr1$26644854$-,0.43
chr1:26559800-26560600,ENSG00000158062.16$UBXN11$chr1$26644854$-,0.45
chr9:96793600-96796000,ENSG00000158079.10$PTPDC1$chr9$96793076$+,0.39
chr3:136424600-136425200,ENSG00000158092.2$NCK1$chr3$136581050$+,0.35
chr3:136538400-136540800,ENSG00000158092.2$NCK1$chr3$136581050$+,0.62
chr3:136599000-136599800,ENSG00000158092.2$NCK1$chr3$136581050$+,0.65
chr3:136609600-136610200,ENSG00000158092.2$NCK1$chr3$136581050$+,0.62
chr3:136630200-136632600,ENSG00000158092.2$NCK1$chr3$136581050$+,0.71
chr3:136632800-136634400,ENSG00000158092.2$NCK1$chr3$136581050$+,0.7
chr3:136642600-136645000,ENSG00000158092.2$NCK1$chr3$136581050$+,0.74
chr8:144285800-144286800,ENSG00000158106.8$RHPN1$chr8$144451057$+,0.46
chr8:144363600-144365600,ENSG00000158106.8$RHPN1$chr8$144451057$+,0.5
chr8:144624000-144624800,ENSG00000158106.8$RHPN1$chr8$144451057$+,0.35
chr1:3542000-3543400,ENSG00000158109.10$TPRG1L$chr1$3541566$+,0.39
chr1:3713600-3714400,ENSG00000158109.10$TPRG1L$chr1$3541566$+,0.35
chr1:3771600-3773200,ENSG00000158109.10$TPRG1L$chr1$3541566$+,0.35
chr1:3814600-3816000,ENSG00000158109.10$TPRG1L$chr1$3541566$+,0.35
chr12:122687000-122688000,ENSG00000158113.8$LRRC43$chr12$122652285$+,0.45
chr12:122721800-122722000,ENSG00000158113.8$LRRC43$chr12$122652285$+,0.39
chr12:122724600-122725400,ENSG00000158113.8$LRRC43$chr12$122652285$+,0.43
chr12:122748400-122750200,ENSG00000158113.8$LRRC43$chr12$122652285$+,0.43
chr12:122751800-122752600,ENSG00000158113.8$LRRC43$chr12$122652285$+,0.39
chr9:99418000-99420000,ENSG00000158122.7$AAED1$chr9$99417585$-,0.38
chr9:99448400-99449000,ENSG00000158122.7$AAED1$chr9$99417585$-,0.59
chr9:99541000-99542800,ENSG00000158122.7$AAED1$chr9$99417585$-,0.44
chr1:28098000-28099200,ENSG00000158156.7$XKR8$chr1$28285973$+,0.36
chr1:28184400-28186600,ENSG00000158156.7$XKR8$chr1$28285973$+,0.41
chr1:28238000-28240400,ENSG00000158156.7$XKR8$chr1$28285973$+,0.5
chr2:97304400-97305000,ENSG00000158158.7$CNNM4$chr2$97426639$+,0.56
chr2:97406000-97407200,ENSG00000158158.7$CNNM4$chr2$97426639$+,0.58
chr2:97408400-97409000,ENSG00000158158.7$CNNM4$chr2$97426639$+,0.61
chr1:28283800-28286000,ENSG00000158161.11$EYA3$chr1$28415207$-,0.47
chr1:28416800-28418400,ENSG00000158161.11$EYA3$chr1$28415207$-,0.47
chr9:98187600-98190000,ENSG00000158169.7$FANCC$chr9$98079991$-,0.48
chr1:27969800-27971800,ENSG00000158195.6$WASF2$chr1$27816669$-,0.42
chr1:28053400-28055000,ENSG00000158195.6$WASF2$chr1$27816669$-,0.38
chr18:19181000-19183400,ENSG00000158201.5$ABHD3$chr18$19284766$-,0.36
chr18:19184600-19185800,ENSG00000158201.5$ABHD3$chr18$19284766$-,0.37
chr18:19196200-19198400,ENSG00000158201.5$ABHD3$chr18$19284766$-,0.4
chr18:19257800-19259600,ENSG00000158201.5$ABHD3$chr18$19284766$-,0.67
chr18:19314200-19316400,ENSG00000158201.5$ABHD3$chr18$19284766$-,0.58
chr18:19319400-19320600,ENSG00000158201.5$ABHD3$chr18$19284766$-,0.56
chr3:138290000-138291200,ENSG00000158234.8$FAIM$chr3$138327448$+,0.52
chr1:27371000-27373200,ENSG00000158246.7$FAM46B$chr1$27339327$-,0.39
chr1:6259800-6262200,ENSG00000158286.8$RNF207$chr1$6265535$+,0.59
chr1:6295600-6297400,ENSG00000158286.8$RNF207$chr1$6265535$+,0.55
chrX:119705000-119706000,ENSG00000158290.12$CUL4B$chrX$119709649$-,0.52
chrX:119738800-119740400,ENSG00000158290.12$CUL4B$chrX$119709649$-,0.45
chr1:39418600-39419800,ENSG00000158315.6$RHBDL2$chr1$39407471$-,0.53
chr1:39429400-39430200,ENSG00000158315.6$RHBDL2$chr1$39407471$-,0.49
chr6:26042400-26044600,ENSG00000158373.7$HIST1H2BD$chr6$26158349$+,0.52
chr6:26057200-26058800,ENSG00000158373.7$HIST1H2BD$chr6$26158349$+,0.49
chr6:26085800-26087600,ENSG00000158373.7$HIST1H2BD$chr6$26158349$+,0.51
chr6:26088200-26090400,ENSG00000158373.7$HIST1H2BD$chr6$26158349$+,0.55
chr6:26115200-26117000,ENSG00000158373.7$HIST1H2BD$chr6$26158349$+,0.66
chr6:26180200-26182000,ENSG00000158373.7$HIST1H2BD$chr6$26158349$+,0.49
chr6:26235600-26237400,ENSG00000158373.7$HIST1H2BD$chr6$26158349$+,0.45
chr6:26239800-26241000,ENSG00000158373.7$HIST1H2BD$chr6$26158349$+,0.48
chr6:26314000-26314600,ENSG00000158373.7$HIST1H2BD$chr6$26158349$+,0.45
chr5:137664800-137667200,ENSG00000158402.14$CDC25C$chr5$137674044$-,0.44
chr5:137668200-137669200,ENSG00000158402.14$CDC25C$chr5$137674044$-,0.55
chr5:137743000-137744000,ENSG00000158402.14$CDC25C$chr5$137674044$-,0.4
chr6:26057200-26058800,ENSG00000158406.2$HIST1H4H$chr6$26285762$-,0.4
chr6:26085800-26087600,ENSG00000158406.2$HIST1H4H$chr6$26285762$-,0.38
chr6:26180200-26182000,ENSG00000158406.2$HIST1H4H$chr6$26285762$-,0.45
chr6:26235600-26237400,ENSG00000158406.2$HIST1H4H$chr6$26285762$-,0.4
chr6:26239800-26241000,ENSG00000158406.2$HIST1H4H$chr6$26285762$-,0.46
chr6:26314000-26314600,ENSG00000158406.2$HIST1H4H$chr6$26285762$-,0.54
chr6:26400800-26402200,ENSG00000158406.2$HIST1H4H$chr6$26285762$-,0.37
chr6:26472600-26473800,ENSG00000158406.2$HIST1H4H$chr6$26285762$-,0.37
chr6:26531400-26533200,ENSG00000158406.2$HIST1H4H$chr6$26285762$-,0.4
chr2:99755400-99757200,ENSG00000158411.6$MITD1$chr2$99797521$-,0.49
chr2:99758400-99759400,ENSG00000158411.6$MITD1$chr2$99797521$-,0.54
chr2:100046600-100049000,ENSG00000158417.6$EIF5B$chr2$99953816$+,0.38
chr2:100107200-100108400,ENSG00000158417.6$EIF5B$chr2$99953816$+,0.44
chr2:99755400-99757200,ENSG00000158417.6$EIF5B$chr2$99953816$+,0.38
chr2:99758400-99759400,ENSG00000158417.6$EIF5B$chr2$99953816$+,0.39
chr2:99969800-99971800,ENSG00000158417.6$EIF5B$chr2$99953816$+,0.5
chrX:53255000-53257200,ENSG00000158423.12$RIBC1$chrX$53449639$+,0.4
chrX:53388400-53390800,ENSG00000158423.12$RIBC1$chrX$53449639$+,0.56
chrX:53459000-53460800,ENSG00000158423.12$RIBC1$chrX$53449639$+,0.74
chr2:101892600-101893200,ENSG00000158435.3$CNOT11$chr2$101869264$+,0.65
chr2:101908200-101909000,ENSG00000158435.3$CNOT11$chr2$101869264$+,0.61
chr2:101931400-101933200,ENSG00000158435.3$CNOT11$chr2$101869264$+,0.51
chr2:101966200-101968200,ENSG00000158435.3$CNOT11$chr2$101869264$+,0.35
chr5:139485600-139486800,ENSG00000158458.15$NRG2$chr5$139422884$-,0.35
chr7:128648200-128650600,ENSG00000158467.12$AHCYL2$chr7$128864864$+,0.39
chr7:128695600-128697000,ENSG00000158467.12$AHCYL2$chr7$128864864$+,0.35
chr20:48224800-48226600,ENSG00000158470.5$B4GALT5$chr20$48330415$-,0.36
chr20:48396800-48399000,ENSG00000158470.5$B4GALT5$chr20$48330415$-,0.72
chr1:158172600-158174800,ENSG00000158477.6$CD1A$chr1$158223927$+,0.54
chr20:48396800-48399000,ENSG00000158480.6$SPATA2$chr20$48532080$-,0.49
chr20:48686600-48688600,ENSG00000158480.6$SPATA2$chr20$48532080$-,0.42
chr11:71350000-71352200,ENSG00000158483.11$FAM86C1$chr11$71498556$+,0.58
chr11:71499000-71501200,ENSG00000158483.11$FAM86C1$chr11$71498556$+,0.41
chr11:71638000-71639000,ENSG00000158483.11$FAM86C1$chr11$71498556$+,0.45
chr1:158172600-158174800,ENSG00000158485.6$CD1B$chr1$158301321$-,0.4
chr5:143229200-143231400,ENSG00000158497.2$HMHB1$chr5$143191726$+,0.71
chrX:54434800-54436200,ENSG00000158526.7$TSR2$chrX$54466834$+,0.64
chrX:54554800-54556400,ENSG00000158526.7$TSR2$chrX$54466834$+,0.51
chrX:54666400-54668600,ENSG00000158526.7$TSR2$chrX$54466834$+,0.45
chr16:88517200-88519400,ENSG00000158545.11$ZC3H18$chr16$88636789$+,0.4
chr16:88924400-88926800,ENSG00000158545.11$ZC3H18$chr16$88636789$+,0.39
chr2:220070400-220071000,ENSG00000158552.8$ZFAND2B$chr2$220059959$+,0.55
chr6:27115400-27117800,ENSG00000158553.3$POM121L2$chr6$27279949$-,0.35
chr6:27143400-27145000,ENSG00000158553.3$POM121L2$chr6$27279949$-,0.37
chr6:27156600-27158400,ENSG00000158553.3$POM121L2$chr6$27279949$-,0.37
chr6:27172800-27175200,ENSG00000158553.3$POM121L2$chr6$27279949$-,0.47
chr6:27228000-27229600,ENSG00000158553.3$POM121L2$chr6$27279949$-,0.57
chr6:27247400-27249400,ENSG00000158553.3$POM121L2$chr6$27279949$-,0.56
chr6:27341000-27342400,ENSG00000158553.3$POM121L2$chr6$27279949$-,0.6
chr6:27355400-27356200,ENSG00000158553.3$POM121L2$chr6$27279949$-,0.42
chr6:27357200-27358600,ENSG00000158553.3$POM121L2$chr6$27279949$-,0.54
chr6:27444000-27446400,ENSG00000158553.3$POM121L2$chr6$27279949$-,0.37
chr6:27469000-27470400,ENSG00000158553.3$POM121L2$chr6$27279949$-,0.35
chr6:27512200-27514000,ENSG00000158553.3$POM121L2$chr6$27279949$-,0.35
chr11:75156400-75157200,ENSG00000158555.10$GDPD5$chr11$75236948$-,0.51
chr11:75244800-75247000,ENSG00000158555.10$GDPD5$chr11$75236948$-,0.58
chrX:54989600-54992000,ENSG00000158571.6$PFKFB1$chrX$55024967$-,0.49
chrX:54992400-54993600,ENSG00000158571.6$PFKFB1$chrX$55024967$-,0.49
chrX:55186000-55187000,ENSG00000158571.6$PFKFB1$chrX$55024967$-,0.38
chrX:55188200-55188800,ENSG00000158571.6$PFKFB1$chrX$55024967$-,0.38
chrX:54989600-54992000,ENSG00000158578.14$ALAS2$chrX$55057497$-,0.43
chrX:54992400-54993600,ENSG00000158578.14$ALAS2$chrX$55057497$-,0.44
chrX:55025000-55026200,ENSG00000158578.14$ALAS2$chrX$55057497$-,0.42
chrX:55186000-55187000,ENSG00000158578.14$ALAS2$chrX$55057497$-,0.38
chrX:55188200-55188800,ENSG00000158578.14$ALAS2$chrX$55057497$-,0.46
chr7:44480200-44482200,ENSG00000158604.10$TMED4$chr7$44621886$-,0.35
chr7:44519200-44521600,ENSG00000158604.10$TMED4$chr7$44621886$-,0.42
chr7:44530800-44532400,ENSG00000158604.10$TMED4$chr7$44621886$-,0.39
chr7:44614200-44616600,ENSG00000158604.10$TMED4$chr7$44621886$-,0.6
chr7:44627400-44628400,ENSG00000158604.10$TMED4$chr7$44621886$-,0.62
chr7:44651600-44652600,ENSG00000158604.10$TMED4$chr7$44621886$-,0.44
chr1:204367200-204368000,ENSG00000158615.8$PPP1R15B$chr1$204380919$-,0.58
chr1:204476800-204479200,ENSG00000158615.8$PPP1R15B$chr1$204380919$-,0.56
chr1:204510200-204511400,ENSG00000158615.8$PPP1R15B$chr1$204380919$-,0.49
chr7:130419200-130420200,ENSG00000158623.10$COPG2$chr7$130353598$-,0.55
chrX:54992400-54993600,ENSG00000158639.7$PAGE5$chrX$55246788$+,0.35
chrX:55025000-55026200,ENSG00000158639.7$PAGE5$chrX$55246788$+,0.42
chrX:55186000-55187000,ENSG00000158639.7$PAGE5$chrX$55246788$+,0.44
chrX:55188200-55188800,ENSG00000158639.7$PAGE5$chrX$55246788$+,0.5
chrX:55382600-55384600,ENSG00000158639.7$PAGE5$chrX$55246788$+,0.52
chr8:41334000-41336000,ENSG00000158669.7$AGPAT6$chr8$41434706$+,0.43
chr8:41336400-41337200,ENSG00000158669.7$AGPAT6$chr8$41434706$+,0.44
chr8:41346400-41347800,ENSG00000158669.7$AGPAT6$chr8$41434706$+,0.4
chr8:41451800-41452200,ENSG00000158669.7$AGPAT6$chr8$41434706$+,0.54
chr8:41558600-41560400,ENSG00000158669.7$AGPAT6$chr8$41434706$+,0.46
chr6:28220200-28222600,ENSG00000158691.10$ZSCAN12$chr6$28367511$-,0.43
chr6:28226400-28227800,ENSG00000158691.10$ZSCAN12$chr6$28367511$-,0.44
chr6:28270800-28272400,ENSG00000158691.10$ZSCAN12$chr6$28367511$-,0.49
chr6:28301000-28303400,ENSG00000158691.10$ZSCAN12$chr6$28367511$-,0.56
chr6:28304400-28306800,ENSG00000158691.10$ZSCAN12$chr6$28367511$-,0.45
chr6:28357200-28357400,ENSG00000158691.10$ZSCAN12$chr6$28367511$-,0.62
chr6:28408600-28411000,ENSG00000158691.10$ZSCAN12$chr6$28367511$-,0.48
chr6:28411200-28412800,ENSG00000158691.10$ZSCAN12$chr6$28367511$-,0.56
chr6:28414200-28415600,ENSG00000158691.10$ZSCAN12$chr6$28367511$-,0.58
chr6:28492800-28494600,ENSG00000158691.10$ZSCAN12$chr6$28367511$-,0.42
chr6:28502000-28504400,ENSG00000158691.10$ZSCAN12$chr6$28367511$-,0.43
chr1:159822200-159824400,ENSG00000158710.10$TAGLN2$chr1$159895522$-,0.51
chr1:159824800-159826800,ENSG00000158710.10$TAGLN2$chr1$159895522$-,0.58
chr1:160002200-160003600,ENSG00000158710.10$TAGLN2$chr1$159895522$-,0.57
chr1:205720000-205720800,ENSG00000158711.9$ELK4$chr1$205601090$-,0.41
chr1:159822200-159824400,ENSG00000158714.6$SLAMF8$chr1$159796540$+,0.69
chr1:159824800-159826800,ENSG00000158714.6$SLAMF8$chr1$159796540$+,0.63
chr1:205601400-205603400,ENSG00000158715.5$SLC45A3$chr1$205649587$-,0.55
chr1:159822200-159824400,ENSG00000158716.4$DUSP23$chr1$159750722$+,0.52
chr1:159824800-159826800,ENSG00000158716.4$DUSP23$chr1$159750722$+,0.57
chr16:88517200-88519400,ENSG00000158717.6$RNF166$chr16$88772829$-,0.38
chr16:88635000-88636200,ENSG00000158717.6$RNF166$chr16$88772829$-,0.36
chr16:88924400-88926800,ENSG00000158717.6$RNF166$chr16$88772829$-,0.39
chr1:19835000-19836600,ENSG00000158748.3$HTR6$chr1$19991780$+,0.36
chr1:19908400-19910200,ENSG00000158748.3$HTR6$chr1$19991780$+,0.45
chr1:19921200-19923000,ENSG00000158748.3$HTR6$chr1$19991780$+,0.4
chr1:20029200-20031600,ENSG00000158748.3$HTR6$chr1$19991780$+,0.53
chr1:20124400-20126400,ENSG00000158748.3$HTR6$chr1$19991780$+,0.5
chr1:20127000-20129400,ENSG00000158748.3$HTR6$chr1$19991780$+,0.51
chr1:20208000-20208800,ENSG00000158748.3$HTR6$chr1$19991780$+,0.39
chr1:160959600-160961400,ENSG00000158764.6$ITLN2$chr1$160924589$-,0.63
chr1:160991400-160992800,ENSG00000158764.6$ITLN2$chr1$160924589$-,0.46
chr1:161025800-161028200,ENSG00000158764.6$ITLN2$chr1$160924589$-,0.35
chr1:160959600-160961400,ENSG00000158769.13$F11R$chr1$160991138$-,0.55
chr1:161025800-161028200,ENSG00000158769.13$F11R$chr1$160991138$-,0.55
chr1:160959600-160961400,ENSG00000158773.10$USF1$chr1$161015767$-,0.57
chr1:160991400-160992800,ENSG00000158773.10$USF1$chr1$161015767$-,0.45
chr1:161025800-161028200,ENSG00000158773.10$USF1$chr1$161015767$-,0.65
chr1:161103600-161105200,ENSG00000158773.10$USF1$chr1$161015767$-,0.41
chr1:161124400-161126000,ENSG00000158773.10$USF1$chr1$161015767$-,0.38
chr1:161127400-161129000,ENSG00000158773.10$USF1$chr1$161015767$-,0.45
chr1:161178600-161180800,ENSG00000158773.10$USF1$chr1$161015767$-,0.39
chr16:89721400-89723800,ENSG00000158792.11$SPATA2L$chr16$89768113$-,0.46
chr16:89725000-89727400,ENSG00000158792.11$SPATA2L$chr16$89768113$-,0.51
chr16:89752000-89753000,ENSG00000158792.11$SPATA2L$chr16$89768113$-,0.57
chr16:89793400-89794600,ENSG00000158792.11$SPATA2L$chr16$89768113$-,0.53
chr16:89795200-89797600,ENSG00000158792.11$SPATA2L$chr16$89768113$-,0.51
chr16:89798000-89799200,ENSG00000158792.11$SPATA2L$chr16$89768113$-,0.54
chr16:89799400-89800200,ENSG00000158792.11$SPATA2L$chr16$89768113$-,0.55
chr16:89815800-89816600,ENSG00000158792.11$SPATA2L$chr16$89768113$-,0.5
chr1:160959600-160961400,ENSG00000158793.9$NIT1$chr1$161087876$+,0.44
chr1:160991400-160992800,ENSG00000158793.9$NIT1$chr1$161087876$+,0.54
chr1:161025800-161028200,ENSG00000158793.9$NIT1$chr1$161087876$+,0.49
chr1:161103600-161105200,ENSG00000158793.9$NIT1$chr1$161087876$+,0.75
chr1:161124400-161126000,ENSG00000158793.9$NIT1$chr1$161087876$+,0.43
chr1:161127400-161129000,ENSG00000158793.9$NIT1$chr1$161087876$+,0.62
chr1:161178600-161180800,ENSG00000158793.9$NIT1$chr1$161087876$+,0.5
chr1:161282400-161283800,ENSG00000158793.9$NIT1$chr1$161087876$+,0.38
chr1:161284800-161287200,ENSG00000158793.9$NIT1$chr1$161087876$+,0.39
chr1:161103600-161105200,ENSG00000158796.12$DEDD$chr1$161102478$-,0.37
chr1:161124400-161126000,ENSG00000158796.12$DEDD$chr1$161102478$-,0.56
chr1:161127400-161129000,ENSG00000158796.12$DEDD$chr1$161102478$-,0.54
chr16:89725000-89727400,ENSG00000158805.7$ZNF276$chr16$89786808$+,0.38
chr16:89752000-89753000,ENSG00000158805.7$ZNF276$chr16$89786808$+,0.47
chr16:89793400-89794600,ENSG00000158805.7$ZNF276$chr16$89786808$+,0.37
chr16:89795200-89797600,ENSG00000158805.7$ZNF276$chr16$89786808$+,0.41
chr16:89798000-89799200,ENSG00000158805.7$ZNF276$chr16$89786808$+,0.42
chr16:89799400-89800200,ENSG00000158805.7$ZNF276$chr16$89786808$+,0.4
chr16:89815800-89816600,ENSG00000158805.7$ZNF276$chr16$89786808$+,0.42
chr8:21774600-21776200,ENSG00000158806.9$NPM2$chr8$21881636$+,0.45
chr8:21866200-21867400,ENSG00000158806.9$NPM2$chr8$21881636$+,0.65
chr8:21868400-21869400,ENSG00000158806.9$NPM2$chr8$21881636$+,0.62
chr8:21879000-21880000,ENSG00000158806.9$NPM2$chr8$21881636$+,0.36
chr8:21866200-21867400,ENSG00000158815.6$FGF17$chr8$21899909$+,0.39
chr8:21868400-21869400,ENSG00000158815.6$FGF17$chr8$21899909$+,0.37
chr8:21879000-21880000,ENSG00000158815.6$FGF17$chr8$21899909$+,0.45
chr1:20958600-20960200,ENSG00000158825.5$CDA$chr1$20915441$+,0.43
chr1:160991400-160992800,ENSG00000158850.10$B4GALT3$chr1$161147287$-,0.37
chr1:161103600-161105200,ENSG00000158850.10$B4GALT3$chr1$161147287$-,0.38
chr1:161124400-161126000,ENSG00000158850.10$B4GALT3$chr1$161147287$-,0.4
chr1:161127400-161129000,ENSG00000158850.10$B4GALT3$chr1$161147287$-,0.59
chr1:161178600-161180800,ENSG00000158850.10$B4GALT3$chr1$161147287$-,0.58
chr8:21774600-21776200,ENSG00000158856.13$DMTN$chr8$21906506$+,0.4
chr8:21866200-21867400,ENSG00000158856.13$DMTN$chr8$21906506$+,0.55
chr8:21868400-21869400,ENSG00000158856.13$DMTN$chr8$21906506$+,0.55
chr8:21879000-21880000,ENSG00000158856.13$DMTN$chr8$21906506$+,0.57
chr1:161178600-161180800,ENSG00000158859.9$ADAMTS4$chr1$161168846$-,0.42
chr8:21774600-21776200,ENSG00000158863.17$FAM160B2$chr8$21946670$+,0.36
chr8:21866200-21867400,ENSG00000158863.17$FAM160B2$chr8$21946670$+,0.43
chr8:21868400-21869400,ENSG00000158863.17$FAM160B2$chr8$21946670$+,0.48
chr8:21879000-21880000,ENSG00000158863.17$FAM160B2$chr8$21946670$+,0.5
chr8:22099600-22102000,ENSG00000158863.17$FAM160B2$chr8$21946670$+,0.61
chr8:22103400-22104800,ENSG00000158863.17$FAM160B2$chr8$21946670$+,0.51
chr1:161178600-161180800,ENSG00000158869.6$FCER1G$chr1$161185024$+,0.49
chr1:161103600-161105200,ENSG00000158874.7$APOA2$chr1$161193421$-,0.41
chr1:161124400-161126000,ENSG00000158874.7$APOA2$chr1$161193421$-,0.39
chr1:161127400-161129000,ENSG00000158874.7$APOA2$chr1$161193421$-,0.4
chr1:161178600-161180800,ENSG00000158874.7$APOA2$chr1$161193421$-,0.51
chr1:161282400-161283800,ENSG00000158874.7$APOA2$chr1$161193421$-,0.41
chr1:161284800-161287200,ENSG00000158874.7$APOA2$chr1$161193421$-,0.4
chr1:161103600-161105200,ENSG00000158882.8$TOMM40L$chr1$161195793$+,0.44
chr1:161124400-161126000,ENSG00000158882.8$TOMM40L$chr1$161195793$+,0.48
chr1:161127400-161129000,ENSG00000158882.8$TOMM40L$chr1$161195793$+,0.51
chr1:161178600-161180800,ENSG00000158882.8$TOMM40L$chr1$161195793$+,0.7
chr1:161282400-161283800,ENSG00000158882.8$TOMM40L$chr1$161195793$+,0.47
chr1:161284800-161287200,ENSG00000158882.8$TOMM40L$chr1$161195793$+,0.56
chr1:161336600-161338600,ENSG00000158882.8$TOMM40L$chr1$161195793$+,0.44
chr1:161355600-161357600,ENSG00000158882.8$TOMM40L$chr1$161195793$+,0.39
chr1:161366600-161368800,ENSG00000158882.8$TOMM40L$chr1$161195793$+,0.35
chr1:161282400-161283800,ENSG00000158887.11$MPZ$chr1$161279762$-,0.53
chr8:22332600-22333200,ENSG00000158941.12$CCAR2$chr8$22462145$+,0.38
chr8:22379800-22380600,ENSG00000158941.12$CCAR2$chr8$22462145$+,0.45
chr8:22381200-22382800,ENSG00000158941.12$CCAR2$chr8$22462145$+,0.43
chr8:22467400-22468600,ENSG00000158941.12$CCAR2$chr8$22462145$+,0.66
chr8:22553200-22555600,ENSG00000158941.12$CCAR2$chr8$22462145$+,0.35
chr17:44918200-44919600,ENSG00000158955.6$WNT9B$chr17$44910567$+,0.5
chr5:130644800-130645000,ENSG00000158985.9$CDC42SE2$chr5$130581186$+,0.38
chr5:130645400-130645600,ENSG00000158985.9$CDC42SE2$chr5$130581186$+,0.42
chr5:130818400-130818800,ENSG00000158987.15$RAPGEF6$chr5$130970929$-,0.37
chr5:130887000-130889200,ENSG00000158987.15$RAPGEF6$chr5$130970929$-,0.43
chr5:130905400-130905800,ENSG00000158987.15$RAPGEF6$chr5$130970929$-,0.48
chr5:130924600-130926000,ENSG00000158987.15$RAPGEF6$chr5$130970929$-,0.6
chr1:28996400-28998600,ENSG00000159023.14$EPB41$chr1$29213603$+,0.35
chr1:29100800-29103000,ENSG00000159023.14$EPB41$chr1$29213603$+,0.48
chr1:29111400-29113400,ENSG00000159023.14$EPB41$chr1$29213603$+,0.55
chr1:29219600-29222000,ENSG00000159023.14$EPB41$chr1$29213603$+,0.55
chr1:29236200-29238200,ENSG00000159023.14$EPB41$chr1$29213603$+,0.42
chr1:29258200-29258600,ENSG00000159023.14$EPB41$chr1$29213603$+,0.52
chr21:33775200-33776200,ENSG00000159055.3$MIS18A$chr21$33651380$-,0.35
chr11:77706200-77707200,ENSG00000159063.8$ALG8$chr11$77850706$-,0.48
chr11:77805200-77806200,ENSG00000159063.8$ALG8$chr11$77850706$-,0.61
chr21:33942200-33943600,ENSG00000159079.14$C21orf59$chr21$33985176$-,0.49
chr21:33996200-33997600,ENSG00000159079.14$C21orf59$chr21$33985176$-,0.68
chr21:34088400-34089000,ENSG00000159079.14$C21orf59$chr21$33985176$-,0.36
chr21:34097200-34099200,ENSG00000159079.14$C21orf59$chr21$33985176$-,0.45
chr21:33942200-33943600,ENSG00000159082.13$SYNJ1$chr21$34100359$-,0.45
chr21:33996200-33997600,ENSG00000159082.13$SYNJ1$chr21$34100359$-,0.49
chr21:34088400-34089000,ENSG00000159082.13$SYNJ1$chr21$34100359$-,0.59
chr21:34145000-34146200,ENSG00000159082.13$SYNJ1$chr21$34100359$-,0.55
chr21:34088400-34089000,ENSG00000159086.10$PAXBP1$chr21$34144169$-,0.64
chr21:34097200-34099200,ENSG00000159086.10$PAXBP1$chr21$34144169$-,0.6
chr21:34145000-34146200,ENSG00000159086.10$PAXBP1$chr21$34144169$-,0.39
chr21:34648200-34648400,ENSG00000159110.15$IFNAR2$chr21$34602206$+,0.52
chr21:34852800-34854600,ENSG00000159128.10$IFNGR2$chr21$34775202$+,0.36
chr21:34849200-34851000,ENSG00000159131.12$GART$chr21$34915797$-,0.47
chr21:34852800-34854600,ENSG00000159131.12$GART$chr21$34915797$-,0.51
chr21:34862200-34863600,ENSG00000159131.12$GART$chr21$34915797$-,0.57
chr21:34941400-34942800,ENSG00000159131.12$GART$chr21$34915797$-,0.44
chr21:34961600-34962600,ENSG00000159131.12$GART$chr21$34915797$-,0.57
chr21:34849200-34851000,ENSG00000159140.13$SON$chr21$34914924$+,0.51
chr21:34852800-34854600,ENSG00000159140.13$SON$chr21$34914924$+,0.48
chr21:34862200-34863600,ENSG00000159140.13$SON$chr21$34914924$+,0.5
chr21:34941400-34942800,ENSG00000159140.13$SON$chr21$34914924$+,0.67
chr21:34961600-34962600,ENSG00000159140.13$SON$chr21$34914924$+,0.67
chr21:34941400-34942800,ENSG00000159147.13$DONSON$chr21$34961014$-,0.62
chr1:149601200-149603400,ENSG00000159164.5$SV2A$chr1$149889434$-,0.36
chr1:149663800-149666000,ENSG00000159164.5$SV2A$chr1$149889434$-,0.35
chr1:149860400-149862200,ENSG00000159164.5$SV2A$chr1$149889434$-,0.44
chr1:149870200-149871200,ENSG00000159164.5$SV2A$chr1$149889434$-,0.43
chr1:149871600-149872600,ENSG00000159164.5$SV2A$chr1$149889434$-,0.46
chr1:150040200-150042600,ENSG00000159164.5$SV2A$chr1$149889434$-,0.35
chr17:46815800-46817400,ENSG00000159182.3$PRAC1$chr17$46799884$-,0.66
chr17:46891800-46892600,ENSG00000159182.3$PRAC1$chr17$46799884$-,0.41
chr17:46815800-46817400,ENSG00000159184.7$HOXB13$chr17$46806540$-,0.5
chr17:46891800-46892600,ENSG00000159184.7$HOXB13$chr17$46806540$-,0.35
chr21:35733400-35735000,ENSG00000159197.3$KCNE2$chr21$35736323$+,0.51
chr21:35759600-35760400,ENSG00000159197.3$KCNE2$chr21$35736323$+,0.46
chr17:46815800-46817400,ENSG00000159199.9$ATP5G1$chr17$46970127$+,0.44
chr17:46891800-46892600,ENSG00000159199.9$ATP5G1$chr17$46970127$+,0.52
chr17:47019000-47021200,ENSG00000159199.9$ATP5G1$chr17$46970127$+,0.59
chr17:47108600-47110400,ENSG00000159199.9$ATP5G1$chr17$46970127$+,0.4
chr17:46815800-46817400,ENSG00000159202.13$UBE2Z$chr17$46985731$+,0.38
chr17:46891800-46892600,ENSG00000159202.13$UBE2Z$chr17$46985731$+,0.57
chr17:46968400-46969600,ENSG00000159202.13$UBE2Z$chr17$46985731$+,0.64
chr17:47019000-47021200,ENSG00000159202.13$UBE2Z$chr17$46985731$+,0.63
chr17:47108600-47110400,ENSG00000159202.13$UBE2Z$chr17$46985731$+,0.43
chr1:150185200-150187600,ENSG00000159208.11$C1orf51$chr1$150254953$+,0.36
chr1:150194000-150194400,ENSG00000159208.11$C1orf51$chr1$150254953$+,0.43
chr1:150205000-150206600,ENSG00000159208.11$C1orf51$chr1$150254953$+,0.52
chr1:150241800-150243000,ENSG00000159208.11$C1orf51$chr1$150254953$+,0.58
chr1:150265000-150266200,ENSG00000159208.11$C1orf51$chr1$150254953$+,0.66
chr1:150267000-150269400,ENSG00000159208.11$C1orf51$chr1$150254953$+,0.42
chr17:46891800-46892600,ENSG00000159210.5$SNF8$chr17$47022479$-,0.35
chr17:46968400-46969600,ENSG00000159210.5$SNF8$chr17$47022479$-,0.47
chr17:47019000-47021200,ENSG00000159210.5$SNF8$chr17$47022479$-,0.37
chr17:47108600-47110400,ENSG00000159210.5$SNF8$chr17$47022479$-,0.52
chr1:44434800-44435600,ENSG00000159214.8$CCDC24$chr1$44457031$+,0.51
chr21:37399000-37401400,ENSG00000159216.14$RUNX1$chr21$37376965$-,0.43
chr17:47019000-47021200,ENSG00000159217.5$IGF2BP1$chr17$47074774$+,0.5
chr17:47108600-47110400,ENSG00000159217.5$IGF2BP1$chr17$47074774$+,0.56
chr21:37399000-37401400,ENSG00000159228.8$CBR1$chr21$37442239$+,0.51
chr21:37424800-37427000,ENSG00000159228.8$CBR1$chr21$37442239$+,0.49
chr21:37506000-37507800,ENSG00000159228.8$CBR1$chr21$37442239$+,0.59
chr21:37513400-37515400,ENSG00000159228.8$CBR1$chr21$37442239$+,0.54
chr21:37525200-37526200,ENSG00000159228.8$CBR1$chr21$37442239$+,0.48
chr21:37527200-37529600,ENSG00000159228.8$CBR1$chr21$37442239$+,0.45
chr21:37513400-37515400,ENSG00000159231.5$CBR3$chr21$37507210$+,0.45
chr2:74540400-74542200,ENSG00000159239.7$C2orf81$chr2$74648718$-,0.43
chr2:74553800-74556200,ENSG00000159239.7$C2orf81$chr2$74648718$-,0.44
chr2:74560800-74562800,ENSG00000159239.7$C2orf81$chr2$74648718$-,0.48
chr2:74619200-74621200,ENSG00000159239.7$C2orf81$chr2$74648718$-,0.7
chr2:74682600-74684400,ENSG00000159239.7$C2orf81$chr2$74648718$-,0.52
chr2:74692600-74695000,ENSG00000159239.7$C2orf81$chr2$74648718$-,0.48
chr2:74696800-74699200,ENSG00000159239.7$C2orf81$chr2$74648718$-,0.54
chr21:37527200-37529600,ENSG00000159256.8$MORC3$chr21$37692487$+,0.36
chr21:37681800-37683800,ENSG00000159256.8$MORC3$chr21$37692487$+,0.72
chr21:37513400-37515400,ENSG00000159259.7$CHAF1B$chr21$37757676$+,0.36
chr21:37527200-37529600,ENSG00000159259.7$CHAF1B$chr21$37757676$+,0.36
chr21:37681800-37683800,ENSG00000159259.7$CHAF1B$chr21$37757676$+,0.46
chr21:38356800-38359200,ENSG00000159267.10$HLCS$chr21$38362536$-,0.45
chr21:38373400-38374600,ENSG00000159267.10$HLCS$chr21$38362536$-,0.43
chr21:38381000-38383400,ENSG00000159267.10$HLCS$chr21$38362536$-,0.35
chr15:72862200-72862800,ENSG00000159322.13$ADPGK$chr15$73078187$-,0.35
chr15:73063400-73065400,ENSG00000159322.13$ADPGK$chr15$73078187$-,0.57
chr15:73100600-73103000,ENSG00000159322.13$ADPGK$chr15$73078187$-,0.61
chr15:73136400-73137000,ENSG00000159322.13$ADPGK$chr15$73078187$-,0.52
chr12:6834000-6835400,ENSG00000159335.11$PTMS$chr12$6874682$+,0.43
chr12:6862800-6864400,ENSG00000159335.11$PTMS$chr12$6874682$+,0.54
chr1:202855600-202857400,ENSG00000159346.8$ADIPOR1$chr1$202927700$-,0.55
chr1:202858200-202860200,ENSG00000159346.8$ADIPOR1$chr1$202927700$-,0.62
chr1:202907200-202908800,ENSG00000159346.8$ADIPOR1$chr1$202927700$-,0.65
chr1:202981800-202983000,ENSG00000159346.8$ADIPOR1$chr1$202927700$-,0.5
chr1:202777800-202779800,ENSG00000159348.8$CYB5R1$chr1$202936408$-,0.5
chr1:202855600-202857400,ENSG00000159348.8$CYB5R1$chr1$202936408$-,0.44
chr1:202858200-202860200,ENSG00000159348.8$CYB5R1$chr1$202936408$-,0.58
chr1:202907200-202908800,ENSG00000159348.8$CYB5R1$chr1$202936408$-,0.55
chr1:202981800-202983000,ENSG00000159348.8$CYB5R1$chr1$202936408$-,0.47
chr1:151097000-151099200,ENSG00000159352.11$PSMD4$chr1$151227179$+,0.38
chr1:151119600-151121400,ENSG00000159352.11$PSMD4$chr1$151227179$+,0.39
chr1:151162800-151163800,ENSG00000159352.11$PSMD4$chr1$151227179$+,0.56
chr1:151255600-151257800,ENSG00000159352.11$PSMD4$chr1$151227179$+,0.64
chr1:151320200-151321800,ENSG00000159352.11$PSMD4$chr1$151227179$+,0.45
chr2:74880400-74881000,ENSG00000159374.13$M1AP$chr2$74875465$-,0.43
chr1:151162800-151163800,ENSG00000159377.6$PSMB4$chr1$151372010$+,0.39
chr1:151255600-151257800,ENSG00000159377.6$PSMB4$chr1$151372010$+,0.43
chr1:151320200-151321800,ENSG00000159377.6$PSMB4$chr1$151372010$+,0.56
chr1:151432000-151433200,ENSG00000159377.6$PSMB4$chr1$151372010$+,0.52
chr1:151481400-151483400,ENSG00000159377.6$PSMB4$chr1$151372010$+,0.38
chr2:75135200-75136800,ENSG00000159399.5$HK2$chr2$75061108$+,0.38
chr15:42938600-42940600,ENSG00000159433.7$STARD9$chr15$42867857$+,0.49
chr1:151847000-151848800,ENSG00000159445.8$THEM4$chr1$151882284$-,0.5
chr1:151874000-151874200,ENSG00000159445.8$THEM4$chr1$151882284$-,0.5
chr1:151882600-151883800,ENSG00000159450.8$TCHH$chr1$152086556$-,0.44
chr1:152125600-152127400,ENSG00000159450.8$TCHH$chr1$152086556$-,0.63
chr15:43423600-43425400,ENSG00000159459.7$UBR1$chr15$43398311$-,0.57
chr15:43425800-43428000,ENSG00000159459.7$UBR1$chr15$43398311$-,0.64
chr15:43435000-43437400,ENSG00000159459.7$UBR1$chr15$43398311$-,0.73
chr15:43496000-43497600,ENSG00000159459.7$UBR1$chr15$43398311$-,0.39
chr15:43545000-43547200,ENSG00000159459.7$UBR1$chr15$43398311$-,0.41
chr16:56486200-56488200,ENSG00000159461.10$AMFR$chr16$56459450$-,0.45
chr1:43635400-43637400,ENSG00000159479.12$MED8$chr1$43855479$-,0.39
chr15:76573800-76576000,ENSG00000159556.5$ISL2$chr15$76629065$+,0.37
chr15:76577600-76579800,ENSG00000159556.5$ISL2$chr15$76629065$+,0.43
chr16:57277800-57278600,ENSG00000159579.9$RSPRY1$chr16$57220049$+,0.51
chr16:57379000-57380000,ENSG00000159579.9$RSPRY1$chr16$57220049$+,0.58
chr1:46015200-46016200,ENSG00000159592.6$GPBP1L1$chr1$46153785$-,0.36
chr1:46047400-46049200,ENSG00000159592.6$GPBP1L1$chr1$46153785$-,0.41
chr1:46127800-46129400,ENSG00000159592.6$GPBP1L1$chr1$46153785$-,0.63
chr1:46201200-46201400,ENSG00000159592.6$GPBP1L1$chr1$46153785$-,0.42
chr1:46203200-46205200,ENSG00000159592.6$GPBP1L1$chr1$46153785$-,0.47
chr1:46206600-46207200,ENSG00000159592.6$GPBP1L1$chr1$46153785$-,0.46
chr16:66785600-66787200,ENSG00000159593.10$NAE1$chr16$66907159$-,0.46
chr16:66965200-66967600,ENSG00000159593.10$NAE1$chr16$66907159$-,0.58
chr16:67015600-67017000,ENSG00000159593.10$NAE1$chr16$66907159$-,0.45
chr16:67017400-67019800,ENSG00000159593.10$NAE1$chr16$66907159$-,0.46
chr1:45988000-45990000,ENSG00000159596.6$TMEM69$chr1$46152886$+,0.37
chr1:46015200-46016200,ENSG00000159596.6$TMEM69$chr1$46152886$+,0.41
chr1:46047400-46049200,ENSG00000159596.6$TMEM69$chr1$46152886$+,0.47
chr1:46127800-46129400,ENSG00000159596.6$TMEM69$chr1$46152886$+,0.63
chr1:46201200-46201400,ENSG00000159596.6$TMEM69$chr1$46152886$+,0.49
chr1:46203200-46205200,ENSG00000159596.6$TMEM69$chr1$46152886$+,0.5
chr1:46206600-46207200,ENSG00000159596.6$TMEM69$chr1$46152886$+,0.56
chr16:57379000-57380000,ENSG00000159618.11$GPR114$chr16$57576333$+,0.36
chr16:57495800-57496600,ENSG00000159618.11$GPR114$chr16$57576333$+,0.39
chr1:46997800-47000000,ENSG00000159658.6$EFCAB14$chr1$47184824$-,0.4
chr1:47000800-47002600,ENSG00000159658.6$EFCAB14$chr1$47184824$-,0.4
chr1:47176200-47178200,ENSG00000159658.6$EFCAB14$chr1$47184824$-,0.66
chr1:47178800-47179200,ENSG00000159658.6$EFCAB14$chr1$47184824$-,0.61
chr4:1260400-1262600,ENSG00000159692.11$CTBP1$chr4$1243741$-,0.64
chr4:1281600-1283200,ENSG00000159692.11$CTBP1$chr4$1243741$-,0.59
chr4:1338200-1339800,ENSG00000159692.11$CTBP1$chr4$1243741$-,0.47
chr16:67261800-67263600,ENSG00000159708.13$LRRC36$chr16$67360701$+,0.55
chr16:67542600-67544400,ENSG00000159720.7$ATP6V0D1$chr16$67515140$-,0.7
chr16:67604600-67606800,ENSG00000159720.7$ATP6V0D1$chr16$67515140$-,0.42
chr16:67613200-67614400,ENSG00000159720.7$ATP6V0D1$chr16$67515140$-,0.47
chr16:67618600-67620000,ENSG00000159720.7$ATP6V0D1$chr16$67515140$-,0.4
chr16:67620800-67622000,ENSG00000159720.7$ATP6V0D1$chr16$67515140$-,0.4
chr16:67631600-67633400,ENSG00000159720.7$ATP6V0D1$chr16$67515140$-,0.46
chr16:67691800-67693800,ENSG00000159720.7$ATP6V0D1$chr16$67515140$-,0.38
chr16:67542600-67544400,ENSG00000159723.4$AGRP$chr16$67517716$-,0.72
chr16:67604600-67606800,ENSG00000159723.4$AGRP$chr16$67517716$-,0.45
chr16:67613200-67614400,ENSG00000159723.4$AGRP$chr16$67517716$-,0.35
chr16:67631600-67633400,ENSG00000159723.4$AGRP$chr16$67517716$-,0.42
chr16:67691800-67693800,ENSG00000159723.4$AGRP$chr16$67517716$-,0.37
chr4:2349000-2350000,ENSG00000159733.9$ZFYVE28$chr4$2420390$-,0.42
chr4:2420800-2422400,ENSG00000159733.9$ZFYVE28$chr4$2420390$-,0.35
chr4:2443000-2444600,ENSG00000159733.9$ZFYVE28$chr4$2420390$-,0.69
chr4:2512000-2514200,ENSG00000159733.9$ZFYVE28$chr4$2420390$-,0.45
chr16:67604600-67606800,ENSG00000159753.9$RLTPR$chr16$67678822$+,0.57
chr16:67613200-67614400,ENSG00000159753.9$RLTPR$chr16$67678822$+,0.42
chr16:67618600-67620000,ENSG00000159753.9$RLTPR$chr16$67678822$+,0.58
chr16:67620800-67622000,ENSG00000159753.9$RLTPR$chr16$67678822$+,0.53
chr16:67631600-67633400,ENSG00000159753.9$RLTPR$chr16$67678822$+,0.6
chr16:67691800-67693800,ENSG00000159753.9$RLTPR$chr16$67678822$+,0.49
chr16:67753800-67756000,ENSG00000159753.9$RLTPR$chr16$67678822$+,0.41
chr16:67542600-67544400,ENSG00000159761.10$C16orf86$chr16$67700719$+,0.36
chr16:67604600-67606800,ENSG00000159761.10$C16orf86$chr16$67700719$+,0.38
chr16:67618600-67620000,ENSG00000159761.10$C16orf86$chr16$67700719$+,0.37
chr16:67620800-67622000,ENSG00000159761.10$C16orf86$chr16$67700719$+,0.37
chr16:67631600-67633400,ENSG00000159761.10$C16orf86$chr16$67700719$+,0.49
chr16:67691800-67693800,ENSG00000159761.10$C16orf86$chr16$67700719$+,0.53
chr16:67753800-67756000,ENSG00000159761.10$C16orf86$chr16$67700719$+,0.38
chr16:67841200-67842000,ENSG00000159761.10$C16orf86$chr16$67700719$+,0.38
chr16:67850200-67851000,ENSG00000159761.10$C16orf86$chr16$67700719$+,0.44
chr16:67874400-67876200,ENSG00000159761.10$C16orf86$chr16$67700719$+,0.37
chr16:67884400-67886200,ENSG00000159761.10$C16orf86$chr16$67700719$+,0.42
chr7:142968400-142968800,ENSG00000159784.13$FAM131B$chr7$143059863$-,0.4
chr7:143001800-143003200,ENSG00000159784.13$FAM131B$chr7$143059863$-,0.43
chr7:143042000-143044000,ENSG00000159784.13$FAM131B$chr7$143059863$-,0.54
chr16:67753800-67756000,ENSG00000159792.5$PSKH1$chr16$67927175$+,0.45
chr16:67841200-67842000,ENSG00000159792.5$PSKH1$chr16$67927175$+,0.54
chr16:67850200-67851000,ENSG00000159792.5$PSKH1$chr16$67927175$+,0.53
chr16:67874400-67876200,ENSG00000159792.5$PSKH1$chr16$67927175$+,0.51
chr16:67881600-67884000,ENSG00000159792.5$PSKH1$chr16$67927175$+,0.5
chr16:67884400-67886200,ENSG00000159792.5$PSKH1$chr16$67927175$+,0.4
chr16:67970800-67972200,ENSG00000159792.5$PSKH1$chr16$67927175$+,0.49
chr16:68003000-68005000,ENSG00000159792.5$PSKH1$chr16$67927175$+,0.51
chr16:68054800-68056200,ENSG00000159792.5$PSKH1$chr16$67927175$+,0.52
chr16:68057600-68059400,ENSG00000159792.5$PSKH1$chr16$67927175$+,0.5
chr16:68142800-68143000,ENSG00000159792.5$PSKH1$chr16$67927175$+,0.38
chr7:142968400-142968800,ENSG00000159840.11$ZYX$chr7$143078173$+,0.36
chr7:143001800-143003200,ENSG00000159840.11$ZYX$chr7$143078173$+,0.44
chr7:143042000-143044000,ENSG00000159840.11$ZYX$chr7$143078173$+,0.53
chr17:1142400-1144800,ENSG00000159842.10$ABR$chr17$1132315$-,0.61
chr17:1179200-1180000,ENSG00000159842.10$ABR$chr17$1132315$-,0.52
chr19:44313400-44314400,ENSG00000159871.10$LYPD5$chr19$44331358$-,0.38
chr19:44315600-44317800,ENSG00000159871.10$LYPD5$chr19$44331358$-,0.49
chr22:29138600-29141000,ENSG00000159873.5$CCDC117$chr22$29168662$+,0.57
chr19:44330200-44331800,ENSG00000159882.8$ZNF230$chr19$44507100$+,0.4
chr19:44404400-44405800,ENSG00000159882.8$ZNF230$chr19$44507100$+,0.48
chr19:44436800-44439000,ENSG00000159882.8$ZNF230$chr19$44507100$+,0.62
chr19:44455800-44457000,ENSG00000159882.8$ZNF230$chr19$44507100$+,0.67
chr19:44487400-44488200,ENSG00000159882.8$ZNF230$chr19$44507100$+,0.74
chr19:44489000-44490400,ENSG00000159882.8$ZNF230$chr19$44507100$+,0.69
chr19:44530000-44531400,ENSG00000159882.8$ZNF230$chr19$44507100$+,0.62
chr19:44575200-44575800,ENSG00000159882.8$ZNF230$chr19$44507100$+,0.59
chr19:44576800-44578000,ENSG00000159882.8$ZNF230$chr19$44507100$+,0.63
chr19:44615600-44617000,ENSG00000159882.8$ZNF230$chr19$44507100$+,0.48
chr19:44618200-44620000,ENSG00000159882.8$ZNF230$chr19$44507100$+,0.43
chr19:44643200-44645400,ENSG00000159882.8$ZNF230$chr19$44507100$+,0.56
chr19:44646400-44648000,ENSG00000159882.8$ZNF230$chr19$44507100$+,0.52
chr9:35602200-35603800,ENSG00000159884.7$CCDC107$chr9$35658301$+,0.46
chr9:35741400-35742800,ENSG00000159884.7$CCDC107$chr9$35658301$+,0.5
chr9:35749800-35751800,ENSG00000159884.7$CCDC107$chr9$35658301$+,0.5
chr9:35810000-35811800,ENSG00000159884.7$CCDC107$chr9$35658301$+,0.41
chr9:35812200-35814400,ENSG00000159884.7$CCDC107$chr9$35658301$+,0.38
chr19:44404400-44405800,ENSG00000159885.9$ZNF222$chr19$44529494$+,0.37
chr19:44436800-44439000,ENSG00000159885.9$ZNF222$chr19$44529494$+,0.52
chr19:44455800-44457000,ENSG00000159885.9$ZNF222$chr19$44529494$+,0.59
chr19:44487400-44488200,ENSG00000159885.9$ZNF222$chr19$44529494$+,0.5
chr19:44489000-44490400,ENSG00000159885.9$ZNF222$chr19$44529494$+,0.64
chr19:44505400-44506600,ENSG00000159885.9$ZNF222$chr19$44529494$+,0.64
chr19:44507800-44509800,ENSG00000159885.9$ZNF222$chr19$44529494$+,0.63
chr19:44575200-44575800,ENSG00000159885.9$ZNF222$chr19$44529494$+,0.68
chr19:44576800-44578000,ENSG00000159885.9$ZNF222$chr19$44529494$+,0.69
chr19:44615600-44617000,ENSG00000159885.9$ZNF222$chr19$44529494$+,0.51
chr19:44618200-44620000,ENSG00000159885.9$ZNF222$chr19$44529494$+,0.55
chr19:44643200-44645400,ENSG00000159885.9$ZNF222$chr19$44529494$+,0.41
chr19:44646400-44648000,ENSG00000159885.9$ZNF222$chr19$44529494$+,0.48
chr19:44717400-44719600,ENSG00000159885.9$ZNF222$chr19$44529494$+,0.37
chr19:44436800-44439000,ENSG00000159905.10$ZNF221$chr19$44455375$+,0.46
chr19:44455800-44457000,ENSG00000159905.10$ZNF221$chr19$44455375$+,0.38
chr19:44489000-44490400,ENSG00000159905.10$ZNF221$chr19$44455375$+,0.44
chr19:44505400-44506600,ENSG00000159905.10$ZNF221$chr19$44455375$+,0.41
chr19:44615600-44617000,ENSG00000159915.8$ZNF233$chr19$44754318$+,0.46
chr19:44618200-44620000,ENSG00000159915.8$ZNF233$chr19$44754318$+,0.43
chr19:44643200-44645400,ENSG00000159915.8$ZNF233$chr19$44754318$+,0.43
chr19:44646400-44648000,ENSG00000159915.8$ZNF233$chr19$44754318$+,0.43
chr19:44717400-44719600,ENSG00000159915.8$ZNF233$chr19$44754318$+,0.61
chr19:44764200-44765400,ENSG00000159915.8$ZNF233$chr19$44754318$+,0.55
chr19:44807400-44808800,ENSG00000159915.8$ZNF233$chr19$44754318$+,0.57
chr19:44764200-44765400,ENSG00000159917.10$ZNF235$chr19$44809199$-,0.38
chr9:36256400-36257800,ENSG00000159921.10$GNE$chr9$36277053$-,0.41
chr22:42075600-42078000,ENSG00000159958.3$TNFRSF13C$chr22$42322822$-,0.35
chr22:42085400-42087200,ENSG00000159958.3$TNFRSF13C$chr22$42322822$-,0.37
chr22:42194800-42196200,ENSG00000159958.3$TNFRSF13C$chr22$42322822$-,0.39
chr22:42417400-42419600,ENSG00000159958.3$TNFRSF13C$chr22$42322822$-,0.43
chr22:42426200-42428600,ENSG00000159958.3$TNFRSF13C$chr22$42322822$-,0.42
chr22:42487400-42489200,ENSG00000159958.3$TNFRSF13C$chr22$42322822$-,0.36
chr22:42564600-42566000,ENSG00000159958.3$TNFRSF13C$chr22$42322822$-,0.37
chr19:47250000-47252400,ENSG00000160007.13$ARHGAP35$chr19$47421933$+,0.42
chr19:47291600-47293600,ENSG00000160007.13$ARHGAP35$chr19$47421933$+,0.5
chr19:47362000-47363600,ENSG00000160007.13$ARHGAP35$chr19$47421933$+,0.53
chr19:47535000-47536200,ENSG00000160007.13$ARHGAP35$chr19$47421933$+,0.38
chr19:47548800-47551200,ENSG00000160007.13$ARHGAP35$chr19$47421933$+,0.38
chr19:47552000-47553200,ENSG00000160007.13$ARHGAP35$chr19$47421933$+,0.39
chr19:47151000-47152800,ENSG00000160014.12$CALM3$chr19$47104331$+,0.54
chr19:47250000-47252400,ENSG00000160014.12$CALM3$chr19$47104331$+,0.38
chr1:10383600-10384200,ENSG00000160049.7$DFFA$chr1$10532583$-,0.4
chr1:10535800-10538200,ENSG00000160049.7$DFFA$chr1$10532583$-,0.53
chr1:10538600-10538800,ENSG00000160049.7$DFFA$chr1$10532583$-,0.64
chr1:10608200-10609400,ENSG00000160049.7$DFFA$chr1$10532583$-,0.42
chr1:32500200-32501400,ENSG00000160050.10$CCDC28B$chr1$32665987$+,0.38
chr1:32535800-32538200,ENSG00000160050.10$CCDC28B$chr1$32665987$+,0.41
chr1:32601600-32602600,ENSG00000160050.10$CCDC28B$chr1$32665987$+,0.47
chr1:32704200-32706400,ENSG00000160050.10$CCDC28B$chr1$32665987$+,0.51
chr1:32535800-32538200,ENSG00000160051.7$IQCC$chr1$32671236$+,0.39
chr1:32601600-32602600,ENSG00000160051.7$IQCC$chr1$32671236$+,0.4
chr1:32704200-32706400,ENSG00000160051.7$IQCC$chr1$32671236$+,0.51
chr1:32755000-32757200,ENSG00000160051.7$IQCC$chr1$32671236$+,0.4
chr1:32810400-32812800,ENSG00000160051.7$IQCC$chr1$32671236$+,0.35
chr1:32601600-32602600,ENSG00000160055.15$TMEM234$chr1$32687972$-,0.37
chr1:32704200-32706400,ENSG00000160055.15$TMEM234$chr1$32687972$-,0.66
chr1:32755000-32757200,ENSG00000160055.15$TMEM234$chr1$32687972$-,0.48
chr1:32810400-32812800,ENSG00000160055.15$TMEM234$chr1$32687972$-,0.37
chr1:32704200-32706400,ENSG00000160058.14$BSDC1$chr1$32860332$-,0.36
chr1:32755000-32757200,ENSG00000160058.14$BSDC1$chr1$32860332$-,0.42
chr1:32810400-32812800,ENSG00000160058.14$BSDC1$chr1$32860332$-,0.51
chr1:32837200-32838800,ENSG00000160058.14$BSDC1$chr1$32860332$-,0.44
chr1:1311200-1313400,ENSG00000160072.15$ATAD3B$chr1$1407143$+,0.52
chr1:1407600-1410000,ENSG00000160072.15$ATAD3B$chr1$1407143$+,0.38
chr1:1445600-1447000,ENSG00000160072.15$ATAD3B$chr1$1407143$+,0.56
chr1:1548200-1550200,ENSG00000160072.15$ATAD3B$chr1$1407143$+,0.52
chr1:1652000-1653800,ENSG00000160072.15$ATAD3B$chr1$1407143$+,0.36
chr1:1311200-1313400,ENSG00000160075.10$SSU72$chr1$1510249$-,0.35
chr1:1405000-1407200,ENSG00000160075.10$SSU72$chr1$1510249$-,0.4
chr1:1407600-1410000,ENSG00000160075.10$SSU72$chr1$1510249$-,0.42
chr1:1445600-1447000,ENSG00000160075.10$SSU72$chr1$1510249$-,0.63
chr1:1548200-1550200,ENSG00000160075.10$SSU72$chr1$1510249$-,0.59
chr1:1652000-1653800,ENSG00000160075.10$SSU72$chr1$1510249$-,0.59
chr1:1657600-1659200,ENSG00000160075.10$SSU72$chr1$1510249$-,0.5
chr1:1673200-1675400,ENSG00000160075.10$SSU72$chr1$1510249$-,0.47
chr1:1038400-1040800,ENSG00000160087.16$UBE2J2$chr1$1209265$-,0.35
chr1:1049600-1051200,ENSG00000160087.16$UBE2J2$chr1$1209265$-,0.37
chr1:1052200-1054600,ENSG00000160087.16$UBE2J2$chr1$1209265$-,0.37
chr1:1311200-1313400,ENSG00000160087.16$UBE2J2$chr1$1209265$-,0.38
chr1:33656000-33657000,ENSG00000160094.10$ZNF362$chr1$33722146$+,0.46
chr1:33816000-33817600,ENSG00000160094.10$ZNF362$chr1$33722146$+,0.39
chr19:17334200-17336600,ENSG00000160113.5$NR2F6$chr19$17356749$-,0.35
chr19:17378800-17380200,ENSG00000160113.5$NR2F6$chr19$17356749$-,0.41
chr19:17334200-17336600,ENSG00000160117.10$ANKLE1$chr19$17392454$+,0.5
chr19:17378800-17380200,ENSG00000160117.10$ANKLE1$chr19$17392454$+,0.64
chr19:17443000-17445200,ENSG00000160117.10$ANKLE1$chr19$17392454$+,0.49
chr19:17445400-17447400,ENSG00000160117.10$ANKLE1$chr19$17392454$+,0.53
chr19:17520200-17521200,ENSG00000160117.10$ANKLE1$chr19$17392454$+,0.39
chr19:17531400-17532000,ENSG00000160117.10$ANKLE1$chr19$17392454$+,0.4
chr19:17558200-17560200,ENSG00000160117.10$ANKLE1$chr19$17392454$+,0.36
chr3:122135600-122138000,ENSG00000160124.5$CCDC58$chr3$122102078$-,0.67
chr3:122194200-122196600,ENSG00000160124.5$CCDC58$chr3$122102078$-,0.42
chrX:150527600-150529400,ENSG00000160131.9$VMA21$chrX$150564987$+,0.55
chr19:19624600-19626600,ENSG00000160161.5$CILP2$chr19$19649057$+,0.56
chr19:19680800-19682600,ENSG00000160161.5$CILP2$chr19$19649057$+,0.67
chr19:19692000-19693800,ENSG00000160161.5$CILP2$chr19$19649057$+,0.61
chr19:19715600-19715800,ENSG00000160161.5$CILP2$chr19$19649057$+,0.52
chr19:19720800-19722000,ENSG00000160161.5$CILP2$chr19$19649057$+,0.47
chr19:19745200-19746600,ENSG00000160161.5$CILP2$chr19$19649057$+,0.4
chr19:19840800-19843200,ENSG00000160161.5$CILP2$chr19$19649057$+,0.42
chr19:19884400-19886800,ENSG00000160161.5$CILP2$chr19$19649057$+,0.37
chr21:43602800-43605000,ENSG00000160179.14$ABCG1$chr21$43619799$+,0.57
chr21:43853400-43855800,ENSG00000160179.14$ABCG1$chr21$43619799$+,0.35
chr21:43856400-43857600,ENSG00000160179.14$ABCG1$chr21$43619799$+,0.39
chr21:43853400-43855800,ENSG00000160183.9$TMPRSS3$chr21$43816955$-,0.51
chr21:43856400-43857600,ENSG00000160183.9$TMPRSS3$chr21$43816955$-,0.58
chr21:43917000-43918600,ENSG00000160183.9$TMPRSS3$chr21$43816955$-,0.35
chr21:43853400-43855800,ENSG00000160185.9$UBASH3A$chr21$43824008$+,0.54
chr21:43856400-43857600,ENSG00000160185.9$UBASH3A$chr21$43824008$+,0.59
chr21:43917000-43918600,ENSG00000160185.9$UBASH3A$chr21$43824008$+,0.38
chr21:43853400-43855800,ENSG00000160188.5$RSPH1$chr21$43916464$-,0.48
chr21:43856400-43857600,ENSG00000160188.5$RSPH1$chr21$43916464$-,0.54
chr21:43853400-43855800,ENSG00000160190.9$SLC37A1$chr21$43916118$+,0.49
chr21:43856400-43857600,ENSG00000160190.9$SLC37A1$chr21$43916118$+,0.44
chr21:43917000-43918600,ENSG00000160190.9$SLC37A1$chr21$43916118$+,0.36
chr21:44297000-44298800,ENSG00000160193.7$WDR4$chr21$44299678$-,0.39
chr21:44300200-44301800,ENSG00000160193.7$WDR4$chr21$44299678$-,0.38
chr21:44314200-44316200,ENSG00000160193.7$WDR4$chr21$44299678$-,0.64
chr21:44403000-44404400,ENSG00000160193.7$WDR4$chr21$44299678$-,0.54
chr21:44314200-44316200,ENSG00000160194.13$NDUFV3$chr21$44299754$+,0.64
chr21:44403000-44404400,ENSG00000160194.13$NDUFV3$chr21$44299754$+,0.55
chr21:44297000-44298800,ENSG00000160199.10$PKNOX1$chr21$44394620$+,0.49
chr21:44300200-44301800,ENSG00000160199.10$PKNOX1$chr21$44394620$+,0.46
chr21:44314200-44316200,ENSG00000160199.10$PKNOX1$chr21$44394620$+,0.55
chr21:44403000-44404400,ENSG00000160199.10$PKNOX1$chr21$44394620$+,0.65
chr21:44403000-44404400,ENSG00000160201.7$U2AF1$chr21$44527697$-,0.54
chr21:45208400-45209000,ENSG00000160207.4$HSF2BP$chr21$45079374$-,0.44
chr21:45208400-45209000,ENSG00000160208.11$RRP1B$chr21$45079429$+,0.5
chr21:45208400-45209000,ENSG00000160209.14$PDXK$chr21$45138975$+,0.4
chrX:153640600-153642600,ENSG00000160211.11$G6PD$chrX$153775787$-,0.49
chrX:153655000-153657400,ENSG00000160211.11$G6PD$chrX$153775787$-,0.44
chrX:153663600-153665200,ENSG00000160211.11$G6PD$chrX$153775787$-,0.38
chr21:45208400-45209000,ENSG00000160213.5$CSTB$chr21$45196326$-,0.59
chr21:45308600-45310400,ENSG00000160213.5$CSTB$chr21$45196326$-,0.5
chr21:45429200-45431600,ENSG00000160213.5$CSTB$chr21$45196326$-,0.36
chr21:45308600-45310400,ENSG00000160214.8$RRP1$chr21$45209394$+,0.45
chr21:45429200-45431600,ENSG00000160214.8$RRP1$chr21$45209394$+,0.38
chr21:45208400-45209000,ENSG00000160216.14$AGPAT3$chr21$45285067$+,0.43
chr21:45308600-45310400,ENSG00000160216.14$AGPAT3$chr21$45285067$+,0.45
chr21:45429200-45431600,ENSG00000160216.14$AGPAT3$chr21$45285067$+,0.39
chr21:45477400-45479000,ENSG00000160216.14$AGPAT3$chr21$45285067$+,0.38
chr21:45498000-45499600,ENSG00000160216.14$AGPAT3$chr21$45285067$+,0.39
chr21:45524800-45526800,ENSG00000160216.14$AGPAT3$chr21$45285067$+,0.36
chr21:45308600-45310400,ENSG00000160218.8$TRAPPC10$chr21$45432200$+,0.41
chr21:45394600-45395800,ENSG00000160218.8$TRAPPC10$chr21$45432200$+,0.48
chr21:45462000-45464200,ENSG00000160218.8$TRAPPC10$chr21$45432200$+,0.55
chr21:45477400-45479000,ENSG00000160218.8$TRAPPC10$chr21$45432200$+,0.38
chr21:45498000-45499600,ENSG00000160218.8$TRAPPC10$chr21$45432200$+,0.36
chr21:45524800-45526800,ENSG00000160218.8$TRAPPC10$chr21$45432200$+,0.4
chr21:45551000-45553000,ENSG00000160218.8$TRAPPC10$chr21$45432200$+,0.38
chrX:153972600-153973000,ENSG00000160219.7$GAB3$chrX$153979858$-,0.64
chrX:154002800-154004800,ENSG00000160219.7$GAB3$chrX$153979858$-,0.53
chrX:154033800-154035000,ENSG00000160219.7$GAB3$chrX$153979858$-,0.51
chrX:154117000-154117800,ENSG00000160219.7$GAB3$chrX$153979858$-,0.37
chr21:45308600-45310400,ENSG00000160221.12$C21orf33$chr21$45553487$+,0.42
chr21:45394600-45395800,ENSG00000160221.12$C21orf33$chr21$45553487$+,0.36
chr21:45462000-45464200,ENSG00000160221.12$C21orf33$chr21$45553487$+,0.43
chr21:45477400-45479000,ENSG00000160221.12$C21orf33$chr21$45553487$+,0.43
chr21:45498000-45499600,ENSG00000160221.12$C21orf33$chr21$45553487$+,0.47
chr21:45524800-45526800,ENSG00000160221.12$C21orf33$chr21$45553487$+,0.65
chr21:45551000-45553000,ENSG00000160221.12$C21orf33$chr21$45553487$+,0.35
chr21:45759800-45761400,ENSG00000160221.12$C21orf33$chr21$45553487$+,0.38
chr21:45429200-45431600,ENSG00000160223.12$ICOSLG$chr21$45660849$-,0.37
chr21:45498000-45499600,ENSG00000160223.12$ICOSLG$chr21$45660849$-,0.36
chr21:45524800-45526800,ENSG00000160223.12$ICOSLG$chr21$45660849$-,0.48
chr21:45551000-45553000,ENSG00000160223.12$ICOSLG$chr21$45660849$-,0.49
chr21:45759800-45761400,ENSG00000160223.12$ICOSLG$chr21$45660849$-,0.51
chr21:45759800-45761400,ENSG00000160233.6$LRRC3$chr21$45875369$+,0.44
chr21:46002800-46004400,ENSG00000160233.6$LRRC3$chr21$45875369$+,0.44
chr9:136059800-136062000,ENSG00000160271.10$RALGDS$chr9$136039301$-,0.55
chr21:47669800-47671400,ENSG00000160284.10$SPATC1L$chr21$47604390$-,0.58
chr21:47745200-47746800,ENSG00000160284.10$SPATC1L$chr21$47604390$-,0.38
chr21:47669800-47671400,ENSG00000160285.10$LSS$chr21$47648738$-,0.58
chr21:47745200-47746800,ENSG00000160285.10$LSS$chr21$47648738$-,0.43
chr9:136933800-136936200,ENSG00000160293.12$VAV2$chr9$136857726$-,0.43
chr21:47669800-47671400,ENSG00000160294.6$MCM3AP$chr21$47706211$-,0.51
chr21:47745200-47746800,ENSG00000160294.6$MCM3AP$chr21$47706211$-,0.41
chr21:47669800-47671400,ENSG00000160298.13$C21orf58$chr21$47743789$-,0.4
chr21:47745200-47746800,ENSG00000160298.13$C21orf58$chr21$47743789$-,0.37
chr21:47669800-47671400,ENSG00000160299.12$PCNT$chr21$47744036$+,0.46
chr21:47745200-47746800,ENSG00000160299.12$PCNT$chr21$47744036$+,0.42
chr21:47950800-47953200,ENSG00000160299.12$PCNT$chr21$47744036$+,0.4
chr21:47745200-47746800,ENSG00000160305.13$DIP2A$chr21$47878812$+,0.53
chr21:47950800-47953200,ENSG00000160305.13$DIP2A$chr21$47878812$+,0.47
chr21:47994200-47996200,ENSG00000160305.13$DIP2A$chr21$47878812$+,0.41
chr21:47950800-47953200,ENSG00000160307.5$S100B$chr21$48025121$-,0.38
chr21:47994200-47996200,ENSG00000160307.5$S100B$chr21$48025121$-,0.61
chr21:48065400-48067400,ENSG00000160307.5$S100B$chr21$48025121$-,0.49
chr21:47994200-47996200,ENSG00000160310.12$PRMT2$chr21$48055079$+,0.52
chr21:48065400-48067400,ENSG00000160310.12$PRMT2$chr21$48055079$+,0.48
chr19:51950800-51952800,ENSG00000160318.2$CLDND2$chr19$51872257$-,0.43
chr9:138372600-138374400,ENSG00000160345.8$C9orf116$chr9$138393580$-,0.66
chr9:138390400-138392000,ENSG00000160345.8$C9orf116$chr9$138393580$-,0.44
chr9:138372600-138374400,ENSG00000160349.5$LCN1$chr9$138413284$+,0.42
chr19:21202800-21203200,ENSG00000160352.11$ZNF714$chr19$21264965$+,0.37
chr19:21212400-21214600,ENSG00000160352.11$ZNF714$chr19$21264965$+,0.43
chr19:21218200-21219800,ENSG00000160352.11$ZNF714$chr19$21264965$+,0.45
chr19:21325400-21327000,ENSG00000160352.11$ZNF714$chr19$21264965$+,0.43
chr19:40695400-40696600,ENSG00000160392.9$C19orf47$chr19$40854434$-,0.39
chr19:40820200-40822400,ENSG00000160392.9$C19orf47$chr19$40854434$-,0.65
chr19:40903600-40905800,ENSG00000160392.9$C19orf47$chr19$40854434$-,0.61
chr19:40951000-40953200,ENSG00000160392.9$C19orf47$chr19$40854434$-,0.58
chr19:40974400-40975400,ENSG00000160392.9$C19orf47$chr19$40854434$-,0.35
chr19:40903600-40905800,ENSG00000160396.8$HIPK4$chr19$40896094$-,0.4
chr9:130478400-130480200,ENSG00000160401.10$C9orf117$chr9$130469268$+,0.35
chr9:130478400-130480200,ENSG00000160404.13$TOR2A$chr9$130497604$-,0.57
chr19:40951000-40953200,ENSG00000160410.10$SHKBP1$chr19$41082757$+,0.36
chr19:40974400-40975400,ENSG00000160410.10$SHKBP1$chr19$41082757$+,0.41
chr19:41018000-41020000,ENSG00000160410.10$SHKBP1$chr19$41082757$+,0.5
chr19:41054200-41056200,ENSG00000160410.10$SHKBP1$chr19$41082757$+,0.63
chr9:131416200-131418400,ENSG00000160445.6$ZER1$chr9$131534693$-,0.38
chr9:131419400-131420200,ENSG00000160445.6$ZER1$chr9$131534693$-,0.42
chr9:131484000-131486000,ENSG00000160445.6$ZER1$chr9$131534693$-,0.55
chr9:131547800-131549200,ENSG00000160445.6$ZER1$chr9$131534693$-,0.64
chr9:131550200-131551800,ENSG00000160445.6$ZER1$chr9$131534693$-,0.59
chr9:131579800-131580400,ENSG00000160445.6$ZER1$chr9$131534693$-,0.55
chr9:131592200-131593000,ENSG00000160445.6$ZER1$chr9$131534693$-,0.43
chr9:131689000-131691400,ENSG00000160445.6$ZER1$chr9$131534693$-,0.4
chr9:131416200-131418400,ENSG00000160446.14$ZDHHC12$chr9$131486406$-,0.46
chr9:131419400-131420200,ENSG00000160446.14$ZDHHC12$chr9$131486406$-,0.48
chr9:131547800-131549200,ENSG00000160446.14$ZDHHC12$chr9$131486406$-,0.5
chr9:131550200-131551800,ENSG00000160446.14$ZDHHC12$chr9$131486406$-,0.48
chr9:131579800-131580400,ENSG00000160446.14$ZDHHC12$chr9$131486406$-,0.47
chr9:131592200-131593000,ENSG00000160446.14$ZDHHC12$chr9$131486406$-,0.49
chr9:131689000-131691400,ENSG00000160446.14$ZDHHC12$chr9$131486406$-,0.37
chr9:131416200-131418400,ENSG00000160447.6$PKN3$chr9$131464802$+,0.47
chr9:131419400-131420200,ENSG00000160447.6$PKN3$chr9$131464802$+,0.56
chr9:131484000-131486000,ENSG00000160447.6$PKN3$chr9$131464802$+,0.56
chr9:131547800-131549200,ENSG00000160447.6$PKN3$chr9$131464802$+,0.53
chr9:131550200-131551800,ENSG00000160447.6$PKN3$chr9$131464802$+,0.41
chr9:131579800-131580400,ENSG00000160447.6$PKN3$chr9$131464802$+,0.37
chr9:131592200-131593000,ENSG00000160447.6$PKN3$chr9$131464802$+,0.35
chr19:40820200-40822400,ENSG00000160460.11$SPTBN4$chr19$40972148$+,0.35
chr19:40852600-40853800,ENSG00000160460.11$SPTBN4$chr19$40972148$+,0.5
chr19:40903600-40905800,ENSG00000160460.11$SPTBN4$chr19$40972148$+,0.49
chr19:40951000-40953200,ENSG00000160460.11$SPTBN4$chr19$40972148$+,0.56
chr19:40974400-40975400,ENSG00000160460.11$SPTBN4$chr19$40972148$+,0.59
chr19:41018000-41020000,ENSG00000160460.11$SPTBN4$chr19$40972148$+,0.5
chr19:41054200-41056200,ENSG00000160460.11$SPTBN4$chr19$40972148$+,0.54
chr19:55771000-55772600,ENSG00000160469.12$BRSK1$chr19$55793440$+,0.54
chr19:55802800-55803800,ENSG00000160469.12$BRSK1$chr19$55793440$+,0.59
chr19:55919200-55920600,ENSG00000160469.12$BRSK1$chr19$55793440$+,0.45
chr19:55802800-55803800,ENSG00000160471.8$COX6B2$chr19$55866182$-,0.36
chr19:55919200-55920600,ENSG00000160471.8$COX6B2$chr19$55866182$-,0.42
chr17:27598000-27600000,ENSG00000160551.5$TAOK1$chr17$27717482$+,0.38
chr17:27621800-27622800,ENSG00000160551.5$TAOK1$chr17$27717482$+,0.44
chr17:27628800-27631200,ENSG00000160551.5$TAOK1$chr17$27717482$+,0.42
chr17:27728000-27729600,ENSG00000160551.5$TAOK1$chr17$27717482$+,0.64
chr17:27748000-27748200,ENSG00000160551.5$TAOK1$chr17$27717482$+,0.56
chr17:27755000-27756000,ENSG00000160551.5$TAOK1$chr17$27717482$+,0.54
chr19:42578800-42579600,ENSG00000160570.9$DEDD2$chr19$42724292$-,0.38
chr19:42692800-42694400,ENSG00000160570.9$DEDD2$chr19$42724292$-,0.5
chr19:42771400-42772600,ENSG00000160570.9$DEDD2$chr19$42724292$-,0.47
chr19:42799600-42801200,ENSG00000160570.9$DEDD2$chr19$42724292$-,0.58
chr19:42803800-42806200,ENSG00000160570.9$DEDD2$chr19$42724292$-,0.62
chr19:42806600-42808400,ENSG00000160570.9$DEDD2$chr19$42724292$-,0.53
chr19:42890800-42892200,ENSG00000160570.9$DEDD2$chr19$42724292$-,0.42
chr11:117013800-117014400,ENSG00000160584.11$SIK3$chr11$116969153$-,0.56
chr11:117024600-117026000,ENSG00000160584.11$SIK3$chr11$116969153$-,0.55
chr11:117048200-117050000,ENSG00000160584.11$SIK3$chr11$116969153$-,0.54
chr11:117104000-117105800,ENSG00000160584.11$SIK3$chr11$116969153$-,0.51
chr11:118161200-118163200,ENSG00000160588.5$MPZL3$chr11$118123065$-,0.59
chr11:118165800-118167800,ENSG00000160588.5$MPZL3$chr11$118123065$-,0.46
chr11:118223200-118224400,ENSG00000160588.5$MPZL3$chr11$118123065$-,0.39
chr11:118228800-118230200,ENSG00000160588.5$MPZL3$chr11$118123065$-,0.36
chr11:118323600-118326000,ENSG00000160588.5$MPZL3$chr11$118123065$-,0.39
chr11:118326400-118327000,ENSG00000160588.5$MPZL3$chr11$118123065$-,0.4
chr11:117920800-117921200,ENSG00000160593.13$AMICA1$chr11$118095809$-,0.38
chr11:118123400-118125400,ENSG00000160593.13$AMICA1$chr11$118095809$-,0.5
chr11:118161200-118163200,ENSG00000160593.13$AMICA1$chr11$118095809$-,0.41
chr11:118165800-118167800,ENSG00000160593.13$AMICA1$chr11$118095809$-,0.43
chr11:118223200-118224400,ENSG00000160593.13$AMICA1$chr11$118095809$-,0.37
chr11:118228800-118230200,ENSG00000160593.13$AMICA1$chr11$118095809$-,0.35
chr11:118304400-118305600,ENSG00000160593.13$AMICA1$chr11$118095809$-,0.36
chr11:118323600-118326000,ENSG00000160593.13$AMICA1$chr11$118095809$-,0.36
chr11:118326400-118327000,ENSG00000160593.13$AMICA1$chr11$118095809$-,0.37
chr11:118359000-118359600,ENSG00000160593.13$AMICA1$chr11$118095809$-,0.4
chr17:27056000-27058000,ENSG00000160602.9$NEK8$chr17$27052915$+,0.43
chr17:26892000-26893000,ENSG00000160606.6$TLCD1$chr17$27054953$-,0.36
chr17:26985800-26988200,ENSG00000160606.6$TLCD1$chr17$27054953$-,0.48
chr17:27056000-27058000,ENSG00000160606.6$TLCD1$chr17$27054953$-,0.45
chr17:27118800-27121200,ENSG00000160606.6$TLCD1$chr17$27054953$-,0.44
chr17:27140000-27141600,ENSG00000160606.6$TLCD1$chr17$27054953$-,0.48
chr17:27180600-27181400,ENSG00000160606.6$TLCD1$chr17$27054953$-,0.55
chr17:27182400-27183800,ENSG00000160606.6$TLCD1$chr17$27054953$-,0.47
chr17:27256600-27258400,ENSG00000160606.6$TLCD1$chr17$27054953$-,0.38
chr17:27279400-27281800,ENSG00000160606.6$TLCD1$chr17$27054953$-,0.35
chr11:117013800-117014400,ENSG00000160613.8$PCSK7$chr11$117103241$-,0.47
chr11:117024600-117026000,ENSG00000160613.8$PCSK7$chr11$117103241$-,0.51
chr11:117048200-117050000,ENSG00000160613.8$PCSK7$chr11$117103241$-,0.56
chr11:117104000-117105800,ENSG00000160613.8$PCSK7$chr11$117103241$-,0.35
chr11:117197400-117198400,ENSG00000160613.8$PCSK7$chr11$117103241$-,0.46
chr19:5614600-5616600,ENSG00000160633.8$SAFB$chr19$5623046$+,0.81
chr19:5681200-5683600,ENSG00000160633.8$SAFB$chr19$5623046$+,0.47
chr19:5720800-5721600,ENSG00000160633.8$SAFB$chr19$5623046$+,0.53
chr19:5788200-5790400,ENSG00000160633.8$SAFB$chr19$5623046$+,0.43
chr19:5794000-5795000,ENSG00000160633.8$SAFB$chr19$5623046$+,0.46
chr11:118123400-118125400,ENSG00000160654.5$CD3G$chr11$118215059$+,0.35
chr11:118161200-118163200,ENSG00000160654.5$CD3G$chr11$118215059$+,0.57
chr11:118165800-118167800,ENSG00000160654.5$CD3G$chr11$118215059$+,0.5
chr11:118223200-118224400,ENSG00000160654.5$CD3G$chr11$118215059$+,0.65
chr11:118228800-118230200,ENSG00000160654.5$CD3G$chr11$118215059$+,0.66
chr11:118323600-118326000,ENSG00000160654.5$CD3G$chr11$118215059$+,0.35
chr11:118326400-118327000,ENSG00000160654.5$CD3G$chr11$118215059$+,0.36
chr1:153630200-153631200,ENSG00000160679.8$CHTOP$chr1$153606525$+,0.43
chr1:153631800-153634200,ENSG00000160679.8$CHTOP$chr1$153606525$+,0.46
chr1:153754600-153755800,ENSG00000160679.8$CHTOP$chr1$153606525$+,0.38
chr11:118663400-118664600,ENSG00000160683.4$CXCR5$chr11$118754475$+,0.4
chr11:118800600-118802800,ENSG00000160683.4$CXCR5$chr11$118754475$+,0.47
chr11:118866600-118868200,ENSG00000160683.4$CXCR5$chr11$118754475$+,0.38
chr1:154919800-154922200,ENSG00000160685.9$ZBTB7B$chr1$154975127$+,0.4
chr1:154954000-154955800,ENSG00000160685.9$ZBTB7B$chr1$154975127$+,0.54
chr1:155113000-155114000,ENSG00000160685.9$ZBTB7B$chr1$154975127$+,0.41
chr1:155144000-155145200,ENSG00000160685.9$ZBTB7B$chr1$154975127$+,0.36
chr1:154907000-154908800,ENSG00000160688.14$FLAD1$chr1$154955814$+,0.4
chr1:154919800-154922200,ENSG00000160688.14$FLAD1$chr1$154955814$+,0.53
chr1:155184000-155186000,ENSG00000160688.14$FLAD1$chr1$154955814$+,0.38
chr1:154907000-154908800,ENSG00000160691.14$SHC1$chr1$154946871$-,0.47
chr1:154919800-154922200,ENSG00000160691.14$SHC1$chr1$154946871$-,0.59
chr1:154954000-154955800,ENSG00000160691.14$SHC1$chr1$154946871$-,0.57
chr1:155113000-155114000,ENSG00000160691.14$SHC1$chr1$154946871$-,0.41
chr1:155144000-155145200,ENSG00000160691.14$SHC1$chr1$154946871$-,0.43
chr1:155184000-155186000,ENSG00000160691.14$SHC1$chr1$154946871$-,0.4
chr11:119047800-119050000,ENSG00000160703.11$NLRX1$chr11$119037277$+,0.43
chr1:154531800-154533200,ENSG00000160710.11$ADAR$chr1$154600475$-,0.48
chr1:154156000-154157600,ENSG00000160712.8$IL6R$chr1$154377669$+,0.36
chr1:154242600-154244600,ENSG00000160712.8$IL6R$chr1$154377669$+,0.36
chr1:154279800-154281200,ENSG00000160712.8$IL6R$chr1$154377669$+,0.36
chr1:154295400-154297400,ENSG00000160712.8$IL6R$chr1$154377669$+,0.39
chr1:154345200-154347200,ENSG00000160712.8$IL6R$chr1$154377669$+,0.55
chr1:154370000-154371600,ENSG00000160712.8$IL6R$chr1$154377669$+,0.61
chr1:154600800-154602200,ENSG00000160714.5$UBE2Q1$chr1$154531504$-,0.39
chr1:154531800-154533200,ENSG00000160716.4$CHRNB2$chr1$154540257$+,0.54
chr1:154600800-154602200,ENSG00000160716.4$CHRNB2$chr1$154540257$+,0.36
chr1:153940400-153942400,ENSG00000160741.12$CRTC2$chr1$153931101$-,0.39
chr1:153950600-153952200,ENSG00000160741.12$CRTC2$chr1$153931101$-,0.47
chr1:153962400-153963200,ENSG00000160741.12$CRTC2$chr1$153931101$-,0.47
chr3:43668600-43669600,ENSG00000160746.8$ANO10$chr3$43733086$-,0.68
chr3:43700800-43702400,ENSG00000160746.8$ANO10$chr3$43733086$-,0.61
chr1:155113000-155114000,ENSG00000160752.10$FDPS$chr1$155278539$+,0.48
chr1:155144000-155145200,ENSG00000160752.10$FDPS$chr1$155278539$+,0.57
chr1:155184000-155186000,ENSG00000160752.10$FDPS$chr1$155278539$+,0.51
chr1:155197800-155198800,ENSG00000160752.10$FDPS$chr1$155278539$+,0.52
chr1:155214600-155216600,ENSG00000160752.10$FDPS$chr1$155278539$+,0.55
chr1:155229200-155231400,ENSG00000160752.10$FDPS$chr1$155278539$+,0.5
chr1:155232000-155233200,ENSG00000160752.10$FDPS$chr1$155278539$+,0.55
chr1:155245400-155247200,ENSG00000160752.10$FDPS$chr1$155278539$+,0.6
chr1:155247600-155250000,ENSG00000160752.10$FDPS$chr1$155278539$+,0.81
chr1:155477200-155479600,ENSG00000160752.10$FDPS$chr1$155278539$+,0.4
chr1:155197800-155198800,ENSG00000160767.16$FAM189B$chr1$155225274$-,0.38
chr1:155214600-155216600,ENSG00000160767.16$FAM189B$chr1$155225274$-,0.44
chr1:155229200-155231400,ENSG00000160767.16$FAM189B$chr1$155225274$-,0.57
chr1:155232000-155233200,ENSG00000160767.16$FAM189B$chr1$155225274$-,0.51
chr1:155245400-155247200,ENSG00000160767.16$FAM189B$chr1$155225274$-,0.35
chr1:155247600-155250000,ENSG00000160767.16$FAM189B$chr1$155225274$-,0.35
chr1:156014400-156016000,ENSG00000160783.15$PMF1$chr1$156182784$+,0.35
chr1:156025400-156026800,ENSG00000160783.15$PMF1$chr1$156182784$+,0.49
chr1:156183600-156185200,ENSG00000160783.15$PMF1$chr1$156182784$+,0.36
chr1:156415400-156416400,ENSG00000160783.15$PMF1$chr1$156182784$+,0.37
chr1:156014400-156016000,ENSG00000160785.9$SLC25A44$chr1$156163880$+,0.35
chr1:156181200-156182400,ENSG00000160785.9$SLC25A44$chr1$156163880$+,0.65
chr1:156183600-156185200,ENSG00000160785.9$SLC25A44$chr1$156163880$+,0.61
chr1:156415400-156416400,ENSG00000160785.9$SLC25A44$chr1$156163880$+,0.36
chr1:156014400-156016000,ENSG00000160789.15$LMNA$chr1$156052364$+,0.37
chr1:156025400-156026800,ENSG00000160789.15$LMNA$chr1$156052364$+,0.38
chr3:46303000-46304600,ENSG00000160791.12$CCR5$chr3$46411633$+,0.38
chr3:46310600-46312600,ENSG00000160791.12$CCR5$chr3$46411633$+,0.43
chr3:46378000-46378800,ENSG00000160791.12$CCR5$chr3$46411633$+,0.54
chr3:46944400-46946200,ENSG00000160796.12$NBEAL2$chr3$47021173$+,0.44
chr3:47018200-47020600,ENSG00000160796.12$NBEAL2$chr3$47021173$+,0.36
chr3:46944400-46946200,ENSG00000160799.7$CCDC12$chr3$47023500$-,0.5
chr3:47018200-47020600,ENSG00000160799.7$CCDC12$chr3$47023500$-,0.57
chr3:47185400-47186000,ENSG00000160799.7$CCDC12$chr3$47023500$-,0.37
chr3:47206800-47208600,ENSG00000160799.7$CCDC12$chr3$47023500$-,0.35
chr1:155825000-155826600,ENSG00000160803.7$UBQLN4$chr1$156023585$-,0.35
chr1:155987800-155990200,ENSG00000160803.7$UBQLN4$chr1$156023585$-,0.65
chr1:156014400-156016000,ENSG00000160803.7$UBQLN4$chr1$156023585$-,0.67
chr1:156025400-156026800,ENSG00000160803.7$UBQLN4$chr1$156023585$-,0.41
chr3:46944400-46946200,ENSG00000160808.5$MYL3$chr3$46923659$-,0.4
chr7:100024200-100026000,ENSG00000160813.2$PPP1R35$chr7$100034188$-,0.63
chr7:100077000-100078600,ENSG00000160813.2$PPP1R35$chr7$100034188$-,0.54
chr7:100135600-100136800,ENSG00000160813.2$PPP1R35$chr7$100034188$-,0.44
chr7:99914200-99916200,ENSG00000160813.2$PPP1R35$chr7$100034188$-,0.42
chr1:156415400-156416400,ENSG00000160818.12$GPATCH4$chr1$156571288$-,0.53
chr1:156425000-156426600,ENSG00000160818.12$GPATCH4$chr1$156571288$-,0.5
chr1:156427000-156428600,ENSG00000160818.12$GPATCH4$chr1$156571288$-,0.48
chr1:156699000-156701200,ENSG00000160818.12$GPATCH4$chr1$156571288$-,0.39
chr1:156735200-156736600,ENSG00000160818.12$GPATCH4$chr1$156571288$-,0.43
chr7:99646000-99647000,ENSG00000160844.6$GATS$chr7$99869855$-,0.36
chr7:99914200-99916200,ENSG00000160844.6$GATS$chr7$99869855$-,0.59
chr1:157694000-157695200,ENSG00000160856.16$FCRL3$chr1$157670647$-,0.6
chr7:99531600-99533400,ENSG00000160862.8$AZGP1$chr7$99573780$-,0.43
chr19:13345000-13346600,ENSG00000160877.5$NACC1$chr19$13228917$+,0.37
chr7:99007400-99009600,ENSG00000160908.14$ZNF394$chr7$99097947$-,0.43
chr7:99033800-99036000,ENSG00000160908.14$ZNF394$chr7$99097947$-,0.56
chr7:99101400-99102000,ENSG00000160908.14$ZNF394$chr7$99097947$-,0.47
chr7:99147800-99149200,ENSG00000160908.14$ZNF394$chr7$99097947$-,0.51
chr7:99150000-99151600,ENSG00000160908.14$ZNF394$chr7$99097947$-,0.5
chr7:99176800-99177800,ENSG00000160908.14$ZNF394$chr7$99097947$-,0.58
chr7:99212800-99214200,ENSG00000160908.14$ZNF394$chr7$99097947$-,0.45
chr7:98921800-98923000,ENSG00000160917.10$CPSF4$chr7$99036545$+,0.36
chr7:99007400-99009600,ENSG00000160917.10$CPSF4$chr7$99036545$+,0.7
chr7:99098400-99099400,ENSG00000160917.10$CPSF4$chr7$99036545$+,0.52
chr7:99101400-99102000,ENSG00000160917.10$CPSF4$chr7$99036545$+,0.44
chr7:99147800-99149200,ENSG00000160917.10$CPSF4$chr7$99036545$+,0.42
chr7:99150000-99151600,ENSG00000160917.10$CPSF4$chr7$99036545$+,0.42
chr8:143929800-143931600,ENSG00000160932.6$LY6E$chr8$144099399$+,0.39
chr8:144077400-144079800,ENSG00000160932.6$LY6E$chr8$144099399$+,0.65
chr8:145704000-145706200,ENSG00000160948.9$VPS28$chr8$145653931$-,0.36
chr8:145704000-145706200,ENSG00000160949.12$TONSL$chr8$145669827$-,0.56
chr19:14306000-14308200,ENSG00000160951.3$PTGER1$chr19$14586174$-,0.35
chr19:14347600-14349000,ENSG00000160951.3$PTGER1$chr19$14586174$-,0.37
chr19:14443800-14446000,ENSG00000160951.3$PTGER1$chr19$14586174$-,0.35
chr19:14530200-14531400,ENSG00000160951.3$PTGER1$chr19$14586174$-,0.55
chr19:14682800-14683600,ENSG00000160951.3$PTGER1$chr19$14586174$-,0.4
chr8:145704000-145706200,ENSG00000160959.3$LRRC14$chr8$145743376$+,0.5
chr19:14777800-14780200,ENSG00000160961.7$ZNF333$chr19$14800613$+,0.69
chr19:14801400-14803400,ENSG00000160961.7$ZNF333$chr19$14800613$+,0.37
chr8:145704000-145706200,ENSG00000160973.7$FOXH1$chr8$145701718$-,0.59
chr7:102037600-102039400,ENSG00000160991.11$ORAI2$chr7$102073553$+,0.58
chr7:102117400-102118400,ENSG00000160991.11$ORAI2$chr7$102073553$+,0.58
chr7:102152800-102153800,ENSG00000160991.11$ORAI2$chr7$102073553$+,0.51
chr7:102037600-102039400,ENSG00000160993.3$ALKBH4$chr7$102105323$-,0.49
chr7:102117400-102118400,ENSG00000160993.3$ALKBH4$chr7$102105323$-,0.58
chr7:102152800-102153800,ENSG00000160993.3$ALKBH4$chr7$102105323$-,0.65
chr7:102388200-102389200,ENSG00000160993.3$ALKBH4$chr7$102105323$-,0.39
chr7:102390000-102391800,ENSG00000160993.3$ALKBH4$chr7$102105323$-,0.4
chr7:102037600-102039400,ENSG00000160999.8$SH2B2$chr7$101928405$+,0.45
chr5:179263000-179265400,ENSG00000161011.15$SQSTM1$chr5$179233388$+,0.67
chr5:179263000-179265400,ENSG00000161013.12$MGAT4B$chr5$179233952$-,0.4
chr5:179103000-179105000,ENSG00000161021.7$MAML1$chr5$179159851$+,0.47
chr5:179131800-179133400,ENSG00000161021.7$MAML1$chr5$179159851$+,0.56
chr5:179234400-179236000,ENSG00000161021.7$MAML1$chr5$179159851$+,0.51
chr5:179263000-179265400,ENSG00000161021.7$MAML1$chr5$179159851$+,0.45
chr19:15624600-15627000,ENSG00000161031.8$PGLYRP2$chr19$15609767$-,0.38
chr7:102037600-102039400,ENSG00000161036.6$LRWD1$chr7$102105376$+,0.51
chr7:102117400-102118400,ENSG00000161036.6$LRWD1$chr7$102105376$+,0.6
chr7:102152800-102153800,ENSG00000161036.6$LRWD1$chr7$102105376$+,0.64
chr7:102388200-102389200,ENSG00000161036.6$LRWD1$chr7$102105376$+,0.39
chr7:102390000-102391800,ENSG00000161036.6$LRWD1$chr7$102105376$+,0.41
chr7:102722000-102723600,ENSG00000161040.12$FBXL13$chr7$102715286$-,0.65
chr7:102723800-102724000,ENSG00000161040.12$FBXL13$chr7$102715286$-,0.67
chr7:102947800-102948800,ENSG00000161040.12$FBXL13$chr7$102715286$-,0.35
chr7:102722000-102723600,ENSG00000161048.7$NAPEPLD$chr7$102790007$-,0.35
chr7:102723800-102724000,ENSG00000161048.7$NAPEPLD$chr7$102790007$-,0.4
chr7:102936800-102937800,ENSG00000161057.6$PSMC2$chr7$102984701$+,0.49
chr7:102947800-102948800,ENSG00000161057.6$PSMC2$chr7$102984701$+,0.61
chr7:102995400-102997200,ENSG00000161057.6$PSMC2$chr7$102984701$+,0.56
chr7:103014400-103015000,ENSG00000161057.6$PSMC2$chr7$102984701$+,0.49
chr19:3075000-3077000,ENSG00000161082.8$CELF5$chr19$3224701$+,0.36
chr19:3627000-3628000,ENSG00000161091.8$MFSD12$chr19$3574288$-,0.45
chr22:20747000-20748600,ENSG00000161133.12$USP41$chr22$20745048$-,0.52
chr22:21939000-21940600,ENSG00000161179.9$YDJC$chr22$21984353$-,0.39
chr22:21955800-21957400,ENSG00000161179.9$YDJC$chr22$21984353$-,0.45
chr22:22000400-22001800,ENSG00000161179.9$YDJC$chr22$21984353$-,0.5
chr22:22019400-22020200,ENSG00000161179.9$YDJC$chr22$21984353$-,0.43
chr22:22021000-22023000,ENSG00000161179.9$YDJC$chr22$21984353$-,0.49
chr22:22138800-22140200,ENSG00000161179.9$YDJC$chr22$21984353$-,0.4
chr22:21939000-21940600,ENSG00000161180.6$CCDC116$chr22$21987005$+,0.5
chr22:21955800-21957400,ENSG00000161180.6$CCDC116$chr22$21987005$+,0.56
chr22:22000400-22001800,ENSG00000161180.6$CCDC116$chr22$21987005$+,0.54
chr22:22019400-22020200,ENSG00000161180.6$CCDC116$chr22$21987005$+,0.62
chr22:22021000-22023000,ENSG00000161180.6$CCDC116$chr22$21987005$+,0.59
chr22:22138800-22140200,ENSG00000161180.6$CCDC116$chr22$21987005$+,0.37
chr22:22166400-22166800,ENSG00000161180.6$CCDC116$chr22$21987005$+,0.38
chr3:183736200-183737400,ENSG00000161202.13$DVL3$chr3$183873176$+,0.37
chr3:183850200-183852000,ENSG00000161202.13$DVL3$chr3$183873176$+,0.53
chr3:183854000-183856000,ENSG00000161202.13$DVL3$chr3$183873176$+,0.54
chr3:183964800-183966200,ENSG00000161202.13$DVL3$chr3$183873176$+,0.46
chr3:184031400-184032200,ENSG00000161202.13$DVL3$chr3$183873176$+,0.39
chr3:183736200-183737400,ENSG00000161204.7$ABCF3$chr3$183903811$+,0.37
chr3:183850200-183852000,ENSG00000161204.7$ABCF3$chr3$183903811$+,0.54
chr3:183854000-183856000,ENSG00000161204.7$ABCF3$chr3$183903811$+,0.45
chr3:183964800-183966200,ENSG00000161204.7$ABCF3$chr3$183903811$+,0.59
chr3:184031400-184032200,ENSG00000161204.7$ABCF3$chr3$183903811$+,0.38
chr3:195977800-195979400,ENSG00000161217.7$PCYT1A$chr3$196014828$-,0.43
chr3:196015400-196016200,ENSG00000161217.7$PCYT1A$chr3$196014828$-,0.37
chr3:196042600-196044400,ENSG00000161217.7$PCYT1A$chr3$196014828$-,0.49
chr19:36104000-36105200,ENSG00000161265.10$U2AF1L4$chr19$36236346$-,0.4
chr19:36192400-36193400,ENSG00000161265.10$U2AF1L4$chr19$36236346$-,0.5
chr19:36237000-36239400,ENSG00000161265.10$U2AF1L4$chr19$36236346$-,0.38
chr19:36239800-36242000,ENSG00000161265.10$U2AF1L4$chr19$36236346$-,0.65
chr19:36369000-36371400,ENSG00000161265.10$U2AF1L4$chr19$36236346$-,0.37
chr19:36372800-36373800,ENSG00000161265.10$U2AF1L4$chr19$36236346$-,0.42
chr19:36383600-36385200,ENSG00000161265.10$U2AF1L4$chr19$36236346$-,0.4
chr19:36237000-36239400,ENSG00000161270.15$NPHS1$chr19$36360189$-,0.46
chr19:36239800-36242000,ENSG00000161270.15$NPHS1$chr19$36360189$-,0.47
chr19:36369000-36371400,ENSG00000161270.15$NPHS1$chr19$36360189$-,0.79
chr19:36372800-36373800,ENSG00000161270.15$NPHS1$chr19$36360189$-,0.81
chr19:36383600-36385200,ENSG00000161270.15$NPHS1$chr19$36360189$-,0.78
chr19:36460400-36461000,ENSG00000161270.15$NPHS1$chr19$36360189$-,0.35
chr19:36460400-36461000,ENSG00000161277.9$THAP8$chr19$36545664$-,0.47
chr19:36483600-36485800,ENSG00000161277.9$THAP8$chr19$36545664$-,0.46
chr19:36505600-36507200,ENSG00000161277.9$THAP8$chr19$36545664$-,0.61
chr19:36632000-36634000,ENSG00000161277.9$THAP8$chr19$36545664$-,0.64
chr19:36703600-36705000,ENSG00000161277.9$THAP8$chr19$36545664$-,0.46
chr19:36632000-36634000,ENSG00000161281.6$COX7A1$chr19$36643771$-,0.53
chr19:37017400-37018800,ENSG00000161298.12$ZNF382$chr19$37095719$+,0.39
chr19:37020000-37021200,ENSG00000161298.12$ZNF382$chr19$37095719$+,0.45
chr19:37062600-37063800,ENSG00000161298.12$ZNF382$chr19$37095719$+,0.47
chr19:37065000-37066800,ENSG00000161298.12$ZNF382$chr19$37095719$+,0.54
chr19:37096800-37099000,ENSG00000161298.12$ZNF382$chr19$37095719$+,0.41
chr19:37155600-37157200,ENSG00000161298.12$ZNF382$chr19$37095719$+,0.61
chr19:37158400-37160800,ENSG00000161298.12$ZNF382$chr19$37095719$+,0.5
chr19:37175800-37177800,ENSG00000161298.12$ZNF382$chr19$37095719$+,0.43
chr17:35870200-35871400,ENSG00000161326.8$DUSP14$chr17$35849937$+,0.37
chr11:319000-321400,ENSG00000161328.10$LRRC56$chr11$537527$+,0.38
chr11:367200-369200,ENSG00000161328.10$LRRC56$chr11$537527$+,0.5
chr11:507400-509400,ENSG00000161328.10$LRRC56$chr11$537527$+,0.74
chr11:517200-519400,ENSG00000161328.10$LRRC56$chr11$537527$+,0.71
chr17:37131600-37133600,ENSG00000161381.9$PLXDC1$chr17$37310647$-,0.39
chr17:37213600-37215800,ENSG00000161381.9$PLXDC1$chr17$37310647$-,0.38
chr17:37354000-37356400,ENSG00000161381.9$PLXDC1$chr17$37310647$-,0.58
chr17:37529200-37530000,ENSG00000161381.9$PLXDC1$chr17$37310647$-,0.4
chr17:37558800-37560000,ENSG00000161381.9$PLXDC1$chr17$37310647$-,0.38
chr17:37886600-37888000,ENSG00000161395.8$PGAP3$chr17$37853050$-,0.47
chr17:37886600-37888000,ENSG00000161405.12$IKZF3$chr17$38020441$-,0.35
chr17:38134400-38136600,ENSG00000161405.12$IKZF3$chr17$38020441$-,0.37
chr17:38166000-38168000,ENSG00000161405.12$IKZF3$chr17$38020441$-,0.35
chr17:72978400-72980200,ENSG00000161509.9$GRIN2C$chr17$72857627$-,0.39
chr17:73044200-73046200,ENSG00000161509.9$GRIN2C$chr17$72857627$-,0.4
chr17:73104200-73105600,ENSG00000161509.9$GRIN2C$chr17$72857627$-,0.37
chr17:72978400-72980200,ENSG00000161513.7$FDXR$chr17$72869156$-,0.43
chr17:73044200-73046200,ENSG00000161513.7$FDXR$chr17$72869156$-,0.41
chr17:73104200-73105600,ENSG00000161513.7$FDXR$chr17$72869156$-,0.38
chr17:73431000-73433000,ENSG00000161526.10$SAP30BP$chr17$73663196$+,0.35
chr17:73577400-73579000,ENSG00000161526.10$SAP30BP$chr17$73663196$+,0.47
chr17:73661000-73662800,ENSG00000161526.10$SAP30BP$chr17$73663196$+,0.39
chr17:73877400-73879600,ENSG00000161533.7$ACOX1$chr17$73975515$-,0.46
chr17:73899000-73900400,ENSG00000161533.7$ACOX1$chr17$73975515$-,0.54
chr17:74059200-74061000,ENSG00000161533.7$ACOX1$chr17$73975515$-,0.48
chr17:74097200-74099000,ENSG00000161533.7$ACOX1$chr17$73975515$-,0.39
chr17:74449200-74450200,ENSG00000161542.12$PRPSAP1$chr17$74380602$-,0.57
chr17:74619200-74621400,ENSG00000161547.10$SRSF2$chr17$74733456$-,0.45
chr17:74644000-74645400,ENSG00000161547.10$SRSF2$chr17$74733456$-,0.4
chr17:74782600-74784800,ENSG00000161547.10$SRSF2$chr17$74733456$-,0.6
chr17:74812200-74813400,ENSG00000161547.10$SRSF2$chr17$74733456$-,0.51
chr19:52405600-52407600,ENSG00000161551.8$ZNF577$chr19$52394203$-,0.71
chr19:52431200-52432400,ENSG00000161551.8$ZNF577$chr19$52394203$-,0.61
chr19:52488000-52489400,ENSG00000161551.8$ZNF577$chr19$52394203$-,0.46
chr19:52490200-52490800,ENSG00000161551.8$ZNF577$chr19$52394203$-,0.38
chr19:52510200-52510800,ENSG00000161551.8$ZNF577$chr19$52394203$-,0.36
chr19:52549200-52551400,ENSG00000161551.8$ZNF577$chr19$52394203$-,0.38
chr19:48853000-48855000,ENSG00000161558.6$TMEM143$chr19$48867494$-,0.7
chr19:48906000-48907600,ENSG00000161558.6$TMEM143$chr19$48867494$-,0.54
chr19:48949800-48952200,ENSG00000161558.6$TMEM143$chr19$48867494$-,0.54
chr19:49017200-49018400,ENSG00000161558.6$TMEM143$chr19$48867494$-,0.36
chr17:34067200-34069200,ENSG00000161570.4$CCL5$chr17$34207797$-,0.47
chr17:34131200-34132400,ENSG00000161570.4$CCL5$chr17$34207797$-,0.41
chr17:34176400-34178400,ENSG00000161570.4$CCL5$chr17$34207797$-,0.44
chr17:34215400-34215600,ENSG00000161570.4$CCL5$chr17$34207797$-,0.57
chr17:39828200-39830200,ENSG00000161594.6$KLHL10$chr17$39991937$+,0.35
chr17:39842600-39844600,ENSG00000161594.6$KLHL10$chr17$39991937$+,0.39
chr17:39856800-39859000,ENSG00000161594.6$KLHL10$chr17$39991937$+,0.45
chr17:40013800-40015600,ENSG00000161594.6$KLHL10$chr17$39991937$+,0.56
chr17:40021800-40022400,ENSG00000161594.6$KLHL10$chr17$39991937$+,0.5
chr17:40075800-40077200,ENSG00000161594.6$KLHL10$chr17$39991937$+,0.42
chr17:40085000-40086400,ENSG00000161594.6$KLHL10$chr17$39991937$+,0.54
chr17:40116200-40118200,ENSG00000161594.6$KLHL10$chr17$39991937$+,0.52
chr19:49804200-49805800,ENSG00000161609.5$CCDC155$chr19$49891475$+,0.4
chr19:49955200-49956200,ENSG00000161609.5$CCDC155$chr19$49891475$+,0.58
chr19:50046400-50048200,ENSG00000161609.5$CCDC155$chr19$49891475$+,0.37
chr19:50049400-50051200,ENSG00000161609.5$CCDC155$chr19$49891475$+,0.35
chr19:50051600-50053200,ENSG00000161609.5$CCDC155$chr19$49891475$+,0.36
chr17:40170000-40172400,ENSG00000161610.1$HCRT$chr17$40337470$-,0.45
chr17:40300200-40302600,ENSG00000161610.1$HCRT$chr17$40337470$-,0.58
chr17:40373600-40374800,ENSG00000161610.1$HCRT$chr17$40337470$-,0.63
chr17:40382000-40383800,ENSG00000161610.1$HCRT$chr17$40337470$-,0.68
chr17:40413800-40416200,ENSG00000161610.1$HCRT$chr17$40337470$-,0.35
chr17:40429000-40431400,ENSG00000161610.1$HCRT$chr17$40337470$-,0.48
chr17:40525800-40527800,ENSG00000161610.1$HCRT$chr17$40337470$-,0.4
chr19:49728800-49730000,ENSG00000161618.5$ALDH16A1$chr19$49956426$+,0.35
chr19:49804200-49805800,ENSG00000161618.5$ALDH16A1$chr19$49956426$+,0.39
chr19:49955200-49956200,ENSG00000161618.5$ALDH16A1$chr19$49956426$+,0.35
chr19:50046400-50048200,ENSG00000161618.5$ALDH16A1$chr19$49956426$+,0.45
chr19:50049400-50051200,ENSG00000161618.5$ALDH16A1$chr19$49956426$+,0.46
chr19:50051600-50053200,ENSG00000161618.5$ALDH16A1$chr19$49956426$+,0.45
chr19:50053800-50054000,ENSG00000161618.5$ALDH16A1$chr19$49956426$+,0.49
chr19:50083800-50085400,ENSG00000161618.5$ALDH16A1$chr19$49956426$+,0.42
chr19:50091400-50093600,ENSG00000161618.5$ALDH16A1$chr19$49956426$+,0.43
chr19:50169000-50171400,ENSG00000161618.5$ALDH16A1$chr19$49956426$+,0.39
chr19:50177600-50179600,ENSG00000161618.5$ALDH16A1$chr19$49956426$+,0.42
chr12:54890000-54891600,ENSG00000161638.6$ITGA5$chr12$54813244$-,0.41
chr17:41856800-41859000,ENSG00000161649.8$CD300LG$chr17$41924516$+,0.42
chr17:41867600-41869800,ENSG00000161649.8$CD300LG$chr17$41924516$+,0.43
chr19:50650000-50651200,ENSG00000161652.8$IZUMO2$chr19$50666452$-,0.4
chr19:50651400-50652000,ENSG00000161652.8$IZUMO2$chr19$50666452$-,0.43
chr17:42071600-42073800,ENSG00000161653.6$NAGS$chr17$42081914$+,0.41
chr17:42092400-42093400,ENSG00000161653.6$NAGS$chr17$42081914$+,0.38
chr17:42071600-42073800,ENSG00000161654.5$LSM12$chr17$42144987$-,0.49
chr17:42092400-42093400,ENSG00000161654.5$LSM12$chr17$42144987$-,0.55
chr17:42110800-42112000,ENSG00000161654.5$LSM12$chr17$42144987$-,0.66
chr17:42201600-42202400,ENSG00000161654.5$LSM12$chr17$42144987$-,0.62
chr17:42265000-42267000,ENSG00000161654.5$LSM12$chr17$42144987$-,0.49
chr17:42274000-42276400,ENSG00000161654.5$LSM12$chr17$42144987$-,0.5
chr19:51141200-51143600,ENSG00000161671.12$EMC10$chr19$50979657$+,0.46
chr19:51141200-51143600,ENSG00000161677.7$JOSD2$chr19$51014610$-,0.52
chr17:42265000-42267000,ENSG00000161682.10$FAM171A2$chr17$42441243$-,0.37
chr17:42420800-42422600,ENSG00000161682.10$FAM171A2$chr17$42441243$-,0.48
chr17:42502200-42503800,ENSG00000161682.10$FAM171A2$chr17$42441243$-,0.58
chr17:42568000-42569200,ENSG00000161682.10$FAM171A2$chr17$42441243$-,0.38
chr17:42631800-42634000,ENSG00000161692.13$DBF4B$chr17$42785976$+,0.43
chr17:42764200-42766400,ENSG00000161692.13$DBF4B$chr17$42785976$+,0.54
chr17:42767400-42769600,ENSG00000161692.13$DBF4B$chr17$42785976$+,0.63
chr17:43129800-43130800,ENSG00000161714.7$PLCD3$chr17$43210721$-,0.45
chr17:43135600-43138000,ENSG00000161714.7$PLCD3$chr17$43210721$-,0.45
chr17:43218400-43219600,ENSG00000161714.7$PLCD3$chr17$43210721$-,0.7
chr17:43232200-43234000,ENSG00000161714.7$PLCD3$chr17$43210721$-,0.64
chr12:50014200-50016400,ENSG00000161791.9$FMNL3$chr12$50101948$-,0.43
chr19:9250200-9250800,ENSG00000161807.2$OR7G1$chr19$9226439$-,0.58
chr19:9257400-9257800,ENSG00000161807.2$OR7G1$chr19$9226439$-,0.67
chr12:50793800-50794200,ENSG00000161813.16$LARP4$chr12$50786166$+,0.47
chr12:52373200-52375200,ENSG00000161835.6$GRASP$chr12$52400724$+,0.64
chr12:52462200-52463800,ENSG00000161835.6$GRASP$chr12$52400724$+,0.55
chr19:10306000-10306800,ENSG00000161847.9$RAVER1$chr19$10444316$-,0.49
chr19:10341400-10343600,ENSG00000161847.9$RAVER1$chr19$10444316$-,0.45
chr19:10360600-10362400,ENSG00000161847.9$RAVER1$chr19$10444316$-,0.45
chr19:10424800-10426200,ENSG00000161847.9$RAVER1$chr19$10444316$-,0.61
chr19:10426600-10428000,ENSG00000161847.9$RAVER1$chr19$10444316$-,0.61
chr19:10488800-10490600,ENSG00000161847.9$RAVER1$chr19$10444316$-,0.59
chr19:10499200-10501600,ENSG00000161847.9$RAVER1$chr19$10444316$-,0.52
chr19:10589000-10590800,ENSG00000161847.9$RAVER1$chr19$10444316$-,0.38
chr19:10616000-10617600,ENSG00000161847.9$RAVER1$chr19$10444316$-,0.39
chr19:12886800-12888600,ENSG00000161860.7$SYCE2$chr19$13030090$-,0.37
chr19:12910200-12912200,ENSG00000161860.7$SYCE2$chr19$13030090$-,0.37
chr19:12916000-12917600,ENSG00000161860.7$SYCE2$chr19$13030090$-,0.35
chr19:12935600-12937200,ENSG00000161860.7$SYCE2$chr19$13030090$-,0.45
chr19:12957800-12959200,ENSG00000161860.7$SYCE2$chr19$13030090$-,0.53
chr19:12990400-12992200,ENSG00000161860.7$SYCE2$chr19$13030090$-,0.58
chr19:13002600-13004800,ENSG00000161860.7$SYCE2$chr19$13030090$-,0.59
chr19:13068400-13069000,ENSG00000161860.7$SYCE2$chr19$13030090$-,0.66
chr19:11046200-11048200,ENSG00000161888.7$SPC24$chr19$11266484$-,0.37
chr19:11069600-11071000,ENSG00000161888.7$SPC24$chr19$11266484$-,0.4
chr19:11236600-11237600,ENSG00000161888.7$SPC24$chr19$11266484$-,0.55
chr6:41114800-41116800,ENSG00000161911.7$TREML1$chr6$41122075$-,0.53
chr19:11544800-11546400,ENSG00000161914.5$ZNF653$chr19$11616738$-,0.62
chr19:11547000-11549400,ENSG00000161914.5$ZNF653$chr19$11616738$-,0.64
chr19:11617000-11618800,ENSG00000161914.5$ZNF653$chr19$11616738$-,0.48
chr19:11637000-11639400,ENSG00000161914.5$ZNF653$chr19$11616738$-,0.66
chr19:11697000-11699400,ENSG00000161914.5$ZNF653$chr19$11616738$-,0.52
chr19:11749400-11750600,ENSG00000161914.5$ZNF653$chr19$11616738$-,0.45
chr17:4643200-4644600,ENSG00000161920.5$MED11$chr17$4634723$+,0.72
chr17:4693800-4694800,ENSG00000161920.5$MED11$chr17$4634723$+,0.5
chr17:4698600-4699400,ENSG00000161920.5$MED11$chr17$4634723$+,0.51
chr17:4700000-4701800,ENSG00000161920.5$MED11$chr17$4634723$+,0.56
chr17:4709400-4710600,ENSG00000161920.5$MED11$chr17$4634723$+,0.47
chr17:4891600-4893600,ENSG00000161920.5$MED11$chr17$4634723$+,0.36
chr17:4693800-4694800,ENSG00000161921.10$CXCL16$chr17$4643217$-,0.55
chr17:4698600-4699400,ENSG00000161921.10$CXCL16$chr17$4643217$-,0.46
chr17:4700000-4701800,ENSG00000161921.10$CXCL16$chr17$4643217$-,0.53
chr17:4709400-4710600,ENSG00000161921.10$CXCL16$chr17$4643217$-,0.47
chr17:6734000-6736000,ENSG00000161939.14$RNASEK-C17orf49$chr17$6915954$+,0.38
chr17:6908000-6908800,ENSG00000161939.14$RNASEK-C17orf49$chr17$6915954$+,0.51
chr17:6936600-6939000,ENSG00000161939.14$RNASEK-C17orf49$chr17$6915954$+,0.5
chr17:7146600-7148200,ENSG00000161939.14$RNASEK-C17orf49$chr17$6915954$+,0.37
chr17:7156200-7158200,ENSG00000161939.14$RNASEK-C17orf49$chr17$6915954$+,0.36
chr17:6908000-6908800,ENSG00000161940.6$BCL6B$chr17$6926339$+,0.52
chr17:6936600-6939000,ENSG00000161940.6$BCL6B$chr17$6926339$+,0.59
chr17:7143000-7145000,ENSG00000161940.6$BCL6B$chr17$6926339$+,0.39
chr17:7146600-7148200,ENSG00000161940.6$BCL6B$chr17$6926339$+,0.36
chr17:7298400-7300000,ENSG00000161956.8$SENP3$chr17$7465192$+,0.35
chr17:7337800-7338800,ENSG00000161956.8$SENP3$chr17$7465192$+,0.35
chr17:7356800-7358800,ENSG00000161956.8$SENP3$chr17$7465192$+,0.39
chr17:7359400-7361600,ENSG00000161956.8$SENP3$chr17$7465192$+,0.42
chr17:7426000-7426800,ENSG00000161956.8$SENP3$chr17$7465192$+,0.6
chr17:7528600-7530600,ENSG00000161956.8$SENP3$chr17$7465192$+,0.45
chr17:7531200-7532000,ENSG00000161956.8$SENP3$chr17$7465192$+,0.47
chr17:7143000-7145000,ENSG00000161958.6$FGF11$chr17$7341592$+,0.45
chr17:7146600-7148200,ENSG00000161958.6$FGF11$chr17$7341592$+,0.45
chr17:7156200-7158200,ENSG00000161958.6$FGF11$chr17$7341592$+,0.43
chr17:7298400-7300000,ENSG00000161958.6$FGF11$chr17$7341592$+,0.57
chr17:7337800-7338800,ENSG00000161958.6$FGF11$chr17$7341592$+,0.44
chr17:7356800-7358800,ENSG00000161958.6$FGF11$chr17$7341592$+,0.75
chr17:7359400-7361600,ENSG00000161958.6$FGF11$chr17$7341592$+,0.76
chr17:7426000-7426800,ENSG00000161958.6$FGF11$chr17$7341592$+,0.44
chr17:7528600-7530600,ENSG00000161958.6$FGF11$chr17$7341592$+,0.37
chr17:7531200-7532000,ENSG00000161958.6$FGF11$chr17$7341592$+,0.35
chr17:7337800-7338800,ENSG00000161960.10$EIF4A1$chr17$7476024$+,0.46
chr17:7356800-7358800,ENSG00000161960.10$EIF4A1$chr17$7476024$+,0.42
chr17:7359400-7361600,ENSG00000161960.10$EIF4A1$chr17$7476024$+,0.45
chr17:7426000-7426800,ENSG00000161960.10$EIF4A1$chr17$7476024$+,0.66
chr17:7528600-7530600,ENSG00000161960.10$EIF4A1$chr17$7476024$+,0.58
chr17:7531200-7532000,ENSG00000161960.10$EIF4A1$chr17$7476024$+,0.65
chr17:7592200-7594200,ENSG00000161960.10$EIF4A1$chr17$7476024$+,0.38
chr16:204200-205400,ENSG00000161980.5$POLR3K$chr16$103628$-,0.35
chr16:285600-286800,ENSG00000161980.5$POLR3K$chr16$103628$-,0.35
chr16:204200-205400,ENSG00000161981.6$SNRNP25$chr16$103010$+,0.5
chr16:283400-284400,ENSG00000161981.6$SNRNP25$chr16$103010$+,0.41
chr16:858200-859800,ENSG00000161996.13$WDR90$chr16$699311$+,0.36
chr16:858200-859800,ENSG00000161999.7$JMJD8$chr16$734529$-,0.5
chr16:858200-859800,ENSG00000162004.12$CCDC78$chr16$776954$-,0.49
chr16:858200-859800,ENSG00000162006.5$MSLNL$chr16$833370$-,0.35
chr16:1904400-1906400,ENSG00000162039.10$MEIOB$chr16$1934295$-,0.35
chr16:2595000-2597400,ENSG00000162062.10$C16orf59$chr16$2510081$+,0.57
chr16:2390400-2392400,ENSG00000162063.8$CCNF$chr16$2479395$+,0.61
chr16:2595000-2597400,ENSG00000162063.8$CCNF$chr16$2479395$+,0.41
chr16:2595000-2597400,ENSG00000162065.7$TBC1D24$chr16$2525147$+,0.59
chr16:2595000-2597400,ENSG00000162066.10$AMDHD2$chr16$2570358$+,0.49
chr16:2706000-2707800,ENSG00000162066.10$AMDHD2$chr16$2570358$+,0.39
chr16:2933800-2934600,ENSG00000162073.9$PAQR4$chr16$3019246$+,0.41
chr16:2953600-2954600,ENSG00000162073.9$PAQR4$chr16$3019246$+,0.44
chr16:2955400-2957800,ENSG00000162073.9$PAQR4$chr16$3019246$+,0.45
chr16:2960000-2961600,ENSG00000162073.9$PAQR4$chr16$3019246$+,0.49
chr16:2968600-2970400,ENSG00000162073.9$PAQR4$chr16$3019246$+,0.49
chr16:2706000-2707800,ENSG00000162076.8$FLYWCH2$chr16$2933187$+,0.35
chr16:2771400-2773800,ENSG00000162076.8$FLYWCH2$chr16$2933187$+,0.48
chr16:2800400-2802200,ENSG00000162076.8$FLYWCH2$chr16$2933187$+,0.53
chr16:2916400-2918000,ENSG00000162076.8$FLYWCH2$chr16$2933187$+,0.61
chr16:2918600-2920000,ENSG00000162076.8$FLYWCH2$chr16$2933187$+,0.67
chr16:2953600-2954600,ENSG00000162076.8$FLYWCH2$chr16$2933187$+,0.7
chr16:2955400-2957800,ENSG00000162076.8$FLYWCH2$chr16$2933187$+,0.66
chr16:2960000-2961600,ENSG00000162076.8$FLYWCH2$chr16$2933187$+,0.66
chr16:2968600-2970400,ENSG00000162076.8$FLYWCH2$chr16$2933187$+,0.51
chr16:2933800-2934600,ENSG00000162078.7$ZG16B$chr16$2880170$+,0.35
chr16:3207000-3207800,ENSG00000162086.10$ZNF75A$chr16$3355406$+,0.41
chr16:3285600-3287200,ENSG00000162086.10$ZNF75A$chr16$3355406$+,0.46
chr16:3334600-3336600,ENSG00000162086.10$ZNF75A$chr16$3355406$+,0.66
chr16:3415800-3416600,ENSG00000162086.10$ZNF75A$chr16$3355406$+,0.46
chr16:3448200-3450600,ENSG00000162086.10$ZNF75A$chr16$3355406$+,0.42
chr16:3481200-3483200,ENSG00000162086.10$ZNF75A$chr16$3355406$+,0.38
chr16:3494200-3496400,ENSG00000162086.10$ZNF75A$chr16$3355406$+,0.42
chr16:3500600-3502000,ENSG00000162086.10$ZNF75A$chr16$3355406$+,0.36
chr16:4112600-4113800,ENSG00000162104.5$ADCY9$chr16$4166186$-,0.51
chr16:4114200-4115800,ENSG00000162104.5$ADCY9$chr16$4166186$-,0.5
chr16:4234200-4235200,ENSG00000162104.5$ADCY9$chr16$4166186$-,0.39
chr16:4302000-4303400,ENSG00000162104.5$ADCY9$chr16$4166186$-,0.42
chr16:4319600-4321600,ENSG00000162104.5$ADCY9$chr16$4166186$-,0.44
chr11:72042600-72043800,ENSG00000162129.8$CLPB$chr11$72145692$-,0.45
chr11:72044000-72046400,ENSG00000162129.8$CLPB$chr11$72145692$-,0.55
chr11:72204000-72206400,ENSG00000162129.8$CLPB$chr11$72145692$-,0.6
chr11:74814200-74815600,ENSG00000162139.5$NEU3$chr11$74699179$+,0.46
chr11:74850600-74852600,ENSG00000162139.5$NEU3$chr11$74699179$+,0.46
chr11:61151200-61153600,ENSG00000162144.5$CYB561A3$chr11$61129771$-,0.7
chr11:61158400-61159800,ENSG00000162144.5$CYB561A3$chr11$61129771$-,0.63
chr11:61191000-61191200,ENSG00000162144.5$CYB561A3$chr11$61129771$-,0.63
chr11:62359600-62362000,ENSG00000162188.5$GNG3$chr11$62475130$+,0.35
chr11:62386400-62388800,ENSG00000162188.5$GNG3$chr11$62475130$+,0.38
chr11:62418200-62420200,ENSG00000162188.5$GNG3$chr11$62475130$+,0.44
chr11:62429600-62432000,ENSG00000162188.5$GNG3$chr11$62475130$+,0.53
chr11:62443600-62446000,ENSG00000162188.5$GNG3$chr11$62475130$+,0.73
chr11:62446800-62449200,ENSG00000162188.5$GNG3$chr11$62475130$+,0.66
chr11:62461600-62463400,ENSG00000162188.5$GNG3$chr11$62475130$+,0.64
chr11:62486400-62488600,ENSG00000162188.5$GNG3$chr11$62475130$+,0.57
chr11:62522000-62524400,ENSG00000162188.5$GNG3$chr11$62475130$+,0.54
chr11:62527800-62529000,ENSG00000162188.5$GNG3$chr11$62475130$+,0.5
chr11:62536800-62538200,ENSG00000162188.5$GNG3$chr11$62475130$+,0.48
chr11:62553200-62554600,ENSG00000162188.5$GNG3$chr11$62475130$+,0.47
chr11:62596400-62598600,ENSG00000162188.5$GNG3$chr11$62475130$+,0.38
chr11:62359600-62362000,ENSG00000162191.9$UBXN1$chr11$62446567$-,0.4
chr11:62386400-62388800,ENSG00000162191.9$UBXN1$chr11$62446567$-,0.4
chr11:62418200-62420200,ENSG00000162191.9$UBXN1$chr11$62446567$-,0.42
chr11:62429600-62432000,ENSG00000162191.9$UBXN1$chr11$62446567$-,0.42
chr11:62461600-62463400,ENSG00000162191.9$UBXN1$chr11$62446567$-,0.69
chr11:62486400-62488600,ENSG00000162191.9$UBXN1$chr11$62446567$-,0.59
chr11:62522000-62524400,ENSG00000162191.9$UBXN1$chr11$62446567$-,0.48
chr11:62527800-62529000,ENSG00000162191.9$UBXN1$chr11$62446567$-,0.55
chr11:62536800-62538200,ENSG00000162191.9$UBXN1$chr11$62446567$-,0.53
chr11:62553200-62554600,ENSG00000162191.9$UBXN1$chr11$62446567$-,0.43
chr11:62596400-62598600,ENSG00000162191.9$UBXN1$chr11$62446567$-,0.4
chr11:62359600-62362000,ENSG00000162194.8$C11orf48$chr11$62439727$-,0.45
chr11:62386400-62388800,ENSG00000162194.8$C11orf48$chr11$62439727$-,0.45
chr11:62418200-62420200,ENSG00000162194.8$C11orf48$chr11$62439727$-,0.49
chr11:62429600-62432000,ENSG00000162194.8$C11orf48$chr11$62439727$-,0.49
chr11:62443600-62446000,ENSG00000162194.8$C11orf48$chr11$62439727$-,0.6
chr11:62446800-62449200,ENSG00000162194.8$C11orf48$chr11$62439727$-,0.54
chr11:62461600-62463400,ENSG00000162194.8$C11orf48$chr11$62439727$-,0.64
chr11:62486400-62488600,ENSG00000162194.8$C11orf48$chr11$62439727$-,0.65
chr11:62522000-62524400,ENSG00000162194.8$C11orf48$chr11$62439727$-,0.44
chr11:62527800-62529000,ENSG00000162194.8$C11orf48$chr11$62439727$-,0.41
chr11:62536800-62538200,ENSG00000162194.8$C11orf48$chr11$62439727$-,0.44
chr11:62596400-62598600,ENSG00000162194.8$C11orf48$chr11$62439727$-,0.38
chr11:62359600-62362000,ENSG00000162222.9$TTC9C$chr11$62495541$+,0.41
chr11:62386400-62388800,ENSG00000162222.9$TTC9C$chr11$62495541$+,0.45
chr11:62418200-62420200,ENSG00000162222.9$TTC9C$chr11$62495541$+,0.51
chr11:62429600-62432000,ENSG00000162222.9$TTC9C$chr11$62495541$+,0.46
chr11:62443600-62446000,ENSG00000162222.9$TTC9C$chr11$62495541$+,0.51
chr11:62446800-62449200,ENSG00000162222.9$TTC9C$chr11$62495541$+,0.49
chr11:62461600-62463400,ENSG00000162222.9$TTC9C$chr11$62495541$+,0.69
chr11:62486400-62488600,ENSG00000162222.9$TTC9C$chr11$62495541$+,0.56
chr11:62522000-62524400,ENSG00000162222.9$TTC9C$chr11$62495541$+,0.58
chr11:62527800-62529000,ENSG00000162222.9$TTC9C$chr11$62495541$+,0.61
chr11:62536800-62538200,ENSG00000162222.9$TTC9C$chr11$62495541$+,0.46
chr11:62553200-62554600,ENSG00000162222.9$TTC9C$chr11$62495541$+,0.49
chr11:62596400-62598600,ENSG00000162222.9$TTC9C$chr11$62495541$+,0.51
chr11:62386400-62388800,ENSG00000162227.3$TAF6L$chr11$62538775$+,0.38
chr11:62418200-62420200,ENSG00000162227.3$TAF6L$chr11$62538775$+,0.47
chr11:62429600-62432000,ENSG00000162227.3$TAF6L$chr11$62538775$+,0.43
chr11:62443600-62446000,ENSG00000162227.3$TAF6L$chr11$62538775$+,0.45
chr11:62446800-62449200,ENSG00000162227.3$TAF6L$chr11$62538775$+,0.5
chr11:62461600-62463400,ENSG00000162227.3$TAF6L$chr11$62538775$+,0.46
chr11:62486400-62488600,ENSG00000162227.3$TAF6L$chr11$62538775$+,0.49
chr11:62522000-62524400,ENSG00000162227.3$TAF6L$chr11$62538775$+,0.51
chr11:62527800-62529000,ENSG00000162227.3$TAF6L$chr11$62538775$+,0.54
chr11:62536800-62538200,ENSG00000162227.3$TAF6L$chr11$62538775$+,0.36
chr11:62553200-62554600,ENSG00000162227.3$TAF6L$chr11$62538775$+,0.56
chr11:62596400-62598600,ENSG00000162227.3$TAF6L$chr11$62538775$+,0.39
chr11:62522000-62524400,ENSG00000162231.9$NXF1$chr11$62573774$-,0.35
chr11:62596400-62598600,ENSG00000162231.9$NXF1$chr11$62573774$-,0.52
chr11:62429600-62432000,ENSG00000162236.7$STX5$chr11$62599560$-,0.36
chr11:62443600-62446000,ENSG00000162236.7$STX5$chr11$62599560$-,0.42
chr11:62446800-62449200,ENSG00000162236.7$STX5$chr11$62599560$-,0.5
chr11:62461600-62463400,ENSG00000162236.7$STX5$chr11$62599560$-,0.41
chr11:62486400-62488600,ENSG00000162236.7$STX5$chr11$62599560$-,0.39
chr11:62522000-62524400,ENSG00000162236.7$STX5$chr11$62599560$-,0.54
chr11:62527800-62529000,ENSG00000162236.7$STX5$chr11$62599560$-,0.51
chr11:62536800-62538200,ENSG00000162236.7$STX5$chr11$62599560$-,0.55
chr11:62553200-62554600,ENSG00000162236.7$STX5$chr11$62599560$-,0.51
chr11:65026600-65029000,ENSG00000162241.8$SLC25A45$chr11$65151172$-,0.43
chr11:65141200-65143400,ENSG00000162241.8$SLC25A45$chr11$65151172$-,0.7
chr11:64690600-64691800,ENSG00000162298.12$SYVN1$chr11$64902004$-,0.49
chr11:64692800-64695200,ENSG00000162298.12$SYVN1$chr11$64902004$-,0.35
chr11:64780200-64781400,ENSG00000162298.12$SYVN1$chr11$64902004$-,0.48
chr11:64805800-64808200,ENSG00000162298.12$SYVN1$chr11$64902004$-,0.54
chr11:64902800-64905200,ENSG00000162298.12$SYVN1$chr11$64902004$-,0.39
chr11:65026600-65029000,ENSG00000162298.12$SYVN1$chr11$64902004$-,0.38
chr11:64690600-64691800,ENSG00000162300.7$ZFPL1$chr11$64851695$+,0.42
chr11:64780200-64781400,ENSG00000162300.7$ZFPL1$chr11$64851695$+,0.5
chr11:64805800-64808200,ENSG00000162300.7$ZFPL1$chr11$64851695$+,0.58
chr11:64902800-64905200,ENSG00000162300.7$ZFPL1$chr11$64851695$+,0.38
chr11:68672200-68674000,ENSG00000162341.11$TPCN2$chr11$68816365$+,0.43
chr11:68897800-68900200,ENSG00000162341.11$TPCN2$chr11$68816365$+,0.64
chr11:69490000-69491200,ENSG00000162344.3$FGF19$chr11$69519410$-,0.38
chr11:69499600-69502000,ENSG00000162344.3$FGF19$chr11$69519410$-,0.51
chr11:69525800-69528200,ENSG00000162344.3$FGF19$chr11$69519410$-,0.61
chr1:47526800-47527000,ENSG00000162365.7$CYP4A22$chr1$47603107$+,0.37
chr1:47753800-47755600,ENSG00000162367.7$TAL1$chr1$47697892$-,0.42
chr1:47756400-47756800,ENSG00000162367.7$TAL1$chr1$47697892$-,0.38
chr1:47753800-47755600,ENSG00000162368.9$CMPK1$chr1$47799469$+,0.58
chr1:47756400-47756800,ENSG00000162368.9$CMPK1$chr1$47799469$+,0.6
chr1:47805800-47807200,ENSG00000162368.9$CMPK1$chr1$47799469$+,0.53
chr1:47830200-47831200,ENSG00000162368.9$CMPK1$chr1$47799469$+,0.6
chr1:47889400-47891000,ENSG00000162368.9$CMPK1$chr1$47799469$+,0.44
chr1:53190600-53192000,ENSG00000162377.4$SELRC1$chr1$53164038$-,0.37
chr1:52871000-52873400,ENSG00000162378.8$ZYG11B$chr1$53192126$+,0.37
chr1:52887400-52887600,ENSG00000162378.8$ZYG11B$chr1$53192126$+,0.36
chr1:52995000-52996200,ENSG00000162378.8$ZYG11B$chr1$53192126$+,0.35
chr1:53164200-53165200,ENSG00000162378.8$ZYG11B$chr1$53192126$+,0.58
chr1:53387600-53388600,ENSG00000162384.9$C1orf123$chr1$53686289$-,0.38
chr1:53479400-53480200,ENSG00000162384.9$C1orf123$chr1$53686289$-,0.37
chr1:53683800-53685800,ENSG00000162384.9$C1orf123$chr1$53686289$-,0.45
chr1:53701200-53703600,ENSG00000162384.9$C1orf123$chr1$53686289$-,0.59
chr1:53704800-53705400,ENSG00000162384.9$C1orf123$chr1$53686289$-,0.62
chr1:53799800-53801200,ENSG00000162384.9$C1orf123$chr1$53686289$-,0.4
chr1:53683800-53685800,ENSG00000162385.6$MAGOH$chr1$53704282$-,0.56
chr1:53686600-53687400,ENSG00000162385.6$MAGOH$chr1$53704282$-,0.57
chr1:53799800-53801200,ENSG00000162385.6$MAGOH$chr1$53704282$-,0.43
chr1:55180400-55181400,ENSG00000162396.5$PARS2$chr1$55230187$-,0.53
chr1:55410200-55412400,ENSG00000162396.5$PARS2$chr1$55230187$-,0.35
chr1:55180400-55181400,ENSG00000162398.7$C1orf177$chr1$55271736$+,0.39
chr1:55228200-55229600,ENSG00000162398.7$C1orf177$chr1$55271736$+,0.52
chr1:55410200-55412400,ENSG00000162398.7$C1orf177$chr1$55271736$+,0.38
chr1:55410200-55412400,ENSG00000162399.6$BSND$chr1$55464606$+,0.45
chr1:55606000-55607600,ENSG00000162402.8$USP24$chr1$55680786$-,0.5
chr1:55612400-55613800,ENSG00000162402.8$USP24$chr1$55680786$-,0.47
chr1:6705800-6707200,ENSG00000162408.10$NOL9$chr1$6614595$-,0.51
chr1:6761600-6763600,ENSG00000162408.10$NOL9$chr1$6614595$-,0.42
chr1:6842000-6844000,ENSG00000162408.10$NOL9$chr1$6614595$-,0.37
chr1:6614800-6616000,ENSG00000162413.12$KLHL21$chr1$6674667$-,0.5
chr1:6705800-6707200,ENSG00000162413.12$KLHL21$chr1$6674667$-,0.68
chr1:6761600-6763600,ENSG00000162413.12$KLHL21$chr1$6674667$-,0.5
chr1:45765800-45766400,ENSG00000162415.6$ZSWIM5$chr1$45771881$-,0.39
chr1:45767200-45769000,ENSG00000162415.6$ZSWIM5$chr1$45771881$-,0.39
chr1:28877600-28879400,ENSG00000162419.8$GMEB1$chr1$28995244$+,0.44
chr1:28880200-28882200,ENSG00000162419.8$GMEB1$chr1$28995244$+,0.35
chr1:28924600-28926600,ENSG00000162419.8$GMEB1$chr1$28995244$+,0.54
chr1:29001000-29003400,ENSG00000162419.8$GMEB1$chr1$28995244$+,0.64
chr1:29100800-29103000,ENSG00000162419.8$GMEB1$chr1$28995244$+,0.41
chr1:29111400-29113400,ENSG00000162419.8$GMEB1$chr1$28995244$+,0.4
chr1:29258200-29258600,ENSG00000162419.8$GMEB1$chr1$28995244$+,0.36
chr1:8464400-8466000,ENSG00000162426.10$SLC45A1$chr1$8377886$+,0.51
chr1:25916200-25917800,ENSG00000162430.12$SEPN1$chr1$26126667$+,0.37
chr1:25953600-25954600,ENSG00000162430.12$SEPN1$chr1$26126667$+,0.38
chr1:26184400-26186000,ENSG00000162430.12$SEPN1$chr1$26126667$+,0.56
chr1:65719000-65719800,ENSG00000162433.10$AK4$chr1$65613232$+,0.43
chr1:65466400-65468200,ENSG00000162434.7$JAK1$chr1$65432187$-,0.53
chr1:65468400-65470600,ENSG00000162434.7$JAK1$chr1$65432187$-,0.57
chr1:65208600-65210200,ENSG00000162437.10$RAVER2$chr1$65210778$+,0.42
chr1:65234800-65236400,ENSG00000162437.10$RAVER2$chr1$65210778$+,0.77
chr1:9783400-9785600,ENSG00000162441.7$LZIC$chr1$10003465$-,0.37
chr1:9971200-9973600,ENSG00000162441.7$LZIC$chr1$10003465$-,0.68
chr1:46997800-47000000,ENSG00000162456.5$KNCN$chr1$47017199$-,0.37
chr1:47000800-47002600,ENSG00000162456.5$KNCN$chr1$47017199$-,0.45
chr1:19541600-19542800,ENSG00000162482.4$AKR7A3$chr1$19615744$-,0.4
chr1:19575800-19577400,ENSG00000162482.4$AKR7A3$chr1$19615744$-,0.44
chr1:11795000-11796200,ENSG00000162490.6$DRAXIN$chr1$11751786$+,0.41
chr1:12686400-12687800,ENSG00000162496.4$DHRS3$chr1$12677737$-,0.54
chr1:32252000-32254000,ENSG00000162517.8$PEF1$chr1$32110497$-,0.51
chr1:33100800-33101000,ENSG00000162521.14$RBBP4$chr1$33116743$+,0.57
chr1:33109800-33111800,ENSG00000162521.14$RBBP4$chr1$33116743$+,0.57
chr1:33190000-33192000,ENSG00000162521.14$RBBP4$chr1$33116743$+,0.46
chr1:33268000-33268800,ENSG00000162521.14$RBBP4$chr1$33116743$+,0.4
chr1:33190000-33192000,ENSG00000162522.6$KIAA1522$chr1$33207486$+,0.62
chr1:33268000-33268800,ENSG00000162522.6$KIAA1522$chr1$33207486$+,0.46
chr1:32755000-32757200,ENSG00000162526.6$TSSK3$chr1$32817122$+,0.43
chr1:32810400-32812800,ENSG00000162526.6$TSSK3$chr1$32817122$+,0.71
chr1:32837200-32838800,ENSG00000162526.6$TSSK3$chr1$32817122$+,0.57
chr1:20029200-20031600,ENSG00000162542.9$TMCO4$chr1$20126438$-,0.56
chr1:20208000-20208800,ENSG00000162542.9$TMCO4$chr1$20126438$-,0.57
chr1:20208000-20208800,ENSG00000162543.5$UBXN10$chr1$20512578$+,0.37
chr1:20363600-20365800,ENSG00000162543.5$UBXN10$chr1$20512578$+,0.44
chr1:21694600-21695800,ENSG00000162551.9$ALPL$chr1$21835858$+,0.35
chr1:21767000-21768600,ENSG00000162551.9$ALPL$chr1$21835858$+,0.45
chr1:21814400-21815800,ENSG00000162551.9$ALPL$chr1$21835858$+,0.67
chr1:1038400-1040800,ENSG00000162571.9$TTLL10$chr1$1109264$+,0.53
chr1:1049600-1051200,ENSG00000162571.9$TTLL10$chr1$1109264$+,0.5
chr1:1052200-1054600,ENSG00000162571.9$TTLL10$chr1$1109264$+,0.53
chr1:946600-948600,ENSG00000162571.9$TTLL10$chr1$1109264$+,0.36
chr1:2157400-2159200,ENSG00000162585.12$C1orf86$chr1$2144159$-,0.54
chr1:3542000-3543400,ENSG00000162592.4$CCDC27$chr1$3668962$+,0.41
chr1:3713600-3714400,ENSG00000162592.4$CCDC27$chr1$3668962$+,0.55
chr1:3771600-3773200,ENSG00000162592.4$CCDC27$chr1$3668962$+,0.49
chr1:3814600-3816000,ENSG00000162592.4$CCDC27$chr1$3668962$+,0.35
chr1:67520000-67522400,ENSG00000162594.10$IL23R$chr1$67632083$+,0.37
chr1:67614000-67615400,ENSG00000162594.10$IL23R$chr1$67632083$+,0.55
chr1:67627600-67630000,ENSG00000162594.10$IL23R$chr1$67632083$+,0.61
chr1:59201200-59203400,ENSG00000162601.5$MYSM1$chr1$59165764$-,0.57
chr1:59251000-59253400,ENSG00000162601.5$MYSM1$chr1$59165764$-,0.51
chr1:59258600-59261000,ENSG00000162601.5$MYSM1$chr1$59165764$-,0.47
chr1:62201200-62203000,ENSG00000162604.8$TM2D1$chr1$62191095$-,0.62
chr1:62206200-62207600,ENSG00000162604.8$TM2D1$chr1$62191095$-,0.7
chr1:62208600-62210800,ENSG00000162604.8$TM2D1$chr1$62191095$-,0.47
chr1:62235000-62235400,ENSG00000162604.8$TM2D1$chr1$62191095$-,0.49
chr1:62252200-62254200,ENSG00000162604.8$TM2D1$chr1$62191095$-,0.5
chr1:62914600-62916800,ENSG00000162607.8$USP1$chr1$62901968$+,0.64
chr1:78389800-78392200,ENSG00000162613.12$FUBP1$chr1$78444794$-,0.6
chr1:78392400-78394600,ENSG00000162613.12$FUBP1$chr1$78444794$-,0.57
chr1:78389800-78392200,ENSG00000162614.14$NEXN$chr1$78354198$+,0.4
chr1:78392400-78394600,ENSG00000162614.14$NEXN$chr1$78354198$+,0.47
chr1:78389800-78392200,ENSG00000162616.8$DNAJB4$chr1$78444859$+,0.63
chr1:78392400-78394600,ENSG00000162616.8$DNAJB4$chr1$78444859$+,0.62
chr1:74672400-74672600,ENSG00000162620.11$LRRIQ3$chr1$74663871$-,0.79
chr1:193123000-193123600,ENSG00000162630.5$B3GALT2$chr1$193155784$-,0.6
chr1:193129600-193130600,ENSG00000162630.5$B3GALT2$chr1$193155784$-,0.65
chr1:193141600-193142800,ENSG00000162630.5$B3GALT2$chr1$193155784$-,0.64
chr1:193143800-193146000,ENSG00000162630.5$B3GALT2$chr1$193155784$-,0.69
chr1:193146800-193149200,ENSG00000162630.5$B3GALT2$chr1$193155784$-,0.74
chr1:193161800-193162400,ENSG00000162630.5$B3GALT2$chr1$193155784$-,0.66
chr1:193164200-193166200,ENSG00000162630.5$B3GALT2$chr1$193155784$-,0.72
chr1:193207400-193208400,ENSG00000162630.5$B3GALT2$chr1$193155784$-,0.48
chr1:109182000-109184200,ENSG00000162636.11$FAM102B$chr1$109102711$+,0.49
chr1:109204200-109206200,ENSG00000162636.11$FAM102B$chr1$109102711$+,0.45
chr1:109221200-109223200,ENSG00000162636.11$FAM102B$chr1$109102711$+,0.38
chr1:109182000-109184200,ENSG00000162639.11$HENMT1$chr1$109204148$-,0.52
chr1:109221200-109223200,ENSG00000162639.11$HENMT1$chr1$109204148$-,0.54
chr1:109231800-109234200,ENSG00000162639.11$HENMT1$chr1$109204148$-,0.55
chr1:109250400-109252200,ENSG00000162639.11$HENMT1$chr1$109204148$-,0.59
chr1:109288400-109289200,ENSG00000162639.11$HENMT1$chr1$109204148$-,0.44
chr1:109417800-109419200,ENSG00000162641.14$AKNAD1$chr1$109506106$-,0.52
chr1:109495800-109497200,ENSG00000162641.14$AKNAD1$chr1$109506106$-,0.71
chr1:109585200-109585800,ENSG00000162641.14$AKNAD1$chr1$109506106$-,0.6
chr1:109617200-109618000,ENSG00000162641.14$AKNAD1$chr1$109506106$-,0.46
chr1:109619000-109619600,ENSG00000162641.14$AKNAD1$chr1$109506106$-,0.43
chr1:109642000-109642800,ENSG00000162641.14$AKNAD1$chr1$109506106$-,0.42
chr1:85644600-85646800,ENSG00000162642.9$C1orf52$chr1$85725355$-,0.4
chr1:85394600-85397000,ENSG00000162643.8$WDR63$chr1$85464830$+,0.45
chr1:85452000-85452800,ENSG00000162643.8$WDR63$chr1$85464830$+,0.58
chr1:85453600-85455400,ENSG00000162643.8$WDR63$chr1$85464830$+,0.57
chr1:85456400-85458600,ENSG00000162643.8$WDR63$chr1$85464830$+,0.49
chr1:85458800-85459200,ENSG00000162643.8$WDR63$chr1$85464830$+,0.53
chr1:85470800-85472000,ENSG00000162643.8$WDR63$chr1$85464830$+,0.58
chr1:85492600-85493800,ENSG00000162643.8$WDR63$chr1$85464830$+,0.56
chr1:89580400-89581600,ENSG00000162645.8$GBP2$chr1$89616139$-,0.57
chr1:89655200-89656000,ENSG00000162645.8$GBP2$chr1$89616139$-,0.54
chr1:89656800-89657600,ENSG00000162645.8$GBP2$chr1$89616139$-,0.63
chr1:109947400-109949400,ENSG00000162650.11$ATXN7L2$chr1$110026101$+,0.59
chr1:109969800-109971600,ENSG00000162650.11$ATXN7L2$chr1$110026101$+,0.53
chr1:89655200-89656000,ENSG00000162654.8$GBP4$chr1$89664615$-,0.61
chr1:89656800-89657600,ENSG00000162654.8$GBP4$chr1$89664615$-,0.56
chr1:89704600-89706200,ENSG00000162654.8$GBP4$chr1$89664615$-,0.43
chr1:89715800-89717800,ENSG00000162654.8$GBP4$chr1$89664615$-,0.52
chr1:89731000-89731600,ENSG00000162654.8$GBP4$chr1$89664615$-,0.44
chr1:89732800-89733000,ENSG00000162654.8$GBP4$chr1$89664615$-,0.45
chr1:89756400-89756600,ENSG00000162654.8$GBP4$chr1$89664615$-,0.39
chr1:89790600-89791600,ENSG00000162654.8$GBP4$chr1$89664615$-,0.38
chr1:92666800-92669200,ENSG00000162676.7$GFI1$chr1$92952433$-,0.35
chr1:92931600-92933600,ENSG00000162676.7$GFI1$chr1$92952433$-,0.57
chr1:92955800-92957800,ENSG00000162676.7$GFI1$chr1$92952433$-,0.49
chr1:92997200-92999200,ENSG00000162676.7$GFI1$chr1$92952433$-,0.56
chr1:93016800-93018200,ENSG00000162676.7$GFI1$chr1$92952433$-,0.56
chr1:100229600-100231800,ENSG00000162688.11$AGL$chr1$100315640$+,0.49
chr1:100232200-100234600,ENSG00000162688.11$AGL$chr1$100315640$+,0.56
chr1:100273800-100275400,ENSG00000162688.11$AGL$chr1$100315640$+,0.58
chr1:100433200-100435200,ENSG00000162688.11$AGL$chr1$100315640$+,0.38
chr1:101382000-101384200,ENSG00000162694.9$EXTL2$chr1$101361554$-,0.66
chr1:101386200-101388400,ENSG00000162694.9$EXTL2$chr1$101361554$-,0.65
chr1:101525600-101528000,ENSG00000162694.9$EXTL2$chr1$101361554$-,0.38
chr1:101382000-101384200,ENSG00000162695.7$SLC30A7$chr1$101361632$+,0.67
chr1:101386200-101388400,ENSG00000162695.7$SLC30A7$chr1$101361632$+,0.65
chr1:101525600-101528000,ENSG00000162695.7$SLC30A7$chr1$101361632$+,0.38
chr1:183460000-183461800,ENSG00000162704.11$ARPC5$chr1$183604892$-,0.37
chr1:160002200-160003600,ENSG00000162729.9$IGSF8$chr1$160068733$-,0.47
chr1:160173400-160175600,ENSG00000162729.9$IGSF8$chr1$160068733$-,0.43
chr1:160782600-160784200,ENSG00000162729.9$IGSF8$chr1$160068733$-,0.38
chr1:160203000-160205000,ENSG00000162734.8$PEA15$chr1$160175127$+,0.55
chr1:160173400-160175600,ENSG00000162736.11$NCSTN$chr1$160313062$+,0.4
chr1:160203000-160205000,ENSG00000162736.11$NCSTN$chr1$160313062$+,0.43
chr1:160413000-160415400,ENSG00000162736.11$NCSTN$chr1$160313062$+,0.35
chr1:160439800-160442200,ENSG00000162736.11$NCSTN$chr1$160313062$+,0.44
chr1:160453200-160454400,ENSG00000162736.11$NCSTN$chr1$160313062$+,0.35
chr1:160413000-160415400,ENSG00000162739.9$SLAMF6$chr1$160493052$-,0.47
chr1:160439800-160442200,ENSG00000162739.9$SLAMF6$chr1$160493052$-,0.57
chr1:160453200-160454400,ENSG00000162739.9$SLAMF6$chr1$160493052$-,0.62
chr1:160498600-160500600,ENSG00000162739.9$SLAMF6$chr1$160493052$-,0.62
chr1:160554200-160556600,ENSG00000162739.9$SLAMF6$chr1$160493052$-,0.68
chr1:160557200-160559400,ENSG00000162739.9$SLAMF6$chr1$160493052$-,0.57
chr1:160580000-160581400,ENSG00000162739.9$SLAMF6$chr1$160493052$-,0.4
chr1:161717200-161719400,ENSG00000162746.10$FCRLB$chr1$161691353$+,0.54
chr1:161582600-161583400,ENSG00000162747.5$FCGR3B$chr1$161601753$-,0.37
chr1:161590000-161591000,ENSG00000162747.5$FCGR3B$chr1$161601753$-,0.39
chr1:160959600-160961400,ENSG00000162755.9$KLHDC9$chr1$161068151$+,0.39
chr1:160991400-160992800,ENSG00000162755.9$KLHDC9$chr1$161068151$+,0.4
chr1:161025800-161028200,ENSG00000162755.9$KLHDC9$chr1$161068151$+,0.52
chr1:161103600-161105200,ENSG00000162755.9$KLHDC9$chr1$161068151$+,0.6
chr1:161124400-161126000,ENSG00000162755.9$KLHDC9$chr1$161068151$+,0.52
chr1:161127400-161129000,ENSG00000162755.9$KLHDC9$chr1$161068151$+,0.48
chr1:161178600-161180800,ENSG00000162755.9$KLHDC9$chr1$161068151$+,0.41
chr1:161284800-161287200,ENSG00000162755.9$KLHDC9$chr1$161068151$+,0.35
chr1:209869200-209871400,ENSG00000162757.3$C1orf74$chr1$209957904$-,0.37
chr1:209950400-209951800,ENSG00000162757.3$C1orf74$chr1$209957904$-,0.55
chr1:165568000-165569200,ENSG00000162763.3$LRRC52$chr1$165513244$+,0.36
chr1:212910400-212912800,ENSG00000162769.8$FLVCR1$chr1$213031597$+,0.39
chr1:212946400-212948800,ENSG00000162769.8$FLVCR1$chr1$213031597$+,0.41
chr1:110745200-110747000,ENSG00000162775.10$RBM15$chr1$110881128$+,0.44
chr1:110895400-110897200,ENSG00000162775.10$RBM15$chr1$110881128$+,0.64
chr1:110950800-110952200,ENSG00000162775.10$RBM15$chr1$110881128$+,0.48
chr1:111714000-111716400,ENSG00000162777.12$DENND2D$chr1$111747157$-,0.47
chr1:111721600-111723400,ENSG00000162777.12$DENND2D$chr1$111747157$-,0.46
chr1:111836600-111839000,ENSG00000162777.12$DENND2D$chr1$111747157$-,0.41
chr1:111877600-111878400,ENSG00000162777.12$DENND2D$chr1$111747157$-,0.45
chr1:111888000-111888800,ENSG00000162777.12$DENND2D$chr1$111747157$-,0.41
chr1:111889200-111891200,ENSG00000162777.12$DENND2D$chr1$111747157$-,0.43
chr1:179260600-179262600,ENSG00000162779.16$AXDND1$chr1$179334855$+,0.51
chr1:180992400-180994600,ENSG00000162783.8$IER5$chr1$181057638$+,0.58
chr1:181025600-181027000,ENSG00000162783.8$IER5$chr1$181057638$+,0.58
chr1:181124400-181126000,ENSG00000162783.8$IER5$chr1$181057638$+,0.43
chr1:181135200-181136000,ENSG00000162783.8$IER5$chr1$181057638$+,0.49
chr1:181158000-181160200,ENSG00000162783.8$IER5$chr1$181057638$+,0.42
chr1:181293800-181296000,ENSG00000162783.8$IER5$chr1$181057638$+,0.35
chr1:220220400-220221000,ENSG00000162813.13$BPNT1$chr1$220263804$-,0.57
chr1:220266000-220267400,ENSG00000162813.13$BPNT1$chr1$220263804$-,0.49
chr1:220268200-220270000,ENSG00000162813.13$BPNT1$chr1$220263804$-,0.53
chr1:220416600-220418400,ENSG00000162813.13$BPNT1$chr1$220263804$-,0.45
chr1:220430800-220432200,ENSG00000162813.13$BPNT1$chr1$220263804$-,0.37
chr1:222789000-222791000,ENSG00000162819.7$BROX$chr1$222885895$+,0.45
chr1:222792400-222794400,ENSG00000162819.7$BROX$chr1$222885895$+,0.43
chr1:222887400-222889200,ENSG00000162819.7$BROX$chr1$222885895$+,0.41
chr1:222894800-222895400,ENSG00000162819.7$BROX$chr1$222885895$+,0.59
chr1:222986400-222988400,ENSG00000162819.7$BROX$chr1$222885895$+,0.49
chr1:147140000-147141600,ENSG00000162836.7$ACP6$chr1$147142618$-,0.42
chr1:147171000-147173400,ENSG00000162836.7$ACP6$chr1$147142618$-,0.59
chr1:246645400-246647400,ENSG00000162851.6$TFB2M$chr1$246729626$-,0.42
chr1:246660600-246661600,ENSG00000162851.6$TFB2M$chr1$246729626$-,0.37
chr1:246886200-246887400,ENSG00000162851.6$TFB2M$chr1$246729626$-,0.47
chr1:246645400-246647400,ENSG00000162852.9$CNST$chr1$246729746$+,0.46
chr1:246660600-246661600,ENSG00000162852.9$CNST$chr1$246729746$+,0.37
chr1:246886200-246887400,ENSG00000162852.9$CNST$chr1$246729746$+,0.48
chr2:48588000-48590400,ENSG00000162869.11$PPP1R21$chr2$48667737$+,0.39
chr2:48593600-48594600,ENSG00000162869.11$PPP1R21$chr2$48667737$+,0.41
chr2:48801400-48802600,ENSG00000162869.11$PPP1R21$chr2$48667737$+,0.38
chr1:205720000-205720800,ENSG00000162877.8$PM20D1$chr1$205819260$-,0.44
chr1:205744600-205745800,ENSG00000162877.8$PM20D1$chr1$205819260$-,0.43
chr1:205783000-205784600,ENSG00000162877.8$PM20D1$chr1$205819260$-,0.67
chr2:43035200-43037600,ENSG00000162882.10$HAAO$chr2$43019733$-,0.64
chr1:235529000-235530400,ENSG00000162885.8$B3GALNT2$chr1$235667781$-,0.48
chr1:235531400-235533600,ENSG00000162885.8$B3GALNT2$chr1$235667781$-,0.53
chr1:235625200-235626200,ENSG00000162885.8$B3GALNT2$chr1$235667781$-,0.58
chr1:235627800-235628400,ENSG00000162885.8$B3GALNT2$chr1$235667781$-,0.64
chr1:206717600-206719400,ENSG00000162888.4$C1orf147$chr1$206671061$-,0.46
chr1:206981600-206984000,ENSG00000162891.6$IL20$chr1$207038699$+,0.44
chr1:206981600-206984000,ENSG00000162894.7$FAIM3$chr1$207096592$-,0.37
chr1:228354400-228355400,ENSG00000162913.9$C1orf145$chr1$228401365$-,0.66
chr1:228372800-228374800,ENSG00000162913.9$C1orf145$chr1$228401365$-,0.57
chr1:224573200-224573400,ENSG00000162923.10$WDR26$chr1$224624735$-,0.5
chr1:224599400-224601200,ENSG00000162923.10$WDR26$chr1$224624735$-,0.48
chr1:224637400-224639600,ENSG00000162923.10$WDR26$chr1$224624735$-,0.52
chr1:224653000-224654200,ENSG00000162923.10$WDR26$chr1$224624735$-,0.42
chr2:60982400-60983200,ENSG00000162924.9$REL$chr2$61108656$+,0.37
chr2:61117200-61119400,ENSG00000162924.9$REL$chr2$61108656$+,0.55
chr2:61219200-61221600,ENSG00000162924.9$REL$chr2$61108656$+,0.4
chr2:61105800-61107800,ENSG00000162927.9$PUS10$chr2$61245394$-,0.49
chr2:61117200-61119400,ENSG00000162927.9$PUS10$chr2$61245394$-,0.53
chr2:61219200-61221600,ENSG00000162927.9$PUS10$chr2$61245394$-,0.68
chr2:61372200-61373600,ENSG00000162927.9$PUS10$chr2$61245394$-,0.4
chr2:61219200-61221600,ENSG00000162928.8$PEX13$chr2$61244360$+,0.37
chr2:61219200-61221600,ENSG00000162929.9$KIAA1841$chr2$61293006$+,0.41
chr2:61372200-61373600,ENSG00000162929.9$KIAA1841$chr2$61293006$+,0.58
chr1:231793000-231793600,ENSG00000162946.16$DISC1$chr1$231762561$+,0.58
chr2:32128200-32129800,ENSG00000162959.9$MEMO1$chr2$32236299$-,0.4
chr2:32132800-32134400,ENSG00000162959.9$MEMO1$chr2$32236299$-,0.38
chr2:32157200-32158200,ENSG00000162959.9$MEMO1$chr2$32236299$-,0.38
chr2:32190200-32191800,ENSG00000162959.9$MEMO1$chr2$32236299$-,0.58
chr2:32258800-32260000,ENSG00000162959.9$MEMO1$chr2$32236299$-,0.61
chr2:32262400-32264400,ENSG00000162959.9$MEMO1$chr2$32236299$-,0.59
chr2:32287000-32288000,ENSG00000162959.9$MEMO1$chr2$32236299$-,0.5
chr2:32391600-32394000,ENSG00000162959.9$MEMO1$chr2$32236299$-,0.39
chr2:32128200-32129800,ENSG00000162961.9$DPY30$chr2$32264881$-,0.43
chr2:32132800-32134400,ENSG00000162961.9$DPY30$chr2$32264881$-,0.38
chr2:32157200-32158200,ENSG00000162961.9$DPY30$chr2$32264881$-,0.4
chr2:32190200-32191800,ENSG00000162961.9$DPY30$chr2$32264881$-,0.47
chr2:32236400-32238800,ENSG00000162961.9$DPY30$chr2$32264881$-,0.65
chr2:32258800-32260000,ENSG00000162961.9$DPY30$chr2$32264881$-,0.59
chr2:32262400-32264400,ENSG00000162961.9$DPY30$chr2$32264881$-,0.35
chr2:32287000-32288000,ENSG00000162961.9$DPY30$chr2$32264881$-,0.71
chr2:32391600-32394000,ENSG00000162961.9$DPY30$chr2$32264881$-,0.46
chr2:200713800-200716000,ENSG00000162971.6$TYW5$chr2$200820459$-,0.48
chr2:200774600-200775600,ENSG00000162971.6$TYW5$chr2$200820459$-,0.53
chr2:200784000-200785000,ENSG00000162971.6$TYW5$chr2$200820459$-,0.56
chr2:200815000-200815800,ENSG00000162971.6$TYW5$chr2$200820459$-,0.64
chr2:200850200-200851000,ENSG00000162971.6$TYW5$chr2$200820459$-,0.65
chr2:200713800-200716000,ENSG00000162972.6$C2orf47$chr2$200820040$+,0.46
chr2:200774600-200775600,ENSG00000162972.6$C2orf47$chr2$200820040$+,0.5
chr2:200784000-200785000,ENSG00000162972.6$C2orf47$chr2$200820040$+,0.55
chr2:200815000-200815800,ENSG00000162972.6$C2orf47$chr2$200820040$+,0.66
chr2:200850200-200851000,ENSG00000162972.6$C2orf47$chr2$200820040$+,0.64
chr2:11431800-11434000,ENSG00000162976.8$PQLC3$chr2$11295324$+,0.41
chr2:152661800-152663600,ENSG00000162980.12$ARL5A$chr2$152685006$-,0.71
chr2:152663800-152665800,ENSG00000162980.12$ARL5A$chr2$152685006$-,0.72
chr2:182471600-182473800,ENSG00000162992.3$NEUROD1$chr2$182545603$-,0.37
chr2:55494600-55496000,ENSG00000162994.11$CLHC1$chr2$55459699$-,0.49
chr2:55496600-55498000,ENSG00000162994.11$CLHC1$chr2$55459699$-,0.48
chr2:55517800-55520200,ENSG00000162994.11$CLHC1$chr2$55459699$-,0.55
chr2:183943800-183945800,ENSG00000162999.8$DUSP19$chr2$183943287$+,0.36
chr2:183987800-183988800,ENSG00000162999.8$DUSP19$chr2$183943287$+,0.64
chr2:55822800-55823400,ENSG00000163001.7$CCDC104$chr2$55746740$+,0.62
chr2:183943800-183945800,ENSG00000163002.8$NUP35$chr2$183982241$+,0.62
chr2:183987800-183988800,ENSG00000163002.8$NUP35$chr2$183982241$+,0.66
chr2:109334600-109335600,ENSG00000163006.7$CCDC138$chr2$109403213$+,0.43
chr2:109383200-109384800,ENSG00000163006.7$CCDC138$chr2$109403213$+,0.71
chr2:109447400-109448200,ENSG00000163006.7$CCDC138$chr2$109403213$+,0.61
chr2:109448800-109450800,ENSG00000163006.7$CCDC138$chr2$109403213$+,0.63
chr2:109544200-109546600,ENSG00000163006.7$CCDC138$chr2$109403213$+,0.45
chr2:109616400-109618800,ENSG00000163006.7$CCDC138$chr2$109403213$+,0.38
chr2:10212600-10214600,ENSG00000163009.4$C2orf48$chr2$10281509$+,0.5
chr2:10236200-10238200,ENSG00000163009.4$C2orf48$chr2$10281509$+,0.57
chr2:10289200-10291400,ENSG00000163009.4$C2orf48$chr2$10281509$+,0.57
chr2:73340600-73342400,ENSG00000163013.7$FBXO41$chr2$73511559$-,0.48
chr2:73442000-73443800,ENSG00000163013.7$FBXO41$chr2$73511559$-,0.56
chr2:73484800-73486000,ENSG00000163013.7$FBXO41$chr2$73511559$-,0.57
chr2:73611600-73612400,ENSG00000163013.7$FBXO41$chr2$73511559$-,0.35
chr2:24258400-24260800,ENSG00000163026.7$C2orf44$chr2$24272445$-,0.65
chr2:24267800-24269800,ENSG00000163026.7$C2orf44$chr2$24272445$-,0.65
chr2:24307800-24308800,ENSG00000163026.7$C2orf44$chr2$24272445$-,0.52
chr2:24347000-24349400,ENSG00000163026.7$C2orf44$chr2$24272445$-,0.44
chr2:132439200-132439800,ENSG00000163040.10$CCDC74A$chr2$132285248$+,0.4
chr1:226258400-226258800,ENSG00000163041.5$H3F3A$chr1$226249552$+,0.55
chr1:226259600-226260800,ENSG00000163041.5$H3F3A$chr1$226249552$+,0.6
chr1:226345200-226346600,ENSG00000163041.5$H3F3A$chr1$226249552$+,0.44
chr1:226375000-226375600,ENSG00000163041.5$H3F3A$chr1$226249552$+,0.37
chr2:230925200-230926600,ENSG00000163053.6$SLC16A14$chr2$230933715$-,0.45
chr2:230930600-230932600,ENSG00000163053.6$SLC16A14$chr2$230933715$-,0.49
chr2:95780400-95782600,ENSG00000163067.10$ZNF2$chr2$95831177$+,0.59
chr2:95788000-95789600,ENSG00000163067.10$ZNF2$chr2$95831177$+,0.71
chr2:95823200-95824600,ENSG00000163067.10$ZNF2$chr2$95831177$+,0.69
chr2:95825800-95826600,ENSG00000163067.10$ZNF2$chr2$95831177$+,0.59
chr2:95873600-95875600,ENSG00000163067.10$ZNF2$chr2$95831177$+,0.63
chr2:96069000-96071000,ENSG00000163067.10$ZNF2$chr2$95831177$+,0.35
chr2:169625800-169626000,ENSG00000163072.10$NOSTRIN$chr2$169643049$+,0.57
chr2:223369000-223371400,ENSG00000163082.9$SGPP2$chr2$223289236$+,0.48
chr2:170336600-170338400,ENSG00000163093.7$BBS5$chr2$170335688$+,0.4
chr19:53756400-53757600,ENSG00000163098.3$BIRC8$chr19$53794875$-,0.59
chr19:53835600-53836400,ENSG00000163098.3$BIRC8$chr19$53794875$-,0.62
chr4:99179600-99181200,ENSG00000163116.5$STPG2$chr4$99064391$-,0.42
chr4:99279200-99281200,ENSG00000163116.5$STPG2$chr4$99064391$-,0.35
chr1:150185200-150187600,ENSG00000163125.11$RPRD2$chr1$150335567$+,0.35
chr1:150241800-150243000,ENSG00000163125.11$RPRD2$chr1$150335567$+,0.47
chr1:150265000-150266200,ENSG00000163125.11$RPRD2$chr1$150335567$+,0.42
chr1:150267000-150269400,ENSG00000163125.11$RPRD2$chr1$150335567$+,0.48
chr1:150349400-150351400,ENSG00000163125.11$RPRD2$chr1$150335567$+,0.53
chr1:150364800-150366400,ENSG00000163125.11$RPRD2$chr1$150335567$+,0.45
chr1:150386200-150387400,ENSG00000163125.11$RPRD2$chr1$150335567$+,0.48
chr1:150387800-150388800,ENSG00000163125.11$RPRD2$chr1$150335567$+,0.39
chr1:150460400-150462000,ENSG00000163125.11$RPRD2$chr1$150335567$+,0.37
chr1:150488400-150490600,ENSG00000163125.11$RPRD2$chr1$150335567$+,0.36
chr2:97304400-97305000,ENSG00000163126.10$ANKRD23$chr2$97523671$-,0.35
chr2:97406000-97407200,ENSG00000163126.10$ANKRD23$chr2$97523671$-,0.47
chr2:97642200-97644400,ENSG00000163126.10$ANKRD23$chr2$97523671$-,0.36
chr2:97687800-97690000,ENSG00000163126.10$ANKRD23$chr2$97523671$-,0.43
chr1:150655600-150657800,ENSG00000163131.6$CTSS$chr1$150738433$-,0.47
chr1:150670000-150671600,ENSG00000163131.6$CTSS$chr1$150738433$-,0.55
chr1:150837600-150839800,ENSG00000163131.6$CTSS$chr1$150738433$-,0.48
chr1:150841800-150843600,ENSG00000163131.6$CTSS$chr1$150738433$-,0.51
chr1:150861400-150863800,ENSG00000163131.6$CTSS$chr1$150738433$-,0.44
chr1:150894400-150895800,ENSG00000163131.6$CTSS$chr1$150738433$-,0.5
chr1:150899400-150901000,ENSG00000163131.6$CTSS$chr1$150738433$-,0.47
chr4:20700000-20701600,ENSG00000163138.14$PACRGL$chr4$20697905$+,0.48
chr4:20702600-20705000,ENSG00000163138.14$PACRGL$chr4$20697905$+,0.47
chr1:150996600-150998000,ENSG00000163141.14$BNIPL$chr1$151009046$+,0.53
chr1:151015400-151016200,ENSG00000163141.14$BNIPL$chr1$151009046$+,0.4
chr1:151018000-151020200,ENSG00000163141.14$BNIPL$chr1$151009046$+,0.46
chr1:150894400-150895800,ENSG00000163154.5$TNFAIP8L2$chr1$151129105$+,0.46
chr1:150899400-150901000,ENSG00000163154.5$TNFAIP8L2$chr1$151129105$+,0.36
chr1:151043800-151046200,ENSG00000163154.5$TNFAIP8L2$chr1$151129105$+,0.48
chr1:151097000-151099200,ENSG00000163154.5$TNFAIP8L2$chr1$151129105$+,0.59
chr1:151119600-151121400,ENSG00000163154.5$TNFAIP8L2$chr1$151129105$+,0.71
chr1:151162800-151163800,ENSG00000163154.5$TNFAIP8L2$chr1$151129105$+,0.51
chr1:151255600-151257800,ENSG00000163154.5$TNFAIP8L2$chr1$151129105$+,0.39
chr1:151097000-151099200,ENSG00000163155.7$LYSMD1$chr1$151138424$-,0.61
chr1:151119600-151121400,ENSG00000163155.7$LYSMD1$chr1$151138424$-,0.49
chr1:151162800-151163800,ENSG00000163155.7$LYSMD1$chr1$151138424$-,0.61
chr1:151255600-151257800,ENSG00000163155.7$LYSMD1$chr1$151138424$-,0.36
chr1:151320200-151321800,ENSG00000163155.7$LYSMD1$chr1$151138424$-,0.35
chr1:150894400-150895800,ENSG00000163156.7$SCNM1$chr1$151129140$+,0.46
chr1:150899400-150901000,ENSG00000163156.7$SCNM1$chr1$151129140$+,0.37
chr1:151043800-151046200,ENSG00000163156.7$SCNM1$chr1$151129140$+,0.47
chr1:151097000-151099200,ENSG00000163156.7$SCNM1$chr1$151129140$+,0.58
chr1:151119600-151121400,ENSG00000163156.7$SCNM1$chr1$151129140$+,0.73
chr1:151162800-151163800,ENSG00000163156.7$SCNM1$chr1$151129140$+,0.52
chr1:151255600-151257800,ENSG00000163156.7$SCNM1$chr1$151129140$+,0.39
chr1:151097000-151099200,ENSG00000163157.10$TMOD4$chr1$151148760$-,0.35
chr1:151162800-151163800,ENSG00000163159.7$VPS72$chr1$151167797$-,0.59
chr2:128134800-128137000,ENSG00000163161.8$ERCC3$chr2$128051752$-,0.35
chr2:101867200-101868800,ENSG00000163162.4$RNF149$chr2$101925163$-,0.71
chr2:101892600-101893200,ENSG00000163162.4$RNF149$chr2$101925163$-,0.62
chr2:101908200-101909000,ENSG00000163162.4$RNF149$chr2$101925163$-,0.71
chr2:101931400-101933200,ENSG00000163162.4$RNF149$chr2$101925163$-,0.46
chr2:101966200-101968200,ENSG00000163162.4$RNF149$chr2$101925163$-,0.5
chr2:102102000-102104000,ENSG00000163162.4$RNF149$chr2$101925163$-,0.39
chr2:128457200-128458800,ENSG00000163166.9$IWS1$chr2$128284462$-,0.38
chr2:74346400-74347400,ENSG00000163170.7$BOLA3$chr2$74375121$-,0.62
chr2:74394600-74395400,ENSG00000163170.7$BOLA3$chr2$74375121$-,0.58
chr2:74540400-74542200,ENSG00000163170.7$BOLA3$chr2$74375121$-,0.36
chr1:151882600-151883800,ENSG00000163191.5$S100A11$chr1$152020383$-,0.47
chr1:152125600-152127400,ENSG00000163191.5$S100A11$chr1$152020383$-,0.43
chr2:38860800-38863000,ENSG00000163214.16$DHX57$chr2$39103075$-,0.41
chr2:38952400-38953800,ENSG00000163214.16$DHX57$chr2$39103075$-,0.4
chr2:38979000-38979800,ENSG00000163214.16$DHX57$chr2$39103075$-,0.41
chr2:38980800-38982400,ENSG00000163214.16$DHX57$chr2$39103075$-,0.35
chr2:39005800-39007000,ENSG00000163214.16$DHX57$chr2$39103075$-,0.57
chr2:68928600-68929800,ENSG00000163219.7$ARHGAP25$chr2$68906733$+,0.37
chr1:153379200-153380400,ENSG00000163220.10$S100A9$chr1$153330330$+,0.57
chr2:70890400-70892800,ENSG00000163235.11$TGFA$chr2$70781325$-,0.37
chr1:154531800-154533200,ENSG00000163239.8$TDRD10$chr1$154474695$+,0.39
chr2:208490800-208492800,ENSG00000163249.5$CCNYL1$chr2$208576264$+,0.55
chr2:208577200-208579400,ENSG00000163249.5$CCNYL1$chr2$208576264$+,0.4
chr2:208490800-208492800,ENSG00000163251.3$FZD5$chr2$208634287$-,0.41
chr2:208577200-208579400,ENSG00000163251.3$FZD5$chr2$208634287$-,0.6
chr4:17787800-17790200,ENSG00000163257.6$DCAF16$chr4$17812381$-,0.83
chr4:17824400-17824800,ENSG00000163257.6$DCAF16$chr4$17812381$-,0.68
chr1:154086600-154088400,ENSG00000163263.6$C1orf189$chr1$154178809$-,0.37
chr1:154156000-154157600,ENSG00000163263.6$C1orf189$chr1$154178809$-,0.63
chr1:154171200-154173200,ENSG00000163263.6$C1orf189$chr1$154178809$-,0.74
chr1:154242600-154244600,ENSG00000163263.6$C1orf189$chr1$154178809$-,0.57
chr1:154279800-154281200,ENSG00000163263.6$C1orf189$chr1$154178809$-,0.41
chr1:154295400-154297400,ENSG00000163263.6$C1orf189$chr1$154178809$-,0.42
chr1:154345200-154347200,ENSG00000163263.6$C1orf189$chr1$154178809$-,0.36
chr1:154370000-154371600,ENSG00000163263.6$C1orf189$chr1$154178809$-,0.47
chr4:44722000-44723400,ENSG00000163281.7$GNPDA2$chr4$44728612$-,0.71
chr4:44807800-44808400,ENSG00000163281.7$GNPDA2$chr4$44728612$-,0.56
chr4:47011600-47013800,ENSG00000163288.9$GABRB1$chr4$46995740$+,0.46
chr4:79810800-79812400,ENSG00000163291.10$PAQR3$chr4$79860592$-,0.58
chr4:47894000-47895000,ENSG00000163293.7$NIPAL1$chr4$47916159$+,0.75
chr4:47928200-47929400,ENSG00000163293.7$NIPAL1$chr4$47916159$+,0.72
chr4:80982800-80984600,ENSG00000163297.12$ANTXR2$chr4$81046608$-,0.56
chr4:84370200-84370800,ENSG00000163312.6$HELQ$chr4$84377009$-,0.67
chr4:84403600-84405600,ENSG00000163312.6$HELQ$chr4$84377009$-,0.72
chr4:84424600-84426800,ENSG00000163312.6$HELQ$chr4$84377009$-,0.53
chr4:84455000-84456800,ENSG00000163312.6$HELQ$chr4$84377009$-,0.54
chr3:88054000-88054800,ENSG00000163320.6$CGGBP1$chr3$88199035$-,0.37
chr3:88067000-88069200,ENSG00000163320.6$CGGBP1$chr3$88199035$-,0.47
chr3:88101000-88103000,ENSG00000163320.6$CGGBP1$chr3$88199035$-,0.49
chr3:88196000-88198400,ENSG00000163320.6$CGGBP1$chr3$88199035$-,0.36
chr3:88213800-88215000,ENSG00000163320.6$CGGBP1$chr3$88199035$-,0.52
chr4:84424600-84426800,ENSG00000163322.9$FAM175A$chr4$84444501$-,0.46
chr4:84455000-84456800,ENSG00000163322.9$FAM175A$chr4$84444501$-,0.47
chr2:175261000-175262800,ENSG00000163328.9$GPR155$chr2$175351822$-,0.41
chr2:175313600-175316000,ENSG00000163328.9$GPR155$chr2$175351822$-,0.44
chr2:175376200-175377600,ENSG00000163328.9$GPR155$chr2$175351822$-,0.55
chr2:175421600-175422400,ENSG00000163328.9$GPR155$chr2$175351822$-,0.36
chr1:154919800-154922200,ENSG00000163344.5$PMVK$chr1$154909467$-,0.45
chr1:154954000-154955800,ENSG00000163344.5$PMVK$chr1$154909467$-,0.42
chr1:154907000-154908800,ENSG00000163346.12$PBXIP1$chr1$154928599$-,0.55
chr1:154919800-154922200,ENSG00000163346.12$PBXIP1$chr1$154928599$-,0.62
chr1:154954000-154955800,ENSG00000163346.12$PBXIP1$chr1$154928599$-,0.61
chr1:154907000-154908800,ENSG00000163348.3$PYGO2$chr1$154936329$-,0.51
chr1:154919800-154922200,ENSG00000163348.3$PYGO2$chr1$154936329$-,0.53
chr1:154954000-154955800,ENSG00000163348.3$PYGO2$chr1$154936329$-,0.57
chr1:155113000-155114000,ENSG00000163348.3$PYGO2$chr1$154936329$-,0.35
chr1:114378200-114379800,ENSG00000163349.17$HIPK1$chr1$114471814$+,0.36
chr1:154919800-154922200,ENSG00000163352.5$LENEP$chr1$154966062$+,0.39
chr1:154954000-154955800,ENSG00000163352.5$LENEP$chr1$154966062$+,0.44
chr2:238329800-238332000,ENSG00000163359.11$COL6A3$chr2$238323018$-,0.55
chr1:200907200-200909000,ENSG00000163362.6$C1orf106$chr1$200860176$+,0.5
chr1:155539400-155541400,ENSG00000163374.15$YY1AP1$chr1$155658791$-,0.5
chr1:155577600-155579400,ENSG00000163374.15$YY1AP1$chr1$155658791$-,0.63
chr1:155582000-155583400,ENSG00000163374.15$YY1AP1$chr1$155658791$-,0.57
chr1:155651200-155652400,ENSG00000163374.15$YY1AP1$chr1$155658791$-,0.55
chr1:155713800-155715000,ENSG00000163374.15$YY1AP1$chr1$155658791$-,0.49
chr1:155778000-155779200,ENSG00000163374.15$YY1AP1$chr1$155658791$-,0.37
chr3:66853400-66855400,ENSG00000163376.7$KBTBD8$chr3$67048727$+,0.37
chr3:67021200-67023600,ENSG00000163376.7$KBTBD8$chr3$67048727$+,0.62
chr3:69093600-69094200,ENSG00000163378.9$EOGT$chr3$69063112$-,0.66
chr3:69101600-69102600,ENSG00000163378.9$EOGT$chr3$69063112$-,0.5
chr3:69121200-69122800,ENSG00000163378.9$EOGT$chr3$69063112$-,0.41
chr1:156415400-156416400,ENSG00000163382.7$APOA1BP$chr1$156561554$+,0.43
chr1:156425000-156426600,ENSG00000163382.7$APOA1BP$chr1$156561554$+,0.41
chr1:156568600-156570800,ENSG00000163382.7$APOA1BP$chr1$156561554$+,0.69
chr1:156571600-156573200,ENSG00000163382.7$APOA1BP$chr1$156561554$+,0.6
chr1:156699000-156701200,ENSG00000163382.7$APOA1BP$chr1$156561554$+,0.42
chr1:156735200-156736600,ENSG00000163382.7$APOA1BP$chr1$156561554$+,0.36
chr1:145151600-145154000,ENSG00000163386.16$NBPF10$chr1$145289772$+,0.51
chr1:145155000-145157400,ENSG00000163386.16$NBPF10$chr1$145289772$+,0.43
chr1:145323400-145323800,ENSG00000163386.16$NBPF10$chr1$145289772$+,0.56
chr1:145397800-145400200,ENSG00000163386.16$NBPF10$chr1$145289772$+,0.46
chr1:145421000-145422600,ENSG00000163386.16$NBPF10$chr1$145289772$+,0.37
chr3:118960000-118961000,ENSG00000163389.6$POGLUT1$chr3$119187785$+,0.37
chr3:119011000-119012600,ENSG00000163389.6$POGLUT1$chr3$119187785$+,0.39
chr3:119114200-119116600,ENSG00000163389.6$POGLUT1$chr3$119187785$+,0.46
chr3:119182800-119184200,ENSG00000163389.6$POGLUT1$chr3$119187785$+,0.68
chr3:119277600-119279400,ENSG00000163389.6$POGLUT1$chr3$119187785$+,0.46
chr3:119280400-119282000,ENSG00000163389.6$POGLUT1$chr3$119187785$+,0.5
chr1:116885400-116886400,ENSG00000163399.11$ATP1A1$chr1$116915290$+,0.75
chr1:116886600-116887800,ENSG00000163399.11$ATP1A1$chr1$116915290$+,0.72
chr1:116898400-116900800,ENSG00000163399.11$ATP1A1$chr1$116915290$+,0.76
chr1:116901200-116903600,ENSG00000163399.11$ATP1A1$chr1$116915290$+,0.74
chr3:71801400-71803200,ENSG00000163412.8$EIF4E3$chr3$71803924$-,0.5
chr3:71801400-71803200,ENSG00000163421.4$PROK2$chr3$71834357$-,0.42
chr3:120054800-120056200,ENSG00000163428.3$LRRC58$chr3$120068186$-,0.55
chr1:201922800-201924000,ENSG00000163431.11$LMOD1$chr1$201915715$-,0.65
chr4:56418800-56420800,ENSG00000163440.6$PDCL2$chr4$56458379$-,0.49
chr1:202855600-202857400,ENSG00000163444.7$TMEM183A$chr1$202976514$+,0.51
chr1:202858200-202860200,ENSG00000163444.7$TMEM183A$chr1$202976514$+,0.39
chr1:202907200-202908800,ENSG00000163444.7$TMEM183A$chr1$202976514$+,0.44
chr1:202981800-202983000,ENSG00000163444.7$TMEM183A$chr1$202976514$+,0.61
chr2:216876000-216877800,ENSG00000163449.6$TMEM169$chr2$216946589$+,0.5
chr1:155113000-155114000,ENSG00000163462.13$TRIM46$chr1$155145873$+,0.7
chr1:155184000-155186000,ENSG00000163462.13$TRIM46$chr1$155145873$+,0.54
chr1:155197800-155198800,ENSG00000163462.13$TRIM46$chr1$155145873$+,0.42
chr1:155214600-155216600,ENSG00000163462.13$TRIM46$chr1$155145873$+,0.49
chr1:155229200-155231400,ENSG00000163462.13$TRIM46$chr1$155145873$+,0.51
chr1:155232000-155233200,ENSG00000163462.13$TRIM46$chr1$155145873$+,0.53
chr1:155245400-155247200,ENSG00000163462.13$TRIM46$chr1$155145873$+,0.43
chr1:155247600-155250000,ENSG00000163462.13$TRIM46$chr1$155145873$+,0.44
chr1:155113000-155114000,ENSG00000163463.7$KRTCAP2$chr1$155145951$-,0.72
chr1:155184000-155186000,ENSG00000163463.7$KRTCAP2$chr1$155145951$-,0.58
chr1:155197800-155198800,ENSG00000163463.7$KRTCAP2$chr1$155145951$-,0.43
chr1:155214600-155216600,ENSG00000163463.7$KRTCAP2$chr1$155145951$-,0.49
chr1:155229200-155231400,ENSG00000163463.7$KRTCAP2$chr1$155145951$-,0.53
chr1:155232000-155233200,ENSG00000163463.7$KRTCAP2$chr1$155145951$-,0.54
chr1:155245400-155247200,ENSG00000163463.7$KRTCAP2$chr1$155145951$-,0.46
chr1:155247600-155250000,ENSG00000163463.7$KRTCAP2$chr1$155145951$-,0.48
chr2:219097600-219100000,ENSG00000163464.7$CXCR1$chr2$219031718$-,0.47
chr2:219165600-219166800,ENSG00000163464.7$CXCR1$chr2$219031718$-,0.36
chr2:219097600-219100000,ENSG00000163466.11$ARPC2$chr2$219081817$+,0.52
chr2:219165600-219166800,ENSG00000163466.11$ARPC2$chr2$219081817$+,0.45
chr2:219277000-219278200,ENSG00000163466.11$ARPC2$chr2$219081817$+,0.36
chr1:156181200-156182400,ENSG00000163467.7$TSACC$chr1$156307105$+,0.55
chr1:156183600-156185200,ENSG00000163467.7$TSACC$chr1$156307105$+,0.49
chr1:156415400-156416400,ENSG00000163467.7$TSACC$chr1$156307105$+,0.49
chr1:156425000-156426600,ENSG00000163467.7$TSACC$chr1$156307105$+,0.54
chr1:156427000-156428600,ENSG00000163467.7$TSACC$chr1$156307105$+,0.53
chr1:156181200-156182400,ENSG00000163472.14$TMEM79$chr1$156252726$+,0.52
chr1:156183600-156185200,ENSG00000163472.14$TMEM79$chr1$156252726$+,0.58
chr1:156415400-156416400,ENSG00000163472.14$TMEM79$chr1$156252726$+,0.41
chr1:156425000-156426600,ENSG00000163472.14$TMEM79$chr1$156252726$+,0.36
chr1:155987800-155990200,ENSG00000163479.9$SSR2$chr1$155990750$-,0.37
chr1:156014400-156016000,ENSG00000163479.9$SSR2$chr1$155990750$-,0.74
chr1:156025400-156026800,ENSG00000163479.9$SSR2$chr1$155990750$-,0.62
chr2:219438800-219439800,ENSG00000163481.3$RNF25$chr2$219537134$-,0.46
chr2:219512400-219513600,ENSG00000163481.3$RNF25$chr2$219537134$-,0.47
chr2:219574600-219575600,ENSG00000163481.3$RNF25$chr2$219537134$-,0.57
chr2:219666600-219668200,ENSG00000163481.3$RNF25$chr2$219537134$-,0.36
chr2:219438800-219439800,ENSG00000163482.7$STK36$chr2$219536749$+,0.58
chr2:219512400-219513600,ENSG00000163482.7$STK36$chr2$219536749$+,0.57
chr2:219537200-219538800,ENSG00000163482.7$STK36$chr2$219536749$+,0.37
chr2:219574600-219575600,ENSG00000163482.7$STK36$chr2$219536749$+,0.57
chr2:219666600-219668200,ENSG00000163482.7$STK36$chr2$219536749$+,0.35
chr2:179960000-179962000,ENSG00000163492.9$CCDC141$chr2$179914813$-,0.54
chr3:108270000-108271800,ENSG00000163507.9$KIAA1524$chr3$108308491$-,0.7
chr3:108315000-108316600,ENSG00000163507.9$KIAA1524$chr3$108308491$-,0.64
chr3:108380600-108381800,ENSG00000163507.9$KIAA1524$chr3$108308491$-,0.62
chr3:27721200-27723400,ENSG00000163508.8$EOMES$chr3$27764206$-,0.54
chr3:27789600-27792000,ENSG00000163508.8$EOMES$chr3$27764206$-,0.61
chr3:27811800-27813000,ENSG00000163508.8$EOMES$chr3$27764206$-,0.49
chr3:27878200-27879200,ENSG00000163508.8$EOMES$chr3$27764206$-,0.35
chr3:27885600-27886000,ENSG00000163508.8$EOMES$chr3$27764206$-,0.4
chr3:27916400-27918000,ENSG00000163508.8$EOMES$chr3$27764206$-,0.4
chr3:27977400-27978000,ENSG00000163508.8$EOMES$chr3$27764206$-,0.4
chr3:28274000-28274400,ENSG00000163512.9$AZI2$chr3$28390618$-,0.36
chr3:28327800-28329000,ENSG00000163512.9$AZI2$chr3$28390618$-,0.56
chr3:28359200-28359600,ENSG00000163512.9$AZI2$chr3$28390618$-,0.67
chr3:28393600-28393800,ENSG00000163512.9$AZI2$chr3$28390618$-,0.57
chr2:220070400-220071000,ENSG00000163516.9$ANKZF1$chr2$220094479$+,0.65
chr3:13698600-13700600,ENSG00000163517.10$HDAC11$chr3$13521224$+,0.35
chr1:157694000-157695200,ENSG00000163518.6$FCRL4$chr1$157567870$-,0.4
chr3:108578600-108579400,ENSG00000163519.9$TRAT1$chr3$108541545$+,0.47
chr3:108631000-108632800,ENSG00000163519.9$TRAT1$chr3$108541545$+,0.43
chr3:108633000-108634600,ENSG00000163519.9$TRAT1$chr3$108541545$+,0.37
chr2:220070400-220071000,ENSG00000163521.11$GLB1L$chr2$220110200$-,0.5
chr3:31418000-31420400,ENSG00000163527.5$STT3B$chr3$31574130$+,0.36
chr3:31440400-31442000,ENSG00000163527.5$STT3B$chr3$31574130$+,0.41
chr3:31489000-31491000,ENSG00000163527.5$STT3B$chr3$31574130$+,0.36
chr3:31510400-31510600,ENSG00000163527.5$STT3B$chr3$31574130$+,0.45
chr3:31513600-31516000,ENSG00000163527.5$STT3B$chr3$31574130$+,0.39
chr3:31594800-31597200,ENSG00000163527.5$STT3B$chr3$31574130$+,0.79
chr3:31597800-31598200,ENSG00000163527.5$STT3B$chr3$31574130$+,0.82
chr3:31599600-31600800,ENSG00000163527.5$STT3B$chr3$31574130$+,0.77
chr3:31612000-31613600,ENSG00000163527.5$STT3B$chr3$31574130$+,0.82
chr3:31627200-31628200,ENSG00000163527.5$STT3B$chr3$31574130$+,0.8
chr3:31642000-31642200,ENSG00000163527.5$STT3B$chr3$31574130$+,0.65
chr3:31642800-31645200,ENSG00000163527.5$STT3B$chr3$31574130$+,0.64
chr3:14228400-14229000,ENSG00000163528.8$CHCHD4$chr3$14166370$-,0.49
chr3:14229400-14230200,ENSG00000163528.8$CHCHD4$chr3$14166370$-,0.48
chr2:201378800-201381000,ENSG00000163535.13$SGOL2$chr2$201374731$+,0.61
chr2:201389800-201390400,ENSG00000163535.13$SGOL2$chr2$201374731$+,0.67
chr3:167422600-167425000,ENSG00000163536.8$SERPINI1$chr3$167453031$+,0.65
chr3:33738600-33740800,ENSG00000163539.11$CLASP2$chr3$33759848$-,0.59
chr3:33748400-33749800,ENSG00000163539.11$CLASP2$chr3$33759848$-,0.58
chr3:33827800-33829400,ENSG00000163539.11$CLASP2$chr3$33759848$-,0.54
chr3:33832600-33834400,ENSG00000163539.11$CLASP2$chr3$33759848$-,0.64
chr3:33838400-33839600,ENSG00000163539.11$CLASP2$chr3$33759848$-,0.4
chr2:84680600-84682400,ENSG00000163541.7$SUCLG1$chr2$84687169$-,0.62
chr2:84708200-84710200,ENSG00000163541.7$SUCLG1$chr2$84687169$-,0.66
chr2:84738000-84738800,ENSG00000163541.7$SUCLG1$chr2$84687169$-,0.59
chr2:84743800-84745000,ENSG00000163541.7$SUCLG1$chr2$84687169$-,0.64
chr2:84760000-84762000,ENSG00000163541.7$SUCLG1$chr2$84687169$-,0.55
chr2:84765600-84767800,ENSG00000163541.7$SUCLG1$chr2$84687169$-,0.51
chr2:84806200-84808400,ENSG00000163541.7$SUCLG1$chr2$84687169$-,0.51
chr2:84858200-84860600,ENSG00000163541.7$SUCLG1$chr2$84687169$-,0.37
chr1:205177400-205179800,ENSG00000163545.7$NUAK2$chr1$205290883$-,0.47
chr1:205375400-205377600,ENSG00000163545.7$NUAK2$chr1$205290883$-,0.37
chr1:158615600-158617400,ENSG00000163554.7$SPTA1$chr1$158656488$-,0.77
chr3:169937400-169939800,ENSG00000163558.8$PRKCI$chr3$169940153$+,0.43
chr1:158904000-158905800,ENSG00000163563.7$MNDA$chr1$158801107$+,0.36
chr1:158906600-158907000,ENSG00000163563.7$MNDA$chr1$158801107$+,0.39
chr1:158912000-158913800,ENSG00000163563.7$MNDA$chr1$158801107$+,0.35
chr1:158914600-158916000,ENSG00000163563.7$MNDA$chr1$158801107$+,0.36
chr1:158904000-158905800,ENSG00000163564.10$PYHIN1$chr1$158900586$+,0.57
chr1:158906600-158907000,ENSG00000163564.10$PYHIN1$chr1$158900586$+,0.6
chr1:158912000-158913800,ENSG00000163564.10$PYHIN1$chr1$158900586$+,0.59
chr1:158914600-158916000,ENSG00000163564.10$PYHIN1$chr1$158900586$+,0.61
chr1:158918800-158919000,ENSG00000163564.10$PYHIN1$chr1$158900586$+,0.54
chr1:158991200-158991600,ENSG00000163564.10$PYHIN1$chr1$158900586$+,0.39
chr1:158904000-158905800,ENSG00000163565.14$IFI16$chr1$158969758$+,0.4
chr1:158912000-158913800,ENSG00000163565.14$IFI16$chr1$158969758$+,0.36
chr1:158914600-158916000,ENSG00000163565.14$IFI16$chr1$158969758$+,0.41
chr1:158918800-158919000,ENSG00000163565.14$IFI16$chr1$158969758$+,0.35
chr1:159015000-159017200,ENSG00000163565.14$IFI16$chr1$158969758$+,0.36
chr3:19986200-19988000,ENSG00000163576.13$EFHB$chr3$19988517$-,0.39
chr3:20023200-20024200,ENSG00000163576.13$EFHB$chr3$19988517$-,0.72
chr3:20101000-20103400,ENSG00000163576.13$EFHB$chr3$19988517$-,0.37
chr3:160410600-160411200,ENSG00000163590.9$PPM1L$chr3$160473390$+,0.48
chr3:160470000-160472200,ENSG00000163590.9$PPM1L$chr3$160473390$+,0.39
chr2:203695800-203697200,ENSG00000163596.12$ICA1L$chr2$203736708$-,0.39
chr2:203734400-203735600,ENSG00000163596.12$ICA1L$chr2$203736708$-,0.38
chr2:203777400-203778800,ENSG00000163596.12$ICA1L$chr2$203736708$-,0.35
chr2:204716800-204718600,ENSG00000163599.10$CTLA4$chr2$204732509$+,0.58
chr2:204719000-204720400,ENSG00000163599.10$CTLA4$chr2$204732509$+,0.63
chr2:204720800-204721000,ENSG00000163599.10$CTLA4$chr2$204732509$+,0.62
chr2:204741400-204743400,ENSG00000163599.10$CTLA4$chr2$204732509$+,0.7
chr2:204820400-204822600,ENSG00000163599.10$CTLA4$chr2$204732509$+,0.4
chr2:204716800-204718600,ENSG00000163600.8$ICOS$chr2$204801471$+,0.38
chr2:204719000-204720400,ENSG00000163600.8$ICOS$chr2$204801471$+,0.42
chr2:204720800-204721000,ENSG00000163600.8$ICOS$chr2$204801471$+,0.39
chr2:204741400-204743400,ENSG00000163600.8$ICOS$chr2$204801471$+,0.58
chr2:204820400-204822600,ENSG00000163600.8$ICOS$chr2$204801471$+,0.64
chr2:204869000-204869200,ENSG00000163600.8$ICOS$chr2$204801471$+,0.53
chr2:204869400-204869600,ENSG00000163600.8$ICOS$chr2$204801471$+,0.54
chr2:204879200-204881400,ENSG00000163600.8$ICOS$chr2$204801471$+,0.53
chr2:204883600-204885200,ENSG00000163600.8$ICOS$chr2$204801471$+,0.42
chr2:204890800-204892800,ENSG00000163600.8$ICOS$chr2$204801471$+,0.38
chr3:73134800-73136400,ENSG00000163605.10$PPP4R2$chr3$73045936$+,0.44
chr3:73159600-73160200,ENSG00000163605.10$PPP4R2$chr3$73045936$+,0.39
chr3:112650400-112652600,ENSG00000163606.6$CD200R1$chr3$112693969$-,0.57
chr3:112652800-112653400,ENSG00000163606.6$CD200R1$chr3$112693969$-,0.75
chr3:112661400-112662000,ENSG00000163606.6$CD200R1$chr3$112693969$-,0.65
chr3:112667200-112669000,ENSG00000163606.6$CD200R1$chr3$112693969$-,0.63
chr3:112669400-112670200,ENSG00000163606.6$CD200R1$chr3$112693969$-,0.67
chr3:112680200-112681400,ENSG00000163606.6$CD200R1$chr3$112693969$-,0.61
chr3:112705400-112707200,ENSG00000163606.6$CD200R1$chr3$112693969$-,0.68
chr3:112708800-112709400,ENSG00000163606.6$CD200R1$chr3$112693969$-,0.69
chr3:112728200-112730400,ENSG00000163606.6$CD200R1$chr3$112693969$-,0.58
chr3:112650400-112652600,ENSG00000163607.10$GTPBP8$chr3$112709765$+,0.6
chr3:112652800-112653400,ENSG00000163607.10$GTPBP8$chr3$112709765$+,0.71
chr3:112661400-112662000,ENSG00000163607.10$GTPBP8$chr3$112709765$+,0.59
chr3:112667200-112669000,ENSG00000163607.10$GTPBP8$chr3$112709765$+,0.56
chr3:112669400-112670200,ENSG00000163607.10$GTPBP8$chr3$112709765$+,0.66
chr3:112680200-112681400,ENSG00000163607.10$GTPBP8$chr3$112709765$+,0.64
chr3:112705400-112707200,ENSG00000163607.10$GTPBP8$chr3$112709765$+,0.56
chr3:112728200-112730400,ENSG00000163607.10$GTPBP8$chr3$112709765$+,0.76
chr3:112650400-112652600,ENSG00000163608.10$C3orf17$chr3$112738708$-,0.37
chr3:112652800-112653400,ENSG00000163608.10$C3orf17$chr3$112738708$-,0.51
chr3:112661400-112662000,ENSG00000163608.10$C3orf17$chr3$112738708$-,0.42
chr3:112667200-112669000,ENSG00000163608.10$C3orf17$chr3$112738708$-,0.43
chr3:112669400-112670200,ENSG00000163608.10$C3orf17$chr3$112738708$-,0.58
chr3:112680200-112681400,ENSG00000163608.10$C3orf17$chr3$112738708$-,0.54
chr3:112705400-112707200,ENSG00000163608.10$C3orf17$chr3$112738708$-,0.64
chr3:112708800-112709400,ENSG00000163608.10$C3orf17$chr3$112738708$-,0.65
chr3:112728200-112730400,ENSG00000163608.10$C3orf17$chr3$112738708$-,0.6
chr3:113203800-113205000,ENSG00000163611.7$SPICE1$chr3$113234034$-,0.62
chr3:113231600-113233200,ENSG00000163611.7$SPICE1$chr3$113234034$-,0.36
chr3:113249400-113251200,ENSG00000163611.7$SPICE1$chr3$113234034$-,0.6
chr3:113267600-113268400,ENSG00000163611.7$SPICE1$chr3$113234034$-,0.47
chr3:113296400-113296800,ENSG00000163611.7$SPICE1$chr3$113234034$-,0.37
chr3:113664800-113666200,ENSG00000163617.6$KIAA1407$chr3$113775460$-,0.54
chr3:113667400-113669000,ENSG00000163617.6$KIAA1407$chr3$113775460$-,0.53
chr3:113960000-113960800,ENSG00000163617.6$KIAA1407$chr3$113775460$-,0.42
chr4:74043000-74045000,ENSG00000163626.12$COX18$chr4$73935472$-,0.42
chr4:74045200-74047600,ENSG00000163626.12$COX18$chr4$73935472$-,0.4
chr4:74054600-74056000,ENSG00000163626.12$COX18$chr4$73935472$-,0.43
chr4:74067400-74069200,ENSG00000163626.12$COX18$chr4$73935472$-,0.37
chr3:63865800-63868200,ENSG00000163632.8$C3orf49$chr3$63805038$+,0.46
chr3:63871200-63873600,ENSG00000163632.8$C3orf49$chr3$63805038$+,0.52
chr3:63895000-63897400,ENSG00000163632.8$C3orf49$chr3$63805038$+,0.37
chr4:87811000-87813000,ENSG00000163633.6$C4orf36$chr4$87857354$-,0.52
chr4:87854200-87855800,ENSG00000163633.6$C4orf36$chr4$87857354$-,0.38
chr4:87902200-87904600,ENSG00000163633.6$C4orf36$chr4$87857354$-,0.58
chr4:87912000-87913800,ENSG00000163633.6$C4orf36$chr4$87857354$-,0.57
chr4:88032800-88033800,ENSG00000163633.6$C4orf36$chr4$87857354$-,0.42
chr3:63865800-63868200,ENSG00000163634.7$THOC7$chr3$63849579$-,0.45
chr3:63871200-63873600,ENSG00000163634.7$THOC7$chr3$63849579$-,0.43
chr3:63895000-63897400,ENSG00000163634.7$THOC7$chr3$63849579$-,0.46
chr3:63865800-63868200,ENSG00000163635.13$ATXN7$chr3$63850233$+,0.6
chr3:63871200-63873600,ENSG00000163635.13$ATXN7$chr3$63850233$+,0.5
chr3:63895000-63897400,ENSG00000163635.13$ATXN7$chr3$63850233$+,0.52
chr3:63895000-63897400,ENSG00000163636.6$PSMD6$chr3$64009658$-,0.36
chr3:63996400-63998800,ENSG00000163636.6$PSMD6$chr3$64009658$-,0.6
chr4:89110000-89112400,ENSG00000163644.10$PPM1K$chr4$89205921$-,0.39
chr4:89151600-89153400,ENSG00000163644.10$PPM1K$chr4$89205921$-,0.43
chr4:89193400-89193600,ENSG00000163644.10$PPM1K$chr4$89205921$-,0.49
chr4:89299000-89300400,ENSG00000163644.10$PPM1K$chr4$89205921$-,0.51
chr4:89375600-89378000,ENSG00000163644.10$PPM1K$chr4$89205921$-,0.4
chr3:150292400-150294600,ENSG00000163645.10$FAM194A$chr3$150421758$-,0.47
chr3:150294800-150296000,ENSG00000163645.10$FAM194A$chr3$150421758$-,0.46
chr3:150380000-150381400,ENSG00000163645.10$FAM194A$chr3$150421758$-,0.66
chr3:150383400-150384800,ENSG00000163645.10$FAM194A$chr3$150421758$-,0.67
chr3:150422200-150423800,ENSG00000163645.10$FAM194A$chr3$150421758$-,0.35
chr3:150582600-150583800,ENSG00000163645.10$FAM194A$chr3$150421758$-,0.43
chr3:155524200-155524800,ENSG00000163655.11$GMPS$chr3$155588325$+,0.61
chr3:155553000-155554000,ENSG00000163655.11$GMPS$chr3$155588325$+,0.55
chr3:155572800-155573400,ENSG00000163655.11$GMPS$chr3$155588325$+,0.62
chr3:155602200-155603200,ENSG00000163655.11$GMPS$chr3$155588325$+,0.65
chr3:155603400-155605800,ENSG00000163655.11$GMPS$chr3$155588325$+,0.58
chr3:155625200-155627200,ENSG00000163655.11$GMPS$chr3$155588325$+,0.76
chr3:156273000-156274000,ENSG00000163659.8$TIPARP$chr3$156391024$+,0.4
chr3:156385000-156387400,ENSG00000163659.8$TIPARP$chr3$156391024$+,0.61
chr3:156544800-156546600,ENSG00000163659.8$TIPARP$chr3$156391024$+,0.43
chr3:156865800-156867000,ENSG00000163660.7$CCNL1$chr3$156878549$-,0.55
chr3:156893600-156895800,ENSG00000163660.7$CCNL1$chr3$156878549$-,0.59
chr3:57262800-57265200,ENSG00000163666.4$HESX1$chr3$57260549$-,0.44
chr3:57584200-57586400,ENSG00000163681.10$SLMAP$chr3$57741177$+,0.44
chr3:57640000-57641000,ENSG00000163681.10$SLMAP$chr3$57741177$+,0.46
chr3:57660600-57662000,ENSG00000163681.10$SLMAP$chr3$57741177$+,0.46
chr4:39569800-39572200,ENSG00000163683.7$SMIM14$chr4$39640710$-,0.48
chr4:39697200-39699200,ENSG00000163683.7$SMIM14$chr4$39640710$-,0.53
chr3:58417000-58419000,ENSG00000163684.7$RPP14$chr3$58291974$+,0.42
chr3:58448400-58450600,ENSG00000163684.7$RPP14$chr3$58291974$+,0.43
chr3:58291400-58292000,ENSG00000163686.9$ABHD6$chr3$58223233$+,0.55
chr3:10028800-10030600,ENSG00000163701.14$IL17RE$chr3$9944296$+,0.35
chr3:10068600-10070600,ENSG00000163701.14$IL17RE$chr3$9944296$+,0.44
chr3:9795600-9797800,ENSG00000163701.14$IL17RE$chr3$9944296$+,0.37
chr3:9883400-9885000,ENSG00000163701.14$IL17RE$chr3$9944296$+,0.55
chr3:9885800-9887200,ENSG00000163701.14$IL17RE$chr3$9944296$+,0.66
chr3:9892800-9895000,ENSG00000163701.14$IL17RE$chr3$9944296$+,0.62
chr3:9930000-9932200,ENSG00000163701.14$IL17RE$chr3$9944296$+,0.6
chr3:9972400-9974600,ENSG00000163701.14$IL17RE$chr3$9944296$+,0.57
chr3:9972400-9974600,ENSG00000163702.14$IL17RC$chr3$9958758$+,0.52
chr3:10028800-10030600,ENSG00000163703.13$CRELD1$chr3$9975506$+,0.48
chr3:10068600-10070600,ENSG00000163703.13$CRELD1$chr3$9975506$+,0.44
chr3:10182600-10183400,ENSG00000163703.13$CRELD1$chr3$9975506$+,0.43
chr3:10205000-10206800,ENSG00000163703.13$CRELD1$chr3$9975506$+,0.35
chr3:9883400-9885000,ENSG00000163703.13$CRELD1$chr3$9975506$+,0.53
chr3:9885800-9887200,ENSG00000163703.13$CRELD1$chr3$9975506$+,0.52
chr3:9892800-9895000,ENSG00000163703.13$CRELD1$chr3$9975506$+,0.39
chr3:9930000-9932200,ENSG00000163703.13$CRELD1$chr3$9975506$+,0.55
chr3:9972400-9974600,ENSG00000163703.13$CRELD1$chr3$9975506$+,0.36
chr3:10028800-10030600,ENSG00000163704.7$PRRT3$chr3$9994078$-,0.64
chr3:10068600-10070600,ENSG00000163704.7$PRRT3$chr3$9994078$-,0.57
chr3:10156400-10157200,ENSG00000163704.7$PRRT3$chr3$9994078$-,0.36
chr3:10162400-10163200,ENSG00000163704.7$PRRT3$chr3$9994078$-,0.35
chr3:9883400-9885000,ENSG00000163704.7$PRRT3$chr3$9994078$-,0.48
chr3:9885800-9887200,ENSG00000163704.7$PRRT3$chr3$9994078$-,0.45
chr3:9892800-9895000,ENSG00000163704.7$PRRT3$chr3$9994078$-,0.35
chr3:9930000-9932200,ENSG00000163704.7$PRRT3$chr3$9994078$-,0.53
chr3:9972400-9974600,ENSG00000163704.7$PRRT3$chr3$9994078$-,0.52
chr3:10156400-10157200,ENSG00000163705.8$FANCD2OS$chr3$10149915$-,0.49
chr3:9744600-9747000,ENSG00000163719.14$MTMR14$chr3$9691117$+,0.45
chr3:9768000-9770000,ENSG00000163719.14$MTMR14$chr3$9691117$+,0.43
chr3:9771400-9772600,ENSG00000163719.14$MTMR14$chr3$9691117$+,0.45
chr3:9795600-9797800,ENSG00000163719.14$MTMR14$chr3$9691117$+,0.45
chr3:180320800-180323000,ENSG00000163728.6$TTC14$chr3$180319918$+,0.37
chr3:180396000-180397200,ENSG00000163728.6$TTC14$chr3$180319918$+,0.51
chr4:76445600-76446200,ENSG00000163743.9$RCHY1$chr4$76439974$-,0.65
chr4:76498200-76499400,ENSG00000163743.9$RCHY1$chr4$76439974$-,0.58
chr4:76556200-76557000,ENSG00000163743.9$RCHY1$chr4$76439974$-,0.42
chr4:77274800-77276800,ENSG00000163749.13$CCDC158$chr4$77343021$-,0.35
chr3:148710200-148712600,ENSG00000163751.3$CPA3$chr3$148583043$+,0.4
chr3:148710200-148712600,ENSG00000163754.13$GYG1$chr3$148709128$+,0.4
chr3:148892200-148893400,ENSG00000163755.4$HPS3$chr3$148847371$+,0.69
chr3:133217600-133219600,ENSG00000163781.8$TOPBP1$chr3$133380737$-,0.43
chr3:133523600-133524600,ENSG00000163781.8$TOPBP1$chr3$133380737$-,0.48
chr3:43239400-43241800,ENSG00000163788.9$SNRK$chr3$43328004$+,0.43
chr2:27357600-27358800,ENSG00000163792.5$TCF23$chr2$27371872$+,0.35
chr2:27525400-27526400,ENSG00000163794.6$UCN$chr2$27531313$-,0.38
chr2:27546600-27548200,ENSG00000163794.6$UCN$chr2$27531313$-,0.39
chr2:27580200-27581800,ENSG00000163795.9$ZNF513$chr2$27603657$-,0.47
chr2:27590800-27592600,ENSG00000163795.9$ZNF513$chr2$27603657$-,0.45
chr2:27620200-27621400,ENSG00000163795.9$ZNF513$chr2$27603657$-,0.6
chr2:27625800-27627800,ENSG00000163795.9$ZNF513$chr2$27603657$-,0.54
chr2:27649200-27651000,ENSG00000163795.9$ZNF513$chr2$27603657$-,0.41
chr2:27710600-27712200,ENSG00000163795.9$ZNF513$chr2$27603657$-,0.35
chr2:27821400-27823200,ENSG00000163798.9$SLC4A1AP$chr2$27886338$+,0.53
chr2:27849000-27851200,ENSG00000163798.9$SLC4A1AP$chr2$27886338$+,0.6
chr2:27852400-27854600,ENSG00000163798.9$SLC4A1AP$chr2$27886338$+,0.67
chr2:27894200-27894800,ENSG00000163798.9$SLC4A1AP$chr2$27886338$+,0.65
chr2:27993600-27994200,ENSG00000163798.9$SLC4A1AP$chr2$27886338$+,0.41
chr2:29043800-29044800,ENSG00000163806.11$SPDYA$chr2$29005383$+,0.53
chr2:29093800-29096000,ENSG00000163806.11$SPDYA$chr2$29005383$+,0.36
chr3:44667200-44669600,ENSG00000163807.4$KIAA1143$chr3$44803154$-,0.41
chr3:44688800-44690000,ENSG00000163807.4$KIAA1143$chr3$44803154$-,0.52
chr3:44690600-44691800,ENSG00000163807.4$KIAA1143$chr3$44803154$-,0.38
chr3:44727200-44728000,ENSG00000163807.4$KIAA1143$chr3$44803154$-,0.59
chr3:44753400-44754200,ENSG00000163807.4$KIAA1143$chr3$44803154$-,0.54
chr3:44796800-44798000,ENSG00000163807.4$KIAA1143$chr3$44803154$-,0.66
chr3:44667200-44669600,ENSG00000163808.12$KIF15$chr3$44803209$+,0.44
chr3:44688800-44690000,ENSG00000163808.12$KIF15$chr3$44803209$+,0.54
chr3:44690600-44691800,ENSG00000163808.12$KIF15$chr3$44803209$+,0.47
chr3:44727200-44728000,ENSG00000163808.12$KIF15$chr3$44803209$+,0.57
chr3:44753400-44754200,ENSG00000163808.12$KIF15$chr3$44803209$+,0.58
chr3:44796800-44798000,ENSG00000163808.12$KIF15$chr3$44803209$+,0.74
chr2:29003000-29004800,ENSG00000163811.7$WDR43$chr2$29117509$+,0.38
chr2:29043800-29044800,ENSG00000163811.7$WDR43$chr2$29117509$+,0.59
chr2:29093800-29096000,ENSG00000163811.7$WDR43$chr2$29117509$+,0.7
chr2:29195200-29196400,ENSG00000163811.7$WDR43$chr2$29117509$+,0.42
chr3:45140800-45143200,ENSG00000163812.9$ZDHHC3$chr3$45017677$-,0.38
chr3:45140800-45143200,ENSG00000163814.3$CDCP1$chr3$45187914$-,0.4
chr3:45897600-45898400,ENSG00000163818.12$LZTFL1$chr3$45957534$-,0.47
chr3:45962400-45964200,ENSG00000163818.12$LZTFL1$chr3$45957534$-,0.59
chr3:46037600-46039000,ENSG00000163818.12$LZTFL1$chr3$45957534$-,0.44
chr3:45897600-45898400,ENSG00000163820.10$FYCO1$chr3$46037316$-,0.4
chr3:45962400-45964200,ENSG00000163820.10$FYCO1$chr3$46037316$-,0.48
chr3:46143800-46144800,ENSG00000163820.10$FYCO1$chr3$46037316$-,0.36
chr3:46143800-46144800,ENSG00000163823.3$CCR1$chr3$46249887$-,0.45
chr3:46194800-46197200,ENSG00000163823.3$CCR1$chr3$46249887$-,0.5
chr3:46303000-46304600,ENSG00000163823.3$CCR1$chr3$46249887$-,0.51
chr3:46310600-46312600,ENSG00000163823.3$CCR1$chr3$46249887$-,0.52
chr3:47402800-47405200,ENSG00000163832.11$ELP6$chr3$47555251$-,0.44
chr3:122135600-122138000,ENSG00000163840.5$DTX3L$chr3$122283085$+,0.39
chr3:122194200-122196600,ENSG00000163840.5$DTX3L$chr3$122283085$+,0.37
chr3:122405000-122407000,ENSG00000163840.5$DTX3L$chr3$122283085$+,0.48
chr3:125107800-125109000,ENSG00000163848.14$ZNF148$chr3$125094198$-,0.72
chr3:125239600-125240400,ENSG00000163848.14$ZNF148$chr3$125094198$-,0.48
chr1:35350000-35352200,ENSG00000163866.8$SMIM12$chr1$35325417$-,0.47
chr1:35488400-35488800,ENSG00000163867.12$ZMYM6$chr1$35497569$-,0.63
chr1:35580400-35582400,ENSG00000163867.12$ZMYM6$chr1$35497569$-,0.44
chr1:35610600-35612600,ENSG00000163867.12$ZMYM6$chr1$35497569$-,0.36
chr1:35637200-35637800,ENSG00000163867.12$ZMYM6$chr1$35497569$-,0.38
chr3:127310000-127312400,ENSG00000163870.10$TPRA1$chr3$127317094$-,0.52
chr3:127344600-127346800,ENSG00000163870.10$TPRA1$chr3$127317094$-,0.65
chr3:127389600-127391800,ENSG00000163870.10$TPRA1$chr3$127317094$-,0.44
chr3:183352400-183353200,ENSG00000163872.11$YEATS2$chr3$183415606$+,0.52
chr1:38020000-38020800,ENSG00000163874.8$ZC3H12A$chr1$37940153$+,0.57
chr1:38147800-38148800,ENSG00000163874.8$ZC3H12A$chr1$37940153$+,0.47
chr1:38153600-38155600,ENSG00000163874.8$ZC3H12A$chr1$37940153$+,0.46
chr1:38020000-38020800,ENSG00000163875.11$MEAF6$chr1$37980375$-,0.65
chr3:184031400-184032200,ENSG00000163882.5$POLR2H$chr3$184079506$+,0.37
chr3:183736200-183737400,ENSG00000163888.3$CAMK2N2$chr3$183979251$-,0.44
chr3:183850200-183852000,ENSG00000163888.3$CAMK2N2$chr3$183979251$-,0.45
chr3:183854000-183856000,ENSG00000163888.3$CAMK2N2$chr3$183979251$-,0.37
chr3:183964800-183966200,ENSG00000163888.3$CAMK2N2$chr3$183979251$-,0.56
chr3:184031400-184032200,ENSG00000163888.3$CAMK2N2$chr3$183979251$-,0.48
chr3:185200400-185201600,ENSG00000163900.6$TMEM41A$chr3$185216845$-,0.63
chr3:128326000-128328400,ENSG00000163902.7$RPN1$chr3$128399918$-,0.46
chr3:128335200-128336800,ENSG00000163902.7$RPN1$chr3$128399918$-,0.58
chr3:128363000-128364800,ENSG00000163902.7$RPN1$chr3$128399918$-,0.51
chr3:128458800-128461200,ENSG00000163902.7$RPN1$chr3$128399918$-,0.53
chr3:129004800-129006000,ENSG00000163913.7$IFT122$chr3$129158968$+,0.48
chr3:129035400-129037400,ENSG00000163913.7$IFT122$chr3$129158968$+,0.45
chr3:129118600-129120000,ENSG00000163913.7$IFT122$chr3$129158968$+,0.64
chr3:186423200-186424800,ENSG00000163918.6$RFC4$chr3$186524847$-,0.38
chr3:186499200-186500400,ENSG00000163918.6$RFC4$chr3$186524847$-,0.56
chr3:186515600-186517000,ENSG00000163918.6$RFC4$chr3$186524847$-,0.72
chr3:186517400-186517600,ENSG00000163918.6$RFC4$chr3$186524847$-,0.69
chr3:186517800-186519200,ENSG00000163918.6$RFC4$chr3$186524847$-,0.69
chr3:186566400-186568000,ENSG00000163918.6$RFC4$chr3$186524847$-,0.49
chr3:186597000-186599200,ENSG00000163918.6$RFC4$chr3$186524847$-,0.48
chr3:186755400-186755600,ENSG00000163918.6$RFC4$chr3$186524847$-,0.35
chr3:52291600-52294000,ENSG00000163930.5$BAP1$chr3$52444366$-,0.42
chr3:53162000-53163800,ENSG00000163931.11$TKT$chr3$53290068$-,0.47
chr3:53164800-53167200,ENSG00000163931.11$TKT$chr3$53290068$-,0.38
chr3:53080400-53081800,ENSG00000163933.5$RFT1$chr3$53164478$-,0.5
chr3:53164800-53167200,ENSG00000163933.5$RFT1$chr3$53164478$-,0.35
chr3:52931200-52932400,ENSG00000163935.9$SFMBT1$chr3$53080766$-,0.4
chr3:52968400-52969600,ENSG00000163935.9$SFMBT1$chr3$53080766$-,0.41
chr3:52990200-52992200,ENSG00000163935.9$SFMBT1$chr3$53080766$-,0.47
chr3:53162000-53163800,ENSG00000163935.9$SFMBT1$chr3$53080766$-,0.44
chr3:53164800-53167200,ENSG00000163935.9$SFMBT1$chr3$53080766$-,0.47
chr3:52802800-52804600,ENSG00000163939.14$PBRM1$chr3$52719933$-,0.42
chr4:1260400-1262600,ENSG00000163945.11$UVSSA$chr4$1341054$+,0.41
chr4:1281600-1283200,ENSG00000163945.11$UVSSA$chr4$1341054$+,0.5
chr4:1338200-1339800,ENSG00000163945.11$UVSSA$chr4$1341054$+,0.38
chr3:56590000-56590800,ENSG00000163946.9$FAM208A$chr3$56717265$-,0.47
chr3:56597400-56599200,ENSG00000163946.9$FAM208A$chr3$56717265$-,0.42
chr3:56632600-56634000,ENSG00000163946.9$FAM208A$chr3$56717265$-,0.51
chr3:56641400-56643600,ENSG00000163946.9$FAM208A$chr3$56717265$-,0.56
chr3:56698200-56699400,ENSG00000163946.9$FAM208A$chr3$56717265$-,0.71
chr3:56701400-56702800,ENSG00000163946.9$FAM208A$chr3$56717265$-,0.73
chr3:56736400-56737200,ENSG00000163946.9$FAM208A$chr3$56717265$-,0.65
chr3:56738400-56739800,ENSG00000163946.9$FAM208A$chr3$56717265$-,0.7
chr3:56751600-56752800,ENSG00000163946.9$FAM208A$chr3$56717265$-,0.55
chr3:56777000-56779200,ENSG00000163946.9$FAM208A$chr3$56717265$-,0.62
chr3:56905400-56906000,ENSG00000163946.9$FAM208A$chr3$56717265$-,0.35
chr3:56975800-56977600,ENSG00000163946.9$FAM208A$chr3$56717265$-,0.35
chr4:1732400-1733800,ENSG00000163950.8$SLBP$chr4$1714282$-,0.61
chr3:196015400-196016200,ENSG00000163960.7$UBXN7$chr3$196159345$-,0.37
chr3:196042600-196044400,ENSG00000163960.7$UBXN7$chr3$196159345$-,0.37
chr3:196182800-196185200,ENSG00000163960.7$UBXN7$chr3$196159345$-,0.56
chr3:196196000-196197000,ENSG00000163960.7$UBXN7$chr3$196159345$-,0.49
chr3:196220000-196220600,ENSG00000163960.7$UBXN7$chr3$196159345$-,0.44
chr3:196221200-196222800,ENSG00000163960.7$UBXN7$chr3$196159345$-,0.47
chr3:196156600-196158000,ENSG00000163961.4$RNF168$chr3$196230639$-,0.45
chr3:196160000-196161400,ENSG00000163961.4$RNF168$chr3$196230639$-,0.47
chr3:196182800-196185200,ENSG00000163961.4$RNF168$chr3$196230639$-,0.51
chr3:196196000-196197000,ENSG00000163961.4$RNF168$chr3$196230639$-,0.59
chr3:196220000-196220600,ENSG00000163961.4$RNF168$chr3$196230639$-,0.67
chr3:196221200-196222800,ENSG00000163961.4$RNF168$chr3$196230639$-,0.65
chr3:196160000-196161400,ENSG00000163964.9$PIGX$chr3$196366646$+,0.38
chr3:196221200-196222800,ENSG00000163964.9$PIGX$chr3$196366646$+,0.39
chr3:196353600-196355400,ENSG00000163964.9$PIGX$chr3$196366646$+,0.64
chr3:196439800-196441800,ENSG00000163964.9$PIGX$chr3$196366646$+,0.65
chr3:196465600-196466800,ENSG00000163964.9$PIGX$chr3$196366646$+,0.55
chr3:196483800-196486200,ENSG00000163964.9$PIGX$chr3$196366646$+,0.54
chr3:196486600-196486800,ENSG00000163964.9$PIGX$chr3$196366646$+,0.45
chr3:196593600-196594400,ENSG00000163964.9$PIGX$chr3$196366646$+,0.41
chr4:6640200-6642000,ENSG00000163993.6$S100P$chr4$6694796$+,0.47
chr4:6711800-6713600,ENSG00000163993.6$S100P$chr4$6694796$+,0.53
chr4:6716000-6717800,ENSG00000163993.6$S100P$chr4$6694796$+,0.54
chr1:40902800-40904600,ENSG00000164002.7$EXO5$chr1$40974413$+,0.52
chr1:40914200-40915400,ENSG00000164002.7$EXO5$chr1$40974413$+,0.57
chr1:40916400-40918200,ENSG00000164002.7$EXO5$chr1$40974413$+,0.49
chr1:40943600-40946000,ENSG00000164002.7$EXO5$chr1$40974413$+,0.61
chr1:40996200-40996800,ENSG00000164002.7$EXO5$chr1$40974413$+,0.71
chr1:41039000-41039200,ENSG00000164002.7$EXO5$chr1$40974413$+,0.44
chr1:41134200-41135400,ENSG00000164002.7$EXO5$chr1$40974413$+,0.43
chr1:43122400-43123600,ENSG00000164008.9$C1orf50$chr1$43232940$+,0.53
chr1:43271600-43273800,ENSG00000164008.9$C1orf50$chr1$43232940$+,0.54
chr1:43281000-43282200,ENSG00000164008.9$C1orf50$chr1$43232940$+,0.51
chr1:43271600-43273800,ENSG00000164010.9$ERMAP$chr1$43282795$+,0.63
chr1:43271600-43273800,ENSG00000164011.13$ZNF691$chr1$43312280$+,0.56
chr1:43281000-43282200,ENSG00000164011.13$ZNF691$chr1$43312280$+,0.62
chr4:107197600-107199600,ENSG00000164022.12$AIMP1$chr4$107236701$+,0.63
chr4:99823800-99826000,ENSG00000164024.7$METAP1$chr4$99916771$+,0.39
chr4:99850800-99853000,ENSG00000164024.7$METAP1$chr4$99916771$+,0.63
chr4:100815600-100816800,ENSG00000164031.12$DNAJB14$chr4$100867883$-,0.54
chr4:100836400-100838200,ENSG00000164031.12$DNAJB14$chr4$100867883$-,0.78
chr4:100859400-100861600,ENSG00000164031.12$DNAJB14$chr4$100867883$-,0.77
chr4:100815600-100816800,ENSG00000164032.7$H2AFZ$chr4$100871545$-,0.58
chr4:100836400-100838200,ENSG00000164032.7$H2AFZ$chr4$100871545$-,0.75
chr4:100859400-100861600,ENSG00000164032.7$H2AFZ$chr4$100871545$-,0.68
chr4:100868400-100870400,ENSG00000164032.7$H2AFZ$chr4$100871545$-,0.42
chr4:103791200-103793600,ENSG00000164037.12$SLC9B1$chr4$103940896$-,0.45
chr4:103998200-103999600,ENSG00000164037.12$SLC9B1$chr4$103940896$-,0.54
chr4:103998200-103999600,ENSG00000164038.10$SLC9B2$chr4$104006986$-,0.46
chr4:103938400-103940600,ENSG00000164039.10$BDH2$chr4$104021040$-,0.44
chr4:103941000-103942400,ENSG00000164039.10$BDH2$chr4$104021040$-,0.42
chr4:103998200-103999600,ENSG00000164039.10$BDH2$chr4$104021040$-,0.75
chr4:129198800-129199800,ENSG00000164040.12$PGRMC2$chr4$129209984$-,0.49
chr3:48153200-48155600,ENSG00000164045.7$CDC25A$chr3$48229892$-,0.51
chr3:48281000-48282600,ENSG00000164045.7$CDC25A$chr3$48229892$-,0.55
chr3:48343600-48344800,ENSG00000164045.7$CDC25A$chr3$48229892$-,0.41
chr3:48281000-48282600,ENSG00000164047.3$CAMP$chr3$48264837$+,0.44
chr3:48153200-48155600,ENSG00000164048.9$ZNF589$chr3$48282590$+,0.43
chr3:48343600-48344800,ENSG00000164048.9$ZNF589$chr3$48282590$+,0.55
chr3:48362000-48363600,ENSG00000164048.9$ZNF589$chr3$48282590$+,0.47
chr3:48479800-48481200,ENSG00000164048.9$ZNF589$chr3$48282590$+,0.35
chr3:48479800-48481200,ENSG00000164050.8$PLXNB1$chr3$48471594$-,0.51
chr3:48486000-48487800,ENSG00000164050.8$PLXNB1$chr3$48471594$-,0.47
chr3:48488600-48490400,ENSG00000164050.8$PLXNB1$chr3$48471594$-,0.35
chr3:48343600-48344800,ENSG00000164051.9$CCDC51$chr3$48481866$-,0.44
chr3:48362000-48363600,ENSG00000164051.9$CCDC51$chr3$48481866$-,0.48
chr3:48486000-48487800,ENSG00000164051.9$CCDC51$chr3$48481866$-,0.46
chr3:48488600-48490400,ENSG00000164051.9$CCDC51$chr3$48481866$-,0.62
chr3:48343600-48344800,ENSG00000164053.13$ATRIP$chr3$48488114$+,0.43
chr3:48362000-48363600,ENSG00000164053.13$ATRIP$chr3$48488114$+,0.39
chr3:48479800-48481200,ENSG00000164053.13$ATRIP$chr3$48488114$+,0.64
chr3:48645000-48646400,ENSG00000164053.13$ATRIP$chr3$48488114$+,0.35
chr3:48479800-48481200,ENSG00000164054.11$SHISA5$chr3$48542259$-,0.45
chr3:48486000-48487800,ENSG00000164054.11$SHISA5$chr3$48542259$-,0.48
chr3:48488600-48490400,ENSG00000164054.11$SHISA5$chr3$48542259$-,0.46
chr3:48645000-48646400,ENSG00000164054.11$SHISA5$chr3$48542259$-,0.47
chr3:48647200-48649000,ENSG00000164054.11$SHISA5$chr3$48542259$-,0.37
chr4:124316800-124317800,ENSG00000164056.6$SPRY1$chr4$124317950$+,0.38
chr3:49429200-49431200,ENSG00000164061.4$BSN$chr3$49591922$+,0.36
chr3:49465000-49466400,ENSG00000164061.4$BSN$chr3$49591922$+,0.45
chr3:49467200-49468000,ENSG00000164061.4$BSN$chr3$49591922$+,0.43
chr3:49486200-49487000,ENSG00000164061.4$BSN$chr3$49591922$+,0.4
chr3:49512800-49515200,ENSG00000164061.4$BSN$chr3$49591922$+,0.43
chr3:49576200-49578600,ENSG00000164061.4$BSN$chr3$49591922$+,0.61
chr3:49576200-49578600,ENSG00000164062.8$APEH$chr3$49711435$+,0.53
chr3:49576200-49578600,ENSG00000164068.11$RNF123$chr3$49726932$+,0.38
chr3:49894400-49896800,ENSG00000164068.11$RNF123$chr3$49726932$+,0.36
chr3:49997200-49999000,ENSG00000164068.11$RNF123$chr3$49726932$+,0.36
chr4:128799200-128801600,ENSG00000164073.5$MFSD8$chr4$128887150$-,0.4
chr4:128802800-128805200,ENSG00000164073.5$MFSD8$chr4$128887150$-,0.5
chr4:128810600-128811800,ENSG00000164073.5$MFSD8$chr4$128887150$-,0.43
chr4:128922400-128922800,ENSG00000164073.5$MFSD8$chr4$128887150$-,0.58
chr4:128952000-128954000,ENSG00000164073.5$MFSD8$chr4$128887150$-,0.52
chr4:128980800-128981600,ENSG00000164073.5$MFSD8$chr4$128887150$-,0.46
chr4:128799200-128801600,ENSG00000164074.10$C4orf29$chr4$128886461$+,0.4
chr4:128802800-128805200,ENSG00000164074.10$C4orf29$chr4$128886461$+,0.56
chr4:128810600-128811800,ENSG00000164074.10$C4orf29$chr4$128886461$+,0.44
chr4:128922400-128922800,ENSG00000164074.10$C4orf29$chr4$128886461$+,0.65
chr4:128952000-128954000,ENSG00000164074.10$C4orf29$chr4$128886461$+,0.55
chr4:128980800-128981600,ENSG00000164074.10$C4orf29$chr4$128886461$+,0.46
chr3:49891600-49893800,ENSG00000164076.12$CAMKV$chr3$49907655$-,0.47
chr3:49894400-49896800,ENSG00000164076.12$CAMKV$chr3$49907655$-,0.53
chr3:49989600-49991200,ENSG00000164077.9$MON1A$chr3$49967606$-,0.38
chr3:49997200-49999000,ENSG00000164077.9$MON1A$chr3$49967606$-,0.37
chr3:49891600-49893800,ENSG00000164078.8$MST1R$chr3$49941299$-,0.48
chr3:49894400-49896800,ENSG00000164078.8$MST1R$chr3$49941299$-,0.54
chr3:49989600-49991200,ENSG00000164078.8$MST1R$chr3$49941299$-,0.56
chr3:49997200-49999000,ENSG00000164078.8$MST1R$chr3$49941299$-,0.5
chr3:51475200-51476600,ENSG00000164080.9$RAD54L2$chr3$51575160$+,0.35
chr3:51489400-51491000,ENSG00000164080.9$RAD54L2$chr3$51575160$+,0.37
chr3:51639800-51641000,ENSG00000164080.9$RAD54L2$chr3$51575160$+,0.42
chr3:51639800-51641000,ENSG00000164081.8$TEX264$chr3$51696709$+,0.48
chr3:52030200-52030600,ENSG00000164086.8$DUSP7$chr3$52090566$-,0.48
chr3:52215200-52217400,ENSG00000164086.8$DUSP7$chr3$52090566$-,0.4
chr3:52030200-52030600,ENSG00000164087.3$POC1A$chr3$52188706$-,0.43
chr3:52215200-52217400,ENSG00000164087.3$POC1A$chr3$52188706$-,0.65
chr3:52291600-52294000,ENSG00000164087.3$POC1A$chr3$52188706$-,0.43
chr3:52215200-52217400,ENSG00000164088.13$PPM1M$chr3$52279841$+,0.48
chr3:52291600-52294000,ENSG00000164088.13$PPM1M$chr3$52279841$+,0.64
chr4:109570400-109571600,ENSG00000164089.4$ETNPPL$chr4$109684210$-,0.43
chr4:109773000-109774600,ENSG00000164089.4$ETNPPL$chr4$109684210$-,0.5
chr3:52291600-52294000,ENSG00000164091.7$WDR82$chr3$52322036$-,0.65
chr4:120157600-120160000,ENSG00000164096.10$C4orf3$chr4$120225600$-,0.38
chr4:120228000-120229200,ENSG00000164096.10$C4orf3$chr4$120225600$-,0.6
chr4:174341600-174342800,ENSG00000164104.7$HMGB2$chr4$174256276$-,0.4
chr4:174341600-174342800,ENSG00000164105.3$SAP30$chr4$174291120$+,0.47
chr4:174341600-174342800,ENSG00000164106.3$SCRG1$chr4$174327531$-,0.65
chr4:121076800-121078000,ENSG00000164109.9$MAD2L1$chr4$120988229$-,0.57
chr4:123285800-123287000,ENSG00000164113.6$ADAD1$chr4$123300121$+,0.44
chr4:156292600-156293000,ENSG00000164114.14$MAP9$chr4$156298122$-,0.73
chr4:156295600-156297400,ENSG00000164114.14$MAP9$chr4$156298122$-,0.5
chr4:175194600-175196800,ENSG00000164117.8$FBXO8$chr4$175205415$-,0.58
chr4:175194600-175196800,ENSG00000164118.8$CEP44$chr4$175204828$+,0.64
chr4:177238800-177240400,ENSG00000164122.4$ASB5$chr4$177198722$-,0.37
chr4:159825600-159827800,ENSG00000164123.6$C4orf45$chr4$159959912$-,0.39
chr4:160022200-160024200,ENSG00000164123.6$C4orf45$chr4$159959912$-,0.47
chr4:140100000-140102000,ENSG00000164134.8$NAA15$chr4$140222609$+,0.43
chr4:140240000-140242200,ENSG00000164134.8$NAA15$chr4$140222609$+,0.63
chr4:153760400-153761800,ENSG00000164144.10$ARFIP1$chr4$153701089$+,0.51
chr4:145939800-145942200,ENSG00000164162.8$ANAPC10$chr4$146019693$-,0.48
chr4:145943000-145943200,ENSG00000164162.8$ANAPC10$chr4$146019693$-,0.5
chr4:146035000-146037200,ENSG00000164162.8$ANAPC10$chr4$146019693$-,0.81
chr4:146055400-146057600,ENSG00000164162.8$ANAPC10$chr4$146019693$-,0.71
chr4:146058000-146058200,ENSG00000164162.8$ANAPC10$chr4$146019693$-,0.71
chr4:146089800-146090600,ENSG00000164162.8$ANAPC10$chr4$146019693$-,0.65
chr4:145939800-145942200,ENSG00000164163.6$ABCE1$chr4$146019084$+,0.52
chr4:145943000-145943200,ENSG00000164163.6$ABCE1$chr4$146019084$+,0.54
chr4:146035000-146037200,ENSG00000164163.6$ABCE1$chr4$146019084$+,0.73
chr4:146055400-146057600,ENSG00000164163.6$ABCE1$chr4$146019084$+,0.49
chr4:146058000-146058200,ENSG00000164163.6$ABCE1$chr4$146019084$+,0.55
chr4:146089800-146090600,ENSG00000164163.6$ABCE1$chr4$146019084$+,0.48
chr4:145943000-145943200,ENSG00000164164.11$OTUD4$chr4$146101313$-,0.36
chr4:146035000-146037200,ENSG00000164164.11$OTUD4$chr4$146101313$-,0.65
chr4:146055400-146057600,ENSG00000164164.11$OTUD4$chr4$146101313$-,0.62
chr4:146058000-146058200,ENSG00000164164.11$OTUD4$chr4$146101313$-,0.56
chr4:146089800-146090600,ENSG00000164164.11$OTUD4$chr4$146101313$-,0.73
chr4:147079600-147082000,ENSG00000164167.5$LSM6$chr4$147096837$+,0.75
chr4:148471200-148472800,ENSG00000164168.3$TMEM184C$chr4$148538534$+,0.46
chr4:148651200-148653400,ENSG00000164168.3$TMEM184C$chr4$148538534$+,0.36
chr4:148471200-148472800,ENSG00000164169.8$PRMT10$chr4$148605381$-,0.35
chr4:148537400-148538400,ENSG00000164169.8$PRMT10$chr4$148605381$-,0.5
chr4:148651200-148653400,ENSG00000164169.8$PRMT10$chr4$148605381$-,0.69
chr5:33964000-33966000,ENSG00000164175.10$SLC45A2$chr5$33984835$-,0.39
chr5:36070600-36072200,ENSG00000164187.6$LMBRD2$chr5$36152063$-,0.5
chr5:36168000-36169600,ENSG00000164187.6$LMBRD2$chr5$36152063$-,0.58
chr5:36890800-36892000,ENSG00000164190.12$NIPBL$chr5$36876861$+,0.54
chr5:36913600-36914800,ENSG00000164190.12$NIPBL$chr5$36876861$+,0.65
chr5:36925600-36926800,ENSG00000164190.12$NIPBL$chr5$36876861$+,0.69
chr5:36931400-36933200,ENSG00000164190.12$NIPBL$chr5$36876861$+,0.59
chr5:36989600-36991000,ENSG00000164190.12$NIPBL$chr5$36876861$+,0.45
chr5:36993200-36993600,ENSG00000164190.12$NIPBL$chr5$36876861$+,0.45
chr5:110061800-110062600,ENSG00000164209.12$SLC25A46$chr5$110073837$+,0.54
chr5:110634400-110636400,ENSG00000164211.8$STARD4$chr5$110848288$-,0.36
chr5:110672800-110674200,ENSG00000164211.8$STARD4$chr5$110848288$-,0.39
chr5:110675800-110676600,ENSG00000164211.8$STARD4$chr5$110848288$-,0.37
chr5:110676800-110678400,ENSG00000164211.8$STARD4$chr5$110848288$-,0.38
chr5:110678600-110680200,ENSG00000164211.8$STARD4$chr5$110848288$-,0.42
chr5:110684400-110685800,ENSG00000164211.8$STARD4$chr5$110848288$-,0.42
chr5:110695600-110697400,ENSG00000164211.8$STARD4$chr5$110848288$-,0.4
chr5:110765000-110767400,ENSG00000164211.8$STARD4$chr5$110848288$-,0.47
chr5:114503600-114505200,ENSG00000164219.5$PGGT1B$chr5$114598569$-,0.38
chr5:114506400-114507400,ENSG00000164219.5$PGGT1B$chr5$114598569$-,0.36
chr5:114630000-114631600,ENSG00000164219.5$PGGT1B$chr5$114598569$-,0.62
chr5:114632600-114633400,ENSG00000164219.5$PGGT1B$chr5$114598569$-,0.68
chr5:114503600-114505200,ENSG00000164221.8$CCDC112$chr5$114632528$-,0.41
chr5:114506400-114507400,ENSG00000164221.8$CCDC112$chr5$114632528$-,0.44
chr5:114598800-114599800,ENSG00000164221.8$CCDC112$chr5$114632528$-,0.66
chr5:114630000-114631600,ENSG00000164221.8$CCDC112$chr5$114632528$-,0.38
chr5:10283600-10285000,ENSG00000164237.4$CMBL$chr5$10308138$-,0.42
chr5:126366600-126368000,ENSG00000164241.9$C5orf63$chr5$126409184$-,0.54
chr5:126851200-126853000,ENSG00000164244.16$PRRC1$chr5$126853301$+,0.36
chr5:76383200-76385200,ENSG00000164252.8$AGGF1$chr5$76325076$+,0.4
chr5:52867000-52868600,ENSG00000164258.7$NDUFS4$chr5$52856463$+,0.63
chr5:52884800-52885800,ENSG00000164258.7$NDUFS4$chr5$52856463$+,0.59
chr5:54354400-54355800,ENSG00000164283.8$ESM1$chr5$54318499$-,0.56
chr5:54389000-54391200,ENSG00000164283.8$ESM1$chr5$54318499$-,0.53
chr5:54437000-54438800,ENSG00000164283.8$ESM1$chr5$54318499$-,0.38
chr5:54275800-54276600,ENSG00000164287.8$CDC20B$chr5$54469005$-,0.36
chr5:54389000-54391200,ENSG00000164287.8$CDC20B$chr5$54469005$-,0.57
chr5:54408600-54410200,ENSG00000164287.8$CDC20B$chr5$54469005$-,0.62
chr5:54429400-54431400,ENSG00000164287.8$CDC20B$chr5$54469005$-,0.58
chr5:54437000-54438800,ENSG00000164287.8$CDC20B$chr5$54469005$-,0.54
chr5:54441200-54442800,ENSG00000164287.8$CDC20B$chr5$54469005$-,0.69
chr5:54471400-54473600,ENSG00000164287.8$CDC20B$chr5$54469005$-,0.62
chr5:54633400-54635600,ENSG00000164287.8$CDC20B$chr5$54469005$-,0.35
chr5:94960800-94961200,ENSG00000164291.12$ARSK$chr5$94890778$+,0.62
chr5:94960800-94961200,ENSG00000164292.8$RHOBTB3$chr5$95049226$+,0.36
chr5:54441200-54442800,ENSG00000164294.9$GPX8$chr5$54455946$+,0.38
chr5:54471400-54473600,ENSG00000164294.9$GPX8$chr5$54455946$+,0.4
chr5:149280800-149282000,ENSG00000164296.6$TIGD6$chr5$149380730$-,0.45
chr5:149338200-149339800,ENSG00000164296.6$TIGD6$chr5$149380730$-,0.58
chr5:149378000-149379600,ENSG00000164296.6$TIGD6$chr5$149380730$-,0.42
chr5:79531800-79532200,ENSG00000164300.11$SERINC5$chr5$79551898$-,0.57
chr5:79580200-79581400,ENSG00000164300.11$SERINC5$chr5$79551898$-,0.58
chr6:7281400-7283200,ENSG00000164304.11$CAGE1$chr6$7389976$-,0.49
chr6:7305000-7306200,ENSG00000164304.11$CAGE1$chr6$7389976$-,0.56
chr4:185495800-185497600,ENSG00000164305.13$CASP3$chr4$185570663$-,0.35
chr4:185627200-185628200,ENSG00000164305.13$CASP3$chr4$185570663$-,0.48
chr4:185385000-185387200,ENSG00000164306.6$PRIMPOL$chr4$185570767$+,0.37
chr4:185423800-185426200,ENSG00000164306.6$PRIMPOL$chr4$185570767$+,0.47
chr4:185495800-185497600,ENSG00000164306.6$PRIMPOL$chr4$185570767$+,0.45
chr4:185627200-185628200,ENSG00000164306.6$PRIMPOL$chr4$185570767$+,0.48
chr4:185660000-185662200,ENSG00000164306.6$PRIMPOL$chr4$185570767$+,0.49
chr5:96006400-96008200,ENSG00000164307.8$ERAP1$chr5$96143803$-,0.37
chr5:96018000-96020000,ENSG00000164307.8$ERAP1$chr5$96143803$-,0.39
chr5:96021800-96024200,ENSG00000164307.8$ERAP1$chr5$96143803$-,0.4
chr5:96128600-96129400,ENSG00000164307.8$ERAP1$chr5$96143803$-,0.69
chr4:186043400-186044600,ENSG00000164323.8$KIAA1430$chr4$186130658$-,0.36
chr4:186062200-186064000,ENSG00000164323.8$KIAA1430$chr4$186130658$-,0.43
chr4:186112600-186114400,ENSG00000164323.8$KIAA1430$chr4$186130658$-,0.48
chr4:186117600-186118200,ENSG00000164323.8$KIAA1430$chr4$186130658$-,0.49
chr4:186260600-186262800,ENSG00000164323.8$KIAA1430$chr4$186130658$-,0.35
chr4:186263200-186264000,ENSG00000164323.8$KIAA1430$chr4$186130658$-,0.43
chr5:39001200-39003400,ENSG00000164327.8$RICTOR$chr5$39074510$-,0.45
chr5:39041000-39042000,ENSG00000164327.8$RICTOR$chr5$39074510$-,0.55
chr5:39231000-39232600,ENSG00000164327.8$RICTOR$chr5$39074510$-,0.45
chr5:158546800-158548800,ENSG00000164330.12$EBF1$chr5$158526769$-,0.5
chr5:72746000-72748400,ENSG00000164331.5$ANKRA2$chr5$72861511$-,0.41
chr5:72815200-72816200,ENSG00000164331.5$ANKRA2$chr5$72861511$-,0.58
chr5:158616000-158617600,ENSG00000164332.6$UBLCP1$chr5$158690089$+,0.46
chr5:158619000-158620400,ENSG00000164332.6$UBLCP1$chr5$158690089$+,0.41
chr5:158688200-158689800,ENSG00000164332.6$UBLCP1$chr5$158690089$+,0.35
chr5:158696200-158698600,ENSG00000164332.6$UBLCP1$chr5$158690089$+,0.68
chr5:158701000-158702400,ENSG00000164332.6$UBLCP1$chr5$158690089$+,0.52
chr5:158703600-158705200,ENSG00000164332.6$UBLCP1$chr5$158690089$+,0.67
chr5:158772000-158774200,ENSG00000164332.6$UBLCP1$chr5$158690089$+,0.39
chr5:118788800-118790800,ENSG00000164334.11$FAM170A$chr5$118965254$+,0.35
chr5:72746000-72748400,ENSG00000164338.5$UTP15$chr5$72861268$+,0.44
chr5:72815200-72816200,ENSG00000164338.5$UTP15$chr5$72861268$+,0.57
chr4:186979200-186980800,ENSG00000164342.8$TLR3$chr4$186990306$+,0.64
chr4:187109600-187111800,ENSG00000164344.11$KLKB1$chr4$187130133$+,0.55
chr5:73978400-73980800,ENSG00000164346.5$NSA2$chr5$74062817$+,0.5
chr5:74233000-74235200,ENSG00000164346.5$NSA2$chr5$74062817$+,0.44
chr5:73978400-73980800,ENSG00000164347.13$GFM2$chr5$74063196$-,0.53
chr5:74233000-74235200,ENSG00000164347.13$GFM2$chr5$74063196$-,0.42
chr5:1167400-1169600,ENSG00000164362.14$TERT$chr5$1295184$-,0.53
chr5:1268200-1270000,ENSG00000164362.14$TERT$chr5$1295184$-,0.67
chr6:47598400-47600400,ENSG00000164393.4$GPR111$chr6$47624172$+,0.35
chr5:131236400-131238800,ENSG00000164399.4$IL3$chr5$131396222$+,0.4
chr5:131445200-131447600,ENSG00000164399.4$IL3$chr5$131396222$+,0.53
chr5:131449200-131451600,ENSG00000164399.4$IL3$chr5$131396222$+,0.56
chr5:131452000-131453800,ENSG00000164399.4$IL3$chr5$131396222$+,0.49
chr5:131236400-131238800,ENSG00000164400.4$CSF2$chr5$131409483$+,0.38
chr5:131445200-131447600,ENSG00000164400.4$CSF2$chr5$131409483$+,0.63
chr5:131449200-131451600,ENSG00000164400.4$CSF2$chr5$131409483$+,0.62
chr5:131452000-131453800,ENSG00000164400.4$CSF2$chr5$131409483$+,0.61
chr5:132200200-132201800,ENSG00000164403.10$SHROOM1$chr5$132166590$-,0.6
chr5:132203000-132204800,ENSG00000164403.10$SHROOM1$chr5$132166590$-,0.51
chr5:132359800-132361600,ENSG00000164405.6$UQCRQ$chr5$132202252$+,0.38
chr5:132200200-132201800,ENSG00000164406.7$LEAP2$chr5$132208014$+,0.39
chr5:132203000-132204800,ENSG00000164406.7$LEAP2$chr5$132208014$+,0.56
chr6:87988400-87990400,ENSG00000164411.6$GJB7$chr6$88038996$-,0.44
chr6:88116600-88117400,ENSG00000164414.12$SLC35A1$chr6$88180341$+,0.53
chr6:88224400-88225200,ENSG00000164414.12$SLC35A1$chr6$88180341$+,0.5
chr6:74020200-74020800,ENSG00000164430.11$MB21D1$chr6$74161999$-,0.49
chr6:74097600-74098800,ENSG00000164430.11$MB21D1$chr6$74161999$-,0.52
chr6:74148000-74148800,ENSG00000164430.11$MB21D1$chr6$74161999$-,0.57
chr6:74175800-74176400,ENSG00000164430.11$MB21D1$chr6$74161999$-,0.65
chr6:74180000-74182000,ENSG00000164430.11$MB21D1$chr6$74161999$-,0.56
chr6:74361600-74362800,ENSG00000164430.11$MB21D1$chr6$74161999$-,0.38
chr6:139430400-139430800,ENSG00000164440.10$TXLNB$chr6$139613276$-,0.46
chr6:139498800-139499600,ENSG00000164440.10$TXLNB$chr6$139613276$-,0.36
chr6:139500400-139500600,ENSG00000164440.10$TXLNB$chr6$139613276$-,0.35
chr6:139502400-139503000,ENSG00000164440.10$TXLNB$chr6$139613276$-,0.37
chr6:139531200-139532600,ENSG00000164440.10$TXLNB$chr6$139613276$-,0.46
chr6:139539600-139541800,ENSG00000164440.10$TXLNB$chr6$139613276$-,0.49
chr6:139568200-139569400,ENSG00000164440.10$TXLNB$chr6$139613276$-,0.55
chr6:139810800-139812600,ENSG00000164442.8$CITED2$chr6$139695757$-,0.35
chr5:172386800-172388800,ENSG00000164463.8$CREBRF$chr5$172483355$+,0.35
chr5:172408600-172410800,ENSG00000164463.8$CREBRF$chr5$172483355$+,0.35
chr5:172419400-172421800,ENSG00000164463.8$CREBRF$chr5$172483355$+,0.38
chr5:172466000-172467800,ENSG00000164463.8$CREBRF$chr5$172483355$+,0.51
chr5:172501800-172503200,ENSG00000164463.8$CREBRF$chr5$172483355$+,0.56
chr5:174914000-174915400,ENSG00000164466.8$SFXN1$chr5$174904065$+,0.42
chr5:174915600-174917800,ENSG00000164466.8$SFXN1$chr5$174904065$+,0.41
chr6:130711400-130712400,ENSG00000164483.12$SAMD3$chr6$130686570$-,0.41
chr6:130719200-130719400,ENSG00000164483.12$SAMD3$chr6$130686570$-,0.38
chr6:130721600-130723600,ENSG00000164483.12$SAMD3$chr6$130686570$-,0.45
chr6:130711400-130712400,ENSG00000164484.7$TMEM200A$chr6$130686879$+,0.43
chr6:130719200-130719400,ENSG00000164484.7$TMEM200A$chr6$130686879$+,0.39
chr6:130721600-130723600,ENSG00000164484.7$TMEM200A$chr6$130686879$+,0.46
chr6:137516400-137518600,ENSG00000164485.10$IL22RA2$chr6$137494785$-,0.42
chr7:50131800-50133600,ENSG00000164500.6$C7orf72$chr7$50135632$+,0.6
chr7:50181800-50184000,ENSG00000164500.6$C7orf72$chr7$50135632$+,0.81
chr7:50279800-50281200,ENSG00000164500.6$C7orf72$chr7$50135632$+,0.4
chr7:50289800-50290000,ENSG00000164500.6$C7orf72$chr7$50135632$+,0.41
chr7:50291400-50293000,ENSG00000164500.6$C7orf72$chr7$50135632$+,0.39
chr7:50442600-50443200,ENSG00000164500.6$C7orf72$chr7$50135632$+,0.36
chr6:147521400-147523400,ENSG00000164506.10$STXBP5$chr6$147525561$+,0.63
chr6:147618600-147620000,ENSG00000164506.10$STXBP5$chr6$147525561$+,0.46
chr6:25852000-25852800,ENSG00000164508.3$HIST1H2AA$chr6$25726790$-,0.39
chr6:36843000-36844400,ENSG00000164530.9$PI16$chr6$36922209$+,0.51
chr6:36852400-36853600,ENSG00000164530.9$PI16$chr6$36922209$+,0.44
chr6:36954600-36956200,ENSG00000164530.9$PI16$chr6$36922209$+,0.48
chr7:6383200-6384800,ENSG00000164535.10$DAGLB$chr7$6523821$-,0.37
chr7:6411600-6413800,ENSG00000164535.10$DAGLB$chr7$6523821$-,0.41
chr7:6544200-6546400,ENSG00000164535.10$DAGLB$chr7$6523821$-,0.5
chr7:6565200-6567200,ENSG00000164535.10$DAGLB$chr7$6523821$-,0.52
chr7:6593000-6595200,ENSG00000164535.10$DAGLB$chr7$6523821$-,0.5
chr7:6615600-6617000,ENSG00000164535.10$DAGLB$chr7$6523821$-,0.41
chr7:36407200-36408600,ENSG00000164542.8$KIAA0895$chr7$36429734$-,0.61
chr7:36417400-36419600,ENSG00000164542.8$KIAA0895$chr7$36429734$-,0.51
chr7:43516400-43518200,ENSG00000164543.5$STK17A$chr7$43622357$+,0.45
chr7:43643200-43644200,ENSG00000164543.5$STK17A$chr7$43622357$+,0.65
chr7:43712600-43715000,ENSG00000164543.5$STK17A$chr7$43622357$+,0.4
chr7:43728200-43729600,ENSG00000164543.5$STK17A$chr7$43622357$+,0.35
chr7:43756200-43757000,ENSG00000164543.5$STK17A$chr7$43622357$+,0.39
chr7:23486400-23486600,ENSG00000164548.6$TRA2A$chr7$23571660$-,0.54
chr7:23529000-23530200,ENSG00000164548.6$TRA2A$chr7$23571660$-,0.55
chr7:23530600-23531800,ENSG00000164548.6$TRA2A$chr7$23571660$-,0.49
chr7:23718600-23720000,ENSG00000164548.6$TRA2A$chr7$23571660$-,0.4
chr7:23720600-23722000,ENSG00000164548.6$TRA2A$chr7$23571660$-,0.41
chr5:153416000-153417800,ENSG00000164574.11$GALNT10$chr5$153570290$+,0.35
chr5:153568400-153569400,ENSG00000164574.11$GALNT10$chr5$153570290$+,0.36
chr7:107198200-107199000,ENSG00000164597.9$COG5$chr7$107204959$-,0.47
chr7:107318000-107319800,ENSG00000164597.9$COG5$chr7$107204959$-,0.48
chr7:112506200-112507400,ENSG00000164603.7$C7orf60$chr7$112579971$-,0.49
chr7:112529000-112531000,ENSG00000164603.7$C7orf60$chr7$112579971$-,0.58
chr5:159827400-159828200,ENSG00000164609.5$SLU7$chr5$159848718$-,0.68
chr5:159865200-159867000,ENSG00000164609.5$SLU7$chr5$159848718$-,0.67
chr5:159867200-159869200,ENSG00000164609.5$SLU7$chr5$159848718$-,0.67
chr7:32982600-32983600,ENSG00000164610.4$RP9$chr7$33149013$-,0.38
chr7:33103200-33104400,ENSG00000164610.4$RP9$chr7$33149013$-,0.65
chr7:33167200-33168600,ENSG00000164610.4$RP9$chr7$33149013$-,0.68
chr5:159827400-159828200,ENSG00000164611.8$PTTG1$chr5$159848829$+,0.66
chr5:159865200-159867000,ENSG00000164611.8$PTTG1$chr5$159848829$+,0.7
chr5:159867200-159869200,ENSG00000164611.8$PTTG1$chr5$159848829$+,0.64
chr5:133965800-133967800,ENSG00000164615.3$CAMLG$chr5$134074191$+,0.36
chr5:133968600-133971000,ENSG00000164615.3$CAMLG$chr5$134074191$+,0.49
chr5:134148400-134150600,ENSG00000164615.3$CAMLG$chr5$134074191$+,0.48
chr5:134208800-134209800,ENSG00000164615.3$CAMLG$chr5$134074191$+,0.45
chr5:140929400-140930600,ENSG00000164620.4$RELL2$chr5$141016517$+,0.46
chr6:39083000-39084400,ENSG00000164626.8$KCNK5$chr6$39197226$-,0.38
chr7:6544200-6546400,ENSG00000164631.14$ZNF12$chr7$6746554$-,0.36
chr7:6593000-6595200,ENSG00000164631.14$ZNF12$chr7$6746554$-,0.44
chr7:6615600-6617000,ENSG00000164631.14$ZNF12$chr7$6746554$-,0.43
chr7:6641600-6642600,ENSG00000164631.14$ZNF12$chr7$6746554$-,0.39
chr7:6770200-6771400,ENSG00000164631.14$ZNF12$chr7$6746554$-,0.66
chr7:6772400-6772800,ENSG00000164631.14$ZNF12$chr7$6746554$-,0.52
chr7:5279400-5281800,ENSG00000164638.6$SLC29A4$chr7$5314000$+,0.4
chr7:89747600-89749800,ENSG00000164647.4$STEAP1$chr7$89783689$+,0.44
chr7:7677800-7679400,ENSG00000164654.11$MIOS$chr7$7606503$+,0.52
chr7:7738000-7740000,ENSG00000164654.11$MIOS$chr7$7606503$+,0.4
chr7:86568400-86569800,ENSG00000164659.10$KIAA1324L$chr7$86689015$-,0.46
chr7:86620600-86622200,ENSG00000164659.10$KIAA1324L$chr7$86689015$-,0.6
chr7:86703800-86706200,ENSG00000164659.10$KIAA1324L$chr7$86689015$-,0.69
chr7:86780200-86781200,ENSG00000164659.10$KIAA1324L$chr7$86689015$-,0.42
chr7:86804400-86806000,ENSG00000164659.10$KIAA1324L$chr7$86689015$-,0.51
chr7:86807000-86807400,ENSG00000164659.10$KIAA1324L$chr7$86689015$-,0.51
chr7:86819000-86821400,ENSG00000164659.10$KIAA1324L$chr7$86689015$-,0.48
chr7:86826400-86826600,ENSG00000164659.10$KIAA1324L$chr7$86689015$-,0.43
chr7:86827200-86827800,ENSG00000164659.10$KIAA1324L$chr7$86689015$-,0.43
chr7:86850000-86851200,ENSG00000164659.10$KIAA1324L$chr7$86689015$-,0.35
chr6:41886800-41888400,ENSG00000164663.9$USP49$chr6$41863099$-,0.72
chr6:41919800-41921800,ENSG00000164663.9$USP49$chr6$41863099$-,0.55
chr6:41964200-41966200,ENSG00000164663.9$USP49$chr6$41863099$-,0.39
chr6:41968600-41970600,ENSG00000164663.9$USP49$chr6$41863099$-,0.36
chr6:158979600-158980800,ENSG00000164674.11$SYTL3$chr6$159071046$+,0.4
chr6:159204800-159207000,ENSG00000164674.11$SYTL3$chr6$159071046$+,0.43
chr7:123186800-123187800,ENSG00000164675.6$IQUB$chr7$123175131$-,0.74
chr7:123198400-123199200,ENSG00000164675.6$IQUB$chr7$123175131$-,0.65
chr8:82131400-82131800,ENSG00000164687.6$FABP5$chr8$82192598$+,0.37
chr6:159391800-159394000,ENSG00000164691.12$TAGAP$chr6$159466184$-,0.45
chr6:159410600-159412800,ENSG00000164691.12$TAGAP$chr6$159466184$-,0.48
chr6:159419000-159420200,ENSG00000164691.12$TAGAP$chr6$159466184$-,0.5
chr6:159532800-159533200,ENSG00000164691.12$TAGAP$chr6$159466184$-,0.48
chr6:159602000-159604200,ENSG00000164691.12$TAGAP$chr6$159466184$-,0.37
chr6:159602000-159604200,ENSG00000164694.12$FNDC1$chr6$159590429$+,0.46
chr8:82619200-82621400,ENSG00000164695.4$CHMP4C$chr8$82644669$+,0.5
chr7:97680000-97681000,ENSG00000164715.5$LMTK2$chr7$97736197$+,0.48
chr17:33286600-33288000,ENSG00000164729.6$SLC35G3$chr17$33521412$-,0.36
chr17:33289400-33291400,ENSG00000164729.6$SLC35G3$chr17$33521412$-,0.36
chr17:33355000-33356400,ENSG00000164729.6$SLC35G3$chr17$33521412$-,0.36
chr17:33359200-33361000,ENSG00000164729.6$SLC35G3$chr17$33521412$-,0.35
chr17:33466200-33468600,ENSG00000164729.6$SLC35G3$chr17$33521412$-,0.46
chr17:33498000-33500200,ENSG00000164729.6$SLC35G3$chr17$33521412$-,0.56
chr17:33505800-33506000,ENSG00000164729.6$SLC35G3$chr17$33521412$-,0.59
chr17:33506800-33508600,ENSG00000164729.6$SLC35G3$chr17$33521412$-,0.55
chr17:33532400-33534600,ENSG00000164729.6$SLC35G3$chr17$33521412$-,0.56
chr17:33551600-33553800,ENSG00000164729.6$SLC35G3$chr17$33521412$-,0.5
chr17:33588600-33590400,ENSG00000164729.6$SLC35G3$chr17$33521412$-,0.39
chr7:48018800-48020200,ENSG00000164744.8$SUN3$chr7$48068716$-,0.6
chr7:48140600-48143000,ENSG00000164744.8$SUN3$chr7$48068716$-,0.38
chr7:48018800-48020200,ENSG00000164746.9$C7orf57$chr7$48075108$+,0.54
chr7:48140600-48143000,ENSG00000164746.9$C7orf57$chr7$48075108$+,0.44
chr8:77892200-77893400,ENSG00000164751.10$PEX2$chr8$77913280$-,0.6
chr8:117768600-117769400,ENSG00000164754.8$RAD21$chr8$117887105$-,0.4
chr7:56174600-56176000,ENSG00000164776.5$PHKG1$chr7$56160689$-,0.47
chr8:90751200-90752200,ENSG00000164823.5$OSGIN2$chr8$90914087$+,0.38
chr8:90860000-90861800,ENSG00000164823.5$OSGIN2$chr8$90914087$+,0.47
chr8:90918400-90919000,ENSG00000164823.5$OSGIN2$chr8$90914087$+,0.62
chr8:90919800-90921600,ENSG00000164823.5$OSGIN2$chr8$90914087$+,0.77
chr8:90928600-90929800,ENSG00000164823.5$OSGIN2$chr8$90914087$+,0.56
chr8:90996800-90997800,ENSG00000164823.5$OSGIN2$chr8$90914087$+,0.47
chr8:91012000-91013200,ENSG00000164823.5$OSGIN2$chr8$90914087$+,0.43
chr7:764200-766400,ENSG00000164828.13$SUN1$chr7$855528$+,0.36
chr7:1176200-1177400,ENSG00000164849.7$GPR146$chr7$1084212$+,0.5
chr7:1200400-1202600,ENSG00000164849.7$GPR146$chr7$1084212$+,0.36
chr7:1214800-1217200,ENSG00000164849.7$GPR146$chr7$1084212$+,0.41
chr7:1200400-1202600,ENSG00000164853.8$UNCX$chr7$1272543$+,0.57
chr7:1214800-1217200,ENSG00000164853.8$UNCX$chr7$1272543$+,0.47
chr7:1443000-1445200,ENSG00000164853.8$UNCX$chr7$1272543$+,0.36
chr7:1610400-1612800,ENSG00000164855.11$TMEM184A$chr7$1600457$-,0.5
chr7:1443000-1445200,ENSG00000164877.14$MICALL2$chr7$1499138$-,0.38
chr7:1443000-1445200,ENSG00000164880.11$INTS1$chr7$1545489$-,0.35
chr7:1610400-1612800,ENSG00000164880.11$INTS1$chr7$1545489$-,0.49
chr7:1618400-1620800,ENSG00000164880.11$INTS1$chr7$1545489$-,0.39
chr7:150627800-150629400,ENSG00000164885.8$CDK5$chr7$150755617$-,0.41
chr7:150753000-150754600,ENSG00000164885.8$CDK5$chr7$150755617$-,0.39
chr7:150778000-150780000,ENSG00000164885.8$CDK5$chr7$150755617$-,0.57
chr7:150921600-150923600,ENSG00000164885.8$CDK5$chr7$150755617$-,0.37
chr7:150778000-150780000,ENSG00000164889.8$SLC4A2$chr7$150754297$+,0.53
chr7:150921600-150923600,ENSG00000164889.8$SLC4A2$chr7$150754297$+,0.37
chr7:150925000-150926200,ENSG00000164889.8$SLC4A2$chr7$150754297$+,0.35
chr8:87349600-87351200,ENSG00000164893.4$SLC7A13$chr8$87333375$-,0.4
chr7:150627800-150629400,ENSG00000164896.15$FASTK$chr7$150777953$-,0.42
chr7:150753000-150754600,ENSG00000164896.15$FASTK$chr7$150777953$-,0.52
chr7:150921600-150923600,ENSG00000164896.15$FASTK$chr7$150777953$-,0.4
chr7:150925000-150926200,ENSG00000164896.15$FASTK$chr7$150777953$-,0.37
chr7:150927800-150929200,ENSG00000164896.15$FASTK$chr7$150777953$-,0.44
chr7:150753000-150754600,ENSG00000164897.8$TMUB1$chr7$150780633$-,0.57
chr7:150921600-150923600,ENSG00000164897.8$TMUB1$chr7$150780633$-,0.46
chr7:150925000-150926200,ENSG00000164897.8$TMUB1$chr7$150780633$-,0.49
chr7:150927800-150929200,ENSG00000164897.8$TMUB1$chr7$150780633$-,0.37
chr7:139027000-139029200,ENSG00000164898.8$C7orf55$chr7$139024203$+,0.63
chr7:139041200-139043400,ENSG00000164898.8$C7orf55$chr7$139024203$+,0.65
chr7:4678000-4679200,ENSG00000164916.9$FOXK1$chr7$4683388$+,0.66
chr7:4680600-4681400,ENSG00000164916.9$FOXK1$chr7$4683388$+,0.46
chr7:4720400-4722800,ENSG00000164916.9$FOXK1$chr7$4683388$+,0.62
chr7:4816000-4818400,ENSG00000164916.9$FOXK1$chr7$4683388$+,0.36
chr8:100894000-100894600,ENSG00000164919.6$COX6C$chr8$100906290$-,0.53
chr8:99985600-99987800,ENSG00000164920.5$OSR2$chr8$99956631$+,0.45
chr8:101847200-101848400,ENSG00000164924.13$YWHAZ$chr8$101965616$-,0.46
chr8:102134800-102136400,ENSG00000164924.13$YWHAZ$chr8$101965616$-,0.45
chr8:104031800-104032800,ENSG00000164929.12$BAALC$chr8$104152938$+,0.43
chr8:104351400-104353000,ENSG00000164930.7$FZD6$chr8$104310661$+,0.35
chr8:104365000-104367200,ENSG00000164930.7$FZD6$chr8$104310661$+,0.43
chr8:104351400-104353000,ENSG00000164932.8$CTHRC1$chr8$104383743$+,0.55
chr8:104365000-104367200,ENSG00000164932.8$CTHRC1$chr8$104383743$+,0.56
chr8:104472600-104474800,ENSG00000164932.8$CTHRC1$chr8$104383743$+,0.38
chr8:104351400-104353000,ENSG00000164933.7$SLC25A32$chr8$104427417$-,0.55
chr8:104365000-104367200,ENSG00000164933.7$SLC25A32$chr8$104427417$-,0.61
chr8:104472600-104474800,ENSG00000164933.7$SLC25A32$chr8$104427417$-,0.58
chr8:104351400-104353000,ENSG00000164934.9$DCAF13$chr8$104426942$+,0.55
chr8:104365000-104367200,ENSG00000164934.9$DCAF13$chr8$104426942$+,0.51
chr8:104472600-104474800,ENSG00000164934.9$DCAF13$chr8$104426942$+,0.59
chr8:95945400-95946000,ENSG00000164938.9$TP53INP1$chr8$95961639$-,0.39
chr8:95833600-95835000,ENSG00000164941.9$INTS8$chr8$95825539$+,0.58
chr8:95730400-95731400,ENSG00000164944.7$KIAA1429$chr8$95565757$-,0.39
chr8:94717600-94720000,ENSG00000164953.11$TMEM67$chr8$94767072$+,0.54
chr8:94753400-94754600,ENSG00000164953.11$TMEM67$chr8$94767072$+,0.72
chr8:125984000-125985400,ENSG00000164961.11$KIAA0196$chr8$126104082$-,0.4
chr9:34609800-34611600,ENSG00000164967.5$RPP25L$chr9$34612101$-,0.35
chr9:34618000-34620000,ENSG00000164967.5$RPP25L$chr9$34612101$-,0.76
chr9:34638200-34639400,ENSG00000164967.5$RPP25L$chr9$34612101$-,0.63
chr9:34609800-34611600,ENSG00000164970.10$FAM219A$chr9$34458568$-,0.36
chr9:34612600-34615000,ENSG00000164970.10$FAM219A$chr9$34458568$-,0.39
chr9:34618000-34620000,ENSG00000164970.10$FAM219A$chr9$34458568$-,0.35
chr9:15349800-15352200,ENSG00000164975.11$SNAPC3$chr9$15422702$+,0.48
chr9:15433400-15435200,ENSG00000164975.11$SNAPC3$chr9$15422702$+,0.58
chr9:15437400-15439600,ENSG00000164975.11$SNAPC3$chr9$15422702$+,0.72
chr9:15475600-15477200,ENSG00000164975.11$SNAPC3$chr9$15422702$+,0.56
chr9:34127000-34128400,ENSG00000164978.13$NUDT2$chr9$34329504$+,0.39
chr9:34171400-34173200,ENSG00000164978.13$NUDT2$chr9$34329504$+,0.44
chr9:34211000-34212000,ENSG00000164978.13$NUDT2$chr9$34329504$+,0.35
chr8:125343000-125344800,ENSG00000164983.6$TMEM65$chr8$125384933$-,0.49
chr8:125360800-125363000,ENSG00000164983.6$TMEM65$chr8$125384933$-,0.43
chr8:125363200-125365600,ENSG00000164983.6$TMEM65$chr8$125384933$-,0.49
chr9:15228400-15230600,ENSG00000164985.10$PSIP1$chr9$15511017$-,0.36
chr9:15349800-15352200,ENSG00000164985.10$PSIP1$chr9$15511017$-,0.37
chr9:15420600-15422400,ENSG00000164985.10$PSIP1$chr9$15511017$-,0.49
chr9:15433400-15435200,ENSG00000164985.10$PSIP1$chr9$15511017$-,0.56
chr9:15437400-15439600,ENSG00000164985.10$PSIP1$chr9$15511017$-,0.61
chr9:15475600-15477200,ENSG00000164985.10$PSIP1$chr9$15511017$-,0.76
chr9:15437400-15439600,ENSG00000164989.11$CCDC171$chr9$15552895$+,0.35
chr9:33987400-33989200,ENSG00000165006.9$UBAP1$chr9$34179003$+,0.38
chr9:34049600-34050800,ENSG00000165006.9$UBAP1$chr9$34179003$+,0.38
chr9:34127000-34128400,ENSG00000165006.9$UBAP1$chr9$34179003$+,0.59
chr9:34171400-34173200,ENSG00000165006.9$UBAP1$chr9$34179003$+,0.71
chr9:34206000-34207600,ENSG00000165006.9$UBAP1$chr9$34179003$+,0.64
chr9:34211000-34212000,ENSG00000165006.9$UBAP1$chr9$34179003$+,0.58
chr9:93626200-93627800,ENSG00000165025.10$SYK$chr9$93564069$+,0.43
chr9:107690400-107692000,ENSG00000165028.7$NIPSNAP3B$chr9$107526438$+,0.37
chr9:107729000-107730600,ENSG00000165029.11$ABCA1$chr9$107690518$-,0.57
chr9:94099600-94101000,ENSG00000165030.3$NFIL3$chr9$94186144$-,0.39
chr9:94124200-94125000,ENSG00000165030.3$NFIL3$chr9$94186144$-,0.56
chr7:127984000-127984600,ENSG00000165055.11$METTL2B$chr7$128116783$+,0.42
chr7:128050400-128051600,ENSG00000165055.11$METTL2B$chr7$128116783$+,0.46
chr7:128169000-128170600,ENSG00000165055.11$METTL2B$chr7$128116783$+,0.51
chr7:128182200-128184200,ENSG00000165055.11$METTL2B$chr7$128116783$+,0.52
chr7:128200200-128201600,ENSG00000165055.11$METTL2B$chr7$128116783$+,0.44
chr7:128248600-128249600,ENSG00000165055.11$METTL2B$chr7$128116783$+,0.47
chr9:71546000-71547400,ENSG00000165059.5$PRKACG$chr9$71629039$-,0.42
chr9:71645400-71646800,ENSG00000165059.5$PRKACG$chr9$71629039$-,0.43
chr9:71650000-71651000,ENSG00000165059.5$PRKACG$chr9$71629039$-,0.4
chr9:71651600-71653400,ENSG00000165059.5$PRKACG$chr9$71629039$-,0.43
chr9:71737200-71738200,ENSG00000165059.5$PRKACG$chr9$71629039$-,0.36
chr9:71546000-71547400,ENSG00000165060.7$FXN$chr9$71650175$+,0.4
chr9:71645400-71646800,ENSG00000165060.7$FXN$chr9$71650175$+,0.62
chr9:71651600-71653400,ENSG00000165060.7$FXN$chr9$71650175$+,0.4
chr9:71737200-71738200,ENSG00000165060.7$FXN$chr9$71650175$+,0.49
chr8:133625200-133627200,ENSG00000165071.10$TMEM71$chr8$133772958$-,0.35
chr8:133688200-133689600,ENSG00000165071.10$TMEM71$chr8$133772958$-,0.39
chr8:133707200-133708600,ENSG00000165071.10$TMEM71$chr8$133772958$-,0.5
chr8:133786600-133787600,ENSG00000165071.10$TMEM71$chr8$133772958$-,0.64
chr6:17988200-17990000,ENSG00000165097.9$KDM1B$chr6$18155560$+,0.42
chr6:18115000-18116600,ENSG00000165097.9$KDM1B$chr6$18155560$+,0.53
chr6:18248800-18249000,ENSG00000165097.9$KDM1B$chr6$18155560$+,0.45
chr8:42994000-42995000,ENSG00000165102.10$HGSNAT$chr8$42995556$+,0.35
chr8:43021200-43023600,ENSG00000165102.10$HGSNAT$chr8$42995556$+,0.38
chr9:86323800-86324600,ENSG00000165113.8$GKAP1$chr9$86444431$-,0.35
chr9:86430200-86432000,ENSG00000165113.8$GKAP1$chr9$86444431$-,0.41
chr9:86534600-86535800,ENSG00000165113.8$GKAP1$chr9$86444431$-,0.42
chr9:86569800-86571200,ENSG00000165113.8$GKAP1$chr9$86444431$-,0.36
chr9:86430200-86432000,ENSG00000165115.10$KIF27$chr9$86536342$-,0.59
chr9:86569800-86571200,ENSG00000165115.10$KIF27$chr9$86536342$-,0.57
chr9:86585400-86586000,ENSG00000165115.10$KIF27$chr9$86536342$-,0.58
chr9:86534600-86535800,ENSG00000165118.10$C9orf64$chr9$86571901$-,0.43
chr9:86585400-86586000,ENSG00000165118.10$C9orf64$chr9$86571901$-,0.54
chr9:86430200-86432000,ENSG00000165119.14$HNRNPK$chr9$86595569$-,0.43
chr9:86534600-86535800,ENSG00000165119.14$HNRNPK$chr9$86595569$-,0.57
chr9:86569800-86571200,ENSG00000165119.14$HNRNPK$chr9$86595569$-,0.63
chr9:86585400-86586000,ENSG00000165119.14$HNRNPK$chr9$86595569$-,0.6
chr9:86721600-86723800,ENSG00000165119.14$HNRNPK$chr9$86595569$-,0.43
chr7:129689400-129690600,ENSG00000165120.3$SSMEM1$chr7$129847700$+,0.43
chr7:129708400-129709800,ENSG00000165120.3$SSMEM1$chr7$129847700$+,0.39
chr9:97373600-97375800,ENSG00000165140.5$FBP1$chr9$97402531$-,0.39
chr9:104323000-104325400,ENSG00000165152.4$TMEM246$chr9$104295819$-,0.71
chr8:124322000-124324000,ENSG00000165156.10$ZHX1$chr8$124287781$-,0.38
chrX:37683000-37685000,ENSG00000165168.6$CYBB$chrX$37639264$+,0.68
chrX:37688000-37690400,ENSG00000165168.6$CYBB$chrX$37639264$+,0.63
chrX:37707000-37708200,ENSG00000165168.6$CYBB$chrX$37639264$+,0.52
chrX:37683000-37685000,ENSG00000165169.6$DYNLT3$chrX$37706890$-,0.53
chrX:37688000-37690400,ENSG00000165169.6$DYNLT3$chrX$37706890$-,0.62
chrX:38673400-38674200,ENSG00000165175.11$MID1IP1$chrX$38660685$+,0.48
chrX:23684000-23685600,ENSG00000165182.6$CXorf58$chrX$23925918$+,0.36
chrX:23753800-23754400,ENSG00000165182.6$CXorf58$chrX$23925918$+,0.39
chrX:23758400-23760600,ENSG00000165182.6$CXorf58$chrX$23925918$+,0.52
chrX:23761400-23762800,ENSG00000165182.6$CXorf58$chrX$23925918$+,0.51
chrX:23763000-23765000,ENSG00000165182.6$CXorf58$chrX$23925918$+,0.4
chrX:23948400-23950800,ENSG00000165182.6$CXorf58$chrX$23925918$+,0.45
chrX:24004400-24004600,ENSG00000165182.6$CXorf58$chrX$23925918$+,0.35
chrX:24028000-24029000,ENSG00000165182.6$CXorf58$chrX$23925918$+,0.52
chrX:24031800-24034200,ENSG00000165182.6$CXorf58$chrX$23925918$+,0.48
chrX:24044400-24045400,ENSG00000165182.6$CXorf58$chrX$23925918$+,0.38
chr9:115110200-115112600,ENSG00000165185.10$KIAA1958$chr9$115249127$+,0.4
chr9:115246800-115248600,ENSG00000165185.10$KIAA1958$chr9$115249127$+,0.53
chr9:125597000-125598600,ENSG00000165204.2$OR1K1$chr9$125562370$+,0.49
chr9:127905600-127907000,ENSG00000165219.17$GAPVD1$chr9$128024073$+,0.35
chr9:128030200-128032000,ENSG00000165219.17$GAPVD1$chr9$128024073$+,0.43
chr9:95759000-95759400,ENSG00000165233.13$C9orf89$chr9$95858500$+,0.43
chr9:95760800-95761000,ENSG00000165233.13$C9orf89$chr9$95858500$+,0.43
chr9:95781800-95784200,ENSG00000165233.13$C9orf89$chr9$95858500$+,0.4
chr9:95804600-95806800,ENSG00000165233.13$C9orf89$chr9$95858500$+,0.46
chrX:76927400-76928000,ENSG00000165240.13$ATP7A$chrX$77166194$+,0.39
chrX:76995600-76997000,ENSG00000165240.13$ATP7A$chrX$77166194$+,0.35
chrX:77023200-77025600,ENSG00000165240.13$ATP7A$chrX$77166194$+,0.36
chrX:77025800-77026000,ENSG00000165240.13$ATP7A$chrX$77166194$+,0.37
chrX:77026200-77027600,ENSG00000165240.13$ATP7A$chrX$77166194$+,0.41
chrX:77146000-77147400,ENSG00000165240.13$ATP7A$chrX$77166194$+,0.46
chr9:99209600-99212000,ENSG00000165244.6$ZNF367$chr9$99180611$-,0.5
chr9:32511000-32512200,ENSG00000165264.6$NDUFB6$chr9$32573160$-,0.45
chr9:32526800-32528000,ENSG00000165264.6$NDUFB6$chr9$32573160$-,0.42
chr9:32545400-32547600,ENSG00000165264.6$NDUFB6$chr9$32573160$-,0.61
chr9:32548400-32550400,ENSG00000165264.6$NDUFB6$chr9$32573160$-,0.55
chr9:33419600-33421000,ENSG00000165269.8$AQP7$chr9$33402643$-,0.39
chr9:33419600-33421000,ENSG00000165271.12$NOL6$chr9$33473928$-,0.54
chr9:33419600-33421000,ENSG00000165272.10$AQP3$chr9$33447609$-,0.55
chr9:33470800-33473200,ENSG00000165272.10$AQP3$chr9$33447609$-,0.58
chr9:33474400-33475600,ENSG00000165272.10$AQP3$chr9$33447609$-,0.64
chr9:37785400-37787600,ENSG00000165275.5$TRMT10B$chr9$37753804$+,0.39
chr9:37806200-37807200,ENSG00000165275.5$TRMT10B$chr9$37753804$+,0.5
chr9:35035600-35038000,ENSG00000165280.11$VCP$chr9$35073246$-,0.46
chr9:35094000-35096200,ENSG00000165280.11$VCP$chr9$35073246$-,0.66
chr9:35096600-35097600,ENSG00000165280.11$VCP$chr9$35073246$-,0.52
chr9:35035600-35038000,ENSG00000165282.9$PIGO$chr9$35096591$-,0.59
chr9:35072600-35074800,ENSG00000165282.9$PIGO$chr9$35096591$-,0.51
chr9:35094000-35096200,ENSG00000165282.9$PIGO$chr9$35096591$-,0.4
chr9:35035600-35038000,ENSG00000165283.11$STOML2$chr9$35103154$-,0.49
chr9:35072600-35074800,ENSG00000165283.11$STOML2$chr9$35103154$-,0.62
chr9:35094000-35096200,ENSG00000165283.11$STOML2$chr9$35103154$-,0.59
chr9:35096600-35097600,ENSG00000165283.11$STOML2$chr9$35103154$-,0.54
chrX:80025000-80026200,ENSG00000165288.10$BRWD3$chrX$80065187$-,0.43
chrX:80374800-80376000,ENSG00000165288.10$BRWD3$chrX$80065187$-,0.35
chr9:36256400-36257800,ENSG00000165304.3$MELK$chr9$36572859$+,0.37
chr9:36372400-36373800,ENSG00000165304.3$MELK$chr9$36572859$+,0.42
chr9:36401200-36403400,ENSG00000165304.3$MELK$chr9$36572859$+,0.39
chr9:36406200-36408400,ENSG00000165304.3$MELK$chr9$36572859$+,0.35
chr9:36465000-36465600,ENSG00000165304.3$MELK$chr9$36572859$+,0.35
chr9:36602800-36604000,ENSG00000165304.3$MELK$chr9$36572859$+,0.59
chr10:23280400-23282200,ENSG00000165309.9$ARMC3$chr10$23216953$+,0.49
chr10:23383200-23385000,ENSG00000165309.9$ARMC3$chr10$23216953$+,0.38
chr10:23823000-23824400,ENSG00000165312.5$OTUD1$chr10$23728198$+,0.6
chr10:32121200-32123400,ENSG00000165322.13$ARHGAP12$chr10$32217742$-,0.48
chr10:32191400-32193600,ENSG00000165322.13$ARHGAP12$chr10$32217742$-,0.63
chr10:32218600-32220600,ENSG00000165322.13$ARHGAP12$chr10$32217742$-,0.4
chr10:93149400-93151000,ENSG00000165338.12$HECTD2$chr10$93170096$+,0.69
chr14:39811600-39812800,ENSG00000165355.7$FBXO33$chr14$39901704$-,0.43
chr14:39877600-39877800,ENSG00000165355.7$FBXO33$chr14$39901704$-,0.73
chr14:39878400-39878600,ENSG00000165355.7$FBXO33$chr14$39901704$-,0.76
chrX:135879600-135881400,ENSG00000165370.1$GPR101$chrX$136113833$-,0.37
chrX:135954000-135955400,ENSG00000165370.1$GPR101$chrX$136113833$-,0.43
chrX:136133600-136135800,ENSG00000165370.1$GPR101$chrX$136113833$-,0.59
chr14:35009200-35010000,ENSG00000165389.6$SPTSSA$chr14$34931562$-,0.43
chr14:35023200-35024600,ENSG00000165389.6$SPTSSA$chr14$34931562$-,0.43
chr14:35151600-35153000,ENSG00000165389.6$SPTSSA$chr14$34931562$-,0.4
chr10:45906000-45907400,ENSG00000165406.11$MARCH8$chr10$46090354$-,0.35
chr10:45993200-45994400,ENSG00000165406.11$MARCH8$chr10$46090354$-,0.39
chr10:46039200-46041400,ENSG00000165406.11$MARCH8$chr10$46090354$-,0.57
chr10:46057400-46059200,ENSG00000165406.11$MARCH8$chr10$46090354$-,0.6
chr10:46059600-46060800,ENSG00000165406.11$MARCH8$chr10$46090354$-,0.54
chr10:46152200-46154000,ENSG00000165406.11$MARCH8$chr10$46090354$-,0.52
chr10:46160800-46161000,ENSG00000165406.11$MARCH8$chr10$46090354$-,0.43
chr10:46168000-46170400,ENSG00000165406.11$MARCH8$chr10$46090354$-,0.54
chr10:46220800-46222200,ENSG00000165406.11$MARCH8$chr10$46090354$-,0.47
chr10:46223400-46225000,ENSG00000165406.11$MARCH8$chr10$46090354$-,0.45
chr14:81406000-81407600,ENSG00000165409.11$TSHR$chr14$81421333$+,0.59
chr14:35099800-35102200,ENSG00000165410.10$CFL2$chr14$35184029$-,0.46
chr14:35151600-35153000,ENSG00000165410.10$CFL2$chr14$35184029$-,0.62
chr14:35191600-35193400,ENSG00000165410.10$CFL2$chr14$35184029$-,0.62
chr14:35210400-35212800,ENSG00000165410.10$CFL2$chr14$35184029$-,0.64
chr13:53037800-53038200,ENSG00000165416.10$SUGT1$chr13$53226844$+,0.35
chr13:53189600-53191200,ENSG00000165416.10$SUGT1$chr13$53226844$+,0.44
chr14:81612400-81614400,ENSG00000165417.7$GTF2A1$chr14$81687721$-,0.41
chr14:81634600-81636200,ENSG00000165417.7$GTF2A1$chr14$81687721$-,0.46
chr14:81688000-81690400,ENSG00000165417.7$GTF2A1$chr14$81687721$-,0.38
chr10:81120800-81122200,ENSG00000165424.6$ZCCHC24$chr10$81205383$-,0.4
chr10:81301400-81303400,ENSG00000165424.6$ZCCHC24$chr10$81205383$-,0.36
chr10:81306600-81309000,ENSG00000165424.6$ZCCHC24$chr10$81205383$-,0.35
chr11:74021600-74023800,ENSG00000165434.6$PGM2L1$chr11$74109518$-,0.53
chr11:74101000-74103200,ENSG00000165434.6$PGM2L1$chr11$74109518$-,0.65
chr11:74110400-74112600,ENSG00000165434.6$PGM2L1$chr11$74109518$-,0.43
chr11:74202000-74204400,ENSG00000165434.6$PGM2L1$chr11$74109518$-,0.48
chr11:74204800-74206800,ENSG00000165434.6$PGM2L1$chr11$74109518$-,0.51
chr11:74302400-74303600,ENSG00000165434.6$PGM2L1$chr11$74109518$-,0.38
chr11:74304400-74306400,ENSG00000165434.6$PGM2L1$chr11$74109518$-,0.35
chr10:61413000-61414400,ENSG00000165449.7$SLC16A9$chr10$61495760$-,0.47
chr11:71814400-71815800,ENSG00000165457.9$FOLR2$chr11$71927645$+,0.35
chr11:71824000-71826200,ENSG00000165458.9$INPPL1$chr11$71934745$+,0.42
chr11:72042600-72043800,ENSG00000165458.9$INPPL1$chr11$71934745$+,0.42
chr11:72044000-72046400,ENSG00000165458.9$INPPL1$chr11$71934745$+,0.47
chr13:20710600-20712000,ENSG00000165474.5$GJB2$chr13$20767037$-,0.64
chr13:21139800-21140600,ENSG00000165475.9$CRYL1$chr13$21099996$-,0.65
chr13:21141800-21143400,ENSG00000165475.9$CRYL1$chr13$21099996$-,0.61
chr13:21275200-21277400,ENSG00000165475.9$CRYL1$chr13$21099996$-,0.41
chr10:65222600-65224800,ENSG00000165476.8$REEP3$chr10$65281123$+,0.43
chr10:65287000-65289000,ENSG00000165476.8$REEP3$chr10$65281123$+,0.58
chr10:65292400-65293400,ENSG00000165476.8$REEP3$chr10$65281123$+,0.65
chr10:65336000-65337400,ENSG00000165476.8$REEP3$chr10$65281123$+,0.53
chr13:21751400-21753400,ENSG00000165480.11$SKA3$chr13$21750741$-,0.35
chr13:22106800-22107200,ENSG00000165487.9$MICU2$chr13$22178353$-,0.57
chr13:22118400-22119600,ENSG00000165487.9$MICU2$chr13$22178353$-,0.54
chr13:22242400-22244400,ENSG00000165487.9$MICU2$chr13$22178353$-,0.59
chr11:82630200-82632600,ENSG00000165490.8$C11orf82$chr11$82611017$+,0.72
chr11:82637600-82639200,ENSG00000165490.8$C11orf82$chr11$82611017$+,0.67
chr11:82788400-82790000,ENSG00000165494.6$PCF11$chr11$82868030$+,0.49
chr11:82832600-82834800,ENSG00000165494.6$PCF11$chr11$82868030$+,0.74
chr11:82877200-82877600,ENSG00000165494.6$PCF11$chr11$82868030$+,0.59
chr11:82888200-82889200,ENSG00000165494.6$PCF11$chr11$82868030$+,0.58
chr11:82902200-82904200,ENSG00000165494.6$PCF11$chr11$82868030$+,0.63
chr11:125035000-125035400,ENSG00000165495.11$PKNOX2$chr11$125034583$+,0.38
chr14:50053800-50055200,ENSG00000165501.12$LRR1$chr14$50065415$+,0.64
chr14:50080600-50081400,ENSG00000165501.12$LRR1$chr14$50065415$+,0.72
chr14:50157200-50159400,ENSG00000165501.12$LRR1$chr14$50065415$+,0.39
chr14:50160400-50162600,ENSG00000165501.12$LRR1$chr14$50065415$+,0.35
chr14:50053800-50055200,ENSG00000165506.10$DNAAF2$chr14$50101948$-,0.49
chr14:50080600-50081400,ENSG00000165506.10$DNAAF2$chr14$50101948$-,0.59
chr14:50157200-50159400,ENSG00000165506.10$DNAAF2$chr14$50101948$-,0.53
chr14:50160400-50162600,ENSG00000165506.10$DNAAF2$chr14$50101948$-,0.53
chr14:50233000-50234200,ENSG00000165506.10$DNAAF2$chr14$50101948$-,0.39
chr10:45503000-45504600,ENSG00000165511.4$C10orf25$chr10$45496336$-,0.59
chr10:45503000-45504600,ENSG00000165512.4$ZNF22$chr10$45495923$+,0.45
chr14:50053800-50055200,ENSG00000165516.6$KLHDC2$chr14$50234326$+,0.36
chr14:50080600-50081400,ENSG00000165516.6$KLHDC2$chr14$50234326$+,0.39
chr14:50157200-50159400,ENSG00000165516.6$KLHDC2$chr14$50234326$+,0.53
chr14:50160400-50162600,ENSG00000165516.6$KLHDC2$chr14$50234326$+,0.52
chr14:50319800-50321600,ENSG00000165516.6$KLHDC2$chr14$50234326$+,0.45
chr14:50326600-50328200,ENSG00000165516.6$KLHDC2$chr14$50234326$+,0.43
chr14:50333400-50334400,ENSG00000165516.6$KLHDC2$chr14$50234326$+,0.37
chr14:50357600-50359000,ENSG00000165516.6$KLHDC2$chr14$50234326$+,0.37
chr14:89028000-89029200,ENSG00000165521.11$EML5$chr14$89259096$-,0.38
chr14:89291400-89292600,ENSG00000165521.11$EML5$chr14$89259096$-,0.59
chr14:50160400-50162600,ENSG00000165525.13$NEMF$chr14$50319921$-,0.37
chr14:50233000-50234200,ENSG00000165525.13$NEMF$chr14$50319921$-,0.37
chr14:50326600-50328200,ENSG00000165525.13$NEMF$chr14$50319921$-,0.62
chr14:50333400-50334400,ENSG00000165525.13$NEMF$chr14$50319921$-,0.53
chr14:50357600-50359000,ENSG00000165525.13$NEMF$chr14$50319921$-,0.49
chr11:125933200-125934800,ENSG00000165526.4$RPUSD4$chr11$126081587$-,0.61
chr11:126135600-126138000,ENSG00000165526.4$RPUSD4$chr11$126081587$-,0.49
chr11:126139400-126141600,ENSG00000165526.4$RPUSD4$chr11$126081587$-,0.59
chr11:126171800-126173400,ENSG00000165526.4$RPUSD4$chr11$126081587$-,0.56
chr14:50233000-50234200,ENSG00000165527.5$ARF6$chr14$50359810$+,0.43
chr14:50319800-50321600,ENSG00000165527.5$ARF6$chr14$50359810$+,0.54
chr14:50326600-50328200,ENSG00000165527.5$ARF6$chr14$50359810$+,0.62
chr14:50333400-50334400,ENSG00000165527.5$ARF6$chr14$50359810$+,0.55
chr14:50583400-50585600,ENSG00000165527.5$ARF6$chr14$50359810$+,0.4
chr14:77921400-77923400,ENSG00000165555.5$NOXRED1$chr14$77889860$-,0.43
chr10:4856400-4857800,ENSG00000165568.13$AKR1E2$chr10$4828821$+,0.51
chr10:4875600-4877400,ENSG00000165568.13$AKR1E2$chr10$4828821$+,0.48
chr10:4877600-4879000,ENSG00000165568.13$AKR1E2$chr10$4828821$+,0.43
chr13:41696000-41698000,ENSG00000165572.6$KBTBD6$chr13$41706882$-,0.62
chr13:41836200-41837400,ENSG00000165572.6$KBTBD6$chr13$41706882$-,0.52
chr13:41838000-41838600,ENSG00000165572.6$KBTBD6$chr13$41706882$-,0.4
chrX:48000800-48001400,ENSG00000165583.9$SSX5$chrX$48056199$-,0.38
chrX:48001800-48003000,ENSG00000165583.9$SSX5$chrX$48056199$-,0.46
chrX:48291200-48293000,ENSG00000165584.11$SSX3$chrX$48216142$-,0.36
chr14:57273600-57274000,ENSG00000165588.12$OTX2$chr14$57277197$-,0.53
chrX:57148200-57149400,ENSG00000165591.6$FAAH2$chrX$57313139$+,0.46
chrX:57308600-57310600,ENSG00000165591.6$FAAH2$chrX$57313139$+,0.63
chrX:57315000-57316400,ENSG00000165591.6$FAAH2$chrX$57313139$+,0.54
chrX:57316800-57317000,ENSG00000165591.6$FAAH2$chrX$57313139$+,0.71
chrX:57317600-57319600,ENSG00000165591.6$FAAH2$chrX$57313139$+,0.62
chrX:57320200-57322600,ENSG00000165591.6$FAAH2$chrX$57313139$+,0.72
chrX:57328400-57330400,ENSG00000165591.6$FAAH2$chrX$57313139$+,0.71
chrX:57331000-57331600,ENSG00000165591.6$FAAH2$chrX$57313139$+,0.65
chrX:57339200-57341200,ENSG00000165591.6$FAAH2$chrX$57313139$+,0.65
chr10:12067000-12067400,ENSG00000165609.8$NUDT5$chr10$12238143$-,0.41
chr10:12067600-12068600,ENSG00000165609.8$NUDT5$chr10$12238143$-,0.4
chr10:12069400-12071200,ENSG00000165609.8$NUDT5$chr10$12238143$-,0.37
chr10:12108800-12110800,ENSG00000165609.8$NUDT5$chr10$12238143$-,0.54
chr10:12169800-12171400,ENSG00000165609.8$NUDT5$chr10$12238143$-,0.59
chr10:12172200-12173800,ENSG00000165609.8$NUDT5$chr10$12238143$-,0.6
chr10:12389400-12391000,ENSG00000165609.8$NUDT5$chr10$12238143$-,0.41
chr13:97667200-97668800,ENSG00000165621.4$OXGR1$chr13$97646984$-,0.43
chr10:7866000-7868200,ENSG00000165629.15$ATP5C1$chr10$7830092$+,0.58
chr10:7913800-7915400,ENSG00000165629.15$ATP5C1$chr10$7830092$+,0.46
chr10:13571200-13572400,ENSG00000165630.9$PRPF18$chr10$13628927$+,0.51
chr10:7866000-7868200,ENSG00000165632.7$TAF3$chr10$7860467$+,0.49
chr10:7913800-7915400,ENSG00000165632.7$TAF3$chr10$7860467$+,0.55
chr10:76751200-76753000,ENSG00000165637.9$VDAC2$chr10$76969912$+,0.45
chr10:76849000-76850400,ENSG00000165637.9$VDAC2$chr10$76969912$+,0.4
chr10:76908800-76909400,ENSG00000165637.9$VDAC2$chr10$76969912$+,0.47
chr10:76980000-76981200,ENSG00000165637.9$VDAC2$chr10$76969912$+,0.65
chr10:76751200-76753000,ENSG00000165644.6$COMTD1$chr10$76995788$-,0.4
chr10:76908800-76909400,ENSG00000165644.6$COMTD1$chr10$76995788$-,0.46
chr10:76980000-76981200,ENSG00000165644.6$COMTD1$chr10$76995788$-,0.72
chr10:118933600-118936000,ENSG00000165650.7$PDZD8$chr10$119134978$-,0.38
chr10:126478600-126479800,ENSG00000165660.7$FAM175B$chr10$126490354$+,0.66
chr10:126481200-126482000,ENSG00000165660.7$FAM175B$chr10$126490354$+,0.65
chr10:126491200-126492800,ENSG00000165660.7$FAM175B$chr10$126490354$+,0.37
chr10:126603600-126605000,ENSG00000165660.7$FAM175B$chr10$126490354$+,0.4
chr10:126615800-126616000,ENSG00000165660.7$FAM175B$chr10$126490354$+,0.47
chr10:120217200-120219600,ENSG00000165669.9$FAM204A$chr10$120101840$-,0.39
chr10:120807000-120808600,ENSG00000165672.5$PRDX3$chr10$120938345$-,0.45
chr10:120820600-120822200,ENSG00000165672.5$PRDX3$chr10$120938345$-,0.39
chr10:120925600-120927800,ENSG00000165672.5$PRDX3$chr10$120938345$-,0.6
chr10:120965200-120966400,ENSG00000165672.5$PRDX3$chr10$120938345$-,0.67
chrX:130008200-130009600,ENSG00000165675.12$ENOX2$chrX$130037208$-,0.69
chr10:85755400-85756600,ENSG00000165678.15$GHITM$chr10$85899196$+,0.46
chr10:85772000-85773600,ENSG00000165678.15$GHITM$chr10$85899196$+,0.46
chr10:85896800-85899000,ENSG00000165678.15$GHITM$chr10$85899196$+,0.4
chr10:85950000-85952000,ENSG00000165678.15$GHITM$chr10$85899196$+,0.51
chr12:10113000-10115400,ENSG00000165682.10$CLEC1B$chr12$10166023$-,0.53
chr9:139278600-139280800,ENSG00000165684.3$SNAPC4$chr9$139293249$-,0.64
chr12:10306600-10307400,ENSG00000165685.4$TMEM52B$chr12$10323141$+,0.36
chr9:139278600-139280800,ENSG00000165688.7$PMPCA$chr9$139305110$+,0.61
chr9:139278600-139280800,ENSG00000165689.12$SDCCAG3$chr9$139305061$-,0.64
chr9:135643600-135645200,ENSG00000165695.5$AK8$chr9$135754164$-,0.37
chr9:135645600-135647200,ENSG00000165695.5$AK8$chr9$135754164$-,0.37
chr9:135783200-135785000,ENSG00000165695.5$AK8$chr9$135754164$-,0.57
chr9:135643600-135645200,ENSG00000165698.11$C9orf9$chr9$135753414$+,0.36
chr9:135645600-135647200,ENSG00000165698.11$C9orf9$chr9$135753414$+,0.49
chr9:135783200-135785000,ENSG00000165698.11$C9orf9$chr9$135753414$+,0.7
chr9:135643600-135645200,ENSG00000165699.9$TSC1$chr9$135820020$-,0.36
chr9:135645600-135647200,ENSG00000165699.9$TSC1$chr9$135820020$-,0.39
chr9:135752600-135753400,ENSG00000165699.9$TSC1$chr9$135820020$-,0.56
chr9:135783200-135785000,ENSG00000165699.9$TSC1$chr9$135820020$-,0.65
chr9:135645600-135647200,ENSG00000165702.8$GFI1B$chr9$135820932$+,0.4
chr9:135752600-135753400,ENSG00000165702.8$GFI1B$chr9$135820932$+,0.57
chr9:135783200-135785000,ENSG00000165702.8$GFI1B$chr9$135820932$+,0.5
chrX:133504800-133506800,ENSG00000165704.10$HPRT1$chrX$133594183$+,0.43
chr12:12480000-12481200,ENSG00000165714.6$LOH12CR1$chr12$12510013$+,0.68
chr12:12522200-12522600,ENSG00000165714.6$LOH12CR1$chr12$12510013$+,0.79
chr12:12529400-12530800,ENSG00000165714.6$LOH12CR1$chr12$12510013$+,0.7
chr12:12535000-12535800,ENSG00000165714.6$LOH12CR1$chr12$12510013$+,0.69
chr12:12546800-12548200,ENSG00000165714.6$LOH12CR1$chr12$12510013$+,0.67
chr12:12560600-12562400,ENSG00000165714.6$LOH12CR1$chr12$12510013$+,0.67
chr12:12568600-12570600,ENSG00000165714.6$LOH12CR1$chr12$12510013$+,0.54
chr12:12577800-12580000,ENSG00000165714.6$LOH12CR1$chr12$12510013$+,0.51
chr12:12590000-12591200,ENSG00000165714.6$LOH12CR1$chr12$12510013$+,0.38
chr9:140314800-140316800,ENSG00000165724.5$ZMYND19$chr9$140484942$-,0.36
chr9:140428600-140430200,ENSG00000165724.5$ZMYND19$chr9$140484942$-,0.45
chr9:140447000-140448200,ENSG00000165724.5$ZMYND19$chr9$140484942$-,0.53
chr9:140551400-140553800,ENSG00000165724.5$ZMYND19$chr9$140484942$-,0.47
chr10:70482000-70483600,ENSG00000165730.10$STOX1$chr10$70587298$+,0.37
chr10:70658600-70660400,ENSG00000165730.10$STOX1$chr10$70587298$+,0.45
chr10:70484000-70484600,ENSG00000165732.8$DDX21$chr10$70715884$+,0.35
chr10:70585400-70586800,ENSG00000165732.8$DDX21$chr10$70715884$+,0.4
chr10:70658600-70660400,ENSG00000165732.8$DDX21$chr10$70715884$+,0.61
chr10:70728600-70730200,ENSG00000165732.8$DDX21$chr10$70715884$+,0.71
chr10:70747000-70748400,ENSG00000165732.8$DDX21$chr10$70715884$+,0.54
chr10:70756400-70758400,ENSG00000165732.8$DDX21$chr10$70715884$+,0.58
chr10:70786000-70788200,ENSG00000165732.8$DDX21$chr10$70715884$+,0.47
chr10:70881600-70883000,ENSG00000165732.8$DDX21$chr10$70715884$+,0.44
chr10:70891400-70892600,ENSG00000165732.8$DDX21$chr10$70715884$+,0.35
chr10:70938400-70939200,ENSG00000165732.8$DDX21$chr10$70715884$+,0.35
chr10:43115000-43116000,ENSG00000165733.7$BMS1$chr10$43278249$+,0.41
chr10:43134600-43135600,ENSG00000165733.7$BMS1$chr10$43278249$+,0.42
chr10:43248000-43249800,ENSG00000165733.7$BMS1$chr10$43278249$+,0.58
chr10:43331400-43333000,ENSG00000165733.7$BMS1$chr10$43278249$+,0.61
chr10:133971600-133973800,ENSG00000165752.12$STK32C$chr10$134145351$-,0.48
chr10:134247200-134248800,ENSG00000165752.12$STK32C$chr10$134145351$-,0.43
chr14:20437800-20438800,ENSG00000165762.2$OR4K2$chr14$20344391$+,0.38
chrX:154117000-154117800,ENSG00000165775.13$FUNDC2$chrX$154254255$+,0.37
chrX:154118600-154120000,ENSG00000165775.13$FUNDC2$chrX$154254255$+,0.36
chrX:154146000-154147400,ENSG00000165775.13$FUNDC2$chrX$154254255$+,0.35
chrX:154207600-154209800,ENSG00000165775.13$FUNDC2$chrX$154254255$+,0.52
chrX:154256000-154258200,ENSG00000165775.13$FUNDC2$chrX$154254255$+,0.5
chrX:154284200-154286400,ENSG00000165775.13$FUNDC2$chrX$154254255$+,0.48
chr14:20812200-20814200,ENSG00000165782.6$TMEM55B$chr14$20929771$-,0.44
chr14:20878800-20880800,ENSG00000165782.6$TMEM55B$chr14$20929771$-,0.55
chr14:20936600-20937600,ENSG00000165782.6$TMEM55B$chr14$20929771$-,0.64
chr14:20998800-20999600,ENSG00000165782.6$TMEM55B$chr14$20929771$-,0.5
chr14:21055600-21056800,ENSG00000165782.6$TMEM55B$chr14$20929771$-,0.38
chr14:21082200-21084000,ENSG00000165782.6$TMEM55B$chr14$20929771$-,0.37
chr14:21428000-21430200,ENSG00000165792.13$METTL17$chr14$21457929$+,0.38
chr14:21428000-21430200,ENSG00000165794.5$SLC39A2$chr14$21467414$+,0.52
chr14:21428000-21430200,ENSG00000165801.5$ARHGEF40$chr14$21538429$+,0.36
chr9:140150800-140152800,ENSG00000165802.15$NSMF$chr9$140353786$-,0.35
chr9:140314800-140316800,ENSG00000165802.15$NSMF$chr9$140353786$-,0.56
chr9:140428600-140430200,ENSG00000165802.15$NSMF$chr9$140353786$-,0.53
chr9:140447000-140448200,ENSG00000165802.15$NSMF$chr9$140353786$-,0.47
chr12:88534400-88535400,ENSG00000165805.5$C12orf50$chr12$88427814$-,0.37
chr10:115448000-115449800,ENSG00000165806.15$CASP7$chr10$115438942$+,0.6
chr10:115450400-115452600,ENSG00000165806.15$CASP7$chr10$115438942$+,0.48
chr14:64916000-64917600,ENSG00000165807.3$PPP1R36$chr14$65016620$+,0.35
chr14:64995000-64997000,ENSG00000165807.3$PPP1R36$chr14$65016620$+,0.63
chr14:65005000-65006600,ENSG00000165807.3$PPP1R36$chr14$65016620$+,0.66
chr14:65125200-65127400,ENSG00000165807.3$PPP1R36$chr14$65016620$+,0.43
chr10:115954400-115956000,ENSG00000165813.12$C10orf118$chr10$115933979$-,0.68
chr14:21901200-21902000,ENSG00000165819.7$METTL3$chr14$21979517$-,0.36
chr14:21925000-21925600,ENSG00000165819.7$METTL3$chr14$21979517$-,0.46
chr14:21943000-21944400,ENSG00000165819.7$METTL3$chr14$21979517$-,0.42
chr14:21946000-21948400,ENSG00000165819.7$METTL3$chr14$21979517$-,0.46
chr14:21951200-21951800,ENSG00000165819.7$METTL3$chr14$21979517$-,0.51
chr14:21970600-21972200,ENSG00000165819.7$METTL3$chr14$21979517$-,0.63
chr14:21972800-21974400,ENSG00000165819.7$METTL3$chr14$21979517$-,0.61
chr10:116569400-116569800,ENSG00000165832.4$TRUB1$chr10$116697952$+,0.43
chr14:73403600-73405000,ENSG00000165861.9$ZFYVE1$chr14$73493920$-,0.37
chr14:73522800-73524800,ENSG00000165861.9$ZFYVE1$chr14$73493920$-,0.43
chr14:73548200-73549600,ENSG00000165861.9$ZFYVE1$chr14$73493920$-,0.38
chr10:99050000-99051800,ENSG00000165879.7$FRAT1$chr10$99079022$+,0.73
chr10:99052400-99054600,ENSG00000165879.7$FRAT1$chr10$99079022$+,0.71
chr10:99158600-99160200,ENSG00000165879.7$FRAT1$chr10$99079022$+,0.64
chr10:99203800-99205000,ENSG00000165879.7$FRAT1$chr10$99079022$+,0.37
chr10:99050000-99051800,ENSG00000165886.4$UBTD1$chr10$99258625$+,0.38
chr10:99052400-99054600,ENSG00000165886.4$UBTD1$chr10$99258625$+,0.37
chr10:99158600-99160200,ENSG00000165886.4$UBTD1$chr10$99258625$+,0.46
chr10:99203800-99205000,ENSG00000165886.4$UBTD1$chr10$99258625$+,0.5
chr10:99399600-99400400,ENSG00000165886.4$UBTD1$chr10$99258625$+,0.5
chr14:74828000-74830000,ENSG00000165898.9$ISCA2$chr14$74960423$+,0.45
chr11:45866600-45869000,ENSG00000165905.12$GYLTL1B$chr11$45943172$+,0.49
chr11:47234400-47236600,ENSG00000165912.11$PACSIN3$chr11$47207994$-,0.44
chr11:47234400-47236600,ENSG00000165916.4$PSMC3$chr11$47447993$-,0.36
chr11:47271000-47272400,ENSG00000165916.4$PSMC3$chr11$47447993$-,0.38
chr11:47574800-47576200,ENSG00000165916.4$PSMC3$chr11$47447993$-,0.42
chr11:47585400-47586600,ENSG00000165916.4$PSMC3$chr11$47447993$-,0.38
chr11:47664400-47665600,ENSG00000165916.4$PSMC3$chr11$47447993$-,0.39
chr11:47574800-47576200,ENSG00000165923.11$AGBL2$chr11$47736941$-,0.41
chr11:47585400-47586600,ENSG00000165923.11$AGBL2$chr11$47736941$-,0.4
chr11:47664400-47665600,ENSG00000165923.11$AGBL2$chr11$47736941$-,0.56
chr11:47785200-47787600,ENSG00000165923.11$AGBL2$chr11$47736941$-,0.44
chr11:47789800-47791400,ENSG00000165923.11$AGBL2$chr11$47736941$-,0.39
chr11:47976600-47977600,ENSG00000165923.11$AGBL2$chr11$47736941$-,0.35
chr14:92268800-92269200,ENSG00000165929.8$TC2N$chr14$92333880$-,0.6
chr14:92287600-92288800,ENSG00000165929.8$TC2N$chr14$92333880$-,0.6
chr14:92293400-92294800,ENSG00000165929.8$TC2N$chr14$92333880$-,0.62
chr14:92376600-92378800,ENSG00000165929.8$TC2N$chr14$92333880$-,0.58
chr14:92434200-92436200,ENSG00000165929.8$TC2N$chr14$92333880$-,0.42
chr14:91893400-91894200,ENSG00000165934.8$CPSF2$chr14$92588281$+,0.35
chr14:92507200-92508200,ENSG00000165934.8$CPSF2$chr14$92588281$+,0.43
chr14:92585000-92587400,ENSG00000165934.8$CPSF2$chr14$92588281$+,0.39
chr14:93368600-93370800,ENSG00000165943.4$MOAP1$chr14$93651273$-,0.35
chr14:93582600-93584000,ENSG00000165943.4$MOAP1$chr14$93651273$-,0.56
chr14:93729000-93730800,ENSG00000165943.4$MOAP1$chr14$93651273$-,0.53
chr14:94535400-94536800,ENSG00000165948.6$IFI27L1$chr14$94547628$+,0.69
chr14:94602800-94603600,ENSG00000165948.6$IFI27L1$chr14$94547628$+,0.59
chr14:94610600-94613000,ENSG00000165948.6$IFI27L1$chr14$94547628$+,0.55
chr12:96244800-96246600,ENSG00000165972.8$CCDC38$chr12$96336752$-,0.52
chr12:96247400-96249000,ENSG00000165972.8$CCDC38$chr12$96336752$-,0.54
chr12:96250800-96252600,ENSG00000165972.8$CCDC38$chr12$96336752$-,0.59
chr12:96429800-96432200,ENSG00000165972.8$CCDC38$chr12$96336752$-,0.59
chr10:16612000-16613200,ENSG00000165983.10$PTER$chr10$16478942$+,0.38
chr10:16612000-16613200,ENSG00000165985.8$C1QL3$chr10$16564004$-,0.37
chr10:17683600-17685400,ENSG00000165996.9$PTPLA$chr10$17659376$-,0.51
chr10:18914800-18916400,ENSG00000165997.4$ARL5B$chr10$18948334$+,0.62
chr10:18941000-18941800,ENSG00000165997.4$ARL5B$chr10$18948334$+,0.53
chr11:93377600-93379400,ENSG00000166002.2$SMCO4$chr11$93276674$-,0.36
chr11:93377600-93379400,ENSG00000166004.10$KIAA1731$chr11$93394805$+,0.55
chr11:93515800-93517000,ENSG00000166004.10$KIAA1731$chr11$93394805$+,0.37
chr12:75593600-75595600,ENSG00000166006.8$KCNC2$chr12$75603648$-,0.37
chrX:148880400-148882400,ENSG00000166008.5$MAGEA9$chrX$148863584$+,0.39
chr11:93377600-93379400,ENSG00000166012.10$TAF1D$chr11$93517557$-,0.43
chr10:99904200-99906400,ENSG00000166024.9$R3HCC1L$chr10$99894387$+,0.49
chr10:99934800-99935600,ENSG00000166024.9$R3HCC1L$chr10$99894387$+,0.54
chr10:99935800-99936000,ENSG00000166024.9$R3HCC1L$chr10$99894387$+,0.59
chr10:99936200-99936600,ENSG00000166024.9$R3HCC1L$chr10$99894387$+,0.56
chr10:99956200-99958000,ENSG00000166024.9$R3HCC1L$chr10$99894387$+,0.55
chr10:124271800-124273400,ENSG00000166033.7$HTRA1$chr10$124221041$+,0.43
chr15:58859800-58861200,ENSG00000166035.6$LIPC$chr15$58702768$+,0.42
chr11:95332200-95334400,ENSG00000166037.6$CEP57$chr11$95523129$+,0.38
chr11:95374000-95376000,ENSG00000166037.6$CEP57$chr11$95523129$+,0.44
chr11:95516400-95516600,ENSG00000166037.6$CEP57$chr11$95523129$+,0.48
chr11:95516800-95518200,ENSG00000166037.6$CEP57$chr11$95523129$+,0.61
chr11:95538400-95540000,ENSG00000166037.6$CEP57$chr11$95523129$+,0.71
chr12:106749800-106751400,ENSG00000166046.6$TCP11L2$chr12$106695707$+,0.56
chr12:106771000-106773400,ENSG00000166046.6$TCP11L2$chr12$106695707$+,0.42
chr12:106855400-106857200,ENSG00000166046.6$TCP11L2$chr12$106695707$+,0.41
chr15:40213600-40215600,ENSG00000166073.4$GPR176$chr15$40213093$-,0.39
chr12:109489400-109490000,ENSG00000166111.5$SVOP$chr12$109459045$-,0.49
chr15:63415000-63417000,ENSG00000166128.8$RAB8B$chr15$63481668$+,0.39
chr15:63570400-63571400,ENSG00000166128.8$RAB8B$chr15$63481668$+,0.41
chr12:99061800-99064000,ENSG00000166130.10$IKBIP$chr12$99038891$-,0.61
chr15:40784800-40787200,ENSG00000166133.13$RPUSD2$chr15$40861499$+,0.47
chr15:40798600-40800200,ENSG00000166133.13$RPUSD2$chr15$40861499$+,0.51
chr15:40891600-40891800,ENSG00000166133.13$RPUSD2$chr15$40861499$+,0.66
chr10:102284400-102284800,ENSG00000166135.9$HIF1AN$chr10$102288829$+,0.56
chr10:102293400-102295600,ENSG00000166135.9$HIF1AN$chr10$102288829$+,0.5
chr10:102430000-102431400,ENSG00000166135.9$HIF1AN$chr10$102288829$+,0.42
chr10:102284400-102284800,ENSG00000166136.11$NDUFB8$chr10$102289757$-,0.52
chr10:102293400-102295600,ENSG00000166136.11$NDUFB8$chr10$102289757$-,0.57
chr10:102430000-102431400,ENSG00000166136.11$NDUFB8$chr10$102289757$-,0.48
chr15:41047800-41050200,ENSG00000166140.13$ZFYVE19$chr15$41099284$+,0.59
chr15:41175800-41177800,ENSG00000166140.13$ZFYVE19$chr15$41099284$+,0.37
chr15:41187400-41189000,ENSG00000166140.13$ZFYVE19$chr15$41099284$+,0.52
chr15:41097800-41099200,ENSG00000166143.5$PPP1R14D$chr15$41120907$-,0.37
chr12:100536600-100538600,ENSG00000166153.12$DEPDC4$chr12$100660857$-,0.55
chr12:100590800-100593200,ENSG00000166153.12$DEPDC4$chr12$100660857$-,0.6
chr12:100672600-100675000,ENSG00000166153.12$DEPDC4$chr12$100660857$-,0.71
chrX:153437400-153437800,ENSG00000166160.5$OPN1MW2$chrX$153485225$+,0.35
chrX:153505400-153505800,ENSG00000166160.5$OPN1MW2$chrX$153485225$+,0.37
chrX:153514000-153514800,ENSG00000166160.5$OPN1MW2$chrX$153485225$+,0.36
chr16:50185000-50186200,ENSG00000166164.11$BRD7$chr16$50402845$-,0.42
chr16:50356800-50359200,ENSG00000166164.11$BRD7$chr16$50402845$-,0.5
chr16:50388000-50389600,ENSG00000166164.11$BRD7$chr16$50402845$-,0.51
chr14:103925400-103927600,ENSG00000166166.8$TRMT61A$chr14$103995521$+,0.51
chr10:102905200-102907600,ENSG00000166167.13$BTRC$chr10$103113820$+,0.38
chr10:102920600-102923000,ENSG00000166167.13$BTRC$chr10$103113820$+,0.38
chr10:103123200-103124800,ENSG00000166167.13$BTRC$chr10$103113820$+,0.69
chr10:103139000-103141400,ENSG00000166167.13$BTRC$chr10$103113820$+,0.73
chr10:103155800-103158200,ENSG00000166167.13$BTRC$chr10$103113820$+,0.59
chr10:103200800-103202200,ENSG00000166167.13$BTRC$chr10$103113820$+,0.46
chr10:103112800-103113800,ENSG00000166169.12$POLL$chr10$103348027$-,0.42
chr10:103139000-103141400,ENSG00000166169.12$POLL$chr10$103348027$-,0.38
chr10:103325400-103327800,ENSG00000166169.12$POLL$chr10$103348027$-,0.7
chr10:103441600-103444000,ENSG00000166169.12$POLL$chr10$103348027$-,0.46
chr10:103566200-103568000,ENSG00000166169.12$POLL$chr10$103348027$-,0.35
chr14:103925400-103927600,ENSG00000166170.9$BAG5$chr14$104029168$-,0.45
chr10:103325400-103327800,ENSG00000166171.8$DPCD$chr10$103330317$+,0.58
chr10:103566200-103568000,ENSG00000166171.8$DPCD$chr10$103330317$+,0.35
chr11:43379200-43380000,ENSG00000166181.8$API5$chr11$43333513$+,0.63
chr11:43381400-43383600,ENSG00000166181.8$API5$chr11$43333513$+,0.64
chr11:43383800-43385400,ENSG00000166181.8$API5$chr11$43333513$+,0.62
chr11:43392400-43394000,ENSG00000166181.8$API5$chr11$43333513$+,0.6
chr14:104542800-104545200,ENSG00000166183.11$ASPG$chr14$104552016$+,0.57
chr16:58282200-58283800,ENSG00000166188.2$ZNF319$chr16$58034357$-,0.36
chr10:103891000-103892400,ENSG00000166189.6$HPS6$chr10$103825147$+,0.51
chr10:103891000-103892400,ENSG00000166197.12$NOLC1$chr10$103911933$+,0.41
chr11:43664600-43665400,ENSG00000166199.8$ALKBH3$chr11$43902361$+,0.4
chr11:43666400-43668800,ENSG00000166199.8$ALKBH3$chr11$43902361$+,0.37
chr11:44088400-44090000,ENSG00000166199.8$ALKBH3$chr11$43902361$+,0.39
chr15:49338800-49340200,ENSG00000166200.10$COPS2$chr15$49447858$-,0.37
chr15:49476600-49476800,ENSG00000166200.10$COPS2$chr15$49447858$-,0.61
chr12:101849000-101850600,ENSG00000166211.6$SPIC$chr12$101869199$+,0.51
chr12:70131000-70132600,ENSG00000166226.8$CCT2$chr12$69979114$+,0.4
chr15:72669000-72670600,ENSG00000166233.8$ARIH1$chr15$72766667$+,0.55
chr15:72753600-72754200,ENSG00000166233.8$ARIH1$chr15$72766667$+,0.62
chr15:72791800-72792600,ENSG00000166233.8$ARIH1$chr15$72766667$+,0.67
chr15:72797800-72798200,ENSG00000166233.8$ARIH1$chr15$72766667$+,0.6
chr15:72799000-72801000,ENSG00000166233.8$ARIH1$chr15$72766667$+,0.59
chr15:72810400-72810800,ENSG00000166233.8$ARIH1$chr15$72766667$+,0.55
chr15:72821000-72822400,ENSG00000166233.8$ARIH1$chr15$72766667$+,0.59
chr15:72836800-72838200,ENSG00000166233.8$ARIH1$chr15$72766667$+,0.44
chr15:72840200-72841000,ENSG00000166233.8$ARIH1$chr15$72766667$+,0.46
chr15:72862200-72862800,ENSG00000166233.8$ARIH1$chr15$72766667$+,0.5
chr16:4672400-4674600,ENSG00000166246.9$C16orf71$chr16$4784273$+,0.35
chr16:4782000-4783600,ENSG00000166246.9$C16orf71$chr16$4784273$+,0.42
chr16:4785000-4786600,ENSG00000166246.9$C16orf71$chr16$4784273$+,0.43
chr16:4817600-4820000,ENSG00000166246.9$C16orf71$chr16$4784273$+,0.46
chr11:123530000-123531400,ENSG00000166257.4$SCN3B$chr11$123525952$-,0.45
chr11:123530000-123531400,ENSG00000166261.6$ZNF202$chr11$123612383$-,0.41
chr15:49910600-49912600,ENSG00000166262.11$FAM227B$chr15$49913128$-,0.4
chr17:53137800-53139600,ENSG00000166263.9$STXBP4$chr17$53046088$+,0.46
chr11:107730200-107731600,ENSG00000166266.9$CUL5$chr11$107879459$+,0.45
chr11:107991200-107992200,ENSG00000166266.9$CUL5$chr11$107879459$+,0.5
chr11:108004000-108004800,ENSG00000166266.9$CUL5$chr11$107879459$+,0.42
chr11:108031200-108032800,ENSG00000166266.9$CUL5$chr11$107879459$+,0.46
chr11:108118600-108118800,ENSG00000166266.9$CUL5$chr11$107879459$+,0.36
chr11:108119600-108121200,ENSG00000166266.9$CUL5$chr11$107879459$+,0.36
chr12:70131000-70132600,ENSG00000166268.6$MYRFL$chr12$70219084$+,0.39
chr10:104401000-104401600,ENSG00000166272.12$WBP1L$chr10$104503727$+,0.56
chr10:104674400-104675000,ENSG00000166272.12$WBP1L$chr10$104503727$+,0.43
chr10:104676000-104678000,ENSG00000166272.12$WBP1L$chr10$104503727$+,0.44
chr10:104401000-104401600,ENSG00000166275.11$C10orf32$chr10$104613980$+,0.39
chr10:104674400-104675000,ENSG00000166275.11$C10orf32$chr10$104613980$+,0.46
chr10:104676000-104678000,ENSG00000166275.11$C10orf32$chr10$104613980$+,0.6
chr10:104695000-104697200,ENSG00000166275.11$C10orf32$chr10$104613980$+,0.47
chr10:104753600-104755000,ENSG00000166275.11$C10orf32$chr10$104613980$+,0.4
chr6:31755000-31757400,ENSG00000166278.10$C2$chr6$31865562$+,0.4
chr6:31863200-31865400,ENSG00000166278.10$C2$chr6$31865562$+,0.47
chr6:31924400-31926200,ENSG00000166278.10$C2$chr6$31865562$+,0.49
chr6:31940600-31943000,ENSG00000166278.10$C2$chr6$31865562$+,0.54
chr6:32004400-32006200,ENSG00000166278.10$C2$chr6$31865562$+,0.38
chr6:32090600-32092400,ENSG00000166278.10$C2$chr6$31865562$+,0.35
chr6:32093200-32095400,ENSG00000166278.10$C2$chr6$31865562$+,0.36
chr19:30097800-30098600,ENSG00000166289.5$PLEKHF1$chr19$30155963$+,0.4
chr19:30100800-30103000,ENSG00000166289.5$PLEKHF1$chr19$30155963$+,0.38
chr19:30141000-30143200,ENSG00000166289.5$PLEKHF1$chr19$30155963$+,0.45
chr19:30181400-30182400,ENSG00000166289.5$PLEKHF1$chr19$30155963$+,0.44
chr19:30206600-30208400,ENSG00000166289.5$PLEKHF1$chr19$30155963$+,0.4
chr17:53827400-53828400,ENSG00000166292.7$TMEM100$chr17$53809482$-,0.63
chr10:73967600-73970000,ENSG00000166295.4$ANAPC16$chr10$73975787$+,0.53
chr10:74027000-74029400,ENSG00000166295.4$ANAPC16$chr10$73975787$+,0.45
chr10:74057600-74059400,ENSG00000166295.4$ANAPC16$chr10$73975787$+,0.38
chr10:74072800-74073000,ENSG00000166295.4$ANAPC16$chr10$73975787$+,0.39
chr10:74129800-74132200,ENSG00000166295.4$ANAPC16$chr10$73975787$+,0.36
chr11:6256800-6257600,ENSG00000166311.5$SMPD1$chr11$6411655$+,0.46
chr11:6440800-6441800,ENSG00000166311.5$SMPD1$chr11$6411655$+,0.57
chr11:6503400-6505400,ENSG00000166311.5$SMPD1$chr11$6411655$+,0.42
chr11:6547000-6548600,ENSG00000166311.5$SMPD1$chr11$6411655$+,0.39
chr11:6503400-6505400,ENSG00000166313.14$APBB1$chr11$6440644$-,0.52
chr11:6547000-6548600,ENSG00000166313.14$APBB1$chr11$6440644$-,0.35
chr10:74928400-74930200,ENSG00000166321.9$NUDT13$chr10$74870217$+,0.5
chr11:108118600-108118800,ENSG00000166323.8$C11orf65$chr11$108338258$-,0.35
chr17:55871600-55872400,ENSG00000166329.2$AC007431.1$chr17$55822673$-,0.5
chr17:55924400-55926800,ENSG00000166329.2$AC007431.1$chr17$55822673$-,0.46
chr11:6440800-6441800,ENSG00000166333.9$ILK$chr11$6624961$+,0.37
chr11:6503400-6505400,ENSG00000166333.9$ILK$chr11$6624961$+,0.47
chr11:6547000-6548600,ENSG00000166333.9$ILK$chr11$6624961$+,0.46
chr11:6687600-6689800,ENSG00000166333.9$ILK$chr11$6624961$+,0.51
chr11:6701600-6703800,ENSG00000166333.9$ILK$chr11$6624961$+,0.47
chr11:6723400-6725600,ENSG00000166333.9$ILK$chr11$6624961$+,0.47
chr11:6737800-6738600,ENSG00000166333.9$ILK$chr11$6624961$+,0.39
chr11:6440800-6441800,ENSG00000166337.5$TAF10$chr11$6633898$-,0.37
chr11:6503400-6505400,ENSG00000166337.5$TAF10$chr11$6633898$-,0.35
chr11:6547000-6548600,ENSG00000166337.5$TAF10$chr11$6633898$-,0.53
chr11:6687600-6689800,ENSG00000166337.5$TAF10$chr11$6633898$-,0.52
chr11:6701600-6703800,ENSG00000166337.5$TAF10$chr11$6633898$-,0.55
chr11:6723400-6725600,ENSG00000166337.5$TAF10$chr11$6633898$-,0.47
chr11:6737800-6738600,ENSG00000166337.5$TAF10$chr11$6633898$-,0.4
chr11:6503400-6505400,ENSG00000166340.10$TPP1$chr11$6640692$-,0.43
chr11:6547000-6548600,ENSG00000166340.10$TPP1$chr11$6640692$-,0.38
chr11:6687600-6689800,ENSG00000166340.10$TPP1$chr11$6640692$-,0.48
chr11:6701600-6703800,ENSG00000166340.10$TPP1$chr11$6640692$-,0.47
chr11:6723400-6725600,ENSG00000166340.10$TPP1$chr11$6640692$-,0.43
chr11:6737800-6738600,ENSG00000166340.10$TPP1$chr11$6640692$-,0.4
chr11:6687600-6689800,ENSG00000166341.6$DCHS1$chr11$6677085$-,0.45
chr10:75116600-75118000,ENSG00000166343.5$MSS51$chr10$75193319$-,0.38
chr10:75118800-75119400,ENSG00000166343.5$MSS51$chr10$75193319$-,0.41
chr10:75174200-75175800,ENSG00000166343.5$MSS51$chr10$75193319$-,0.55
chr10:75255600-75257800,ENSG00000166343.5$MSS51$chr10$75193319$-,0.52
chr18:71977200-71979600,ENSG00000166347.14$CYB5A$chr18$71959251$-,0.67
chr18:72023600-72024600,ENSG00000166347.14$CYB5A$chr18$71959251$-,0.45
chr10:75255600-75257800,ENSG00000166348.13$USP54$chr10$75385711$-,0.43
chr10:75487800-75489400,ENSG00000166348.13$USP54$chr10$75385711$-,0.42
chr10:75504800-75507200,ENSG00000166348.13$USP54$chr10$75385711$-,0.44
chr10:75530000-75532000,ENSG00000166348.13$USP54$chr10$75385711$-,0.37
chr11:36571400-36573000,ENSG00000166349.5$RAG1$chr11$36532259$+,0.6
chr11:36616600-36618600,ENSG00000166349.5$RAG1$chr11$36532259$+,0.42
chr11:36571400-36573000,ENSG00000166352.11$C11orf74$chr11$36616051$+,0.44
chr11:36616600-36618600,ENSG00000166352.11$C11orf74$chr11$36616051$+,0.47
chr19:33463400-33464600,ENSG00000166359.6$WDR88$chr19$33622996$+,0.35
chr19:33490400-33492400,ENSG00000166359.6$WDR88$chr19$33622996$+,0.37
chr19:33572800-33574200,ENSG00000166359.6$WDR88$chr19$33622996$+,0.51
chr19:33624200-33626400,ENSG00000166359.6$WDR88$chr19$33622996$+,0.37
chr19:33634200-33635800,ENSG00000166359.6$WDR88$chr19$33622996$+,0.62
chr18:76830200-76832200,ENSG00000166377.15$ATP9B$chr18$76829285$+,0.38
chr18:76846800-76847400,ENSG00000166377.15$ATP9B$chr18$76829285$+,0.59
chr19:34661000-34662800,ENSG00000166398.8$KIAA0355$chr19$34745442$+,0.37
chr19:34778200-34779800,ENSG00000166398.8$KIAA0355$chr19$34745442$+,0.58
chr19:34793400-34794400,ENSG00000166398.8$KIAA0355$chr19$34745442$+,0.5
chr11:8006400-8008800,ENSG00000166402.4$TUB$chr11$8040791$+,0.51
chr15:78393600-78394600,ENSG00000166411.9$IDH3A$chr15$78423840$+,0.55
chr15:78442400-78444600,ENSG00000166411.9$IDH3A$chr15$78423840$+,0.62
chr15:78514800-78516800,ENSG00000166411.9$IDH3A$chr15$78423840$+,0.5
chr15:78589200-78591400,ENSG00000166411.9$IDH3A$chr15$78423840$+,0.37
chr11:74698400-74699600,ENSG00000166435.11$XRRA1$chr11$74660245$-,0.56
chr11:74814200-74815600,ENSG00000166435.11$XRRA1$chr11$74660245$-,0.38
chr11:8702200-8703600,ENSG00000166436.11$TRIM66$chr11$8693413$-,0.57
chr11:8711000-8712400,ENSG00000166436.11$TRIM66$chr11$8693413$-,0.38
chr11:74302400-74303600,ENSG00000166439.5$RNF169$chr11$74459913$+,0.53
chr11:74304400-74306400,ENSG00000166439.5$RNF169$chr11$74459913$+,0.41
chr11:74450600-74451400,ENSG00000166439.5$RNF169$chr11$74459913$+,0.62
chr11:8982800-8985200,ENSG00000166444.13$ST5$chr11$8932498$-,0.35
chr16:80803000-80804000,ENSG00000166446.10$CDYL2$chr16$80838226$-,0.53
chr16:80834400-80834800,ENSG00000166446.10$CDYL2$chr16$80838226$-,0.48
chr7:98481000-98483000,ENSG00000166448.10$TMEM130$chr7$98468394$-,0.71
chr7:98485800-98486600,ENSG00000166448.10$TMEM130$chr7$98468394$-,0.66
chr7:98658600-98660400,ENSG00000166448.10$TMEM130$chr7$98468394$-,0.45
chr16:81068800-81070000,ENSG00000166451.9$CENPN$chr16$81040103$+,0.76
chr16:81068800-81070000,ENSG00000166455.9$C16orf46$chr16$81110872$-,0.59
chr11:9239600-9241800,ENSG00000166471.6$TMEM41B$chr11$9336327$-,0.45
chr11:9299800-9300000,ENSG00000166471.6$TMEM41B$chr11$9336327$-,0.58
chr11:9467600-9468400,ENSG00000166471.6$TMEM41B$chr11$9336327$-,0.36
chr11:9480000-9481400,ENSG00000166471.6$TMEM41B$chr11$9336327$-,0.42
chr15:52119600-52122000,ENSG00000166477.8$LEO1$chr15$52264003$-,0.41
chr11:9467600-9468400,ENSG00000166478.5$ZNF143$chr11$9481866$+,0.58
chr17:19263600-19265600,ENSG00000166482.7$MFAP4$chr17$19290553$-,0.37
chr17:19278800-19280800,ENSG00000166482.7$MFAP4$chr17$19290553$-,0.35
chr11:9467600-9468400,ENSG00000166483.6$WEE1$chr11$9595228$+,0.4
chr11:9480000-9481400,ENSG00000166483.6$WEE1$chr11$9595228$+,0.49
chr11:9686400-9688200,ENSG00000166483.6$WEE1$chr11$9595228$+,0.43
chr17:19263600-19265600,ENSG00000166484.15$MAPK7$chr17$19281034$+,0.39
chr16:23927600-23929600,ENSG00000166501.8$PRKCB$chr16$23847322$+,0.39
chr16:23943600-23944400,ENSG00000166501.8$PRKCB$chr16$23847322$+,0.36
chr16:23945200-23947600,ENSG00000166501.8$PRKCB$chr16$23847322$+,0.4
chr10:75487800-75489400,ENSG00000166507.12$NDST2$chr10$75571589$-,0.37
chr10:75504800-75507200,ENSG00000166507.12$NDST2$chr10$75571589$-,0.39
chr10:75530000-75532000,ENSG00000166507.12$NDST2$chr10$75571589$-,0.46
chr7:99646000-99647000,ENSG00000166508.13$MCM7$chr7$99699563$-,0.38
chr7:99679400-99681800,ENSG00000166508.13$MCM7$chr7$99699563$-,0.4
chr7:99699600-99702000,ENSG00000166508.13$MCM7$chr7$99699563$-,0.36
chr7:99715200-99716400,ENSG00000166508.13$MCM7$chr7$99699563$-,0.35
chr7:99721800-99724000,ENSG00000166508.13$MCM7$chr7$99699563$-,0.37
chr7:99725600-99727600,ENSG00000166508.13$MCM7$chr7$99699563$-,0.43
chr7:99735200-99736800,ENSG00000166508.13$MCM7$chr7$99699563$-,0.46
chr12:8634400-8636800,ENSG00000166523.3$CLEC4E$chr12$8693559$-,0.41
chr12:8696600-8697800,ENSG00000166523.3$CLEC4E$chr12$8693559$-,0.54
chr7:99517600-99518800,ENSG00000166526.12$ZNF3$chr7$99680171$-,0.4
chr7:99531600-99533400,ENSG00000166526.12$ZNF3$chr7$99680171$-,0.47
chr7:99646000-99647000,ENSG00000166526.12$ZNF3$chr7$99680171$-,0.57
chr7:99699600-99702000,ENSG00000166526.12$ZNF3$chr7$99680171$-,0.55
chr7:99715200-99716400,ENSG00000166526.12$ZNF3$chr7$99680171$-,0.54
chr7:99721800-99724000,ENSG00000166526.12$ZNF3$chr7$99680171$-,0.51
chr7:99725600-99727600,ENSG00000166526.12$ZNF3$chr7$99680171$-,0.46
chr7:99735200-99736800,ENSG00000166526.12$ZNF3$chr7$99680171$-,0.46
chr7:99531600-99533400,ENSG00000166529.10$ZSCAN21$chr7$99647390$+,0.41
chr7:99679400-99681800,ENSG00000166529.10$ZSCAN21$chr7$99647390$+,0.52
chr7:99699600-99702000,ENSG00000166529.10$ZSCAN21$chr7$99647390$+,0.61
chr7:99715200-99716400,ENSG00000166529.10$ZSCAN21$chr7$99647390$+,0.5
chr7:99721800-99724000,ENSG00000166529.10$ZSCAN21$chr7$99647390$+,0.57
chr7:99725600-99727600,ENSG00000166529.10$ZSCAN21$chr7$99647390$+,0.52
chr7:99735200-99736800,ENSG00000166529.10$ZSCAN21$chr7$99647390$+,0.49
chr16:66636400-66638000,ENSG00000166548.11$TK2$chr16$66586447$-,0.49
chr18:56975400-56976800,ENSG00000166562.4$SEC11C$chr18$56806709$+,0.46
chr18:56975400-56976800,ENSG00000166569.4$CPLX4$chr18$56985881$-,0.63
chr18:57012200-57013200,ENSG00000166569.4$CPLX4$chr18$56985881$-,0.72
chr18:57027000-57028000,ENSG00000166569.4$CPLX4$chr18$56985881$-,0.48
chr11:86808000-86809600,ENSG00000166575.12$TMEM135$chr11$86748886$+,0.54
chr12:113540600-113542800,ENSG00000166578.5$IQCD$chr12$113658899$-,0.42
chr12:113547200-113548800,ENSG00000166578.5$IQCD$chr12$113658899$-,0.42
chr12:113624000-113626400,ENSG00000166578.5$IQCD$chr12$113658899$-,0.59
chr17:8278000-8279600,ENSG00000166579.11$NDEL1$chr17$8316449$+,0.4
chr17:8337800-8338800,ENSG00000166579.11$NDEL1$chr17$8316449$+,0.55
chr17:8354800-8357000,ENSG00000166579.11$NDEL1$chr17$8316449$+,0.4
chr17:16097000-16099200,ENSG00000166582.5$CENPV$chr17$16256970$-,0.39
chr17:16119400-16120400,ENSG00000166582.5$CENPV$chr17$16256970$-,0.39
chr17:16121200-16123600,ENSG00000166582.5$CENPV$chr17$16256970$-,0.47
chr17:16213600-16215400,ENSG00000166582.5$CENPV$chr17$16256970$-,0.49
chr16:66965200-66967600,ENSG00000166589.8$CDH16$chr16$66952887$-,0.46
chr16:66965200-66967600,ENSG00000166592.7$RRAD$chr16$66959547$-,0.65
chr16:66785600-66787200,ENSG00000166595.7$FAM96B$chr16$66968326$-,0.43
chr16:67015600-67017000,ENSG00000166595.7$FAM96B$chr16$66968326$-,0.67
chr16:67017400-67019800,ENSG00000166595.7$FAM96B$chr16$66968326$-,0.53
chr16:67060200-67062600,ENSG00000166595.7$FAM96B$chr16$66968326$-,0.46
chr17:9367400-9369400,ENSG00000166596.10$WDR16$chr17$9479944$+,0.45
chr12:104332200-104334000,ENSG00000166598.8$HSP90B1$chr12$104323885$+,0.48
chr16:10368200-10370600,ENSG00000166669.9$ATF7IP2$chr16$10420291$+,0.49
chr16:10475800-10478000,ENSG00000166669.9$ATF7IP2$chr16$10420291$+,0.37
chr16:10494400-10494600,ENSG00000166669.9$ATF7IP2$chr16$10420291$+,0.38
chr16:10548800-10550800,ENSG00000166669.9$ATF7IP2$chr16$10420291$+,0.35
chrX:102610600-102611800,ENSG00000166681.9$NGFRAP1$chrX$102631268$+,0.39
chr17:71229600-71231400,ENSG00000166685.7$COG1$chr17$71189129$+,0.47
chr19:58329400-58330600,ENSG00000166704.7$ZNF606$chr19$58514717$-,0.39
chr19:58360400-58361200,ENSG00000166704.7$ZNF606$chr19$58514717$-,0.36
chr19:58400400-58402400,ENSG00000166704.7$ZNF606$chr19$58514717$-,0.41
chr19:58511200-58513600,ENSG00000166704.7$ZNF606$chr19$58514717$-,0.41
chr15:44717400-44718800,ENSG00000166710.13$B2M$chr15$45003675$+,0.36
chr15:44870400-44872400,ENSG00000166710.13$B2M$chr15$45003675$+,0.39
chr15:44885400-44886200,ENSG00000166710.13$B2M$chr15$45003675$+,0.44
chr15:44889600-44892000,ENSG00000166710.13$B2M$chr15$45003675$+,0.43
chr15:44943600-44944800,ENSG00000166710.13$B2M$chr15$45003675$+,0.49
chr15:44948200-44950200,ENSG00000166710.13$B2M$chr15$45003675$+,0.5
chr15:44982000-44983600,ENSG00000166710.13$B2M$chr15$45003675$+,0.48
chr15:85175000-85176600,ENSG00000166716.5$ZNF592$chr15$85291866$+,0.39
chr15:85242600-85244600,ENSG00000166716.5$ZNF592$chr15$85291866$+,0.62
chr15:44749000-44751000,ENSG00000166734.14$CASC4$chr15$44580927$+,0.38
chr16:71822600-71823800,ENSG00000166747.8$AP1G1$chr16$71843104$-,0.62
chr16:71878000-71879400,ENSG00000166747.8$AP1G1$chr16$71843104$-,0.46
chr16:71918600-71920000,ENSG00000166747.8$AP1G1$chr16$71843104$-,0.46
chr16:71927600-71928200,ENSG00000166747.8$AP1G1$chr16$71843104$-,0.39
chr17:33466200-33468600,ENSG00000166750.5$SLFN5$chr17$33570055$+,0.35
chr17:33498000-33500200,ENSG00000166750.5$SLFN5$chr17$33570055$+,0.43
chr17:33505800-33506000,ENSG00000166750.5$SLFN5$chr17$33570055$+,0.47
chr17:33506800-33508600,ENSG00000166750.5$SLFN5$chr17$33570055$+,0.41
chr17:33532400-33534600,ENSG00000166750.5$SLFN5$chr17$33570055$+,0.41
chr17:33551600-33553800,ENSG00000166750.5$SLFN5$chr17$33570055$+,0.44
chr17:33588600-33590400,ENSG00000166750.5$SLFN5$chr17$33570055$+,0.41
chr17:33644800-33645800,ENSG00000166750.5$SLFN5$chr17$33570055$+,0.38
chr17:33687600-33689600,ENSG00000166750.5$SLFN5$chr17$33570055$+,0.39
chr16:15742200-15744200,ENSG00000166783.15$KIAA0430$chr16$15737023$-,0.61
chr16:15838600-15839400,ENSG00000166783.15$KIAA0430$chr16$15737023$-,0.53
chr16:15982600-15983400,ENSG00000166783.15$KIAA0430$chr16$15737023$-,0.37
chr11:18035200-18036800,ENSG00000166788.5$SAAL1$chr11$18127638$-,0.38
chr11:18136800-18137600,ENSG00000166788.5$SAAL1$chr11$18127638$-,0.69
chr11:57298800-57300400,ENSG00000166793.6$YPEL4$chr11$57417417$-,0.37
chr11:57335800-57337600,ENSG00000166793.6$YPEL4$chr11$57417417$-,0.59
chr11:57403800-57405800,ENSG00000166793.6$YPEL4$chr11$57417417$-,0.64
chr11:57424000-57424800,ENSG00000166793.6$YPEL4$chr11$57417417$-,0.7
chr11:57433000-57434400,ENSG00000166793.6$YPEL4$chr11$57417417$-,0.49
chr11:57445000-57445800,ENSG00000166793.6$YPEL4$chr11$57417417$-,0.58
chr11:57477200-57479200,ENSG00000166793.6$YPEL4$chr11$57417417$-,0.48
chr11:57480600-57482800,ENSG00000166793.6$YPEL4$chr11$57417417$-,0.42
chr15:64386600-64388000,ENSG00000166794.4$PPIB$chr15$64455404$-,0.57
chr15:64646200-64647400,ENSG00000166794.4$PPIB$chr15$64455404$-,0.37
chr11:18431800-18433000,ENSG00000166796.7$LDHC$chr11$18433854$+,0.35
chr15:64455600-64457600,ENSG00000166797.6$FAM96A$chr15$64386217$-,0.57
chr11:18431800-18433000,ENSG00000166800.5$LDHAL6A$chr11$18477371$+,0.37
chr11:58924400-58926400,ENSG00000166801.11$FAM111A$chr11$58910221$+,0.68
chr15:64646200-64647400,ENSG00000166803.6$KIAA0101$chr15$64679886$-,0.65
chr15:64648800-64650000,ENSG00000166803.6$KIAA0101$chr15$64679886$-,0.66
chr15:64680400-64682600,ENSG00000166803.6$KIAA0101$chr15$64679886$-,0.36
chr15:64839200-64841200,ENSG00000166803.6$KIAA0101$chr15$64679886$-,0.37
chr15:90116800-90118200,ENSG00000166821.4$PEX11A$chr15$90234014$-,0.4
chr16:75468400-75470000,ENSG00000166822.8$TMEM170A$chr16$75499395$-,0.55
chr16:75583400-75585200,ENSG00000166822.8$TMEM170A$chr16$75499395$-,0.45
chr16:75590200-75591400,ENSG00000166822.8$TMEM170A$chr16$75499395$-,0.38
chr16:75597600-75599800,ENSG00000166822.8$TMEM170A$chr16$75499395$-,0.35
chr18:51750800-51751800,ENSG00000166845.9$C18orf54$chr18$51884287$+,0.42
chr18:51796800-51799200,ENSG00000166845.9$C18orf54$chr18$51884287$+,0.49
chr18:51810600-51813000,ENSG00000166845.9$C18orf54$chr18$51884287$+,0.61
chr16:23607800-23609200,ENSG00000166847.5$DCTN5$chr16$23652713$+,0.57
chr16:23656800-23659200,ENSG00000166847.5$DCTN5$chr16$23652713$+,0.39
chr16:75583400-75585200,ENSG00000166848.5$TERF2IP$chr16$75681684$+,0.45
chr16:75590200-75591400,ENSG00000166848.5$TERF2IP$chr16$75681684$+,0.39
chr16:75597600-75599800,ENSG00000166848.5$TERF2IP$chr16$75681684$+,0.52
chr15:65422600-65425000,ENSG00000166855.5$CLPX$chr15$65477680$-,0.47
chr15:65426400-65427400,ENSG00000166855.5$CLPX$chr15$65477680$-,0.48
chr12:57462800-57464600,ENSG00000166860.2$ZBTB39$chr12$57400230$-,0.4
chr12:57469800-57472000,ENSG00000166860.2$ZBTB39$chr12$57400230$-,0.41
chr12:57472600-57475000,ENSG00000166860.2$ZBTB39$chr12$57400230$-,0.44
chr12:57478200-57480600,ENSG00000166860.2$ZBTB39$chr12$57400230$-,0.42
chr12:57462800-57464600,ENSG00000166863.7$TAC3$chr12$57422667$-,0.55
chr12:57469800-57472000,ENSG00000166863.7$TAC3$chr12$57422667$-,0.42
chr12:57472600-57475000,ENSG00000166863.7$TAC3$chr12$57422667$-,0.47
chr12:57478200-57480600,ENSG00000166863.7$TAC3$chr12$57422667$-,0.51
chr12:57472600-57475000,ENSG00000166866.8$MYO1A$chr12$57444982$-,0.37
chr12:57478200-57480600,ENSG00000166866.8$MYO1A$chr12$57444982$-,0.39
chr12:57462800-57464600,ENSG00000166881.5$TMEM194A$chr12$57481846$-,0.63
chr12:57469800-57472000,ENSG00000166881.5$TMEM194A$chr12$57481846$-,0.5
chr12:57472600-57475000,ENSG00000166881.5$TMEM194A$chr12$57481846$-,0.59
chr12:57478200-57480600,ENSG00000166881.5$TMEM194A$chr12$57481846$-,0.43
chr11:59303800-59304800,ENSG00000166884.2$OR4D6$chr11$59224411$+,0.35
chr12:57462800-57464600,ENSG00000166886.8$NAB2$chr12$57482677$+,0.64
chr12:57469800-57472000,ENSG00000166886.8$NAB2$chr12$57482677$+,0.5
chr12:57472600-57475000,ENSG00000166886.8$NAB2$chr12$57482677$+,0.55
chr12:57478200-57480600,ENSG00000166886.8$NAB2$chr12$57482677$+,0.41
chr11:59305200-59306000,ENSG00000166889.13$PATL1$chr11$59436453$-,0.37
chr11:59328600-59330400,ENSG00000166889.13$PATL1$chr11$59436453$-,0.43
chr11:59333800-59336000,ENSG00000166889.13$PATL1$chr11$59436453$-,0.42
chr11:59437400-59439600,ENSG00000166889.13$PATL1$chr11$59436453$-,0.39
chr12:58086400-58088000,ENSG00000166896.3$XRCC6BP1$chr12$58335324$+,0.35
chr12:58240800-58243200,ENSG00000166896.3$XRCC6BP1$chr12$58335324$+,0.49
chr12:58298000-58300200,ENSG00000166896.3$XRCC6BP1$chr12$58335324$+,0.66
chr22:37925600-37927000,ENSG00000166897.10$ELFN2$chr22$37823505$-,0.46
chr11:59437400-59439600,ENSG00000166900.10$STX3$chr11$59480929$+,0.65
chr12:57853800-57855800,ENSG00000166908.13$PIP4K2C$chr12$57984957$+,0.41
chr12:57881000-57881800,ENSG00000166908.13$PIP4K2C$chr12$57984957$+,0.52
chr12:57914400-57916000,ENSG00000166908.13$PIP4K2C$chr12$57984957$+,0.45
chr12:57999000-58001400,ENSG00000166908.13$PIP4K2C$chr12$57984957$+,0.61
chr12:58086400-58088000,ENSG00000166908.13$PIP4K2C$chr12$57984957$+,0.41
chr12:58088600-58090200,ENSG00000166908.13$PIP4K2C$chr12$57984957$+,0.39
chr20:43495200-43497400,ENSG00000166913.8$YWHAB$chr20$43514317$+,0.89
chr20:43543000-43544200,ENSG00000166913.8$YWHAB$chr20$43514317$+,0.72
chr20:43593400-43594800,ENSG00000166913.8$YWHAB$chr20$43514317$+,0.43
chr20:43611600-43613600,ENSG00000166913.8$YWHAB$chr20$43514317$+,0.46
chr20:43625600-43627200,ENSG00000166913.8$YWHAB$chr20$43514317$+,0.4
chr20:43634000-43636000,ENSG00000166913.8$YWHAB$chr20$43514317$+,0.39
chr20:43649800-43651000,ENSG00000166913.8$YWHAB$chr20$43514317$+,0.36
chr15:45704800-45707000,ENSG00000166920.6$C15orf48$chr15$45722727$+,0.53
chr15:45815200-45816000,ENSG00000166920.6$C15orf48$chr15$45722727$+,0.37
chr7:100024200-100026000,ENSG00000166924.4$NYAP1$chr7$100081550$+,0.55
chr7:100077000-100078600,ENSG00000166924.4$NYAP1$chr7$100081550$+,0.58
chr7:100135600-100136800,ENSG00000166924.4$NYAP1$chr7$100081550$+,0.53
chr7:100156400-100158200,ENSG00000166924.4$NYAP1$chr7$100081550$+,0.5
chr7:100269800-100271200,ENSG00000166924.4$NYAP1$chr7$100081550$+,0.48
chr7:99914200-99916200,ENSG00000166924.4$NYAP1$chr7$100081550$+,0.4
chr7:100024200-100026000,ENSG00000166925.4$TSC22D4$chr7$100076902$-,0.54
chr7:100135600-100136800,ENSG00000166925.4$TSC22D4$chr7$100076902$-,0.57
chr7:100156400-100158200,ENSG00000166925.4$TSC22D4$chr7$100076902$-,0.44
chr7:100269800-100271200,ENSG00000166925.4$TSC22D4$chr7$100076902$-,0.48
chr7:100301800-100303200,ENSG00000166925.4$TSC22D4$chr7$100076902$-,0.35
chr7:99715200-99716400,ENSG00000166925.4$TSC22D4$chr7$100076902$-,0.35
chr7:99914200-99916200,ENSG00000166925.4$TSC22D4$chr7$100076902$-,0.48
chr15:66646200-66648400,ENSG00000166938.8$DIS3L$chr15$66585555$+,0.45
chr15:66649200-66650400,ENSG00000166938.8$DIS3L$chr15$66585555$+,0.47
chr15:66677200-66678800,ENSG00000166938.8$DIS3L$chr15$66585555$+,0.41
chr15:43398800-43401200,ENSG00000166946.9$CCNDBP1$chr15$43477316$+,0.47
chr15:43423600-43425400,ENSG00000166946.9$CCNDBP1$chr15$43477316$+,0.54
chr15:43425800-43428000,ENSG00000166946.9$CCNDBP1$chr15$43477316$+,0.6
chr15:43435000-43437400,ENSG00000166946.9$CCNDBP1$chr15$43477316$+,0.58
chr15:43496000-43497600,ENSG00000166946.9$CCNDBP1$chr15$43477316$+,0.63
chr15:43545000-43547200,ENSG00000166946.9$CCNDBP1$chr15$43477316$+,0.53
chr15:43623200-43624600,ENSG00000166946.9$CCNDBP1$chr15$43477316$+,0.41
chr15:43423600-43425400,ENSG00000166947.7$EPB42$chr15$43513481$-,0.35
chr15:43496000-43497600,ENSG00000166947.7$EPB42$chr15$43513481$-,0.73
chr15:43545000-43547200,ENSG00000166947.7$EPB42$chr15$43513481$-,0.56
chr20:2488000-2489000,ENSG00000166948.5$TGM6$chr20$2361554$+,0.44
chr15:43663800-43665800,ENSG00000166963.8$MAP1A$chr15$43803156$+,0.37
chr15:43712000-43714400,ENSG00000166963.8$MAP1A$chr15$43803156$+,0.36
chr15:43785800-43787200,ENSG00000166963.8$MAP1A$chr15$43803156$+,0.54
chr15:91443600-91445600,ENSG00000166965.8$RCCD1$chr15$91498100$+,0.56
chr15:91473600-91475400,ENSG00000166965.8$RCCD1$chr15$91498100$+,0.55
chr15:91479000-91480600,ENSG00000166965.8$RCCD1$chr15$91498100$+,0.78
chr15:91538400-91539800,ENSG00000166965.8$RCCD1$chr15$91498100$+,0.52
chr15:91566400-91568400,ENSG00000166965.8$RCCD1$chr15$91498100$+,0.37
chr16:53467000-53468000,ENSG00000166971.12$AKTIP$chr16$53538323$-,0.37
chr16:53495000-53495400,ENSG00000166971.12$AKTIP$chr16$53538323$-,0.52
chr16:53526000-53527000,ENSG00000166971.12$AKTIP$chr16$53538323$-,0.57
chr16:53568200-53570200,ENSG00000166971.12$AKTIP$chr16$53538323$-,0.45
chr16:53570800-53572400,ENSG00000166971.12$AKTIP$chr16$53538323$-,0.53
chr21:33648800-33650800,ENSG00000166979.8$EVA1C$chr21$33784314$+,0.6
chr21:33651800-33653000,ENSG00000166979.8$EVA1C$chr21$33784314$+,0.67
chr21:33775200-33776200,ENSG00000166979.8$EVA1C$chr21$33784314$+,0.75
chr21:33942200-33943600,ENSG00000166979.8$EVA1C$chr21$33784314$+,0.44
chr21:33996200-33997600,ENSG00000166979.8$EVA1C$chr21$33784314$+,0.44
chr12:57821400-57823800,ENSG00000166986.8$MARS$chr12$57869228$+,0.59
chr12:57825200-57827400,ENSG00000166986.8$MARS$chr12$57869228$+,0.5
chr12:57853800-57855800,ENSG00000166986.8$MARS$chr12$57869228$+,0.54
chr12:57881000-57881800,ENSG00000166986.8$MARS$chr12$57869228$+,0.52
chr12:57914400-57916000,ENSG00000166986.8$MARS$chr12$57869228$+,0.52
chr12:57821400-57823800,ENSG00000166987.10$MBD6$chr12$57914493$+,0.42
chr12:57825200-57827400,ENSG00000166987.10$MBD6$chr12$57914493$+,0.41
chr12:57853800-57855800,ENSG00000166987.10$MBD6$chr12$57914493$+,0.48
chr12:57881000-57881800,ENSG00000166987.10$MBD6$chr12$57914493$+,0.51
chr12:57999000-58001400,ENSG00000166987.10$MBD6$chr12$57914493$+,0.48
chr7:99646000-99647000,ENSG00000166997.3$CNPY4$chr7$99717236$+,0.44
chr7:99679400-99681800,ENSG00000166997.3$CNPY4$chr7$99717236$+,0.58
chr7:99699600-99702000,ENSG00000166997.3$CNPY4$chr7$99717236$+,0.54
chr7:99721800-99724000,ENSG00000166997.3$CNPY4$chr7$99717236$+,0.45
chr7:99725600-99727600,ENSG00000166997.3$CNPY4$chr7$99717236$+,0.54
chr7:99735200-99736800,ENSG00000166997.3$CNPY4$chr7$99717236$+,0.46
chr15:43785800-43787200,ENSG00000167004.8$PDIA3$chr15$44038590$+,0.5
chr15:44093400-44094600,ENSG00000167004.8$PDIA3$chr15$44038590$+,0.46
chr16:56554200-56555000,ENSG00000167005.9$NUDT21$chr16$56486111$-,0.38
chr15:45187800-45189400,ENSG00000167014.6$C15orf43$chr15$45248900$+,0.51
chr15:45489000-45491000,ENSG00000167014.6$C15orf43$chr15$45248900$+,0.38
chr22:25197400-25199800,ENSG00000167037.14$SGSM1$chr22$25202236$+,0.58
chr22:30984800-30987200,ENSG00000167065.9$DUSP18$chr22$31063877$-,0.64
chr22:31089200-31090400,ENSG00000167065.9$DUSP18$chr22$31063877$-,0.69
chr22:41940600-41942200,ENSG00000167077.8$MEI1$chr22$42095503$+,0.39
chr22:41983200-41985200,ENSG00000167077.8$MEI1$chr22$42095503$+,0.4
chr22:42044200-42044800,ENSG00000167077.8$MEI1$chr22$42095503$+,0.46
chr22:42075600-42078000,ENSG00000167077.8$MEI1$chr22$42095503$+,0.55
chr22:42078800-42081000,ENSG00000167077.8$MEI1$chr22$42095503$+,0.48
chr22:42085400-42087200,ENSG00000167077.8$MEI1$chr22$42095503$+,0.57
chr22:42194800-42196200,ENSG00000167077.8$MEI1$chr22$42095503$+,0.36
chr9:128590000-128592000,ENSG00000167081.12$PBX3$chr9$128509624$+,0.39
chr17:47267600-47269000,ENSG00000167083.2$GNGT2$chr17$47287936$-,0.64
chr17:47270800-47272800,ENSG00000167083.2$GNGT2$chr17$47287936$-,0.63
chr17:47403600-47404400,ENSG00000167083.2$GNGT2$chr17$47287936$-,0.37
chr17:47440000-47441200,ENSG00000167083.2$GNGT2$chr17$47287936$-,0.38
chr17:47441600-47443800,ENSG00000167083.2$GNGT2$chr17$47287936$-,0.36
chr17:47492800-47493600,ENSG00000167083.2$GNGT2$chr17$47287936$-,0.38
chr17:47403600-47404400,ENSG00000167085.7$PHB$chr17$47492246$-,0.46
chr17:47440000-47441200,ENSG00000167085.7$PHB$chr17$47492246$-,0.51
chr17:47441600-47443800,ENSG00000167085.7$PHB$chr17$47492246$-,0.6
chr17:47489800-47491800,ENSG00000167085.7$PHB$chr17$47492246$-,0.35
chr18:19173600-19175200,ENSG00000167088.6$SNRPD1$chr18$19192228$+,0.52
chr18:19181000-19183400,ENSG00000167088.6$SNRPD1$chr18$19192228$+,0.66
chr18:19184600-19185800,ENSG00000167088.6$SNRPD1$chr18$19192228$+,0.61
chr18:19196200-19198400,ENSG00000167088.6$SNRPD1$chr18$19192228$+,0.56
chr18:19257800-19259600,ENSG00000167088.6$SNRPD1$chr18$19192228$+,0.51
chr18:19314200-19316400,ENSG00000167088.6$SNRPD1$chr18$19192228$+,0.36
chr9:130373400-130374000,ENSG00000167094.11$TTC16$chr9$130478345$+,0.43
chr20:31490200-31491600,ENSG00000167098.7$SUN5$chr20$31592239$-,0.44
chr20:31533000-31535000,ENSG00000167098.7$SUN5$chr20$31592239$-,0.57
chr20:31537000-31537200,ENSG00000167098.7$SUN5$chr20$31592239$-,0.6
chr20:31537600-31540000,ENSG00000167098.7$SUN5$chr20$31592239$-,0.51
chr20:31683400-31685600,ENSG00000167098.7$SUN5$chr20$31592239$-,0.47
chr17:48234800-48236200,ENSG00000167100.10$SAMD14$chr17$48207246$-,0.6
chr20:31490200-31491600,ENSG00000167104.7$BPIFB6$chr20$31619454$+,0.35
chr20:31533000-31535000,ENSG00000167104.7$BPIFB6$chr20$31619454$+,0.48
chr20:31537000-31537200,ENSG00000167104.7$BPIFB6$chr20$31619454$+,0.51
chr20:31537600-31540000,ENSG00000167104.7$BPIFB6$chr20$31619454$+,0.51
chr20:31683400-31685600,ENSG00000167104.7$BPIFB6$chr20$31619454$+,0.53
chr17:48474800-48476000,ENSG00000167107.8$ACSF2$chr17$48503519$+,0.35
chr17:48511400-48512000,ENSG00000167107.8$ACSF2$chr17$48503519$+,0.35
chr9:131083200-131084200,ENSG00000167110.12$GOLGA2$chr9$131038274$-,0.48
chr9:131101600-131102400,ENSG00000167110.12$GOLGA2$chr9$131038274$-,0.5
chr9:131131200-131133000,ENSG00000167110.12$GOLGA2$chr9$131038274$-,0.4
chr9:131083200-131084200,ENSG00000167112.7$TRUB2$chr9$131085021$-,0.37
chr9:131101600-131102400,ENSG00000167112.7$TRUB2$chr9$131085021$-,0.48
chr9:131131200-131133000,ENSG00000167112.7$TRUB2$chr9$131085021$-,0.56
chr9:131200600-131202000,ENSG00000167112.7$TRUB2$chr9$131085021$-,0.49
chr9:131265200-131266800,ENSG00000167112.7$TRUB2$chr9$131085021$-,0.42
chr9:131267600-131269800,ENSG00000167112.7$TRUB2$chr9$131085021$-,0.36
chr9:131101600-131102400,ENSG00000167113.6$COQ4$chr9$131084815$+,0.54
chr9:131131200-131133000,ENSG00000167113.6$COQ4$chr9$131084815$+,0.71
chr9:131200600-131202000,ENSG00000167113.6$COQ4$chr9$131084815$+,0.43
chr9:131083200-131084200,ENSG00000167114.8$SLC27A4$chr9$131102925$+,0.42
chr9:131131200-131133000,ENSG00000167114.8$SLC27A4$chr9$131102925$+,0.59
chr9:131200600-131202000,ENSG00000167114.8$SLC27A4$chr9$131102925$+,0.42
chr9:131083200-131084200,ENSG00000167118.6$URM1$chr9$131133598$+,0.65
chr9:131101600-131102400,ENSG00000167118.6$URM1$chr9$131133598$+,0.68
chr9:131200600-131202000,ENSG00000167118.6$URM1$chr9$131133598$+,0.7
chr9:131265200-131266800,ENSG00000167118.6$URM1$chr9$131133598$+,0.59
chr9:131267600-131269800,ENSG00000167118.6$URM1$chr9$131133598$+,0.5
chr9:131689000-131691400,ENSG00000167130.13$DOLPP1$chr9$131843379$+,0.37
chr9:131799600-131801600,ENSG00000167130.13$DOLPP1$chr9$131843379$+,0.58
chr17:42784600-42785800,ENSG00000167131.12$CCDC103$chr17$42976510$+,0.36
chr17:42786800-42788200,ENSG00000167131.12$CCDC103$chr17$42976510$+,0.38
chr17:43135600-43138000,ENSG00000167131.12$CCDC103$chr17$42976510$+,0.39
chr9:131484000-131486000,ENSG00000167136.6$ENDOG$chr9$131580753$+,0.36
chr9:131547800-131549200,ENSG00000167136.6$ENDOG$chr9$131580753$+,0.64
chr9:131550200-131551800,ENSG00000167136.6$ENDOG$chr9$131580753$+,0.66
chr9:131592200-131593000,ENSG00000167136.6$ENDOG$chr9$131580753$+,0.55
chr9:131689000-131691400,ENSG00000167136.6$ENDOG$chr9$131580753$+,0.38
chr17:45713000-45714600,ENSG00000167182.11$SP2$chr17$45973516$+,0.37
chr17:45839800-45841600,ENSG00000167182.11$SP2$chr17$45973516$+,0.48
chr17:45866200-45868400,ENSG00000167182.11$SP2$chr17$45973516$+,0.59
chr17:45899000-45900800,ENSG00000167182.11$SP2$chr17$45973516$+,0.43
chr17:45909200-45910800,ENSG00000167182.11$SP2$chr17$45973516$+,0.53
chr17:45994800-45996400,ENSG00000167182.11$SP2$chr17$45973516$+,0.58
chr17:46049000-46051400,ENSG00000167182.11$SP2$chr17$45973516$+,0.6
chr17:46273800-46274000,ENSG00000167182.11$SP2$chr17$45973516$+,0.4
chr17:46282600-46283600,ENSG00000167182.11$SP2$chr17$45973516$+,0.35
chr17:46049000-46051400,ENSG00000167183.2$PRR15L$chr17$46035244$-,0.36
chr16:18938400-18940200,ENSG00000167186.6$COQ7$chr16$19078921$+,0.41
chr16:18961600-18962800,ENSG00000167186.6$COQ7$chr16$19078921$+,0.51
chr16:19918600-19920000,ENSG00000167191.7$GPRC5B$chr16$19897489$-,0.65
chr17:1179200-1180000,ENSG00000167193.7$CRK$chr17$1366456$-,0.37
chr17:1303800-1306000,ENSG00000167193.7$CRK$chr17$1366456$-,0.49
chr17:1588200-1590400,ENSG00000167193.7$CRK$chr17$1366456$-,0.36
chr16:29972000-29973000,ENSG00000167194.3$C16orf92$chr16$30034655$+,0.45
chr16:29983800-29985200,ENSG00000167194.3$C16orf92$chr16$30034655$+,0.43
chr16:30008200-30009800,ENSG00000167194.3$C16orf92$chr16$30034655$+,0.43
chr16:30085200-30087000,ENSG00000167194.3$C16orf92$chr16$30034655$+,0.4
chr15:76049800-76050800,ENSG00000167196.9$FBXO22$chr15$76196200$+,0.44
chr15:76132800-76135200,ENSG00000167196.9$FBXO22$chr15$76196200$+,0.59
chr15:76197000-76199400,ENSG00000167196.9$FBXO22$chr15$76196200$+,0.42
chr15:76200200-76202000,ENSG00000167196.9$FBXO22$chr15$76196200$+,0.6
chr15:78251000-78253400,ENSG00000167202.7$TBC1D2B$chr15$78370066$-,0.46
chr15:78393600-78394600,ENSG00000167202.7$TBC1D2B$chr15$78370066$-,0.62
chr15:78442400-78444600,ENSG00000167202.7$TBC1D2B$chr15$78370066$-,0.47
chr15:78514800-78516800,ENSG00000167202.7$TBC1D2B$chr15$78370066$-,0.48
chr16:50773800-50775800,ENSG00000167207.7$NOD2$chr16$50727514$+,0.54
chr16:50811800-50813000,ENSG00000167207.7$NOD2$chr16$50727514$+,0.39
chr16:50820600-50821600,ENSG00000167207.7$NOD2$chr16$50727514$+,0.53
chr16:50773800-50775800,ENSG00000167208.10$SNX20$chr16$50715264$-,0.5
chr16:50811800-50813000,ENSG00000167208.10$SNX20$chr16$50715264$-,0.41
chr16:50820600-50821600,ENSG00000167208.10$SNX20$chr16$50715264$-,0.48
chr18:44453000-44454600,ENSG00000167216.12$KATNAL2$chr18$44497455$+,0.52
chr18:44454800-44455000,ENSG00000167216.12$KATNAL2$chr18$44497455$+,0.53
chr19:23431200-23432600,ENSG00000167232.9$ZNF91$chr19$23578362$-,0.42
chr19:23457200-23458800,ENSG00000167232.9$ZNF91$chr19$23578362$-,0.53
chr19:23597600-23598400,ENSG00000167232.9$ZNF91$chr19$23578362$-,0.69
chr11:117013800-117014400,ENSG00000167257.6$RNF214$chr11$117103341$+,0.56
chr11:117024600-117026000,ENSG00000167257.6$RNF214$chr11$117103341$+,0.59
chr11:117048200-117050000,ENSG00000167257.6$RNF214$chr11$117103341$+,0.66
chr11:117197400-117198400,ENSG00000167257.6$RNF214$chr11$117103341$+,0.4
chr17:37529200-37530000,ENSG00000167258.9$CDK12$chr17$37617764$+,0.39
chr17:37558800-37560000,ENSG00000167258.9$CDK12$chr17$37617764$+,0.44
chr16:67881600-67884000,ENSG00000167261.9$DPEP2$chr16$68034489$-,0.41
chr16:67926200-67926800,ENSG00000167261.9$DPEP2$chr16$68034489$-,0.38
chr16:67970800-67972200,ENSG00000167261.9$DPEP2$chr16$68034489$-,0.53
chr16:68003000-68005000,ENSG00000167261.9$DPEP2$chr16$68034489$-,0.56
chr16:68054800-68056200,ENSG00000167261.9$DPEP2$chr16$68034489$-,0.56
chr16:68057600-68059400,ENSG00000167261.9$DPEP2$chr16$68034489$-,0.58
chr16:68003000-68005000,ENSG00000167264.13$DUS2$chr16$68021649$+,0.36
chr12:120874800-120875400,ENSG00000167272.6$POP5$chr12$121019201$-,0.41
chr12:120876400-120878800,ENSG00000167272.6$POP5$chr12$121019201$-,0.38
chr12:120881600-120883600,ENSG00000167272.6$POP5$chr12$121019201$-,0.38
chr12:120932200-120933600,ENSG00000167272.6$POP5$chr12$121019201$-,0.52
chr12:120970400-120972000,ENSG00000167272.6$POP5$chr12$121019201$-,0.52
chr12:121146400-121148200,ENSG00000167272.6$POP5$chr12$121019201$-,0.5
chr17:77061200-77061800,ENSG00000167280.12$ENGASE$chr17$77071021$+,0.69
chr11:118123400-118125400,ENSG00000167283.3$ATP5L$chr11$118271869$+,0.46
chr11:118161200-118163200,ENSG00000167283.3$ATP5L$chr11$118271869$+,0.37
chr11:118165800-118167800,ENSG00000167283.3$ATP5L$chr11$118271869$+,0.42
chr11:118223200-118224400,ENSG00000167283.3$ATP5L$chr11$118271869$+,0.44
chr11:118228800-118230200,ENSG00000167283.3$ATP5L$chr11$118271869$+,0.5
chr11:118304400-118305600,ENSG00000167283.3$ATP5L$chr11$118271869$+,0.49
chr11:118323600-118326000,ENSG00000167283.3$ATP5L$chr11$118271869$+,0.44
chr11:118326400-118327000,ENSG00000167283.3$ATP5L$chr11$118271869$+,0.48
chr11:118359000-118359600,ENSG00000167283.3$ATP5L$chr11$118271869$+,0.42
chr11:118161200-118163200,ENSG00000167286.5$CD3D$chr11$118213459$-,0.6
chr11:118165800-118167800,ENSG00000167286.5$CD3D$chr11$118213459$-,0.54
chr11:118223200-118224400,ENSG00000167286.5$CD3D$chr11$118213459$-,0.67
chr11:118228800-118230200,ENSG00000167286.5$CD3D$chr11$118213459$-,0.67
chr11:118323600-118326000,ENSG00000167286.5$CD3D$chr11$118213459$-,0.35
chr17:78010800-78012000,ENSG00000167291.11$TBC1D16$chr17$78009647$-,0.41
chr17:78055400-78057600,ENSG00000167291.11$TBC1D16$chr17$78009647$-,0.62
chr17:78072600-78074800,ENSG00000167291.11$TBC1D16$chr17$78009647$-,0.59
chr17:79269800-79270800,ENSG00000167302.5$ENTHD2$chr17$79212891$-,0.6
chr18:47277200-47279600,ENSG00000167315.13$ACAA2$chr18$47340330$-,0.52
chr18:47310000-47311800,ENSG00000167315.13$ACAA2$chr18$47340330$-,0.67
chr18:47312000-47313400,ENSG00000167315.13$ACAA2$chr18$47340330$-,0.67
chr18:47313800-47314000,ENSG00000167315.13$ACAA2$chr18$47340330$-,0.65
chr18:47342800-47343400,ENSG00000167315.13$ACAA2$chr18$47340330$-,0.56
chr11:3819400-3821800,ENSG00000167323.5$STIM1$chr11$3875757$+,0.46
chr11:3869400-3871000,ENSG00000167323.5$STIM1$chr11$3875757$+,0.62
chr11:4027000-4029200,ENSG00000167323.5$STIM1$chr11$3875757$+,0.37
chr11:4027000-4029200,ENSG00000167325.10$RRM1$chr11$4115937$+,0.51
chr11:4058600-4058800,ENSG00000167325.10$RRM1$chr11$4115937$+,0.62
chr11:4208600-4209800,ENSG00000167325.10$RRM1$chr11$4115937$+,0.49
chr16:29800200-29801600,ENSG00000167371.12$PRRT2$chr16$29823177$+,0.37
chr16:29938000-29939800,ENSG00000167371.12$PRRT2$chr16$29823177$+,0.36
chr16:71323600-71324600,ENSG00000167377.13$ZNF23$chr16$71496998$-,0.37
chr16:71597200-71598800,ENSG00000167377.13$ZNF23$chr16$71496998$-,0.35
chr19:43950600-43952000,ENSG00000167378.4$IRGQ$chr19$44100287$-,0.39
chr19:44008600-44011000,ENSG00000167378.4$IRGQ$chr19$44100287$-,0.47
chr19:44035800-44037000,ENSG00000167378.4$IRGQ$chr19$44100287$-,0.49
chr19:44080000-44081600,ENSG00000167378.4$IRGQ$chr19$44100287$-,0.66
chr19:44124200-44126600,ENSG00000167378.4$IRGQ$chr19$44100287$-,0.52
chr19:44615600-44617000,ENSG00000167380.12$ZNF226$chr19$44669226$+,0.37
chr19:44618200-44620000,ENSG00000167380.12$ZNF226$chr19$44669226$+,0.48
chr19:44643200-44645400,ENSG00000167380.12$ZNF226$chr19$44669226$+,0.46
chr19:44646400-44648000,ENSG00000167380.12$ZNF226$chr19$44669226$+,0.52
chr19:44717400-44719600,ENSG00000167380.12$ZNF226$chr19$44669226$+,0.5
chr19:44764200-44765400,ENSG00000167380.12$ZNF226$chr19$44669226$+,0.38
chr19:45156400-45158600,ENSG00000167384.6$ZNF180$chr19$45004576$-,0.44
chrX:281000-282200,ENSG00000167393.12$PPP2R3B$chrX$347690$-,0.48
chrX:291000-293400,ENSG00000167393.12$PPP2R3B$chrX$347690$-,0.5
chrX:348400-350800,ENSG00000167393.12$PPP2R3B$chrX$347690$-,0.38
chr16:30902600-30904800,ENSG00000167394.8$ZNF668$chr16$31085641$-,0.42
chr16:30931600-30933400,ENSG00000167394.8$ZNF668$chr16$31085641$-,0.41
chr16:30945800-30947800,ENSG00000167394.8$ZNF668$chr16$31085641$-,0.39
chr16:31082000-31084000,ENSG00000167394.8$ZNF668$chr16$31085641$-,0.55
chr16:31106400-31108000,ENSG00000167394.8$ZNF668$chr16$31085641$-,0.66
chr16:31296400-31298400,ENSG00000167394.8$ZNF668$chr16$31085641$-,0.36
chr16:30902600-30904800,ENSG00000167395.10$ZNF646$chr16$31085743$+,0.4
chr16:30931600-30933400,ENSG00000167395.10$ZNF646$chr16$31085743$+,0.47
chr16:30945800-30947800,ENSG00000167395.10$ZNF646$chr16$31085743$+,0.4
chr16:31082000-31084000,ENSG00000167395.10$ZNF646$chr16$31085743$+,0.53
chr16:31106400-31108000,ENSG00000167395.10$ZNF646$chr16$31085743$+,0.69
chr16:30902600-30904800,ENSG00000167397.10$VKORC1$chr16$31107301$-,0.36
chr16:30931600-30933400,ENSG00000167397.10$VKORC1$chr16$31107301$-,0.39
chr16:30945800-30947800,ENSG00000167397.10$VKORC1$chr16$31107301$-,0.43
chr16:31082000-31084000,ENSG00000167397.10$VKORC1$chr16$31107301$-,0.59
chr19:47102400-47103600,ENSG00000167414.4$GNG8$chr19$47137942$-,0.58
chr19:47151000-47152800,ENSG00000167414.4$GNG8$chr19$47137942$-,0.68
chr19:47207400-47208600,ENSG00000167414.4$GNG8$chr19$47137942$-,0.49
chr19:47250000-47252400,ENSG00000167414.4$GNG8$chr19$47137942$-,0.48
chr19:47291600-47293600,ENSG00000167414.4$GNG8$chr19$47137942$-,0.46
chr17:56158400-56160800,ENSG00000167419.6$LPO$chr17$56295909$+,0.38
chr17:56199400-56200000,ENSG00000167419.6$LPO$chr17$56295909$+,0.38
chr17:56244000-56245200,ENSG00000167419.6$LPO$chr17$56295909$+,0.59
chr17:56297000-56298200,ENSG00000167419.6$LPO$chr17$56295909$+,0.42
chr17:58210000-58212400,ENSG00000167434.5$CA4$chr17$58227297$+,0.35
chr17:57181200-57183400,ENSG00000167447.8$SMG8$chr17$57286761$+,0.44
chr17:57222800-57223400,ENSG00000167447.8$SMG8$chr17$57286761$+,0.43
chr17:57297000-57297800,ENSG00000167447.8$SMG8$chr17$57286761$+,0.63
chr17:57298800-57299600,ENSG00000167447.8$SMG8$chr17$57286761$+,0.72
chr19:16317600-16320000,ENSG00000167461.7$RAB8A$chr19$16222439$+,0.59
chr19:16354000-16356400,ENSG00000167461.7$RAB8A$chr19$16222439$+,0.46
chr19:16455800-16457000,ENSG00000167461.7$RAB8A$chr19$16222439$+,0.42
chr19:1188600-1190600,ENSG00000167468.12$GPX4$chr19$1103936$+,0.42
chr19:1188600-1190600,ENSG00000167470.8$MIDN$chr19$1248552$+,0.58
chr19:1405800-1407800,ENSG00000167470.8$MIDN$chr19$1248552$+,0.36
chr19:2506400-2508800,ENSG00000167476.6$JSRP1$chr19$2269758$-,0.39
chr19:17378800-17380200,ENSG00000167483.13$FAM129C$chr19$17634110$+,0.35
chr19:17443000-17445200,ENSG00000167483.13$FAM129C$chr19$17634110$+,0.48
chr19:17445400-17447400,ENSG00000167483.13$FAM129C$chr19$17634110$+,0.37
chr19:17520200-17521200,ENSG00000167483.13$FAM129C$chr19$17634110$+,0.52
chr19:17531400-17532000,ENSG00000167483.13$FAM129C$chr19$17634110$+,0.57
chr19:17558200-17560200,ENSG00000167483.13$FAM129C$chr19$17634110$+,0.57
chr19:17733200-17734000,ENSG00000167483.13$FAM129C$chr19$17634110$+,0.49
chr19:18633000-18634000,ENSG00000167487.7$KLHL26$chr19$18747775$+,0.43
chr19:18651800-18653600,ENSG00000167487.7$KLHL26$chr19$18747775$+,0.47
chr19:18667400-18668800,ENSG00000167487.7$KLHL26$chr19$18747775$+,0.42
chr19:18669400-18671600,ENSG00000167487.7$KLHL26$chr19$18747775$+,0.52
chr19:18681000-18682200,ENSG00000167487.7$KLHL26$chr19$18747775$+,0.42
chr19:18941400-18943600,ENSG00000167487.7$KLHL26$chr19$18747775$+,0.38
chr19:19304200-19306600,ENSG00000167491.13$GATAD2A$chr19$19496635$+,0.35
chr19:19312000-19314200,ENSG00000167491.13$GATAD2A$chr19$19496635$+,0.39
chr19:19468200-19470000,ENSG00000167491.13$GATAD2A$chr19$19496635$+,0.51
chr19:19509800-19512000,ENSG00000167491.13$GATAD2A$chr19$19496635$+,0.58
chr19:19624600-19626600,ENSG00000167491.13$GATAD2A$chr19$19496635$+,0.44
chr19:19745200-19746600,ENSG00000167491.13$GATAD2A$chr19$19496635$+,0.37
chr16:88517200-88519400,ENSG00000167508.6$MVD$chr16$88729569$-,0.39
chr16:88635000-88636200,ENSG00000167508.6$MVD$chr16$88729569$-,0.55
chr16:88924400-88926800,ENSG00000167508.6$MVD$chr16$88729569$-,0.42
chr16:88635000-88636200,ENSG00000167513.4$CDT1$chr16$88869621$+,0.36
chr16:88924400-88926800,ENSG00000167513.4$CDT1$chr16$88869621$+,0.58
chr16:88924400-88926800,ENSG00000167515.6$TRAPPC2L$chr16$88922628$+,0.57
chr16:89494600-89495600,ENSG00000167522.10$ANKRD11$chr16$89556969$-,0.63
chr16:89721400-89723800,ENSG00000167522.10$ANKRD11$chr16$89556969$-,0.35
chr16:89725000-89727400,ENSG00000167522.10$ANKRD11$chr16$89556969$-,0.41
chr16:89795200-89797600,ENSG00000167522.10$ANKRD11$chr16$89556969$-,0.35
chr16:89752000-89753000,ENSG00000167523.9$SPATA33$chr16$89724210$+,0.65
chr16:89793400-89794600,ENSG00000167523.9$SPATA33$chr16$89724210$+,0.38
chr16:89795200-89797600,ENSG00000167523.9$SPATA33$chr16$89724210$+,0.45
chr16:89798000-89799200,ENSG00000167523.9$SPATA33$chr16$89724210$+,0.43
chr16:89799400-89800200,ENSG00000167523.9$SPATA33$chr16$89724210$+,0.39
chr16:89815800-89816600,ENSG00000167523.9$SPATA33$chr16$89724210$+,0.42
chr17:26926800-26928200,ENSG00000167524.10$SGK494$chr17$26941218$-,0.41
chr17:26892000-26893000,ENSG00000167525.9$PROCA1$chr17$27038872$-,0.46
chr17:26924400-26926200,ENSG00000167525.9$PROCA1$chr17$27038872$-,0.56
chr17:26926800-26928200,ENSG00000167525.9$PROCA1$chr17$27038872$-,0.47
chr17:26985800-26988200,ENSG00000167525.9$PROCA1$chr17$27038872$-,0.56
chr17:27056000-27058000,ENSG00000167525.9$PROCA1$chr17$27038872$-,0.76
chr17:27118800-27121200,ENSG00000167525.9$PROCA1$chr17$27038872$-,0.48
chr17:27140000-27141600,ENSG00000167525.9$PROCA1$chr17$27038872$-,0.46
chr17:27180600-27181400,ENSG00000167525.9$PROCA1$chr17$27038872$-,0.5
chr17:27182400-27183800,ENSG00000167525.9$PROCA1$chr17$27038872$-,0.42
chr12:48679400-48681200,ENSG00000167528.8$ZNF641$chr12$48745197$-,0.54
chr12:48689600-48692000,ENSG00000167528.8$ZNF641$chr12$48745197$-,0.52
chr17:27118800-27121200,ENSG00000167536.9$DHRS13$chr17$27230089$-,0.4
chr17:27140000-27141600,ENSG00000167536.9$DHRS13$chr17$27230089$-,0.42
chr17:27180600-27181400,ENSG00000167536.9$DHRS13$chr17$27230089$-,0.54
chr17:27182400-27183800,ENSG00000167536.9$DHRS13$chr17$27230089$-,0.48
chr17:27256600-27258400,ENSG00000167536.9$DHRS13$chr17$27230089$-,0.43
chr17:27279400-27281800,ENSG00000167536.9$DHRS13$chr17$27230089$-,0.4
chr17:27728000-27729600,ENSG00000167543.11$TP53I13$chr17$27893070$+,0.44
chr17:27755000-27756000,ENSG00000167543.11$TP53I13$chr17$27893070$+,0.42
chr12:49413000-49415400,ENSG00000167548.10$KMT2D$chr12$49453557$-,0.56
chr12:49437000-49439000,ENSG00000167548.10$KMT2D$chr12$49453557$-,0.49
chr12:49462400-49463400,ENSG00000167548.10$KMT2D$chr12$49453557$-,0.48
chr12:49504600-49506400,ENSG00000167548.10$KMT2D$chr12$49453557$-,0.55
chr12:49413000-49415400,ENSG00000167550.6$RHEBL1$chr12$49463808$-,0.48
chr12:49437000-49439000,ENSG00000167550.6$RHEBL1$chr12$49463808$-,0.56
chr12:49504600-49506400,ENSG00000167550.6$RHEBL1$chr12$49463808$-,0.59
chr12:49413000-49415400,ENSG00000167552.9$TUBA1A$chr12$49583107$-,0.35
chr12:49437000-49439000,ENSG00000167552.9$TUBA1A$chr12$49583107$-,0.42
chr12:49462400-49463400,ENSG00000167552.9$TUBA1A$chr12$49583107$-,0.54
chr12:49504600-49506400,ENSG00000167552.9$TUBA1A$chr12$49583107$-,0.46
chr12:49715000-49716600,ENSG00000167552.9$TUBA1A$chr12$49583107$-,0.53
chr12:49413000-49415400,ENSG00000167553.10$TUBA1C$chr12$49582519$+,0.42
chr12:49437000-49439000,ENSG00000167553.10$TUBA1C$chr12$49582519$+,0.38
chr12:49462400-49463400,ENSG00000167553.10$TUBA1C$chr12$49582519$+,0.54
chr12:49504600-49506400,ENSG00000167553.10$TUBA1C$chr12$49582519$+,0.52
chr12:49715000-49716600,ENSG00000167553.10$TUBA1C$chr12$49582519$+,0.5
chr19:52690400-52692600,ENSG00000167554.10$ZNF610$chr19$52839498$+,0.44
chr19:52771800-52772800,ENSG00000167554.10$ZNF610$chr19$52839498$+,0.5
chr19:52799000-52800000,ENSG00000167554.10$ZNF610$chr19$52839498$+,0.56
chr19:52801000-52802800,ENSG00000167554.10$ZNF610$chr19$52839498$+,0.72
chr19:52874000-52875200,ENSG00000167554.10$ZNF610$chr19$52839498$+,0.61
chr19:52672800-52674000,ENSG00000167555.9$ZNF528$chr19$52901102$+,0.38
chr19:52675000-52676400,ENSG00000167555.9$ZNF528$chr19$52901102$+,0.39
chr19:52799000-52800000,ENSG00000167555.9$ZNF528$chr19$52901102$+,0.35
chr19:52801000-52802800,ENSG00000167555.9$ZNF528$chr19$52901102$+,0.4
chr19:52840200-52841600,ENSG00000167555.9$ZNF528$chr19$52901102$+,0.51
chr19:52874000-52875200,ENSG00000167555.9$ZNF528$chr19$52901102$+,0.63
chr19:53029400-53030200,ENSG00000167555.9$ZNF528$chr19$52901102$+,0.51
chr19:53031400-53033600,ENSG00000167555.9$ZNF528$chr19$52901102$+,0.38
chr19:53031400-53033600,ENSG00000167562.7$ZNF701$chr19$53059075$+,0.38
chr19:53101600-53104000,ENSG00000167562.7$ZNF701$chr19$53059075$+,0.42
chr19:40852600-40853800,ENSG00000167565.8$SERTAD3$chr19$40950612$-,0.55
chr19:40903600-40905800,ENSG00000167565.8$SERTAD3$chr19$40950612$-,0.58
chr19:40974400-40975400,ENSG00000167565.8$SERTAD3$chr19$40950612$-,0.68
chr19:41018000-41020000,ENSG00000167565.8$SERTAD3$chr19$40950612$-,0.42
chr19:41054200-41056200,ENSG00000167565.8$SERTAD3$chr19$40950612$-,0.41
chr12:50233800-50236200,ENSG00000167566.12$NCKAP5L$chr12$50222533$-,0.53
chr12:50237000-50239000,ENSG00000167566.12$NCKAP5L$chr12$50222533$-,0.55
chr12:50240600-50241400,ENSG00000167566.12$NCKAP5L$chr12$50222533$-,0.62
chr19:41253600-41256000,ENSG00000167578.12$RAB4B$chr19$41284121$+,0.66
chr19:41276000-41277400,ENSG00000167578.12$RAB4B$chr19$41284121$+,0.67
chr19:41302000-41304400,ENSG00000167578.12$RAB4B$chr19$41284121$+,0.63
chr19:41405400-41406800,ENSG00000167578.12$RAB4B$chr19$41284121$+,0.39
chr19:41413400-41415600,ENSG00000167578.12$RAB4B$chr19$41284121$+,0.4
chr19:36192400-36193400,ENSG00000167595.10$C19orf55$chr19$36249044$+,0.42
chr19:36237000-36239400,ENSG00000167595.10$C19orf55$chr19$36249044$+,0.62
chr19:36239800-36242000,ENSG00000167595.10$C19orf55$chr19$36249044$+,0.62
chr19:36237000-36239400,ENSG00000167604.9$NFKBID$chr19$36393205$-,0.41
chr19:36239800-36242000,ENSG00000167604.9$NFKBID$chr19$36393205$-,0.42
chr19:36369000-36371400,ENSG00000167604.9$NFKBID$chr19$36393205$-,0.56
chr19:36372800-36373800,ENSG00000167604.9$NFKBID$chr19$36393205$-,0.48
chr19:36383600-36385200,ENSG00000167604.9$NFKBID$chr19$36393205$-,0.45
chr19:36460400-36461000,ENSG00000167604.9$NFKBID$chr19$36393205$-,0.48
chr19:36505600-36507200,ENSG00000167604.9$NFKBID$chr19$36393205$-,0.38
chr19:54670200-54672600,ENSG00000167608.7$TMC4$chr19$54676944$-,0.46
chr19:54670200-54672600,ENSG00000167613.11$LAIR1$chr19$54882165$-,0.4
chr19:54895000-54896000,ENSG00000167613.11$LAIR1$chr19$54882165$-,0.66
chr19:54895000-54896000,ENSG00000167615.12$LENG8$chr19$54960065$+,0.61
chr19:42722000-42724400,ENSG00000167619.7$TMEM145$chr19$42817477$+,0.35
chr19:42771400-42772600,ENSG00000167619.7$TMEM145$chr19$42817477$+,0.4
chr19:42799600-42801200,ENSG00000167619.7$TMEM145$chr19$42817477$+,0.58
chr19:42803800-42806200,ENSG00000167619.7$TMEM145$chr19$42817477$+,0.6
chr19:42806600-42808400,ENSG00000167619.7$TMEM145$chr19$42817477$+,0.7
chr19:42890800-42892200,ENSG00000167619.7$TMEM145$chr19$42817477$+,0.43
chr19:42578800-42579600,ENSG00000167625.6$ZNF526$chr19$42724423$+,0.39
chr19:42692800-42694400,ENSG00000167625.6$ZNF526$chr19$42724423$+,0.49
chr19:42771400-42772600,ENSG00000167625.6$ZNF526$chr19$42724423$+,0.47
chr19:42799600-42801200,ENSG00000167625.6$ZNF526$chr19$42724423$+,0.55
chr19:42803800-42806200,ENSG00000167625.6$ZNF526$chr19$42724423$+,0.6
chr19:42806600-42808400,ENSG00000167625.6$ZNF526$chr19$42724423$+,0.52
chr19:42890800-42892200,ENSG00000167625.6$ZNF526$chr19$42724423$+,0.45
chr8:141430600-141432400,ENSG00000167632.10$TRAPPC9$chr8$141468678$-,0.39
chr8:141472200-141474200,ENSG00000167632.10$TRAPPC9$chr8$141468678$-,0.56
chr19:36460400-36461000,ENSG00000167635.7$ZNF146$chr19$36705504$+,0.39
chr19:36505600-36507200,ENSG00000167635.7$ZNF146$chr19$36705504$+,0.39
chr19:36632000-36634000,ENSG00000167635.7$ZNF146$chr19$36705504$+,0.63
chr19:36867600-36869400,ENSG00000167635.7$ZNF146$chr19$36705504$+,0.49
chr19:36907200-36909000,ENSG00000167635.7$ZNF146$chr19$36705504$+,0.41
chr19:44313400-44314400,ENSG00000167637.12$ZNF283$chr19$44331444$+,0.44
chr19:44315600-44317800,ENSG00000167637.12$ZNF283$chr19$44331444$+,0.48
chr19:38605000-38606800,ENSG00000167642.8$SPINT2$chr19$38734675$+,0.39
chr19:38724400-38725000,ENSG00000167642.8$SPINT2$chr19$38734675$+,0.63
chr19:38850400-38852800,ENSG00000167642.8$SPINT2$chr19$38734675$+,0.48
chr19:38853000-38854400,ENSG00000167642.8$SPINT2$chr19$38734675$+,0.52
chr19:38864200-38865400,ENSG00000167642.8$SPINT2$chr19$38734675$+,0.43
chr19:38724400-38725000,ENSG00000167645.12$YIF1B$chr19$38807913$-,0.45
chr19:38850400-38852800,ENSG00000167645.12$YIF1B$chr19$38807913$-,0.54
chr19:38853000-38854400,ENSG00000167645.12$YIF1B$chr19$38807913$-,0.62
chr19:38864200-38865400,ENSG00000167645.12$YIF1B$chr19$38807913$-,0.57
chr19:38894400-38896400,ENSG00000167645.12$YIF1B$chr19$38807913$-,0.41
chr19:38919200-38920600,ENSG00000167645.12$YIF1B$chr19$38807913$-,0.43
chr19:3820600-3822800,ENSG00000167654.13$ATCAY$chr19$3879862$+,0.35
chr19:3820600-3822800,ENSG00000167658.11$EEF2$chr19$3985467$-,0.4
chr19:3971000-3971800,ENSG00000167658.11$EEF2$chr19$3985467$-,0.63
chr19:4124400-4125000,ENSG00000167658.11$EEF2$chr19$3985467$-,0.43
chr19:4124400-4125000,ENSG00000167664.4$TMIGD2$chr19$4302428$-,0.41
chr19:4179600-4182000,ENSG00000167664.4$TMIGD2$chr19$4302428$-,0.36
chr19:4183000-4185000,ENSG00000167664.4$TMIGD2$chr19$4302428$-,0.47
chr19:4245600-4247000,ENSG00000167664.4$TMIGD2$chr19$4302428$-,0.52
chr19:4247400-4249400,ENSG00000167664.4$TMIGD2$chr19$4302428$-,0.51
chr19:4400400-4402000,ENSG00000167664.4$TMIGD2$chr19$4302428$-,0.41
chr19:4469800-4471400,ENSG00000167664.4$TMIGD2$chr19$4302428$-,0.37
chr19:4179600-4182000,ENSG00000167670.11$CHAF1A$chr19$4402659$+,0.4
chr19:4183000-4185000,ENSG00000167670.11$CHAF1A$chr19$4402659$+,0.39
chr19:4245600-4247000,ENSG00000167670.11$CHAF1A$chr19$4402659$+,0.46
chr19:4247400-4249400,ENSG00000167670.11$CHAF1A$chr19$4402659$+,0.49
chr19:4400400-4402000,ENSG00000167670.11$CHAF1A$chr19$4402659$+,0.42
chr19:4469800-4471400,ENSG00000167670.11$CHAF1A$chr19$4402659$+,0.53
chr19:4245600-4247000,ENSG00000167671.7$UBXN6$chr19$4457819$-,0.35
chr19:4400400-4402000,ENSG00000167671.7$UBXN6$chr19$4457819$-,0.52
chr19:4469800-4471400,ENSG00000167671.7$UBXN6$chr19$4457819$-,0.55
chr19:4245600-4247000,ENSG00000167674.10$HDGFRP2$chr19$4472284$+,0.37
chr19:4247400-4249400,ENSG00000167674.10$HDGFRP2$chr19$4472284$+,0.36
chr19:4400400-4402000,ENSG00000167674.10$HDGFRP2$chr19$4472284$+,0.56
chr19:56633400-56635200,ENSG00000167685.10$ZNF444$chr19$56643968$+,0.5
chr8:145704000-145706200,ENSG00000167700.4$MFSD3$chr8$145734457$+,0.6
chr8:145704000-145706200,ENSG00000167702.7$KIFC2$chr8$145691426$+,0.49
chr17:1588200-1590400,ENSG00000167703.10$SLC43A2$chr17$1532180$-,0.44
chr17:1621000-1622800,ENSG00000167703.10$SLC43A2$chr17$1532180$-,0.36
chr17:1588200-1590400,ENSG00000167716.14$WDR81$chr17$1619817$+,0.46
chr17:1621000-1622800,ENSG00000167716.14$WDR81$chr17$1619817$+,0.38
chr17:2048600-2050800,ENSG00000167720.8$SRR$chr17$2206677$+,0.42
chr17:2207600-2208800,ENSG00000167721.6$TSR1$chr17$2240801$-,0.61
chr17:2415600-2417200,ENSG00000167721.6$TSR1$chr17$2240801$-,0.42
chr17:2434000-2435000,ENSG00000167721.6$TSR1$chr17$2240801$-,0.39
chr17:3586000-3587400,ENSG00000167723.10$TRPV3$chr17$3461289$-,0.46
chr19:5614600-5616600,ENSG00000167733.9$HSD11B1L$chr19$5680615$+,0.46
chr19:5720800-5721600,ENSG00000167733.9$HSD11B1L$chr19$5680615$+,0.63
chr19:5788200-5790400,ENSG00000167733.9$HSD11B1L$chr19$5680615$+,0.52
chr19:5794000-5795000,ENSG00000167733.9$HSD11B1L$chr19$5680615$+,0.53
chr19:51285600-51287400,ENSG00000167747.9$C19orf48$chr19$51308186$-,0.72
chr19:51424800-51426200,ENSG00000167747.9$C19orf48$chr19$51308186$-,0.44
chr19:51285600-51287400,ENSG00000167748.6$KLK1$chr19$51327043$-,0.35
chr19:51424800-51426200,ENSG00000167749.7$KLK4$chr19$51413994$-,0.45
chr19:51424800-51426200,ENSG00000167759.8$KLK13$chr19$51568371$-,0.35
chr19:51950800-51952800,ENSG00000167765.3$AC018755.1$chr19$52097630$-,0.45
chr19:52073400-52074200,ENSG00000167765.3$AC018755.1$chr19$52097630$-,0.72
chr19:52179200-52181400,ENSG00000167765.3$AC018755.1$chr19$52097630$-,0.53
chr19:52207800-52209800,ENSG00000167765.3$AC018755.1$chr19$52097630$-,0.41
chr19:53031400-53033600,ENSG00000167766.14$ZNF83$chr19$53193749$-,0.36
chr19:53101600-53104000,ENSG00000167766.14$ZNF83$chr19$53193749$-,0.36
chr19:53141600-53143000,ENSG00000167766.14$ZNF83$chr19$53193749$-,0.48
chr19:53184200-53185400,ENSG00000167766.14$ZNF83$chr19$53193749$-,0.56
chr19:53235600-53237600,ENSG00000167766.14$ZNF83$chr19$53193749$-,0.61
chr19:53238400-53240000,ENSG00000167766.14$ZNF83$chr19$53193749$-,0.52
chr19:53323600-53324200,ENSG00000167766.14$ZNF83$chr19$53193749$-,0.4
chr12:52998400-52999400,ENSG00000167768.4$KRT1$chr12$53074191$-,0.41
chr12:53035000-53036400,ENSG00000167768.4$KRT1$chr12$53074191$-,0.56
chr12:53037600-53038000,ENSG00000167768.4$KRT1$chr12$53074191$-,0.54
chr19:6360800-6361400,ENSG00000167769.4$ACER1$chr19$6333640$-,0.43
chr11:63704800-63705800,ENSG00000167770.7$OTUB1$chr11$63753325$+,0.42
chr11:63737000-63739400,ENSG00000167770.7$OTUB1$chr11$63753325$+,0.77
chr11:63754600-63756800,ENSG00000167770.7$OTUB1$chr11$63753325$+,0.49
chr11:63934000-63936200,ENSG00000167770.7$OTUB1$chr11$63753325$+,0.4
chr11:63704800-63705800,ENSG00000167771.5$RCOR2$chr11$63684316$-,0.5
chr19:8442200-8443400,ENSG00000167772.7$ANGPTL4$chr19$8428173$+,0.61
chr19:8442200-8443400,ENSG00000167774.2$NDUFA7$chr19$8386263$-,0.54
chr19:8383400-8385600,ENSG00000167775.6$CD320$chr19$8373240$-,0.75
chr19:8442200-8443400,ENSG00000167775.6$CD320$chr19$8373240$-,0.48
chr12:53397600-53399600,ENSG00000167778.4$SPRYD3$chr12$53473204$-,0.41
chr12:53431800-53434000,ENSG00000167778.4$SPRYD3$chr12$53473204$-,0.62
chr12:53397600-53399600,ENSG00000167780.7$SOAT2$chr12$53497302$+,0.51
chr12:53431800-53434000,ENSG00000167780.7$SOAT2$chr12$53497302$+,0.57
chr12:53660800-53662000,ENSG00000167780.7$SOAT2$chr12$53497302$+,0.36
chr19:8803800-8805600,ENSG00000167785.4$ZNF558$chr19$8943004$-,0.52
chr11:67498000-67500400,ENSG00000167792.7$NDUFV1$chr11$67374323$+,0.53
chr11:67573600-67575400,ENSG00000167792.7$NDUFV1$chr11$67374323$+,0.36
chr11:67156600-67158800,ENSG00000167797.3$CDK2AP2$chr11$67276120$-,0.46
chr11:67194200-67195400,ENSG00000167797.3$CDK2AP2$chr11$67276120$-,0.49
chr11:67375000-67377200,ENSG00000167797.3$CDK2AP2$chr11$67276120$-,0.54
chr11:67498000-67500400,ENSG00000167797.3$CDK2AP2$chr11$67276120$-,0.41
chr11:67156600-67158800,ENSG00000167799.5$NUDT8$chr11$67397401$-,0.41
chr11:67194200-67195400,ENSG00000167799.5$NUDT8$chr11$67397401$-,0.4
chr11:67375000-67377200,ENSG00000167799.5$NUDT8$chr11$67397401$-,0.53
chr11:67498000-67500400,ENSG00000167799.5$NUDT8$chr11$67397401$-,0.46
chr19:10306000-10306800,ENSG00000167807.11$CTD-2369P2.10$chr19$10426685$-,0.42
chr19:10341400-10343600,ENSG00000167807.11$CTD-2369P2.10$chr19$10426685$-,0.41
chr19:10360600-10362400,ENSG00000167807.11$CTD-2369P2.10$chr19$10426685$-,0.47
chr19:10488800-10490600,ENSG00000167807.11$CTD-2369P2.10$chr19$10426685$-,0.52
chr19:10499200-10501600,ENSG00000167807.11$CTD-2369P2.10$chr19$10426685$-,0.55
chr19:10589000-10590800,ENSG00000167807.11$CTD-2369P2.10$chr19$10426685$-,0.35
chr19:12662800-12664800,ENSG00000167815.7$PRDX2$chr19$12912694$-,0.35
chr19:12745800-12747400,ENSG00000167815.7$PRDX2$chr19$12912694$-,0.47
chr19:12750400-12752400,ENSG00000167815.7$PRDX2$chr19$12912694$-,0.5
chr19:12778000-12779600,ENSG00000167815.7$PRDX2$chr19$12912694$-,0.45
chr19:12790200-12791800,ENSG00000167815.7$PRDX2$chr19$12912694$-,0.5
chr19:12805200-12807200,ENSG00000167815.7$PRDX2$chr19$12912694$-,0.49
chr19:12848800-12850600,ENSG00000167815.7$PRDX2$chr19$12912694$-,0.45
chr19:12886800-12888600,ENSG00000167815.7$PRDX2$chr19$12912694$-,0.6
chr19:12916000-12917600,ENSG00000167815.7$PRDX2$chr19$12912694$-,0.57
chr19:12935600-12937200,ENSG00000167815.7$PRDX2$chr19$12912694$-,0.55
chr19:12957800-12959200,ENSG00000167815.7$PRDX2$chr19$12912694$-,0.57
chr19:12990400-12992200,ENSG00000167815.7$PRDX2$chr19$12912694$-,0.51
chr19:13002600-13004800,ENSG00000167815.7$PRDX2$chr19$12912694$-,0.47
chr19:13068400-13069000,ENSG00000167815.7$PRDX2$chr19$12912694$-,0.45
chr17:5342400-5344400,ENSG00000167842.11$MIS12$chr17$5389605$+,0.44
chr17:5495400-5496200,ENSG00000167842.11$MIS12$chr17$5389605$+,0.4
chr17:72489000-72490000,ENSG00000167850.3$CD300C$chr17$72542282$-,0.47
chr17:72283000-72283800,ENSG00000167851.9$CD300A$chr17$72462555$+,0.35
chr17:72489000-72490000,ENSG00000167851.9$CD300A$chr17$72462555$+,0.55
chr17:72978400-72980200,ENSG00000167861.11$HID1$chr17$72969261$-,0.54
chr17:73044200-73046200,ENSG00000167861.11$HID1$chr17$72969261$-,0.43
chr17:73179400-73181000,ENSG00000167861.11$HID1$chr17$72969261$-,0.37
chr17:73199800-73201200,ENSG00000167861.11$HID1$chr17$72969261$-,0.35
chr17:72978400-72980200,ENSG00000167863.7$ATP5H$chr17$73043080$-,0.55
chr17:73104200-73105600,ENSG00000167863.7$ATP5H$chr17$73043080$-,0.43
chr17:73172600-73173200,ENSG00000167863.7$ATP5H$chr17$73043080$-,0.4
chr17:73179400-73181000,ENSG00000167863.7$ATP5H$chr17$73043080$-,0.45
chr17:73199800-73201200,ENSG00000167863.7$ATP5H$chr17$73043080$-,0.41
chr17:73282800-73285000,ENSG00000167863.7$ATP5H$chr17$73043080$-,0.36
chr17:74059200-74061000,ENSG00000167880.3$EVPL$chr17$74023533$-,0.41
chr17:74059200-74061000,ENSG00000167881.10$SRP68$chr17$74068734$-,0.56
chr17:74095800-74096000,ENSG00000167881.10$SRP68$chr17$74068734$-,0.58
chr17:74097200-74099000,ENSG00000167881.10$SRP68$chr17$74068734$-,0.58
chr17:75872600-75874600,ENSG00000167895.10$TMC8$chr17$76126851$+,0.35
chr17:75973800-75975200,ENSG00000167895.10$TMC8$chr17$76126851$+,0.37
chr8:56680400-56681400,ENSG00000167904.10$TMEM68$chr8$56685966$-,0.58
chr8:59363800-59365200,ENSG00000167910.3$CYP7A1$chr8$59412795$-,0.64
chr8:59464800-59465200,ENSG00000167910.3$CYP7A1$chr8$59412795$-,0.6
chr17:37886600-37888000,ENSG00000167914.6$GSDMA$chr17$38119226$+,0.35
chr17:38134400-38136600,ENSG00000167914.6$GSDMA$chr17$38119226$+,0.68
chr17:38166000-38168000,ENSG00000167914.6$GSDMA$chr17$38119226$+,0.58
chr17:38208800-38210200,ENSG00000167914.6$GSDMA$chr17$38119226$+,0.46
chr17:38815800-38816800,ENSG00000167916.4$KRT24$chr17$38860002$-,0.39
chr17:40170000-40172400,ENSG00000167925.11$GHDC$chr17$40346531$-,0.43
chr17:40300200-40302600,ENSG00000167925.11$GHDC$chr17$40346531$-,0.54
chr17:40373600-40374800,ENSG00000167925.11$GHDC$chr17$40346531$-,0.63
chr17:40382000-40383800,ENSG00000167925.11$GHDC$chr17$40346531$-,0.61
chr17:40413800-40416200,ENSG00000167925.11$GHDC$chr17$40346531$-,0.37
chr17:40429000-40431400,ENSG00000167925.11$GHDC$chr17$40346531$-,0.43
chr16:204200-205400,ENSG00000167930.11$ITFG3$chr16$284545$+,0.5
chr16:285600-286800,ENSG00000167930.11$ITFG3$chr16$284545$+,0.42
chr17:41856800-41859000,ENSG00000167941.2$SOST$chr17$41836156$-,0.41
chr16:1904400-1906400,ENSG00000167962.8$ZNF598$chr16$2059824$-,0.5
chr16:2008200-2009600,ENSG00000167962.8$ZNF598$chr16$2059824$-,0.49
chr16:2020000-2021600,ENSG00000167962.8$ZNF598$chr16$2059824$-,0.52
chr16:2060200-2062400,ENSG00000167962.8$ZNF598$chr16$2059824$-,0.42
chr16:2069000-2071200,ENSG00000167962.8$ZNF598$chr16$2059824$-,0.72
chr16:2098600-2099800,ENSG00000167962.8$ZNF598$chr16$2059824$-,0.58
chr16:2186000-2187000,ENSG00000167962.8$ZNF598$chr16$2059824$-,0.41
chr16:2254400-2255800,ENSG00000167962.8$ZNF598$chr16$2059824$-,0.46
chr16:2060200-2062400,ENSG00000167964.8$RAB26$chr16$2190804$+,0.39
chr16:2069000-2071200,ENSG00000167964.8$RAB26$chr16$2190804$+,0.36
chr16:2098600-2099800,ENSG00000167964.8$RAB26$chr16$2190804$+,0.42
chr16:2186000-2187000,ENSG00000167964.8$RAB26$chr16$2190804$+,0.58
chr16:2254400-2255800,ENSG00000167964.8$RAB26$chr16$2190804$+,0.55
chr16:2098600-2099800,ENSG00000167965.13$MLST8$chr16$2254249$+,0.37
chr16:2186000-2187000,ENSG00000167965.13$MLST8$chr16$2254249$+,0.47
chr16:2390400-2392400,ENSG00000167965.13$MLST8$chr16$2254249$+,0.36
chr16:2060200-2062400,ENSG00000167967.11$E4F1$chr16$2273567$+,0.4
chr16:2098600-2099800,ENSG00000167967.11$E4F1$chr16$2273567$+,0.43
chr16:2186000-2187000,ENSG00000167967.11$E4F1$chr16$2273567$+,0.55
chr16:2254400-2255800,ENSG00000167967.11$E4F1$chr16$2273567$+,0.65
chr16:2390400-2392400,ENSG00000167967.11$E4F1$chr16$2273567$+,0.48
chr16:2098600-2099800,ENSG00000167971.14$CASKIN1$chr16$2246526$-,0.49
chr16:2186000-2187000,ENSG00000167971.14$CASKIN1$chr16$2246526$-,0.63
chr16:2254400-2255800,ENSG00000167971.14$CASKIN1$chr16$2246526$-,0.55
chr16:2390400-2392400,ENSG00000167971.14$CASKIN1$chr16$2246526$-,0.41
chr16:2254400-2255800,ENSG00000167972.9$ABCA3$chr16$2390747$-,0.41
chr16:2595000-2597400,ENSG00000167977.4$KCTD5$chr16$2732476$+,0.38
chr16:2706000-2707800,ENSG00000167977.4$KCTD5$chr16$2732476$+,0.57
chr16:2771400-2773800,ENSG00000167977.4$KCTD5$chr16$2732476$+,0.64
chr16:2800400-2802200,ENSG00000167977.4$KCTD5$chr16$2732476$+,0.55
chr16:2953600-2954600,ENSG00000167977.4$KCTD5$chr16$2732476$+,0.37
chr16:2595000-2597400,ENSG00000167978.12$SRRM2$chr16$2802330$+,0.41
chr16:2706000-2707800,ENSG00000167978.12$SRRM2$chr16$2802330$+,0.47
chr16:2771400-2773800,ENSG00000167978.12$SRRM2$chr16$2802330$+,0.69
chr16:2916400-2918000,ENSG00000167978.12$SRRM2$chr16$2802330$+,0.41
chr16:2918600-2920000,ENSG00000167978.12$SRRM2$chr16$2802330$+,0.42
chr16:2933800-2934600,ENSG00000167978.12$SRRM2$chr16$2802330$+,0.5
chr16:2953600-2954600,ENSG00000167978.12$SRRM2$chr16$2802330$+,0.45
chr16:2955400-2957800,ENSG00000167978.12$SRRM2$chr16$2802330$+,0.51
chr16:2960000-2961600,ENSG00000167978.12$SRRM2$chr16$2802330$+,0.5
chr16:3334600-3336600,ENSG00000167981.4$ZNF597$chr16$3493542$-,0.41
chr16:3353200-3355000,ENSG00000167981.4$ZNF597$chr16$3493542$-,0.54
chr16:3415800-3416600,ENSG00000167981.4$ZNF597$chr16$3493542$-,0.52
chr16:3448200-3450600,ENSG00000167981.4$ZNF597$chr16$3493542$-,0.5
chr16:3481200-3483200,ENSG00000167981.4$ZNF597$chr16$3493542$-,0.63
chr16:3500600-3502000,ENSG00000167981.4$ZNF597$chr16$3493542$-,0.61
chr16:3549000-3551000,ENSG00000167981.4$ZNF597$chr16$3493542$-,0.5
chr11:61130400-61132000,ENSG00000167985.2$SDHAF2$chr11$61197514$+,0.51
chr11:61151200-61153600,ENSG00000167985.2$SDHAF2$chr11$61197514$+,0.57
chr11:61158400-61159800,ENSG00000167985.2$SDHAF2$chr11$61197514$+,0.42
chr11:61191000-61191200,ENSG00000167985.2$SDHAF2$chr11$61197514$+,0.59
chr11:61151200-61153600,ENSG00000167986.9$DDB1$chr11$61110068$-,0.4
chr11:60674400-60676200,ENSG00000167987.6$VPS37C$chr11$60929089$-,0.44
chr11:60865200-60867600,ENSG00000167987.6$VPS37C$chr11$60929089$-,0.4
chr11:62359600-62362000,ENSG00000168000.10$BSCL2$chr11$62477317$-,0.36
chr11:62386400-62388800,ENSG00000168000.10$BSCL2$chr11$62477317$-,0.45
chr11:62418200-62420200,ENSG00000168000.10$BSCL2$chr11$62477317$-,0.55
chr11:62429600-62432000,ENSG00000168000.10$BSCL2$chr11$62477317$-,0.51
chr11:62443600-62446000,ENSG00000168000.10$BSCL2$chr11$62477317$-,0.54
chr11:62446800-62449200,ENSG00000168000.10$BSCL2$chr11$62477317$-,0.65
chr11:62461600-62463400,ENSG00000168000.10$BSCL2$chr11$62477317$-,0.64
chr11:62486400-62488600,ENSG00000168000.10$BSCL2$chr11$62477317$-,0.64
chr11:62522000-62524400,ENSG00000168000.10$BSCL2$chr11$62477317$-,0.49
chr11:62527800-62529000,ENSG00000168000.10$BSCL2$chr11$62477317$-,0.48
chr11:62536800-62538200,ENSG00000168000.10$BSCL2$chr11$62477317$-,0.46
chr11:62553200-62554600,ENSG00000168000.10$BSCL2$chr11$62477317$-,0.49
chr11:62596400-62598600,ENSG00000168000.10$BSCL2$chr11$62477317$-,0.38
chr11:62359600-62362000,ENSG00000168002.7$POLR2G$chr11$62529016$+,0.35
chr11:62386400-62388800,ENSG00000168002.7$POLR2G$chr11$62529016$+,0.42
chr11:62418200-62420200,ENSG00000168002.7$POLR2G$chr11$62529016$+,0.4
chr11:62429600-62432000,ENSG00000168002.7$POLR2G$chr11$62529016$+,0.44
chr11:62443600-62446000,ENSG00000168002.7$POLR2G$chr11$62529016$+,0.45
chr11:62446800-62449200,ENSG00000168002.7$POLR2G$chr11$62529016$+,0.49
chr11:62461600-62463400,ENSG00000168002.7$POLR2G$chr11$62529016$+,0.52
chr11:62486400-62488600,ENSG00000168002.7$POLR2G$chr11$62529016$+,0.52
chr11:62522000-62524400,ENSG00000168002.7$POLR2G$chr11$62529016$+,0.68
chr11:62536800-62538200,ENSG00000168002.7$POLR2G$chr11$62529016$+,0.45
chr11:62553200-62554600,ENSG00000168002.7$POLR2G$chr11$62529016$+,0.41
chr11:62596400-62598600,ENSG00000168002.7$POLR2G$chr11$62529016$+,0.54
chr11:62386400-62388800,ENSG00000168003.12$SLC3A2$chr11$62623518$+,0.41
chr11:62429600-62432000,ENSG00000168003.12$SLC3A2$chr11$62623518$+,0.35
chr11:62443600-62446000,ENSG00000168003.12$SLC3A2$chr11$62623518$+,0.39
chr11:62446800-62449200,ENSG00000168003.12$SLC3A2$chr11$62623518$+,0.38
chr11:62486400-62488600,ENSG00000168003.12$SLC3A2$chr11$62623518$+,0.48
chr11:62522000-62524400,ENSG00000168003.12$SLC3A2$chr11$62623518$+,0.46
chr11:62527800-62529000,ENSG00000168003.12$SLC3A2$chr11$62623518$+,0.52
chr11:62536800-62538200,ENSG00000168003.12$SLC3A2$chr11$62623518$+,0.47
chr11:62553200-62554600,ENSG00000168003.12$SLC3A2$chr11$62623518$+,0.52
chr11:62596400-62598600,ENSG00000168003.12$SLC3A2$chr11$62623518$+,0.6
chr11:63737000-63739400,ENSG00000168005.4$C11orf84$chr11$63580860$+,0.38
chr11:73679000-73679600,ENSG00000168014.12$C2CD3$chr11$73882255$-,0.38
chr11:73800600-73803000,ENSG00000168014.12$C2CD3$chr11$73882255$-,0.53
chr11:73895600-73897800,ENSG00000168014.12$C2CD3$chr11$73882255$-,0.66
chr11:74021600-74023800,ENSG00000168014.12$C2CD3$chr11$73882255$-,0.37
chr3:36904800-36906800,ENSG00000168016.9$TRANK1$chr3$36986548$-,0.43
chr3:36922600-36924400,ENSG00000168016.9$TRANK1$chr3$36986548$-,0.44
chr3:37035600-37037000,ENSG00000168016.9$TRANK1$chr3$36986548$-,0.44
chr3:39149600-39151800,ENSG00000168026.12$TTC21A$chr3$39149152$+,0.38
chr3:40358400-40359600,ENSG00000168032.4$ENTPD3$chr3$40428647$+,0.38
chr3:42053400-42055200,ENSG00000168038.6$ULK4$chr3$42003922$-,0.58
chr11:70114600-70116200,ENSG00000168040.4$FADD$chr11$70049269$+,0.59
chr11:64690600-64691800,ENSG00000168061.9$SAC3D1$chr11$64808373$+,0.46
chr11:64692800-64695200,ENSG00000168061.9$SAC3D1$chr11$64808373$+,0.51
chr11:64780200-64781400,ENSG00000168061.9$SAC3D1$chr11$64808373$+,0.52
chr11:64902800-64905200,ENSG00000168061.9$SAC3D1$chr11$64808373$+,0.43
chr11:64690600-64691800,ENSG00000168062.5$BATF2$chr11$64764517$-,0.35
chr11:64780200-64781400,ENSG00000168062.5$BATF2$chr11$64764517$-,0.5
chr11:64805800-64808200,ENSG00000168062.5$BATF2$chr11$64764517$-,0.36
chr11:64578000-64579000,ENSG00000168066.16$SF1$chr11$64546258$-,0.44
chr11:64690600-64691800,ENSG00000168066.16$SF1$chr11$64546258$-,0.39
chr11:64692800-64695200,ENSG00000168066.16$SF1$chr11$64546258$-,0.37
chr11:64578000-64579000,ENSG00000168067.7$MAP4K2$chr11$64570713$-,0.6
chr11:64690600-64691800,ENSG00000168067.7$MAP4K2$chr11$64570713$-,0.48
chr11:64692800-64695200,ENSG00000168067.7$MAP4K2$chr11$64570713$-,0.39
chr11:64780200-64781400,ENSG00000168067.7$MAP4K2$chr11$64570713$-,0.39
chr11:64805800-64808200,ENSG00000168067.7$MAP4K2$chr11$64570713$-,0.39
chr11:64578000-64579000,ENSG00000168070.7$C11orf85$chr11$64739557$-,0.38
chr11:64690600-64691800,ENSG00000168070.7$C11orf85$chr11$64739557$-,0.58
chr11:64692800-64695200,ENSG00000168070.7$C11orf85$chr11$64739557$-,0.54
chr11:64780200-64781400,ENSG00000168070.7$C11orf85$chr11$64739557$-,0.58
chr11:64805800-64808200,ENSG00000168070.7$C11orf85$chr11$64739557$-,0.53
chr11:64902800-64905200,ENSG00000168070.7$C11orf85$chr11$64739557$-,0.42
chr11:63959400-63960800,ENSG00000168071.17$CCDC88B$chr11$64107695$+,0.36
chr11:64026600-64028000,ENSG00000168071.17$CCDC88B$chr11$64107695$+,0.52
chr11:64070600-64072000,ENSG00000168071.17$CCDC88B$chr11$64107695$+,0.64
chr11:64074000-64076000,ENSG00000168071.17$CCDC88B$chr11$64107695$+,0.72
chr11:64257000-64259000,ENSG00000168071.17$CCDC88B$chr11$64107695$+,0.45
chr8:27681200-27682800,ENSG00000168078.5$PBK$chr8$27695612$-,0.71
chr8:27720600-27723000,ENSG00000168078.5$PBK$chr8$27695612$-,0.64
chr7:99646000-99647000,ENSG00000168090.5$COPS6$chr7$99686577$+,0.51
chr7:99679400-99681800,ENSG00000168090.5$COPS6$chr7$99686577$+,0.6
chr7:99699600-99702000,ENSG00000168090.5$COPS6$chr7$99686577$+,0.56
chr7:99715200-99716400,ENSG00000168090.5$COPS6$chr7$99686577$+,0.59
chr7:99721800-99724000,ENSG00000168090.5$COPS6$chr7$99686577$+,0.54
chr7:99725600-99727600,ENSG00000168090.5$COPS6$chr7$99686577$+,0.53
chr7:99735200-99736800,ENSG00000168090.5$COPS6$chr7$99686577$+,0.5
chr11:117024600-117026000,ENSG00000168092.9$PAFAH1B2$chr11$117014983$+,0.65
chr11:117048200-117050000,ENSG00000168092.9$PAFAH1B2$chr11$117014983$+,0.62
chr11:117104000-117105800,ENSG00000168092.9$PAFAH1B2$chr11$117014983$+,0.56
chr16:4524600-4527000,ENSG00000168096.10$ANKS3$chr16$4784379$-,0.35
chr16:4598000-4599400,ENSG00000168096.10$ANKS3$chr16$4784379$-,0.42
chr16:4672400-4674600,ENSG00000168096.10$ANKS3$chr16$4784379$-,0.47
chr16:4817600-4820000,ENSG00000168096.10$ANKS3$chr16$4784379$-,0.68
chr16:4598000-4599400,ENSG00000168101.10$NUDT16L1$chr16$4743695$+,0.51
chr16:4672400-4674600,ENSG00000168101.10$NUDT16L1$chr16$4743695$+,0.57
chr16:4782000-4783600,ENSG00000168101.10$NUDT16L1$chr16$4743695$+,0.65
chr16:4785000-4786600,ENSG00000168101.10$NUDT16L1$chr16$4743695$+,0.63
chr16:4817600-4820000,ENSG00000168101.10$NUDT16L1$chr16$4743695$+,0.61
chr6:56961200-56963400,ENSG00000168116.9$KIAA1586$chr6$56911347$+,0.57
chr6:57011400-57013600,ENSG00000168116.9$KIAA1586$chr6$56911347$+,0.38
chr1:229392800-229395200,ENSG00000168118.7$RAB4A$chr1$229406822$+,0.51
chr6:27759000-27759600,ENSG00000168131.2$OR2B2$chr6$27880174$-,0.45
chr6:27776400-27777800,ENSG00000168131.2$OR2B2$chr6$27880174$-,0.5
chr6:27792800-27794600,ENSG00000168131.2$OR2B2$chr6$27880174$-,0.42
chr6:27796400-27798400,ENSG00000168131.2$OR2B2$chr6$27880174$-,0.43
chr3:9291400-9293800,ENSG00000168137.11$SETD5$chr3$9439299$+,0.39
chr3:9342400-9344800,ENSG00000168137.11$SETD5$chr3$9439299$+,0.37
chr3:9402800-9404600,ENSG00000168137.11$SETD5$chr3$9439299$+,0.64
chr3:9492600-9495000,ENSG00000168137.11$SETD5$chr3$9439299$+,0.61
chr4:83720000-83721800,ENSG00000168152.8$THAP9$chr4$83821837$+,0.5
chr4:83932400-83933400,ENSG00000168152.8$THAP9$chr4$83821837$+,0.51
chr4:83954600-83955400,ENSG00000168152.8$THAP9$chr4$83821837$+,0.39
chr16:3285600-3287200,ENSG00000168158.2$OR2C1$chr16$3405889$+,0.43
chr16:3334600-3336600,ENSG00000168158.2$OR2C1$chr16$3405889$+,0.51
chr16:3353200-3355000,ENSG00000168158.2$OR2C1$chr16$3405889$+,0.49
chr16:3415800-3416600,ENSG00000168158.2$OR2C1$chr16$3405889$+,0.77
chr16:3448200-3450600,ENSG00000168158.2$OR2C1$chr16$3405889$+,0.72
chr16:3481200-3483200,ENSG00000168158.2$OR2C1$chr16$3405889$+,0.64
chr16:3494200-3496400,ENSG00000168158.2$OR2C1$chr16$3405889$+,0.46
chr16:3500600-3502000,ENSG00000168158.2$OR2C1$chr16$3405889$+,0.4
chr16:3549000-3551000,ENSG00000168158.2$OR2C1$chr16$3405889$+,0.46
chr1:228770800-228771600,ENSG00000168159.9$RNF187$chr1$228674762$+,0.56
chr8:42699000-42700200,ENSG00000168172.4$HOOK3$chr8$42752075$+,0.54
chr8:42732200-42734400,ENSG00000168172.4$HOOK3$chr8$42752075$+,0.61
chr8:42740000-42741200,ENSG00000168172.4$HOOK3$chr8$42752075$+,0.64
chr8:42742200-42743400,ENSG00000168172.4$HOOK3$chr8$42752075$+,0.59
chr8:42759200-42760800,ENSG00000168172.4$HOOK3$chr8$42752075$+,0.7
chr8:42922000-42922800,ENSG00000168172.4$HOOK3$chr8$42752075$+,0.37
chr14:55361200-55363200,ENSG00000168175.10$MAPK1IP1L$chr14$55518349$+,0.42
chr14:55370000-55370600,ENSG00000168175.10$MAPK1IP1L$chr14$55518349$+,0.42
chr14:55413000-55415400,ENSG00000168175.10$MAPK1IP1L$chr14$55518349$+,0.39
chr14:55492000-55493200,ENSG00000168175.10$MAPK1IP1L$chr14$55518349$+,0.67
chr14:55613000-55614000,ENSG00000168175.10$MAPK1IP1L$chr14$55518349$+,0.41
chr14:55630600-55631400,ENSG00000168175.10$MAPK1IP1L$chr14$55518349$+,0.39
chr14:55658800-55659400,ENSG00000168175.10$MAPK1IP1L$chr14$55518349$+,0.45
chr10:73967600-73970000,ENSG00000168209.4$DDIT4$chr10$74033678$+,0.39
chr10:74027000-74029400,ENSG00000168209.4$DDIT4$chr10$74033678$+,0.56
chr10:74057600-74059400,ENSG00000168209.4$DDIT4$chr10$74033678$+,0.46
chr10:74072800-74073000,ENSG00000168209.4$DDIT4$chr10$74033678$+,0.46
chr6:70340600-70343000,ENSG00000168216.6$LMBRD1$chr6$70507003$-,0.37
chr6:70391000-70393200,ENSG00000168216.6$LMBRD1$chr6$70507003$-,0.37
chr6:70467600-70469200,ENSG00000168216.6$LMBRD1$chr6$70507003$-,0.73
chr6:70469800-70471200,ENSG00000168216.6$LMBRD1$chr6$70507003$-,0.68
chr6:70545200-70546600,ENSG00000168216.6$LMBRD1$chr6$70507003$-,0.73
chr4:25234200-25235200,ENSG00000168228.10$ZCCHC4$chr4$25314407$+,0.37
chr4:25240800-25243000,ENSG00000168228.10$ZCCHC4$chr4$25314407$+,0.47
chr4:25331800-25334000,ENSG00000168228.10$ZCCHC4$chr4$25314407$+,0.78
chr14:52614400-52615400,ENSG00000168229.3$PTGDR$chr14$52734431$+,0.47
chr14:52653800-52654000,ENSG00000168229.3$PTGDR$chr14$52734431$+,0.39
chr14:52686200-52688400,ENSG00000168229.3$PTGDR$chr14$52734431$+,0.59
chr14:52713600-52715800,ENSG00000168229.3$PTGDR$chr14$52734431$+,0.55
chr14:52804600-52806200,ENSG00000168229.3$PTGDR$chr14$52734431$+,0.58
chr14:52826600-52828000,ENSG00000168229.3$PTGDR$chr14$52734431$+,0.42
chr14:52835400-52837800,ENSG00000168229.3$PTGDR$chr14$52734431$+,0.42
chr14:52848800-52849800,ENSG00000168229.3$PTGDR$chr14$52734431$+,0.36
chr14:52871400-52873600,ENSG00000168229.3$PTGDR$chr14$52734431$+,0.56
chr14:52932400-52933200,ENSG00000168229.3$PTGDR$chr14$52734431$+,0.36
chr18:21511600-21511800,ENSG00000168234.8$TTC39C$chr18$21572737$+,0.56
chr18:21557400-21559600,ENSG00000168234.8$TTC39C$chr18$21572737$+,0.55
chr18:21567000-21568200,ENSG00000168234.8$TTC39C$chr18$21572737$+,0.75
chr18:21568600-21569000,ENSG00000168234.8$TTC39C$chr18$21572737$+,0.63
chr18:21623200-21625600,ENSG00000168234.8$TTC39C$chr18$21572737$+,0.54
chr18:21626200-21626600,ENSG00000168234.8$TTC39C$chr18$21572737$+,0.61
chr3:52215200-52217400,ENSG00000168237.13$GLYCTK$chr3$52321105$+,0.4
chr3:52291600-52294000,ENSG00000168237.13$GLYCTK$chr3$52321105$+,0.62
chr6:26057200-26058800,ENSG00000168242.3$HIST1H2BI$chr6$26273144$+,0.41
chr6:26115200-26117000,ENSG00000168242.3$HIST1H2BI$chr6$26273144$+,0.44
chr6:26180200-26182000,ENSG00000168242.3$HIST1H2BI$chr6$26273144$+,0.5
chr6:26235600-26237400,ENSG00000168242.3$HIST1H2BI$chr6$26273144$+,0.58
chr6:26239800-26241000,ENSG00000168242.3$HIST1H2BI$chr6$26273144$+,0.63
chr6:26314000-26314600,ENSG00000168242.3$HIST1H2BI$chr6$26273144$+,0.56
chr6:26400800-26402200,ENSG00000168242.3$HIST1H2BI$chr6$26273144$+,0.38
chr7:102152800-102153800,ENSG00000168255.14$POLR2J3$chr7$102213103$-,0.4
chr7:102390000-102391800,ENSG00000168255.14$POLR2J3$chr7$102213103$-,0.37
chr17:40085000-40086400,ENSG00000168256.13$NKIRAS2$chr17$40163400$+,0.35
chr17:40170000-40172400,ENSG00000168256.13$NKIRAS2$chr17$40163400$+,0.36
chr17:39990600-39992000,ENSG00000168259.10$DNAJC7$chr17$40173394$-,0.37
chr17:40021800-40022400,ENSG00000168259.10$DNAJC7$chr17$40173394$-,0.36
chr17:40075800-40077200,ENSG00000168259.10$DNAJC7$chr17$40173394$-,0.42
chr17:40085000-40086400,ENSG00000168259.10$DNAJC7$chr17$40173394$-,0.52
chr17:40116200-40118200,ENSG00000168259.10$DNAJC7$chr17$40173394$-,0.55
chr17:40300200-40302600,ENSG00000168259.10$DNAJC7$chr17$40173394$-,0.36
chr14:50583400-50585600,ENSG00000168260.1$C14orf183$chr14$50559361$-,0.64
chr14:50699000-50701200,ENSG00000168260.1$C14orf183$chr14$50559361$-,0.41
chr1:234733000-234735400,ENSG00000168264.6$IRF2BP2$chr1$234745271$-,0.58
chr6:26057200-26058800,ENSG00000168274.3$HIST1H2AE$chr6$26217165$+,0.38
chr6:26085800-26087600,ENSG00000168274.3$HIST1H2AE$chr6$26217165$+,0.43
chr6:26088200-26090400,ENSG00000168274.3$HIST1H2AE$chr6$26217165$+,0.4
chr6:26115200-26117000,ENSG00000168274.3$HIST1H2AE$chr6$26217165$+,0.38
chr6:26180200-26182000,ENSG00000168274.3$HIST1H2AE$chr6$26217165$+,0.53
chr6:26235600-26237400,ENSG00000168274.3$HIST1H2AE$chr6$26217165$+,0.65
chr6:26239800-26241000,ENSG00000168274.3$HIST1H2AE$chr6$26217165$+,0.67
chr6:26314000-26314600,ENSG00000168274.3$HIST1H2AE$chr6$26217165$+,0.5
chr1:234405200-234407200,ENSG00000168275.10$COA6$chr1$234509202$+,0.46
chr1:234520800-234522200,ENSG00000168275.10$COA6$chr1$234509202$+,0.54
chr1:234543400-234545800,ENSG00000168275.10$COA6$chr1$234509202$+,0.5
chr2:149487400-149489400,ENSG00000168280.12$KIF5C$chr2$149632819$+,0.38
chr14:50053800-50055200,ENSG00000168282.4$MGAT2$chr14$50087489$+,0.57
chr14:50080600-50081400,ENSG00000168282.4$MGAT2$chr14$50087489$+,0.73
chr14:50157200-50159400,ENSG00000168282.4$MGAT2$chr14$50087489$+,0.44
chr14:50160400-50162600,ENSG00000168282.4$MGAT2$chr14$50087489$+,0.54
chr14:50233000-50234200,ENSG00000168282.4$MGAT2$chr14$50087489$+,0.39
chr10:22548200-22549600,ENSG00000168283.9$BMI1$chr10$22610140$+,0.5
chr10:22603400-22604800,ENSG00000168283.9$BMI1$chr10$22610140$+,0.54
chr10:22629400-22631200,ENSG00000168283.9$BMI1$chr10$22610140$+,0.5
chr10:22633000-22635200,ENSG00000168283.9$BMI1$chr10$22610140$+,0.5
chr16:67613200-67614400,ENSG00000168286.1$THAP11$chr16$67876213$+,0.35
chr16:67618600-67620000,ENSG00000168286.1$THAP11$chr16$67876213$+,0.37
chr16:67620800-67622000,ENSG00000168286.1$THAP11$chr16$67876213$+,0.36
chr16:67753800-67756000,ENSG00000168286.1$THAP11$chr16$67876213$+,0.39
chr16:67841200-67842000,ENSG00000168286.1$THAP11$chr16$67876213$+,0.58
chr16:67850200-67851000,ENSG00000168286.1$THAP11$chr16$67876213$+,0.59
chr16:67881600-67884000,ENSG00000168286.1$THAP11$chr16$67876213$+,0.47
chr16:67884400-67886200,ENSG00000168286.1$THAP11$chr16$67876213$+,0.51
chr16:67926200-67926800,ENSG00000168286.1$THAP11$chr16$67876213$+,0.52
chr16:67970800-67972200,ENSG00000168286.1$THAP11$chr16$67876213$+,0.46
chr16:68003000-68005000,ENSG00000168286.1$THAP11$chr16$67876213$+,0.36
chr2:150400800-150401600,ENSG00000168288.8$MMADHC$chr2$150444330$-,0.46
chr2:150433000-150435200,ENSG00000168288.8$MMADHC$chr2$150444330$-,0.55
chr2:150457800-150459200,ENSG00000168288.8$MMADHC$chr2$150444330$-,0.63
chr3:58448400-58450600,ENSG00000168291.8$PDHB$chr3$58419584$-,0.4
chr3:58291400-58292000,ENSG00000168297.11$PXK$chr3$58318607$+,0.41
chr3:58417000-58419000,ENSG00000168297.11$PXK$chr3$58318607$+,0.4
chr3:58448400-58450600,ENSG00000168297.11$PXK$chr3$58318607$+,0.41
chr6:26042400-26044600,ENSG00000168298.4$HIST1H1E$chr6$26156559$+,0.41
chr6:26057200-26058800,ENSG00000168298.4$HIST1H1E$chr6$26156559$+,0.52
chr6:26085800-26087600,ENSG00000168298.4$HIST1H1E$chr6$26156559$+,0.5
chr6:26088200-26090400,ENSG00000168298.4$HIST1H1E$chr6$26156559$+,0.62
chr6:26115200-26117000,ENSG00000168298.4$HIST1H1E$chr6$26156559$+,0.66
chr6:26180200-26182000,ENSG00000168298.4$HIST1H1E$chr6$26156559$+,0.57
chr6:26235600-26237400,ENSG00000168298.4$HIST1H1E$chr6$26156559$+,0.43
chr6:26239800-26241000,ENSG00000168298.4$HIST1H1E$chr6$26156559$+,0.4
chr6:26314000-26314600,ENSG00000168298.4$HIST1H1E$chr6$26156559$+,0.4
chr6:26400800-26402200,ENSG00000168298.4$HIST1H1E$chr6$26156559$+,0.36
chr8:52912600-52914800,ENSG00000168300.9$PCMTD1$chr8$52811735$-,0.54
chr3:58417000-58419000,ENSG00000168301.8$KCTD6$chr3$58477841$+,0.59
chr3:58448400-58450600,ENSG00000168301.8$KCTD6$chr3$58477841$+,0.6
chr7:40072800-40074600,ENSG00000168303.6$MPLKIP$chr7$40174258$-,0.39
chr7:40082200-40083400,ENSG00000168303.6$MPLKIP$chr7$40174258$-,0.4
chr4:185385000-185387200,ENSG00000168310.6$IRF2$chr4$185395734$-,0.57
chr4:185423800-185426200,ENSG00000168310.6$IRF2$chr4$185395734$-,0.56
chr4:185495800-185497600,ENSG00000168310.6$IRF2$chr4$185395734$-,0.4
chr3:39367200-39367400,ENSG00000168329.9$CX3CR1$chr3$39323226$-,0.56
chr3:39368000-39370400,ENSG00000168329.9$CX3CR1$chr3$39323226$-,0.51
chr3:39406200-39406400,ENSG00000168329.9$CX3CR1$chr3$39323226$-,0.38
chr3:57540000-57541400,ENSG00000168374.6$ARF4$chr3$57583947$-,0.46
chr3:57568400-57570600,ENSG00000168374.6$ARF4$chr3$57583947$-,0.63
chr3:57640000-57641000,ENSG00000168374.6$ARF4$chr3$57583947$-,0.4
chr3:57660600-57662000,ENSG00000168374.6$ARF4$chr3$57583947$-,0.38
chr2:242086000-242088400,ENSG00000168385.13$SEPT2$chr2$242254515$+,0.37
chr2:242157800-242160000,ENSG00000168385.13$SEPT2$chr2$242254515$+,0.49
chr2:242638800-242640800,ENSG00000168393.8$DTYMK$chr2$242626406$-,0.61
chr2:242642200-242644200,ENSG00000168393.8$DTYMK$chr2$242626406$-,0.71
chr2:242697600-242699200,ENSG00000168393.8$DTYMK$chr2$242626406$-,0.47
chr2:242881000-242882600,ENSG00000168393.8$DTYMK$chr2$242626406$-,0.36
chr6:32982200-32984000,ENSG00000168394.9$TAP1$chr6$32821755$-,0.36
chr2:242642200-242644200,ENSG00000168395.10$ING5$chr2$242641450$+,0.39
chr2:242697600-242699200,ENSG00000168395.10$ING5$chr2$242641450$+,0.48
chr2:242881000-242882600,ENSG00000168395.10$ING5$chr2$242641450$+,0.38
chr2:242448400-242449800,ENSG00000168397.12$ATG4B$chr2$242576628$+,0.49
chr2:242638800-242640800,ENSG00000168397.12$ATG4B$chr2$242576628$+,0.54
chr2:242642200-242644200,ENSG00000168397.12$ATG4B$chr2$242576628$+,0.51
chr2:242697600-242699200,ENSG00000168397.12$ATG4B$chr2$242576628$+,0.4
chr16:74568200-74569800,ENSG00000168404.8$MLKL$chr16$74734858$-,0.38
chr16:74616800-74619000,ENSG00000168404.8$MLKL$chr16$74734858$-,0.37
chr16:74655800-74658200,ENSG00000168404.8$MLKL$chr16$74734858$-,0.52
chr16:74896600-74898800,ENSG00000168404.8$MLKL$chr16$74734858$-,0.36
chr16:74568200-74569800,ENSG00000168411.9$RFWD3$chr16$74700779$-,0.35
chr16:74616800-74619000,ENSG00000168411.9$RFWD3$chr16$74700779$-,0.35
chr16:74655800-74658200,ENSG00000168411.9$RFWD3$chr16$74700779$-,0.55
chr4:40055400-40057400,ENSG00000168421.8$RHOH$chr4$40192673$+,0.35
chr4:40174200-40176600,ENSG00000168421.8$RHOH$chr4$40192673$+,0.59
chr4:40252200-40254600,ENSG00000168421.8$RHOH$chr4$40192673$+,0.51
chr16:23376600-23378000,ENSG00000168434.8$COG7$chr16$23464501$-,0.49
chr16:23461400-23463600,ENSG00000168434.8$COG7$chr16$23464501$-,0.42
chr16:23607800-23609200,ENSG00000168434.8$COG7$chr16$23464501$-,0.36
chr11:63934000-63936200,ENSG00000168439.12$STIP1$chr11$63952744$+,0.45
chr11:63959400-63960800,ENSG00000168439.12$STIP1$chr11$63952744$+,0.5
chr18:9912400-9913600,ENSG00000168454.10$TXNDC2$chr18$9885763$+,0.73
chr18:9965400-9966800,ENSG00000168454.10$TXNDC2$chr18$9885763$+,0.53
chr8:21868400-21869400,ENSG00000168476.7$REEP4$chr8$21999464$-,0.38
chr8:22099600-22102000,ENSG00000168476.7$REEP4$chr8$21999464$-,0.45
chr8:22103400-22104800,ENSG00000168476.7$REEP4$chr8$21999464$-,0.41
chr6:32090600-32092400,ENSG00000168477.13$TNXB$chr6$32083111$-,0.43
chr6:32093200-32095400,ENSG00000168477.13$TNXB$chr6$32083111$-,0.42
chr8:22099600-22102000,ENSG00000168481.4$LGI3$chr8$22014597$-,0.43
chr8:22103400-22104800,ENSG00000168481.4$LGI3$chr8$22014597$-,0.37
chr8:22099600-22102000,ENSG00000168484.8$SFTPC$chr8$22014426$+,0.4
chr8:22099600-22102000,ENSG00000168487.13$BMP1$chr8$22022249$+,0.36
chr8:22103400-22104800,ENSG00000168487.13$BMP1$chr8$22022249$+,0.5
chr16:28559600-28561200,ENSG00000168488.14$ATXN2L$chr16$28834356$+,0.4
chr16:28563800-28565200,ENSG00000168488.14$ATXN2L$chr16$28834356$+,0.41
chr16:28855400-28857200,ENSG00000168488.14$ATXN2L$chr16$28834356$+,0.53
chr16:28858400-28860000,ENSG00000168488.14$ATXN2L$chr16$28834356$+,0.53
chr16:28873000-28874400,ENSG00000168488.14$ATXN2L$chr16$28834356$+,0.5
chr16:28961200-28962200,ENSG00000168488.14$ATXN2L$chr16$28834356$+,0.55
chr16:28983600-28985600,ENSG00000168488.14$ATXN2L$chr16$28834356$+,0.53
chr16:29031800-29034000,ENSG00000168488.14$ATXN2L$chr16$28834356$+,0.37
chr8:22099600-22102000,ENSG00000168490.9$PHYHIP$chr8$22089854$-,0.43
chr8:22103400-22104800,ENSG00000168490.9$PHYHIP$chr8$22089854$-,0.36
chr4:186260600-186262800,ENSG00000168491.5$CCDC110$chr4$186392913$-,0.4
chr4:186263200-186264000,ENSG00000168491.5$CCDC110$chr4$186392913$-,0.38
chr8:21868400-21869400,ENSG00000168495.8$POLR3D$chr8$22102617$+,0.38
chr18:8607000-8609400,ENSG00000168502.13$SOGA2$chr18$8705659$+,0.43
chr1:145323400-145323800,ENSG00000168509.13$HFE2$chr1$145413095$+,0.38
chr1:145397800-145400200,ENSG00000168509.13$HFE2$chr1$145413095$+,0.72
chr1:145421000-145422600,ENSG00000168509.13$HFE2$chr1$145413095$+,0.78
chr1:145431400-145431600,ENSG00000168509.13$HFE2$chr1$145413095$+,0.63
chr1:145464800-145465400,ENSG00000168509.13$HFE2$chr1$145413095$+,0.54
chr1:145465800-145467400,ENSG00000168509.13$HFE2$chr1$145413095$+,0.55
chr1:145468600-145469800,ENSG00000168509.13$HFE2$chr1$145413095$+,0.52
chr1:145505800-145507000,ENSG00000168509.13$HFE2$chr1$145413095$+,0.4
chr1:145508400-145509600,ENSG00000168509.13$HFE2$chr1$145413095$+,0.35
chr1:145514600-145515600,ENSG00000168509.13$HFE2$chr1$145413095$+,0.37
chr1:145517000-145519000,ENSG00000168509.13$HFE2$chr1$145413095$+,0.35
chr11:61879400-61880800,ENSG00000168515.3$SCGB1D1$chr11$61957688$+,0.62
chr11:61889000-61891400,ENSG00000168515.3$SCGB1D1$chr11$61957688$+,0.55
chr17:43129800-43130800,ENSG00000168517.6$HEXIM2$chr17$43238067$+,0.44
chr17:43135600-43138000,ENSG00000168517.6$HEXIM2$chr17$43238067$+,0.46
chr17:43218400-43219600,ENSG00000168517.6$HEXIM2$chr17$43238067$+,0.58
chr17:43232200-43234000,ENSG00000168517.6$HEXIM2$chr17$43238067$+,0.55
chr17:43429600-43431200,ENSG00000168517.6$HEXIM2$chr17$43238067$+,0.38
chr4:184423000-184424800,ENSG00000168538.11$TRAPPC11$chr4$184580420$+,0.54
chr4:184431600-184433200,ENSG00000168538.11$TRAPPC11$chr4$184580420$+,0.41
chr4:184487000-184488200,ENSG00000168538.11$TRAPPC11$chr4$184580420$+,0.55
chr4:184347400-184348200,ENSG00000168556.5$ING2$chr4$184426147$+,0.54
chr4:184431600-184433200,ENSG00000168556.5$ING2$chr4$184426147$+,0.6
chr4:184487000-184488200,ENSG00000168556.5$ING2$chr4$184426147$+,0.59
chr4:184581200-184583600,ENSG00000168556.5$ING2$chr4$184426147$+,0.5
chr4:184241200-184243200,ENSG00000168564.5$CDKN2AIP$chr4$184365744$+,0.46
chr4:184347400-184348200,ENSG00000168564.5$CDKN2AIP$chr4$184365744$+,0.65
chr4:184423000-184424800,ENSG00000168564.5$CDKN2AIP$chr4$184365744$+,0.71
chr4:184431600-184433200,ENSG00000168564.5$CDKN2AIP$chr4$184365744$+,0.52
chr4:184487000-184488200,ENSG00000168564.5$CDKN2AIP$chr4$184365744$+,0.54
chr6:7615000-7616600,ENSG00000168566.11$SNRNP48$chr6$7590432$+,0.72
chr11:62359600-62362000,ENSG00000168569.7$TMEM223$chr11$62559493$-,0.35
chr11:62386400-62388800,ENSG00000168569.7$TMEM223$chr11$62559493$-,0.37
chr11:62418200-62420200,ENSG00000168569.7$TMEM223$chr11$62559493$-,0.43
chr11:62429600-62432000,ENSG00000168569.7$TMEM223$chr11$62559493$-,0.37
chr11:62443600-62446000,ENSG00000168569.7$TMEM223$chr11$62559493$-,0.45
chr11:62446800-62449200,ENSG00000168569.7$TMEM223$chr11$62559493$-,0.46
chr11:62461600-62463400,ENSG00000168569.7$TMEM223$chr11$62559493$-,0.49
chr11:62486400-62488600,ENSG00000168569.7$TMEM223$chr11$62559493$-,0.52
chr11:62522000-62524400,ENSG00000168569.7$TMEM223$chr11$62559493$-,0.51
chr11:62527800-62529000,ENSG00000168569.7$TMEM223$chr11$62559493$-,0.51
chr11:62536800-62538200,ENSG00000168569.7$TMEM223$chr11$62559493$-,0.53
chr11:62553200-62554600,ENSG00000168569.7$TMEM223$chr11$62559493$-,0.55
chr11:62596400-62598600,ENSG00000168569.7$TMEM223$chr11$62559493$-,0.66
chr8:42380000-42382200,ENSG00000168575.5$SLC20A2$chr8$42397069$-,0.51
chr8:42472800-42475200,ENSG00000168575.5$SLC20A2$chr8$42397069$-,0.41
chr16:80551800-80554000,ENSG00000168589.10$DYNLRB2$chr16$80574631$+,0.63
chr16:80587400-80589200,ENSG00000168589.10$DYNLRB2$chr16$80574631$+,0.6
chr16:80602600-80604400,ENSG00000168589.10$DYNLRB2$chr16$80574631$+,0.51
chr16:80617000-80618400,ENSG00000168589.10$DYNLRB2$chr16$80574631$+,0.61
chr16:80619600-80621400,ENSG00000168589.10$DYNLRB2$chr16$80574631$+,0.64
chr16:80639800-80642200,ENSG00000168589.10$DYNLRB2$chr16$80574631$+,0.58
chr16:80683400-80685200,ENSG00000168589.10$DYNLRB2$chr16$80574631$+,0.38
chr17:42092400-42093400,ENSG00000168591.11$TMUB2$chr17$42264338$+,0.45
chr17:42110800-42112000,ENSG00000168591.11$TMUB2$chr17$42264338$+,0.44
chr17:42201600-42202400,ENSG00000168591.11$TMUB2$chr17$42264338$+,0.57
chr17:42274000-42276400,ENSG00000168591.11$TMUB2$chr17$42264338$+,0.59
chr17:42420800-42422600,ENSG00000168591.11$TMUB2$chr17$42264338$+,0.4
chr17:40382000-40383800,ENSG00000168610.10$STAT3$chr17$40540586$-,0.35
chr17:40413800-40416200,ENSG00000168610.10$STAT3$chr17$40540586$-,0.42
chr17:40429000-40431400,ENSG00000168610.10$STAT3$chr17$40540586$-,0.37
chr17:40525800-40527800,ENSG00000168610.10$STAT3$chr17$40540586$-,0.57
chr17:40541200-40543200,ENSG00000168610.10$STAT3$chr17$40540586$-,0.45
chr17:40727000-40729400,ENSG00000168610.10$STAT3$chr17$40540586$-,0.37
chr20:44421400-44422800,ENSG00000168612.4$ZSWIM1$chr20$44509866$+,0.53
chr20:44427000-44428800,ENSG00000168612.4$ZSWIM1$chr20$44509866$+,0.42
chr20:44560800-44562600,ENSG00000168612.4$ZSWIM1$chr20$44509866$+,0.5
chr20:44601000-44602400,ENSG00000168612.4$ZSWIM1$chr20$44509866$+,0.5
chr20:44615400-44616600,ENSG00000168612.4$ZSWIM1$chr20$44509866$+,0.43
chr17:63428800-63431200,ENSG00000168646.8$AXIN2$chr17$63557765$-,0.36
chr1:39429400-39430200,ENSG00000168653.6$NDUFS5$chr1$39491990$+,0.52
chr1:39442200-39444600,ENSG00000168653.6$NDUFS5$chr1$39491990$+,0.46
chr1:39503800-39506000,ENSG00000168653.6$NDUFS5$chr1$39491990$+,0.63
chr19:35416200-35417800,ENSG00000168661.10$ZNF30$chr19$35417807$+,0.44
chr19:35475600-35477400,ENSG00000168661.10$ZNF30$chr19$35417807$+,0.41
chr5:36168000-36169600,ENSG00000168671.5$UGT3A2$chr5$36071460$-,0.5
chr18:13281600-13283200,ENSG00000168675.14$LDLRAD4$chr18$13217497$+,0.43
chr16:67261800-67263600,ENSG00000168676.6$KCTD19$chr16$67360666$-,0.58
chr1:110950800-110952200,ENSG00000168679.13$SLC16A4$chr1$110933704$-,0.39
chr5:35760600-35762200,ENSG00000168685.10$IL7R$chr5$35852797$+,0.38
chr5:35827800-35829400,ENSG00000168685.10$IL7R$chr5$35852797$+,0.58
chr5:35864800-35866400,ENSG00000168685.10$IL7R$chr5$35852797$+,0.57
chr5:35873200-35875200,ENSG00000168685.10$IL7R$chr5$35852797$+,0.54
chr16:67141800-67143400,ENSG00000168701.14$TMEM208$chr16$67261006$+,0.59
chr5:34837200-34839000,ENSG00000168724.10$DNAJC21$chr5$34929698$+,0.44
chr5:34839800-34840600,ENSG00000168724.10$DNAJC21$chr5$34929698$+,0.46
chr5:34922800-34925200,ENSG00000168724.10$DNAJC21$chr5$34929698$+,0.69
chr20:43103000-43104400,ENSG00000168734.9$PKIG$chr20$43160426$+,0.57
chr20:43157800-43160200,ENSG00000168734.9$PKIG$chr20$43160426$+,0.4
chr20:43281400-43282800,ENSG00000168734.9$PKIG$chr20$43160426$+,0.55
chr20:43103000-43104400,ENSG00000168746.6$C20orf62$chr20$43093984$-,0.59
chr2:97642200-97644400,ENSG00000168754.9$FAM178B$chr2$97684175$-,0.4
chr2:97687800-97690000,ENSG00000168754.9$FAM178B$chr2$97684175$-,0.57
chr2:97807600-97808200,ENSG00000168754.9$FAM178B$chr2$97684175$-,0.36
chr2:97406000-97407200,ENSG00000168758.6$SEMA4C$chr2$97536494$-,0.35
chr2:97408400-97409000,ENSG00000168758.6$SEMA4C$chr2$97536494$-,0.38
chr2:97687800-97690000,ENSG00000168758.6$SEMA4C$chr2$97536494$-,0.43
chr2:97406000-97407200,ENSG00000168763.11$CNNM3$chr2$97481982$+,0.52
chr2:97408400-97409000,ENSG00000168763.11$CNNM3$chr2$97481982$+,0.42
chr4:106104800-106106600,ENSG00000168769.8$TET2$chr4$106067032$+,0.52
chr12:124084200-124086000,ENSG00000168778.7$TCTN2$chr12$124155660$+,0.35
chr12:124116400-124117800,ENSG00000168778.7$TCTN2$chr12$124155660$+,0.46
chr12:124118800-124120800,ENSG00000168778.7$TCTN2$chr12$124155660$+,0.45
chr12:124156200-124158600,ENSG00000168778.7$TCTN2$chr12$124155660$+,0.35
chr12:124195400-124196600,ENSG00000168778.7$TCTN2$chr12$124155660$+,0.49
chr3:157828600-157830400,ENSG00000168779.15$SHOX2$chr3$157824292$-,0.52
chr3:157845000-157846800,ENSG00000168779.15$SHOX2$chr3$157824292$-,0.56
chr4:99649000-99651000,ENSG00000168785.3$TSPAN5$chr4$99579780$-,0.58
chr6:29520200-29522400,ENSG00000168787.4$OR12D2$chr6$29364416$+,0.37
chr17:27728000-27729600,ENSG00000168792.4$ABHD15$chr17$27894155$-,0.35
chr16:69245200-69246400,ENSG00000168802.8$CHTF8$chr16$69166487$-,0.49
chr15:43496000-43497600,ENSG00000168803.10$ADAL$chr15$43622872$+,0.39
chr15:43545000-43547200,ENSG00000168803.10$ADAL$chr15$43622872$+,0.6
chr15:43663800-43665800,ENSG00000168803.10$ADAL$chr15$43622872$+,0.59
chr15:43712000-43714400,ENSG00000168803.10$ADAL$chr15$43622872$+,0.43
chr15:43785800-43787200,ENSG00000168803.10$ADAL$chr15$43622872$+,0.4
chr15:43545000-43547200,ENSG00000168806.6$LCMT2$chr15$43622803$-,0.49
chr15:43663800-43665800,ENSG00000168806.6$LCMT2$chr15$43622803$-,0.49
chr15:43712000-43714400,ENSG00000168806.6$LCMT2$chr15$43622803$-,0.35
chr15:43785800-43787200,ENSG00000168806.6$LCMT2$chr15$43622803$-,0.42
chr16:69245200-69246400,ENSG00000168807.12$SNTB2$chr16$69221032$+,0.67
chr16:69286200-69286800,ENSG00000168807.12$SNTB2$chr16$69221032$+,0.41
chr16:69370200-69372600,ENSG00000168807.12$SNTB2$chr16$69221032$+,0.38
chr16:69456800-69458200,ENSG00000168807.12$SNTB2$chr16$69221032$+,0.36
chr3:159627600-159630000,ENSG00000168811.2$IL12A$chr3$159706537$+,0.55
chr19:32897400-32899600,ENSG00000168813.12$ZNF507$chr19$32836500$+,0.61
chr19:32948800-32951000,ENSG00000168813.12$ZNF507$chr19$32836500$+,0.44
chr4:4292600-4295000,ENSG00000168824.10$NSG1$chr4$4349867$+,0.55
chr4:4336600-4337600,ENSG00000168824.10$NSG1$chr4$4349867$+,0.54
chr4:4544200-4546600,ENSG00000168824.10$NSG1$chr4$4349867$+,0.39
chr4:4292600-4295000,ENSG00000168826.11$ZBTB49$chr4$4291924$+,0.42
chr4:4336600-4337600,ENSG00000168826.11$ZBTB49$chr4$4291924$+,0.5
chr3:158390600-158391800,ENSG00000168827.10$GFM1$chr3$158362067$+,0.68
chr16:70149000-70151000,ENSG00000168872.11$DDX19A$chr16$70380732$+,0.4
chr16:70198800-70200600,ENSG00000168872.11$DDX19A$chr16$70380732$+,0.37
chr16:70279600-70281000,ENSG00000168872.11$DDX19A$chr16$70380732$+,0.36
chr16:70321200-70322800,ENSG00000168872.11$DDX19A$chr16$70380732$+,0.55
chr16:70324000-70325400,ENSG00000168872.11$DDX19A$chr16$70380732$+,0.56
chr16:70332000-70332800,ENSG00000168872.11$DDX19A$chr16$70380732$+,0.54
chr16:70333600-70335400,ENSG00000168872.11$DDX19A$chr16$70380732$+,0.51
chr16:70337800-70339600,ENSG00000168872.11$DDX19A$chr16$70380732$+,0.55
chr16:70412200-70414400,ENSG00000168872.11$DDX19A$chr16$70380732$+,0.52
chr16:70415000-70417000,ENSG00000168872.11$DDX19A$chr16$70380732$+,0.56
chr16:70473600-70476000,ENSG00000168872.11$DDX19A$chr16$70380732$+,0.49
chr16:70486800-70487800,ENSG00000168872.11$DDX19A$chr16$70380732$+,0.44
chr16:70489000-70491200,ENSG00000168872.11$DDX19A$chr16$70380732$+,0.39
chr2:85854800-85856600,ENSG00000168883.15$USP39$chr2$85829979$+,0.42
chr2:85864400-85865000,ENSG00000168883.15$USP39$chr2$85829979$+,0.37
chr2:85869200-85870800,ENSG00000168883.15$USP39$chr2$85829979$+,0.43
chr4:2568800-2570600,ENSG00000168884.10$TNIP2$chr4$2758103$-,0.38
chr4:2725000-2726800,ENSG00000168884.10$TNIP2$chr4$2758103$-,0.55
chr4:2765000-2766800,ENSG00000168884.10$TNIP2$chr4$2758103$-,0.71
chr4:2843000-2844800,ENSG00000168884.10$TNIP2$chr4$2758103$-,0.43
chr2:85644200-85646000,ENSG00000168887.6$C2orf68$chr2$85839189$-,0.41
chr2:85854800-85856600,ENSG00000168887.6$C2orf68$chr2$85839189$-,0.63
chr2:85864400-85865000,ENSG00000168887.6$C2orf68$chr2$85839189$-,0.54
chr2:85869200-85870800,ENSG00000168887.6$C2orf68$chr2$85839189$-,0.63
chr2:85854800-85856600,ENSG00000168890.9$TMEM150A$chr2$85830319$-,0.5
chr2:85864400-85865000,ENSG00000168890.9$TMEM150A$chr2$85830319$-,0.47
chr2:85869200-85870800,ENSG00000168890.9$TMEM150A$chr2$85830319$-,0.49
chr2:85555800-85557000,ENSG00000168894.5$RNF181$chr2$85822848$+,0.38
chr2:85644200-85646000,ENSG00000168894.5$RNF181$chr2$85822848$+,0.43
chr2:85854800-85856600,ENSG00000168894.5$RNF181$chr2$85822848$+,0.57
chr2:85864400-85865000,ENSG00000168894.5$RNF181$chr2$85822848$+,0.57
chr2:85869200-85870800,ENSG00000168894.5$RNF181$chr2$85822848$+,0.48
chr2:85644200-85646000,ENSG00000168899.4$VAMP5$chr2$85811531$+,0.52
chr2:85854800-85856600,ENSG00000168899.4$VAMP5$chr2$85811531$+,0.59
chr2:85864400-85865000,ENSG00000168899.4$VAMP5$chr2$85811531$+,0.61
chr2:85869200-85870800,ENSG00000168899.4$VAMP5$chr2$85811531$+,0.49
chr2:85854800-85856600,ENSG00000168906.8$MAT2A$chr2$85766288$+,0.39
chr2:85864400-85865000,ENSG00000168906.8$MAT2A$chr2$85766288$+,0.43
chr9:34609800-34611600,ENSG00000168913.6$ENHO$chr9$34523039$-,0.48
chr9:34612600-34615000,ENSG00000168913.6$ENHO$chr9$34523039$-,0.5
chr9:34618000-34620000,ENSG00000168913.6$ENHO$chr9$34523039$-,0.45
chr9:34638200-34639400,ENSG00000168913.6$ENHO$chr9$34523039$-,0.35
chr3:136538400-136540800,ENSG00000168917.8$SLC35G2$chr3$136537489$+,0.37
chr2:233918200-233920200,ENSG00000168918.9$INPP5D$chr2$233924677$+,0.6
chr2:234001200-234001600,ENSG00000168918.9$INPP5D$chr2$233924677$+,0.39
chr2:234141800-234144200,ENSG00000168918.9$INPP5D$chr2$233924677$+,0.39
chr4:1732400-1733800,ENSG00000168924.10$LETM1$chr4$1857974$-,0.36
chr16:75183200-75184000,ENSG00000168925.6$CTRB1$chr16$75252898$+,0.37
chr16:75367200-75369400,ENSG00000168925.6$CTRB1$chr16$75252898$+,0.43
chr4:1732400-1733800,ENSG00000168936.6$TMEM129$chr4$1723085$-,0.59
chr5:122746200-122746800,ENSG00000168944.11$CEP120$chr5$122759286$-,0.73
chr5:122749600-122751800,ENSG00000168944.11$CEP120$chr5$122759286$-,0.61
chr5:122760000-122762000,ENSG00000168944.11$CEP120$chr5$122759286$-,0.37
chr5:122846200-122847400,ENSG00000168944.11$CEP120$chr5$122759286$-,0.72
chr5:122906400-122908800,ENSG00000168944.11$CEP120$chr5$122759286$-,0.4
chr2:228188600-228189600,ENSG00000168955.3$TM4SF20$chr2$228246711$-,0.39
chr2:228335600-228337200,ENSG00000168958.15$MFF$chr2$228189867$+,0.45
chr17:25781400-25783000,ENSG00000168961.12$LGALS9$chr17$25956824$+,0.4
chr17:25980600-25982400,ENSG00000168961.12$LGALS9$chr17$25956824$+,0.51
chr15:42064800-42066200,ENSG00000168970.16$JMJD7-PLA2G4B$chr15$42120293$+,0.48
chr15:42195800-42198200,ENSG00000168970.16$JMJD7-PLA2G4B$chr15$42120293$+,0.43
chr15:42265200-42267200,ENSG00000168970.16$JMJD7-PLA2G4B$chr15$42120293$+,0.39
chr4:762600-764600,ENSG00000168993.10$CPLX1$chr4$819986$-,0.45
chr4:792000-794200,ENSG00000168993.10$CPLX1$chr4$819986$-,0.48
chr15:68550800-68552800,ENSG00000169018.5$FEM1B$chr15$68570141$+,0.52
chr4:47453400-47454400,ENSG00000169019.9$COMMD8$chr4$47465736$-,0.71
chr4:47537400-47537800,ENSG00000169019.9$COMMD8$chr4$47465736$-,0.55
chr4:465800-467000,ENSG00000169020.5$ATP5I$chr4$668127$-,0.4
chr4:468000-469000,ENSG00000169020.5$ATP5I$chr4$668127$-,0.4
chr4:476600-477800,ENSG00000169020.5$ATP5I$chr4$668127$-,0.42
chr4:762600-764600,ENSG00000169020.5$ATP5I$chr4$668127$-,0.58
chr4:911400-911600,ENSG00000169020.5$ATP5I$chr4$668127$-,0.35
chr15:66646200-66648400,ENSG00000169032.5$MAP2K1$chr15$66679155$+,0.46
chr15:66649200-66650400,ENSG00000169032.5$MAP2K1$chr15$66679155$+,0.61
chr5:179103000-179105000,ENSG00000169045.13$HNRNPH1$chr5$179061785$-,0.37
chr2:227697800-227700200,ENSG00000169047.5$IRS1$chr2$227664475$-,0.43
chrX:153318600-153319200,ENSG00000169057.15$MECP2$chrX$153363212$-,0.51
chrX:153352400-153353800,ENSG00000169057.15$MECP2$chrX$153363212$-,0.62
chrX:153437400-153437800,ENSG00000169057.15$MECP2$chrX$153363212$-,0.5
chrX:153505400-153505800,ENSG00000169057.15$MECP2$chrX$153363212$-,0.36
chrX:153514000-153514800,ENSG00000169057.15$MECP2$chrX$153363212$-,0.52
chrX:153548400-153550600,ENSG00000169057.15$MECP2$chrX$153363212$-,0.42
chrX:153561600-153563800,ENSG00000169057.15$MECP2$chrX$153363212$-,0.41
chr13:114921800-114924200,ENSG00000169062.10$UPF3A$chr13$115047059$+,0.41
chr13:114958800-114961200,ENSG00000169062.10$UPF3A$chr13$115047059$+,0.45
chr13:115009600-115011200,ENSG00000169062.10$UPF3A$chr13$115047059$+,0.65
chr13:115098600-115101000,ENSG00000169062.10$UPF3A$chr13$115047059$+,0.53
chrX:2291000-2292600,ENSG00000169084.8$DHRSX$chrX$2420846$-,0.49
chrX:2524800-2526600,ENSG00000169084.8$DHRSX$chrX$2420846$-,0.39
chrX:2546000-2547200,ENSG00000169084.8$DHRSX$chrX$2420846$-,0.36
chr8:67339400-67340800,ENSG00000169085.7$C8orf46$chr8$67372238$+,0.39
chr8:67351800-67354200,ENSG00000169085.7$C8orf46$chr8$67372238$+,0.41
chr3:122405000-122407000,ENSG00000169087.6$HSPBAP1$chr3$122512671$-,0.49
chr3:122594000-122595400,ENSG00000169087.6$HSPBAP1$chr3$122512671$-,0.55
chrX:1455800-1456600,ENSG00000169093.10$ASMTL$chrX$1572655$-,0.42
chrX:1575600-1576600,ENSG00000169093.10$ASMTL$chrX$1572655$-,0.53
chrX:1629000-1631400,ENSG00000169093.10$ASMTL$chrX$1572655$-,0.57
chrX:1677600-1678200,ENSG00000169093.10$ASMTL$chrX$1572655$-,0.42
chrX:1699200-1700600,ENSG00000169093.10$ASMTL$chrX$1572655$-,0.38
chrX:1701000-1703000,ENSG00000169093.10$ASMTL$chrX$1572655$-,0.37
chrX:1455800-1456600,ENSG00000169100.8$SLC25A6$chrX$1511617$-,0.53
chrX:1573200-1575200,ENSG00000169100.8$SLC25A6$chrX$1511617$-,0.48
chrX:1575600-1576600,ENSG00000169100.8$SLC25A6$chrX$1511617$-,0.46
chrX:1704600-1707000,ENSG00000169100.8$SLC25A6$chrX$1511617$-,0.35
chr15:40784800-40787200,ENSG00000169105.6$CHST14$chr15$40763160$+,0.46
chr15:40798600-40800200,ENSG00000169105.6$CHST14$chr15$40763160$+,0.39
chr15:64678600-64679600,ENSG00000169118.11$CSNK1G1$chr15$64648442$-,0.63
chr15:64680400-64682600,ENSG00000169118.11$CSNK1G1$chr15$64648442$-,0.59
chr15:64839200-64841200,ENSG00000169118.11$CSNK1G1$chr15$64648442$-,0.35
chr5:178040600-178042200,ENSG00000169131.6$ZNF354A$chr5$178157703$-,0.48
chr5:178054200-178056000,ENSG00000169131.6$ZNF354A$chr5$178157703$-,0.46
chr5:178285800-178286800,ENSG00000169131.6$ZNF354A$chr5$178157703$-,0.44
chr5:178323400-178324400,ENSG00000169131.6$ZNF354A$chr5$178157703$-,0.41
chr19:50267800-50269600,ENSG00000169136.4$ATF5$chr19$50431959$+,0.54
chr19:50317000-50318200,ENSG00000169136.4$ATF5$chr19$50431959$+,0.51
chr19:50319600-50320800,ENSG00000169136.4$ATF5$chr19$50431959$+,0.56
chr19:50529600-50531400,ENSG00000169136.4$ATF5$chr19$50431959$+,0.49
chr19:50553000-50555400,ENSG00000169136.4$ATF5$chr19$50431959$+,0.53
chr19:50650000-50651200,ENSG00000169136.4$ATF5$chr19$50431959$+,0.41
chr19:50651400-50652000,ENSG00000169136.4$ATF5$chr19$50431959$+,0.41
chr8:48863600-48866000,ENSG00000169139.7$UBE2V2$chr8$48920960$+,0.52
chr8:48869800-48872200,ENSG00000169139.7$UBE2V2$chr8$48920960$+,0.54
chr8:48874000-48876400,ENSG00000169139.7$UBE2V2$chr8$48920960$+,0.59
chr9:129543600-129544800,ENSG00000169155.5$ZBTB43$chr9$129567285$+,0.65
chr9:129621400-129622600,ENSG00000169155.5$ZBTB43$chr9$129567285$+,0.6
chr19:50169000-50171400,ENSG00000169169.10$CPT1C$chr19$50194155$+,0.4
chr19:50177600-50179600,ENSG00000169169.10$CPT1C$chr19$50194155$+,0.48
chr16:28135600-28137800,ENSG00000169180.7$XPO6$chr16$28223241$-,0.44
chrX:54989600-54992000,ENSG00000169188.4$APEX2$chrX$55026790$+,0.53
chrX:54992400-54993600,ENSG00000169188.4$APEX2$chrX$55026790$+,0.62
chrX:55186000-55187000,ENSG00000169188.4$APEX2$chrX$55026790$+,0.37
chrX:55188200-55188800,ENSG00000169188.4$APEX2$chrX$55026790$+,0.42
chr16:27213200-27215400,ENSG00000169189.12$NSMCE1$chr16$27280115$-,0.51
chr5:132027800-132029000,ENSG00000169194.5$IL13$chr5$131991955$+,0.44
chr5:132050000-132050800,ENSG00000169194.5$IL13$chr5$131991955$+,0.42
chr14:21946000-21948400,ENSG00000169208.1$OR10G3$chr14$22038875$-,0.42
chr14:21951200-21951800,ENSG00000169208.1$OR10G3$chr14$22038875$-,0.41
chr14:21970600-21972200,ENSG00000169208.1$OR10G3$chr14$22038875$-,0.52
chr14:21972800-21974400,ENSG00000169208.1$OR10G3$chr14$22038875$-,0.51
chr14:22171800-22173600,ENSG00000169208.1$OR10G3$chr14$22038875$-,0.37
chr1:52309000-52311200,ENSG00000169213.6$RAB3B$chr1$52456436$-,0.39
chr1:52345200-52346200,ENSG00000169213.6$RAB3B$chr1$52456436$-,0.49
chr1:52499600-52500200,ENSG00000169213.6$RAB3B$chr1$52456436$-,0.6
chr1:52536000-52538200,ENSG00000169213.6$RAB3B$chr1$52456436$-,0.42
chr16:30319600-30321000,ENSG00000169217.4$CD2BP2$chr16$30366682$-,0.43
chr16:30338800-30339000,ENSG00000169217.4$CD2BP2$chr16$30366682$-,0.63
chr16:30343800-30345800,ENSG00000169217.4$CD2BP2$chr16$30366682$-,0.53
chr16:30386800-30389200,ENSG00000169217.4$CD2BP2$chr16$30366682$-,0.54
chr16:30418000-30418400,ENSG00000169217.4$CD2BP2$chr16$30366682$-,0.37
chr16:30438800-30440800,ENSG00000169217.4$CD2BP2$chr16$30366682$-,0.39
chr16:30441200-30443000,ENSG00000169217.4$CD2BP2$chr16$30366682$-,0.37
chr16:30476600-30478800,ENSG00000169217.4$CD2BP2$chr16$30366682$-,0.36
chr5:176629400-176630600,ENSG00000169220.13$RGS14$chr5$176784838$+,0.44
chr5:176646600-176648600,ENSG00000169220.13$RGS14$chr5$176784838$+,0.44
chr5:176744400-176745800,ENSG00000169220.13$RGS14$chr5$176784838$+,0.61
chr5:176851000-176853200,ENSG00000169220.13$RGS14$chr5$176784838$+,0.46
chr16:30319600-30321000,ENSG00000169221.9$TBC1D10B$chr16$30381585$-,0.45
chr16:30338800-30339000,ENSG00000169221.9$TBC1D10B$chr16$30381585$-,0.54
chr16:30343800-30345800,ENSG00000169221.9$TBC1D10B$chr16$30381585$-,0.54
chr16:30386800-30389200,ENSG00000169221.9$TBC1D10B$chr16$30381585$-,0.54
chr16:30418000-30418400,ENSG00000169221.9$TBC1D10B$chr16$30381585$-,0.46
chr16:30438800-30440800,ENSG00000169221.9$TBC1D10B$chr16$30381585$-,0.4
chr16:30441200-30443000,ENSG00000169221.9$TBC1D10B$chr16$30381585$-,0.38
chr5:176629400-176630600,ENSG00000169223.10$LMAN2$chr5$176778853$-,0.44
chr5:176646600-176648600,ENSG00000169223.10$LMAN2$chr5$176778853$-,0.45
chr5:176744400-176745800,ENSG00000169223.10$LMAN2$chr5$176778853$-,0.63
chr5:176851000-176853200,ENSG00000169223.10$LMAN2$chr5$176778853$-,0.47
chr5:177018400-177019200,ENSG00000169223.10$LMAN2$chr5$176778853$-,0.38
chr5:177025000-177026800,ENSG00000169223.10$LMAN2$chr5$176778853$-,0.39
chr5:177027800-177030000,ENSG00000169223.10$LMAN2$chr5$176778853$-,0.35
chr5:176580200-176582000,ENSG00000169228.9$RAB24$chr5$176730745$-,0.4
chr5:176629400-176630600,ENSG00000169228.9$RAB24$chr5$176730745$-,0.4
chr5:176646600-176648600,ENSG00000169228.9$RAB24$chr5$176730745$-,0.54
chr5:176744400-176745800,ENSG00000169228.9$RAB24$chr5$176730745$-,0.61
chr5:176851000-176853200,ENSG00000169228.9$RAB24$chr5$176730745$-,0.44
chr5:176580200-176582000,ENSG00000169230.5$PRELID1$chr5$176730775$+,0.41
chr5:176629400-176630600,ENSG00000169230.5$PRELID1$chr5$176730775$+,0.45
chr5:176646600-176648600,ENSG00000169230.5$PRELID1$chr5$176730775$+,0.56
chr5:176744400-176745800,ENSG00000169230.5$PRELID1$chr5$176730775$+,0.62
chr5:176851000-176853200,ENSG00000169230.5$PRELID1$chr5$176730775$+,0.46
chr5:176978600-176980600,ENSG00000169230.5$PRELID1$chr5$176730775$+,0.35
chr1:155113000-155114000,ENSG00000169231.9$THBS3$chr1$155178842$-,0.55
chr1:155144000-155145200,ENSG00000169231.9$THBS3$chr1$155178842$-,0.64
chr1:155184000-155186000,ENSG00000169231.9$THBS3$chr1$155178842$-,0.76
chr1:155197800-155198800,ENSG00000169231.9$THBS3$chr1$155178842$-,0.76
chr1:155214600-155216600,ENSG00000169231.9$THBS3$chr1$155178842$-,0.62
chr1:155229200-155231400,ENSG00000169231.9$THBS3$chr1$155178842$-,0.61
chr1:155232000-155233200,ENSG00000169231.9$THBS3$chr1$155178842$-,0.6
chr1:155245400-155247200,ENSG00000169231.9$THBS3$chr1$155178842$-,0.45
chr1:155247600-155250000,ENSG00000169231.9$THBS3$chr1$155178842$-,0.49
chrX:15781800-15782400,ENSG00000169239.8$CA5B$chrX$15706953$+,0.41
chrX:15815200-15817600,ENSG00000169239.8$CA5B$chrX$15706953$+,0.35
chr1:155113000-155114000,ENSG00000169241.13$SLC50A1$chr1$155107820$+,0.44
chr4:76859000-76861000,ENSG00000169245.4$CXCL10$chr4$76944650$-,0.39
chr4:76909000-76911200,ENSG00000169245.4$CXCL10$chr4$76944650$-,0.54
chr4:76949200-76951000,ENSG00000169245.4$CXCL10$chr4$76944650$-,0.62
chr4:76909000-76911200,ENSG00000169248.8$CXCL11$chr4$76962568$-,0.58
chr4:76949200-76951000,ENSG00000169248.8$CXCL11$chr4$76962568$-,0.78
chrX:15781800-15782400,ENSG00000169249.8$ZRSR2$chrX$15808595$+,0.58
chrX:15815200-15817600,ENSG00000169249.8$ZRSR2$chrX$15808595$+,0.42
chrX:15836400-15836800,ENSG00000169249.8$ZRSR2$chrX$15808595$+,0.53
chr5:176000600-176001600,ENSG00000169258.6$GPRIN1$chr5$176037134$-,0.44
chr1:154531800-154533200,ENSG00000169291.5$SHE$chr1$154474589$-,0.46
chr4:37816600-37819000,ENSG00000169299.9$PGM2$chr4$37828255$+,0.58
chr4:37912600-37914400,ENSG00000169299.9$PGM2$chr4$37828255$+,0.51
chr4:37916000-37918400,ENSG00000169299.9$PGM2$chr4$37828255$+,0.5
chr22:24046400-24048400,ENSG00000169314.10$C22orf15$chr22$24105208$+,0.53
chr22:24091800-24092800,ENSG00000169314.10$C22orf15$chr22$24105208$+,0.66
chr22:24200400-24202800,ENSG00000169314.10$C22orf15$chr22$24105208$+,0.52
chr22:24233800-24236200,ENSG00000169314.10$C22orf15$chr22$24105208$+,0.42
chr22:24256200-24258400,ENSG00000169314.10$C22orf15$chr22$24105208$+,0.48
chr22:24384400-24386600,ENSG00000169314.10$C22orf15$chr22$24105208$+,0.39
chr14:21742600-21744600,ENSG00000169327.3$OR5AU1$chr14$21624222$-,0.36
chr3:155524200-155524800,ENSG00000169359.9$SLC33A1$chr3$155572218$-,0.67
chr3:155553000-155554000,ENSG00000169359.9$SLC33A1$chr3$155572218$-,0.66
chr3:155587000-155588600,ENSG00000169359.9$SLC33A1$chr3$155572218$-,0.62
chr3:155602200-155603200,ENSG00000169359.9$SLC33A1$chr3$155572218$-,0.65
chr3:155603400-155605800,ENSG00000169359.9$SLC33A1$chr3$155572218$-,0.59
chr3:155625200-155627200,ENSG00000169359.9$SLC33A1$chr3$155572218$-,0.69
chr15:75748800-75751000,ENSG00000169371.9$SNUPN$chr15$75918810$-,0.36
chr15:75857600-75859400,ENSG00000169371.9$SNUPN$chr15$75918810$-,0.53
chr15:75871800-75872800,ENSG00000169371.9$SNUPN$chr15$75918810$-,0.49
chr15:76049800-76050800,ENSG00000169371.9$SNUPN$chr15$75918810$-,0.52
chr15:75625800-75628000,ENSG00000169375.11$SIN3A$chr15$75748183$-,0.44
chr15:75637600-75639600,ENSG00000169375.11$SIN3A$chr15$75748183$-,0.39
chr15:75658000-75660400,ENSG00000169375.11$SIN3A$chr15$75748183$-,0.37
chr15:75748800-75751000,ENSG00000169375.11$SIN3A$chr15$75748183$-,0.39
chr15:75857600-75859400,ENSG00000169375.11$SIN3A$chr15$75748183$-,0.66
chr15:75871800-75872800,ENSG00000169375.11$SIN3A$chr15$75748183$-,0.57
chr15:75918400-75920800,ENSG00000169375.11$SIN3A$chr15$75748183$-,0.4
chr3:93693000-93695400,ENSG00000169379.11$ARL13B$chr3$93698983$+,0.5
chr3:93722400-93724800,ENSG00000169379.11$ARL13B$chr3$93698983$+,0.6
chr3:93779600-93781000,ENSG00000169379.11$ARL13B$chr3$93698983$+,0.47
chr14:21428000-21430200,ENSG00000169385.2$RNASE2$chr14$21423611$+,0.52
chr7:6770200-6771400,ENSG00000169402.11$RSPH10B2$chr7$6793740$+,0.44
chr7:6772400-6772800,ENSG00000169402.11$RSPH10B2$chr7$6793740$+,0.38
chr15:75748800-75751000,ENSG00000169410.5$PTPN9$chr15$75871630$-,0.41
chr15:75857600-75859400,ENSG00000169410.5$PTPN9$chr15$75871630$-,0.57
chr15:75918400-75920800,ENSG00000169410.5$PTPN9$chr15$75871630$-,0.42
chr15:76049800-76050800,ENSG00000169410.5$PTPN9$chr15$75871630$-,0.36
chr14:21082200-21084000,ENSG00000169413.2$RNASE6$chr14$21249210$+,0.38
chr14:21120800-21122600,ENSG00000169413.2$RNASE6$chr14$21249210$+,0.43
chr14:21147600-21149800,ENSG00000169413.2$RNASE6$chr14$21249210$+,0.54
chr14:21428000-21430200,ENSG00000169413.2$RNASE6$chr14$21249210$+,0.35
chr1:153630200-153631200,ENSG00000169418.9$NPR1$chr1$153651113$+,0.69
chr1:153631800-153634200,ENSG00000169418.9$NPR1$chr1$153651113$+,0.62
chr1:153754600-153755800,ENSG00000169418.9$NPR1$chr1$153651113$+,0.36
chr1:26516400-26518800,ENSG00000169442.4$CD52$chr1$26644448$+,0.41
chr1:26559800-26560600,ENSG00000169442.4$CD52$chr1$26644448$+,0.46
chrX:135058400-135060400,ENSG00000169446.4$MMGT1$chrX$135056222$-,0.63
chrX:135071400-135072000,ENSG00000169446.4$MMGT1$chrX$135056222$-,0.61
chrX:135152600-135154200,ENSG00000169446.4$MMGT1$chrX$135056222$-,0.53
chrX:135227800-135229000,ENSG00000169446.4$MMGT1$chrX$135056222$-,0.48
chr14:20437800-20438800,ENSG00000169484.2$OR4K14$chr14$20483352$-,0.68
chr14:20437800-20438800,ENSG00000169488.5$OR4K15$chr14$20443603$+,0.72
chr1:25035400-25037400,ENSG00000169504.10$CLIC4$chr1$25071848$+,0.53
chr11:28093400-28095800,ENSG00000169519.15$METTL15$chr11$28129795$+,0.57
chr11:28132600-28134400,ENSG00000169519.15$METTL15$chr11$28129795$+,0.61
chr22:22929200-22929800,ENSG00000169548.3$ZNF280A$chr22$22874613$-,0.64
chr22:22936400-22937200,ENSG00000169548.3$ZNF280A$chr22$22874613$-,0.58
chrX:134319800-134320200,ENSG00000169551.8$CXorf48$chrX$134305322$-,0.51
chr2:70415000-70417200,ENSG00000169564.5$PCBP1$chr2$70314585$+,0.45
chr2:70418200-70420200,ENSG00000169564.5$PCBP1$chr2$70314585$+,0.43
chr2:70438000-70440400,ENSG00000169564.5$PCBP1$chr2$70314585$+,0.43
chr2:70453600-70456000,ENSG00000169564.5$PCBP1$chr2$70314585$+,0.51
chr2:70514200-70516000,ENSG00000169564.5$PCBP1$chr2$70314585$+,0.36
chr2:70527600-70528600,ENSG00000169564.5$PCBP1$chr2$70314585$+,0.42
chr2:70529200-70530200,ENSG00000169564.5$PCBP1$chr2$70314585$+,0.4
chr5:130352400-130353400,ENSG00000169567.7$HINT1$chr5$130507428$-,0.41
chr5:130399800-130402200,ENSG00000169567.7$HINT1$chr5$130507428$-,0.56
chr5:130439000-130440800,ENSG00000169567.7$HINT1$chr5$130507428$-,0.55
chr5:130445200-130446200,ENSG00000169567.7$HINT1$chr5$130507428$-,0.61
chr5:130473200-130475400,ENSG00000169567.7$HINT1$chr5$130507428$-,0.63
chr5:130491000-130492800,ENSG00000169567.7$HINT1$chr5$130507428$-,0.5
chr5:130501200-130502400,ENSG00000169567.7$HINT1$chr5$130507428$-,0.54
chr5:130509600-130510400,ENSG00000169567.7$HINT1$chr5$130507428$-,0.37
chr5:130645400-130645600,ENSG00000169567.7$HINT1$chr5$130507428$-,0.45
chr5:118399000-118400400,ENSG00000169570.5$DTWD2$chr5$118324240$-,0.53
chr22:22651000-22651800,ENSG00000169575.4$VPREB1$chr22$22599087$+,0.36
chr22:22653000-22655400,ENSG00000169575.4$VPREB1$chr22$22599087$+,0.38
chr16:29938000-29939800,ENSG00000169592.10$INO80E$chr16$30006615$+,0.48
chr16:29972000-29973000,ENSG00000169592.10$INO80E$chr16$30006615$+,0.5
chr16:29983800-29985200,ENSG00000169592.10$INO80E$chr16$30006615$+,0.62
chr16:30008200-30009800,ENSG00000169592.10$INO80E$chr16$30006615$+,0.57
chr16:30031600-30033600,ENSG00000169592.10$INO80E$chr16$30006615$+,0.57
chr16:30085200-30087000,ENSG00000169592.10$INO80E$chr16$30006615$+,0.48
chr16:30174600-30175200,ENSG00000169592.10$INO80E$chr16$30006615$+,0.41
chr1:3542000-3543400,ENSG00000169598.11$DFFB$chr1$3773845$+,0.35
chr1:3713600-3714400,ENSG00000169598.11$DFFB$chr1$3773845$+,0.52
chr1:3771600-3773200,ENSG00000169598.11$DFFB$chr1$3773845$+,0.38
chr1:3814600-3816000,ENSG00000169598.11$DFFB$chr1$3773845$+,0.49
chr2:69601400-69603800,ENSG00000169599.8$NFU1$chr2$69664760$-,0.59
chr2:69704400-69706600,ENSG00000169599.8$NFU1$chr2$69664760$-,0.59
chr2:69170400-69172200,ENSG00000169605.5$GKN1$chr2$69201705$+,0.57
chr2:113525200-113526800,ENSG00000169607.8$CKAP2L$chr2$113522254$-,0.63
chr2:113672000-113674200,ENSG00000169607.8$CKAP2L$chr2$113522254$-,0.39
chr15:83653200-83654400,ENSG00000169609.9$C15orf40$chr15$83680393$-,0.47
chr15:83655600-83657400,ENSG00000169609.9$C15orf40$chr15$83680393$-,0.53
chr15:83668000-83670000,ENSG00000169609.9$C15orf40$chr15$83680393$-,0.53
chr15:83677400-83679800,ENSG00000169609.9$C15orf40$chr15$83680393$-,0.37
chr15:83704400-83705400,ENSG00000169609.9$C15orf40$chr15$83680393$-,0.6
chr15:83708200-83709000,ENSG00000169609.9$C15orf40$chr15$83680393$-,0.57
chr15:83736200-83737800,ENSG00000169609.9$C15orf40$chr15$83680393$-,0.6
chr15:83668000-83670000,ENSG00000169612.3$FAM103A1$chr15$83654959$+,0.46
chr15:83677400-83679800,ENSG00000169612.3$FAM103A1$chr15$83654959$+,0.36
chr15:83704400-83705400,ENSG00000169612.3$FAM103A1$chr15$83654959$+,0.51
chr15:83708200-83709000,ENSG00000169612.3$FAM103A1$chr15$83654959$+,0.36
chr15:83736200-83737800,ENSG00000169612.3$FAM103A1$chr15$83654959$+,0.44
chr2:68821000-68822600,ENSG00000169618.4$PROKR1$chr2$68870721$+,0.39
chr2:68644600-68647000,ENSG00000169621.5$APLF$chr2$68694693$+,0.48
chr2:68679200-68681400,ENSG00000169621.5$APLF$chr2$68694693$+,0.74
chr2:68689800-68690400,ENSG00000169621.5$APLF$chr2$68694693$+,0.68
chr2:68821000-68822600,ENSG00000169621.5$APLF$chr2$68694693$+,0.5
chr16:30192200-30194600,ENSG00000169627.7$BOLA2B$chr16$30205627$-,0.37
chr2:113187800-113188400,ENSG00000169629.7$RGPD8$chr2$113192065$-,0.36
chr22:21790600-21791000,ENSG00000169635.5$HIC2$chr22$21771693$+,0.37
chr22:22000400-22001800,ENSG00000169635.5$HIC2$chr22$21771693$+,0.35
chr1:23510400-23512000,ENSG00000169641.9$LUZP1$chr1$23504301$-,0.55
chr2:111425800-111427200,ENSG00000169679.10$BUB1$chr2$111435691$-,0.65
chr16:28855400-28857200,ENSG00000169682.13$SPNS1$chr16$28985542$+,0.48
chr16:28858400-28860000,ENSG00000169682.13$SPNS1$chr16$28985542$+,0.46
chr16:28873000-28874400,ENSG00000169682.13$SPNS1$chr16$28985542$+,0.45
chr16:28961200-28962200,ENSG00000169682.13$SPNS1$chr16$28985542$+,0.48
chr16:29031800-29034000,ENSG00000169682.13$SPNS1$chr16$28985542$+,0.52
chr17:79933800-79935800,ENSG00000169683.3$LRRC45$chr17$79981178$+,0.63
chr17:80006800-80009200,ENSG00000169683.3$LRRC45$chr17$79981178$+,0.56
chr17:80024000-80025600,ENSG00000169683.3$LRRC45$chr17$79981178$+,0.66
chr15:78831800-78832400,ENSG00000169684.9$CHRNA5$chr15$78857862$+,0.37
chr15:79001200-79002600,ENSG00000169684.9$CHRNA5$chr15$78857862$+,0.35
chr16:56676400-56678800,ENSG00000169688.10$MT1B$chr16$56685811$+,0.61
chr17:79933800-79935800,ENSG00000169689.10$STRA13$chr17$79981983$-,0.53
chr17:80006800-80009200,ENSG00000169689.10$STRA13$chr17$79981983$-,0.53
chr17:80024000-80025600,ENSG00000169689.10$STRA13$chr17$79981983$-,0.6
chr17:80006800-80009200,ENSG00000169696.11$ASPSCR1$chr17$79934683$+,0.55
chr17:80024000-80025600,ENSG00000169696.11$ASPSCR1$chr17$79934683$+,0.55
chr3:128764200-128766600,ENSG00000169704.4$GP9$chr3$128779610$+,0.35
chr17:79933800-79935800,ENSG00000169710.6$FASN$chr17$80056208$-,0.43
chr17:80006800-80009200,ENSG00000169710.6$FASN$chr17$80056208$-,0.48
chr17:80024000-80025600,ENSG00000169710.6$FASN$chr17$80056208$-,0.63
chr17:80169000-80170400,ENSG00000169710.6$FASN$chr17$80056208$-,0.37
chr17:80214400-80216000,ENSG00000169710.6$FASN$chr17$80056208$-,0.4
chr3:128764200-128766600,ENSG00000169714.12$CNBP$chr3$128902765$-,0.37
chr3:128840600-128843000,ENSG00000169714.12$CNBP$chr3$128902765$-,0.5
chr3:128877600-128879200,ENSG00000169714.12$CNBP$chr3$128902765$-,0.56
chr3:129004800-129006000,ENSG00000169714.12$CNBP$chr3$128902765$-,0.53
chr3:129035400-129037400,ENSG00000169714.12$CNBP$chr3$128902765$-,0.41
chr16:56634200-56636200,ENSG00000169715.10$MT1E$chr16$56659387$+,0.39
chr16:56676400-56678800,ENSG00000169715.10$MT1E$chr16$56659387$+,0.49
chr17:79933800-79935800,ENSG00000169718.13$DUS1L$chr17$80023763$-,0.4
chr17:80006800-80009200,ENSG00000169718.13$DUS1L$chr17$80023763$-,0.65
chr17:80169000-80170400,ENSG00000169718.13$DUS1L$chr17$80023763$-,0.38
chr17:79933800-79935800,ENSG00000169727.8$GPS1$chr17$80008567$+,0.38
chr17:80024000-80025600,ENSG00000169727.8$GPS1$chr17$80008567$+,0.47
chr17:79933800-79935800,ENSG00000169733.7$RFNG$chr17$80009707$-,0.47
chr17:80006800-80009200,ENSG00000169733.7$RFNG$chr17$80009707$-,0.35
chr17:80024000-80025600,ENSG00000169733.7$RFNG$chr17$80009707$-,0.7
chr17:79933800-79935800,ENSG00000169738.3$DCXR$chr17$79995608$-,0.46
chr17:80006800-80009200,ENSG00000169738.3$DCXR$chr17$79995608$-,0.63
chr17:80024000-80025600,ENSG00000169738.3$DCXR$chr17$79995608$-,0.62
chr10:43939600-43941200,ENSG00000169740.9$ZNF32$chr10$44144304$-,0.35
chr10:43951000-43953000,ENSG00000169740.9$ZNF32$chr10$44144304$-,0.4
chr10:43953400-43954800,ENSG00000169740.9$ZNF32$chr10$44144304$-,0.39
chr10:43956200-43957800,ENSG00000169740.9$ZNF32$chr10$44144304$-,0.38
chr10:44123200-44124000,ENSG00000169740.9$ZNF32$chr10$44144304$-,0.61
chr17:79933800-79935800,ENSG00000169750.4$RAC3$chr17$79989500$+,0.52
chr17:80006800-80009200,ENSG00000169750.4$RAC3$chr17$79989500$+,0.56
chr17:80024000-80025600,ENSG00000169750.4$RAC3$chr17$79989500$+,0.65
chr15:76197000-76199400,ENSG00000169752.12$NRG4$chr15$76352136$-,0.44
chr15:76200200-76202000,ENSG00000169752.12$NRG4$chr15$76352136$-,0.54
chr2:109072600-109073600,ENSG00000169756.12$LIMS1$chr2$109150857$+,0.47
chr2:109264400-109265600,ENSG00000169756.12$LIMS1$chr2$109150857$+,0.41
chr10:43642800-43644400,ENSG00000169813.12$HNRNPF$chr10$43904614$-,0.37
chr10:43778000-43779400,ENSG00000169813.12$HNRNPF$chr10$43904614$-,0.41
chr10:43792600-43793200,ENSG00000169813.12$HNRNPF$chr10$43904614$-,0.39
chr10:43854800-43856000,ENSG00000169813.12$HNRNPF$chr10$43904614$-,0.48
chr10:43856200-43857400,ENSG00000169813.12$HNRNPF$chr10$43904614$-,0.47
chr10:43857800-43859400,ENSG00000169813.12$HNRNPF$chr10$43904614$-,0.48
chr10:43930200-43931600,ENSG00000169813.12$HNRNPF$chr10$43904614$-,0.5
chr10:43939600-43941200,ENSG00000169813.12$HNRNPF$chr10$43904614$-,0.45
chr10:43951000-43953000,ENSG00000169813.12$HNRNPF$chr10$43904614$-,0.43
chr10:43953400-43954800,ENSG00000169813.12$HNRNPF$chr10$43904614$-,0.54
chr10:43956200-43957800,ENSG00000169813.12$HNRNPF$chr10$43904614$-,0.51
chr3:15608800-15610000,ENSG00000169814.8$BTD$chr3$15642848$+,0.74
chr10:43642800-43644400,ENSG00000169826.6$CSGALNACT2$chr10$43633934$+,0.51
chr10:43778000-43779400,ENSG00000169826.6$CSGALNACT2$chr10$43633934$+,0.47
chr10:43951000-43953000,ENSG00000169826.6$CSGALNACT2$chr10$43633934$+,0.35
chr13:28403800-28405200,ENSG00000169840.4$GSX1$chr13$28366780$+,0.57
chr15:34310000-34312400,ENSG00000169857.3$AVEN$chr15$34331377$-,0.71
chr15:34394600-34396000,ENSG00000169857.3$AVEN$chr15$34331377$-,0.53
chr12:49413000-49415400,ENSG00000169884.9$WNT10B$chr12$49365546$-,0.48
chr12:49437000-49439000,ENSG00000169884.9$WNT10B$chr12$49365546$-,0.4
chr12:49462400-49463400,ENSG00000169884.9$WNT10B$chr12$49365546$-,0.37
chr12:49504600-49506400,ENSG00000169884.9$WNT10B$chr12$49365546$-,0.38
chr1:1841000-1843400,ENSG00000169885.5$CALML6$chr1$1846266$+,0.55
chrX:16910600-16911600,ENSG00000169891.13$REPS2$chrX$16964814$+,0.36
chrX:17021200-17021600,ENSG00000169891.13$REPS2$chrX$16964814$+,0.41
chrX:16728400-16730600,ENSG00000169895.5$SYAP1$chrX$16737755$+,0.53
chrX:16803000-16804200,ENSG00000169895.5$SYAP1$chrX$16737755$+,0.55
chrX:16899800-16901200,ENSG00000169895.5$SYAP1$chrX$16737755$+,0.5
chrX:16906400-16907800,ENSG00000169895.5$SYAP1$chrX$16737755$+,0.4
chrX:16910600-16911600,ENSG00000169895.5$SYAP1$chrX$16737755$+,0.44
chr16:31082000-31084000,ENSG00000169896.12$ITGAM$chr16$31271311$+,0.39
chr16:31106400-31108000,ENSG00000169896.12$ITGAM$chr16$31271311$+,0.41
chr16:31296400-31298400,ENSG00000169896.12$ITGAM$chr16$31271311$+,0.64
chr16:31348600-31350400,ENSG00000169896.12$ITGAM$chr16$31271311$+,0.59
chr16:31296400-31298400,ENSG00000169900.3$PYDC1$chr16$31228680$-,0.41
chr16:31348600-31350400,ENSG00000169900.3$PYDC1$chr16$31228680$-,0.37
chr7:65508000-65510000,ENSG00000169902.9$TPST1$chr7$65670186$+,0.38
chr7:65541400-65543800,ENSG00000169902.9$TPST1$chr7$65670186$+,0.44
chr7:65578000-65579400,ENSG00000169902.9$TPST1$chr7$65670186$+,0.48
chr1:179849000-179850800,ENSG00000169905.8$TOR1AIP2$chr1$179846938$-,0.45
chrX:16728400-16730600,ENSG00000169906.5$S100G$chrX$16668281$+,0.36
chr1:20029200-20031600,ENSG00000169914.5$OTUD3$chr1$20209006$+,0.36
chr1:20124400-20126400,ENSG00000169914.5$OTUD3$chr1$20209006$+,0.52
chr1:20127000-20129400,ENSG00000169914.5$OTUD3$chr1$20209006$+,0.48
chr1:20363600-20365800,ENSG00000169914.5$OTUD3$chr1$20209006$+,0.52
chr7:65214000-65215400,ENSG00000169919.12$GUSB$chr7$65447301$-,0.45
chr7:65339200-65341400,ENSG00000169919.12$GUSB$chr7$65447301$-,0.38
chr7:65411400-65413200,ENSG00000169919.12$GUSB$chr7$65447301$-,0.67
chr7:65508000-65510000,ENSG00000169919.12$GUSB$chr7$65447301$-,0.51
chr7:65541400-65543800,ENSG00000169919.12$GUSB$chr7$65447301$-,0.46
chr7:65578000-65579400,ENSG00000169919.12$GUSB$chr7$65447301$-,0.52
chr9:136933800-136936200,ENSG00000169925.12$BRD3$chr9$136933657$-,0.35
chr9:136999000-137000200,ENSG00000169925.12$BRD3$chr9$136933657$-,0.55
chr9:137030600-137031800,ENSG00000169925.12$BRD3$chr9$136933657$-,0.63
chr15:31530600-31532200,ENSG00000169926.5$KLF13$chr15$31619058$+,0.5
chr15:31533400-31535000,ENSG00000169926.5$KLF13$chr15$31619058$+,0.51
chr15:31673600-31675800,ENSG00000169926.5$KLF13$chr15$31619058$+,0.49
chr15:31676200-31678200,ENSG00000169926.5$KLF13$chr15$31619058$+,0.45
chr16:29669600-29671400,ENSG00000169951.5$ZNF764$chr16$30569819$-,0.35
chr16:30338800-30339000,ENSG00000169951.5$ZNF764$chr16$30569819$-,0.35
chr16:30418000-30418400,ENSG00000169951.5$ZNF764$chr16$30569819$-,0.4
chr16:30438800-30440800,ENSG00000169951.5$ZNF764$chr16$30569819$-,0.43
chr16:30441200-30443000,ENSG00000169951.5$ZNF764$chr16$30569819$-,0.44
chr16:30476600-30478800,ENSG00000169951.5$ZNF764$chr16$30569819$-,0.44
chr16:30492800-30493000,ENSG00000169951.5$ZNF764$chr16$30569819$-,0.47
chr16:30493600-30495600,ENSG00000169951.5$ZNF764$chr16$30569819$-,0.47
chr16:30496200-30498200,ENSG00000169951.5$ZNF764$chr16$30569819$-,0.45
chr16:30505400-30506400,ENSG00000169951.5$ZNF764$chr16$30569819$-,0.43
chr16:30546800-30549200,ENSG00000169951.5$ZNF764$chr16$30569819$-,0.57
chr16:30597800-30599600,ENSG00000169951.5$ZNF764$chr16$30569819$-,0.5
chr16:30618800-30620800,ENSG00000169951.5$ZNF764$chr16$30569819$-,0.49
chr16:30639400-30641000,ENSG00000169951.5$ZNF764$chr16$30569819$-,0.58
chr16:30646200-30648200,ENSG00000169951.5$ZNF764$chr16$30569819$-,0.57
chr16:30711000-30713200,ENSG00000169951.5$ZNF764$chr16$30569819$-,0.51
chr16:30319600-30321000,ENSG00000169955.6$ZNF747$chr16$30546668$-,0.39
chr16:30338800-30339000,ENSG00000169955.6$ZNF747$chr16$30546668$-,0.4
chr16:30343800-30345800,ENSG00000169955.6$ZNF747$chr16$30546668$-,0.42
chr16:30386800-30389200,ENSG00000169955.6$ZNF747$chr16$30546668$-,0.46
chr16:30418000-30418400,ENSG00000169955.6$ZNF747$chr16$30546668$-,0.45
chr16:30438800-30440800,ENSG00000169955.6$ZNF747$chr16$30546668$-,0.5
chr16:30441200-30443000,ENSG00000169955.6$ZNF747$chr16$30546668$-,0.46
chr16:30476600-30478800,ENSG00000169955.6$ZNF747$chr16$30546668$-,0.5
chr16:30492800-30493000,ENSG00000169955.6$ZNF747$chr16$30546668$-,0.5
chr16:30493600-30495600,ENSG00000169955.6$ZNF747$chr16$30546668$-,0.53
chr16:30496200-30498200,ENSG00000169955.6$ZNF747$chr16$30546668$-,0.5
chr16:30505400-30506400,ENSG00000169955.6$ZNF747$chr16$30546668$-,0.53
chr16:30597800-30599600,ENSG00000169955.6$ZNF747$chr16$30546668$-,0.54
chr16:30618800-30620800,ENSG00000169955.6$ZNF747$chr16$30546668$-,0.51
chr16:30639400-30641000,ENSG00000169955.6$ZNF747$chr16$30546668$-,0.43
chr16:30646200-30648200,ENSG00000169955.6$ZNF747$chr16$30546668$-,0.43
chr16:30711000-30713200,ENSG00000169955.6$ZNF747$chr16$30546668$-,0.43
chr16:30476600-30478800,ENSG00000169957.8$ZNF768$chr16$30538142$-,0.38
chr16:30492800-30493000,ENSG00000169957.8$ZNF768$chr16$30538142$-,0.37
chr16:30493600-30495600,ENSG00000169957.8$ZNF768$chr16$30538142$-,0.37
chr16:30496200-30498200,ENSG00000169957.8$ZNF768$chr16$30538142$-,0.43
chr16:30505400-30506400,ENSG00000169957.8$ZNF768$chr16$30538142$-,0.46
chr16:30546800-30549200,ENSG00000169957.8$ZNF768$chr16$30538142$-,0.54
chr16:30597800-30599600,ENSG00000169957.8$ZNF768$chr16$30538142$-,0.41
chr3:44688800-44690000,ENSG00000169964.5$TMEM42$chr3$44903361$+,0.38
chr3:44727200-44728000,ENSG00000169964.5$TMEM42$chr3$44903361$+,0.4
chr3:44753400-44754200,ENSG00000169964.5$TMEM42$chr3$44903361$+,0.37
chr3:44796800-44798000,ENSG00000169964.5$TMEM42$chr3$44903361$+,0.41
chr3:44801600-44802600,ENSG00000169964.5$TMEM42$chr3$44903361$+,0.49
chr3:45140800-45143200,ENSG00000169964.5$TMEM42$chr3$44903361$+,0.4
chr2:128049200-128051200,ENSG00000169967.12$MAP3K2$chr2$128146041$-,0.45
chr2:128052200-128053400,ENSG00000169967.12$MAP3K2$chr2$128146041$-,0.5
chr2:128134800-128137000,ENSG00000169967.12$MAP3K2$chr2$128146041$-,0.63
chr2:128284600-128286600,ENSG00000169967.12$MAP3K2$chr2$128146041$-,0.35
chr1:1049600-1051200,ENSG00000169972.7$PUSL1$chr1$1243947$+,0.37
chr1:1311200-1313400,ENSG00000169972.7$PUSL1$chr1$1243947$+,0.56
chr1:1405000-1407200,ENSG00000169972.7$PUSL1$chr1$1243947$+,0.36
chr1:1407600-1410000,ENSG00000169972.7$PUSL1$chr1$1243947$+,0.4
chr6:144386000-144387200,ENSG00000169976.5$SF3B5$chr6$144416754$-,0.45
chr6:144535600-144536800,ENSG00000169976.5$SF3B5$chr6$144416754$-,0.36
chr6:144604200-144605800,ENSG00000169976.5$SF3B5$chr6$144416754$-,0.36
chr3:44667200-44669600,ENSG00000169981.6$ZNF35$chr3$44690219$+,0.45
chr3:44688800-44690000,ENSG00000169981.6$ZNF35$chr3$44690219$+,0.37
chr3:44727200-44728000,ENSG00000169981.6$ZNF35$chr3$44690219$+,0.43
chr3:44753400-44754200,ENSG00000169981.6$ZNF35$chr3$44690219$+,0.35
chr4:153760400-153761800,ENSG00000169989.2$TIGD4$chr4$153700916$-,0.66
chr1:19229600-19231600,ENSG00000169991.6$IFFO2$chr1$19283180$-,0.52
chr17:7298400-7300000,ENSG00000169992.5$NLGN2$chr17$7308193$+,0.47
chr17:7337800-7338800,ENSG00000169992.5$NLGN2$chr17$7308193$+,0.53
chr17:7356800-7358800,ENSG00000169992.5$NLGN2$chr17$7308193$+,0.44
chr17:7359400-7361600,ENSG00000169992.5$NLGN2$chr17$7308193$+,0.4
chr2:128284600-128286600,ENSG00000169994.14$MYO7B$chr2$128293378$+,0.51
chr17:7819000-7820800,ENSG00000170004.12$CHD3$chr17$7788124$+,0.63
chr17:7854400-7855600,ENSG00000170004.12$CHD3$chr17$7788124$+,0.56
chr3:105093600-105096000,ENSG00000170017.8$ALCAM$chr3$105085753$+,0.45
chr7:75948200-75949800,ENSG00000170027.5$YWHAG$chr7$75988348$-,0.36
chr7:76073200-76075400,ENSG00000170027.5$YWHAG$chr7$75988348$-,0.36
chr17:7819000-7820800,ENSG00000170037.9$CNTROB$chr17$7835419$+,0.6
chr17:7854400-7855600,ENSG00000170037.9$CNTROB$chr17$7835419$+,0.69
chr17:8074400-8076800,ENSG00000170037.9$CNTROB$chr17$7835419$+,0.36
chr17:8077200-8079400,ENSG00000170037.9$CNTROB$chr17$7835419$+,0.42
chr17:8080000-8081600,ENSG00000170037.9$CNTROB$chr17$7835419$+,0.42
chr17:7819000-7820800,ENSG00000170043.7$TRAPPC1$chr17$7835441$-,0.63
chr17:7854400-7855600,ENSG00000170043.7$TRAPPC1$chr17$7835441$-,0.62
chr17:8074400-8076800,ENSG00000170043.7$TRAPPC1$chr17$7835441$-,0.36
chr17:8077200-8079400,ENSG00000170043.7$TRAPPC1$chr17$7835441$-,0.39
chr17:8080000-8081600,ENSG00000170043.7$TRAPPC1$chr17$7835441$-,0.41
chr17:7819000-7820800,ENSG00000170049.5$KCNAB3$chr17$7833121$-,0.7
chr17:7854400-7855600,ENSG00000170049.5$KCNAB3$chr17$7833121$-,0.67
chr17:7997400-7998800,ENSG00000170049.5$KCNAB3$chr17$7833121$-,0.37
chr5:177018400-177019200,ENSG00000170074.15$FAM153A$chr5$177210399$-,0.37
chr5:177025000-177026800,ENSG00000170074.15$FAM153A$chr5$177210399$-,0.46
chr5:177027800-177030000,ENSG00000170074.15$FAM153A$chr5$177210399$-,0.46
chr5:177095400-177095800,ENSG00000170074.15$FAM153A$chr5$177210399$-,0.44
chr5:177220800-177222800,ENSG00000170074.15$FAM153A$chr5$177210399$-,0.65
chr5:177231200-177231600,ENSG00000170074.15$FAM153A$chr5$177210399$-,0.69
chr5:177234200-177236600,ENSG00000170074.15$FAM153A$chr5$177210399$-,0.66
chr5:177263000-177264800,ENSG00000170074.15$FAM153A$chr5$177210399$-,0.47
chr5:177268000-177268800,ENSG00000170074.15$FAM153A$chr5$177210399$-,0.48
chr5:177273200-177274000,ENSG00000170074.15$FAM153A$chr5$177210399$-,0.45
chr5:177410800-177413200,ENSG00000170074.15$FAM153A$chr5$177210399$-,0.4
chr1:202114400-202116800,ENSG00000170075.8$GPR37L1$chr1$202091986$+,0.4
chr5:175433000-175435200,ENSG00000170085.13$SIMC1$chr5$175665365$+,0.36
chr5:175459800-175460600,ENSG00000170085.13$SIMC1$chr5$175665365$+,0.35
chr5:175873000-175874200,ENSG00000170085.13$SIMC1$chr5$175665365$+,0.35
chr4:166032200-166033200,ENSG00000170088.9$TMEM192$chr4$166129701$-,0.54
chr4:166034400-166035400,ENSG00000170088.9$TMEM192$chr4$166129701$-,0.55
chr16:89305800-89307200,ENSG00000170100.9$ZNF778$chr16$89284118$+,0.65
chr16:89308000-89310400,ENSG00000170100.9$ZNF778$chr16$89284118$+,0.62
chr16:89313000-89315400,ENSG00000170100.9$ZNF778$chr16$89284118$+,0.63
chr16:89494600-89495600,ENSG00000170100.9$ZNF778$chr16$89284118$+,0.37
chr15:23084200-23086000,ENSG00000170113.11$NIPA1$chr15$23100005$-,0.36
chr15:23096600-23098600,ENSG00000170113.11$NIPA1$chr15$23100005$-,0.5
chr9:21600-22400,ENSG00000170122.4$FOXD4$chr9$118417$-,0.44
chr9:98000-98800,ENSG00000170122.4$FOXD4$chr9$118417$-,0.55
chr1:200706800-200708000,ENSG00000170128.2$GPR25$chr1$200842083$+,0.35
chr1:200770800-200772600,ENSG00000170128.2$GPR25$chr1$200842083$+,0.48
chr1:200907200-200909000,ENSG00000170128.2$GPR25$chr1$200842083$+,0.42
chr2:178018000-178019800,ENSG00000170144.14$HNRNPA3$chr2$178077291$+,0.53
chr2:178026000-178027400,ENSG00000170144.14$HNRNPA3$chr2$178077291$+,0.52
chr2:178196000-178198400,ENSG00000170144.14$HNRNPA3$chr2$178077291$+,0.37
chr4:142140600-142142000,ENSG00000170153.6$RNF150$chr4$142134031$-,0.55
chr17:16554800-16557200,ENSG00000170160.12$CCDC144A$chr17$16592851$+,0.42
chr17:16557400-16558200,ENSG00000170160.12$CCDC144A$chr17$16592851$+,0.44
chr17:7298400-7300000,ENSG00000170175.6$CHRNB1$chr17$7348380$+,0.38
chr17:7337800-7338800,ENSG00000170175.6$CHRNB1$chr17$7348380$+,0.4
chr17:7356800-7358800,ENSG00000170175.6$CHRNB1$chr17$7348380$+,0.46
chr2:176952400-176954400,ENSG00000170178.5$HOXD12$chr2$176964458$+,0.35
chr2:176975800-176978200,ENSG00000170178.5$HOXD12$chr2$176964458$+,0.42
chr17:73044200-73046200,ENSG00000170190.11$SLC16A5$chr17$73083822$+,0.39
chr17:73104200-73105600,ENSG00000170190.11$SLC16A5$chr17$73083822$+,0.46
chr20:25622800-25625200,ENSG00000170191.4$NANP$chr20$25604811$-,0.6
chr20:25663600-25664200,ENSG00000170191.4$NANP$chr20$25604811$-,0.56
chr20:25678000-25680000,ENSG00000170191.4$NANP$chr20$25604811$-,0.54
chr20:25699200-25701400,ENSG00000170191.4$NANP$chr20$25604811$-,0.41
chr20:25832000-25834400,ENSG00000170191.4$NANP$chr20$25604811$-,0.35
chr17:10592800-10594200,ENSG00000170222.11$ADPRM$chr17$10600911$+,0.52
chr17:10631200-10633000,ENSG00000170222.11$ADPRM$chr17$10600911$+,0.49
chr5:159450200-159451800,ENSG00000170234.8$PWWP2A$chr5$159546430$-,0.45
chr15:50848600-50850000,ENSG00000170236.10$USP50$chr15$50838905$-,0.43
chr11:11889200-11890200,ENSG00000170242.13$USP47$chr11$11862970$+,0.62
chr3:33738600-33740800,ENSG00000170248.9$PDCD6IP$chr3$33839844$+,0.54
chr3:33748400-33749800,ENSG00000170248.9$PDCD6IP$chr3$33839844$+,0.51
chr3:33760400-33761200,ENSG00000170248.9$PDCD6IP$chr3$33839844$+,0.47
chr3:33827800-33829400,ENSG00000170248.9$PDCD6IP$chr3$33839844$+,0.66
chr3:33832600-33834400,ENSG00000170248.9$PDCD6IP$chr3$33839844$+,0.72
chr11:19137400-19139000,ENSG00000170255.6$MRGPRX1$chr11$18961054$-,0.4
chr7:148821600-148822800,ENSG00000170260.4$ZNF212$chr7$148936742$+,0.4
chr7:148825000-148826000,ENSG00000170260.4$ZNF212$chr7$148936742$+,0.43
chr7:148891600-148892400,ENSG00000170260.4$ZNF212$chr7$148936742$+,0.61
chr7:148958000-148959000,ENSG00000170260.4$ZNF212$chr7$148936742$+,0.48
chr7:148980400-148982600,ENSG00000170260.4$ZNF212$chr7$148936742$+,0.49
chr21:33648800-33650800,ENSG00000170262.8$MRAP$chr21$33664124$+,0.48
chr21:33651800-33653000,ENSG00000170262.8$MRAP$chr21$33664124$+,0.6
chr21:33775200-33776200,ENSG00000170262.8$MRAP$chr21$33664124$+,0.4
chr2:61420200-61422400,ENSG00000170264.8$FAM161A$chr2$62081278$-,0.35
chr2:61920400-61921600,ENSG00000170264.8$FAM161A$chr2$62081278$-,0.38
chr2:61921800-61923400,ENSG00000170264.8$FAM161A$chr2$62081278$-,0.37
chr2:61989000-61990800,ENSG00000170264.8$FAM161A$chr2$62081278$-,0.51
chr2:62082200-62083200,ENSG00000170264.8$FAM161A$chr2$62081278$-,0.35
chr2:62116200-62117800,ENSG00000170264.8$FAM161A$chr2$62081278$-,0.53
chr2:62130800-62132600,ENSG00000170264.8$FAM161A$chr2$62081278$-,0.48
chr2:62133400-62135400,ENSG00000170264.8$FAM161A$chr2$62081278$-,0.57
chr7:148821600-148822800,ENSG00000170265.7$ZNF282$chr7$148892577$+,0.37
chr7:148825000-148826000,ENSG00000170265.7$ZNF282$chr7$148892577$+,0.35
chr3:33028600-33029400,ENSG00000170266.11$GLB1$chr3$33138722$-,0.4
chr3:33036600-33037000,ENSG00000170266.11$GLB1$chr3$33138722$-,0.39
chr3:33037400-33039000,ENSG00000170266.11$GLB1$chr3$33138722$-,0.39
chr3:33039800-33041800,ENSG00000170266.11$GLB1$chr3$33138722$-,0.41
chr3:33054200-33055000,ENSG00000170266.11$GLB1$chr3$33138722$-,0.42
chr3:33081400-33082400,ENSG00000170266.11$GLB1$chr3$33138722$-,0.49
chr3:33126600-33128400,ENSG00000170266.11$GLB1$chr3$33138722$-,0.53
chr14:93582600-93584000,ENSG00000170270.4$C14orf142$chr14$93673439$-,0.43
chr14:93652000-93654200,ENSG00000170270.4$C14orf142$chr14$93673439$-,0.5
chr14:93729000-93730800,ENSG00000170270.4$C14orf142$chr14$93673439$-,0.47
chr5:154144000-154144200,ENSG00000170271.6$FAXDC2$chr5$154238812$-,0.4
chr3:32988800-32990800,ENSG00000170275.10$CRTAP$chr3$33155471$+,0.39
chr3:32995400-32996600,ENSG00000170275.10$CRTAP$chr3$33155471$+,0.42
chr3:33004800-33006400,ENSG00000170275.10$CRTAP$chr3$33155471$+,0.37
chr3:33028600-33029400,ENSG00000170275.10$CRTAP$chr3$33155471$+,0.41
chr3:33036600-33037000,ENSG00000170275.10$CRTAP$chr3$33155471$+,0.4
chr3:33037400-33039000,ENSG00000170275.10$CRTAP$chr3$33155471$+,0.38
chr3:33039800-33041800,ENSG00000170275.10$CRTAP$chr3$33155471$+,0.38
chr3:33054200-33055000,ENSG00000170275.10$CRTAP$chr3$33155471$+,0.41
chr3:33081400-33082400,ENSG00000170275.10$CRTAP$chr3$33155471$+,0.41
chr3:33126600-33128400,ENSG00000170275.10$CRTAP$chr3$33155471$+,0.62
chr17:6936600-6939000,ENSG00000170291.10$ELP5$chr17$7154735$+,0.4
chr17:7143000-7145000,ENSG00000170291.10$ELP5$chr17$7154735$+,0.6
chr17:7146600-7148200,ENSG00000170291.10$ELP5$chr17$7154735$+,0.64
chr17:7156200-7158200,ENSG00000170291.10$ELP5$chr17$7154735$+,0.56
chr17:7298400-7300000,ENSG00000170291.10$ELP5$chr17$7154735$+,0.43
chr17:7337800-7338800,ENSG00000170291.10$ELP5$chr17$7154735$+,0.45
chr17:7356800-7358800,ENSG00000170291.10$ELP5$chr17$7154735$+,0.36
chr3:32132400-32133800,ENSG00000170293.4$CMTM8$chr3$32280171$+,0.35
chr3:32218400-32219800,ENSG00000170293.4$CMTM8$chr3$32280171$+,0.48
chr3:32329200-32331600,ENSG00000170293.4$CMTM8$chr3$32280171$+,0.51
chr3:32340600-32342000,ENSG00000170293.4$CMTM8$chr3$32280171$+,0.5
chr17:6936600-6939000,ENSG00000170296.5$GABARAP$chr17$7146089$-,0.35
chr17:7156200-7158200,ENSG00000170296.5$GABARAP$chr17$7146089$-,0.63
chr10:62403400-62405000,ENSG00000170312.11$CDK1$chr10$62538089$+,0.4
chr10:62405200-62407600,ENSG00000170312.11$CDK1$chr10$62538089$+,0.37
chr10:62411800-62412800,ENSG00000170312.11$CDK1$chr10$62538089$+,0.35
chr10:62446600-62447200,ENSG00000170312.11$CDK1$chr10$62538089$+,0.4
chr10:62450800-62451000,ENSG00000170312.11$CDK1$chr10$62538089$+,0.4
chr10:62459600-62460200,ENSG00000170312.11$CDK1$chr10$62538089$+,0.41
chr10:62471600-62471800,ENSG00000170312.11$CDK1$chr10$62538089$+,0.46
chr10:62480400-62481000,ENSG00000170312.11$CDK1$chr10$62538089$+,0.5
chr10:62481200-62483600,ENSG00000170312.11$CDK1$chr10$62538089$+,0.45
chr10:62526400-62528000,ENSG00000170312.11$CDK1$chr10$62538089$+,0.67
chr10:62528400-62529800,ENSG00000170312.11$CDK1$chr10$62538089$+,0.72
chr10:62551600-62553400,ENSG00000170312.11$CDK1$chr10$62538089$+,0.69
chr10:62704200-62705600,ENSG00000170312.11$CDK1$chr10$62538089$+,0.39
chr17:16213600-16215400,ENSG00000170315.9$UBB$chr17$16284112$+,0.35
chr11:129564400-129566800,ENSG00000170322.10$NFRKB$chr11$129765485$-,0.37
chr11:129666400-129668800,ENSG00000170322.10$NFRKB$chr11$129765485$-,0.47
chr11:129704800-129707200,ENSG00000170322.10$NFRKB$chr11$129765485$-,0.56
chr11:129873800-129876200,ENSG00000170322.10$NFRKB$chr11$129765485$-,0.5
chr10:49519800-49521200,ENSG00000170324.15$FRMPD2$chr10$49482941$-,0.37
chr11:129666400-129668800,ENSG00000170325.10$PRDM10$chr11$129872730$-,0.35
chr11:129765800-129766600,ENSG00000170325.10$PRDM10$chr11$129872730$-,0.59
chr2:62514400-62516800,ENSG00000170340.10$B3GNT2$chr2$62423248$+,0.48
chr14:75643600-75644400,ENSG00000170345.5$FOS$chr14$75745477$+,0.49
chr14:75580400-75582400,ENSG00000170348.4$TMED10$chr14$75643334$-,0.48
chr3:4332200-4332600,ENSG00000170364.8$SETMAR$chr3$4344988$+,0.54
chr3:4392400-4394800,ENSG00000170364.8$SETMAR$chr3$4344988$+,0.5
chr12:53746200-53747600,ENSG00000170374.4$SP7$chr12$53739099$-,0.54
chr1:211494000-211496000,ENSG00000170385.9$SLC30A1$chr1$211752084$-,0.39
chr1:211498000-211500200,ENSG00000170385.9$SLC30A1$chr1$211752084$-,0.36
chr1:211796400-211798600,ENSG00000170385.9$SLC30A1$chr1$211752084$-,0.45
chr1:211860600-211862200,ENSG00000170385.9$SLC30A1$chr1$211752084$-,0.42
chr2:103302000-103304200,ENSG00000170417.10$TMEM182$chr2$103353367$+,0.65
chr12:53397600-53399600,ENSG00000170421.7$KRT8$chr12$53343738$-,0.4
chr5:139936600-139938800,ENSG00000170445.8$HARS$chr5$140071609$-,0.35
chr5:140079200-140080000,ENSG00000170445.8$HARS$chr5$140071609$-,0.59
chr5:140088600-140090800,ENSG00000170445.8$HARS$chr5$140071609$-,0.51
chr5:140091000-140092000,ENSG00000170445.8$HARS$chr5$140071609$-,0.48
chr5:140104800-140106400,ENSG00000170445.8$HARS$chr5$140071609$-,0.42
chr4:47894000-47895000,ENSG00000170448.7$NFXL1$chr4$47916653$-,0.72
chr4:47928200-47929400,ENSG00000170448.7$NFXL1$chr4$47916653$-,0.64
chr12:31814600-31815400,ENSG00000170456.10$DENND5B$chr12$31744031$-,0.38
chr5:139936600-139938800,ENSG00000170458.9$CD14$chr5$140013286$-,0.41
chr5:138737000-138739200,ENSG00000170464.5$DNAJC18$chr5$138780180$-,0.51
chr5:138765200-138766400,ENSG00000170464.5$DNAJC18$chr5$138780180$-,0.37
chr5:138785800-138787200,ENSG00000170464.5$DNAJC18$chr5$138780180$-,0.66
chr5:138675600-138677200,ENSG00000170469.6$SPATA24$chr5$138739777$-,0.55
chr5:138690000-138690600,ENSG00000170469.6$SPATA24$chr5$138739777$-,0.58
chr5:138765200-138766400,ENSG00000170469.6$SPATA24$chr5$138739777$-,0.68
chr5:138785800-138787200,ENSG00000170469.6$SPATA24$chr5$138739777$-,0.52
chr5:138939200-138940600,ENSG00000170469.6$SPATA24$chr5$138739777$-,0.36
chr5:138989400-138989800,ENSG00000170469.6$SPATA24$chr5$138739777$-,0.37
chr20:37064000-37065200,ENSG00000170471.10$RALGAPB$chr20$37101459$+,0.53
chr20:37106000-37107000,ENSG00000170471.10$RALGAPB$chr20$37101459$+,0.74
chr20:37107800-37108800,ENSG00000170471.10$RALGAPB$chr20$37101459$+,0.76
chr20:37176400-37177200,ENSG00000170471.10$RALGAPB$chr20$37101459$+,0.61
chr12:56174200-56175800,ENSG00000170473.12$WIBG$chr12$56326402$-,0.38
chr12:56198000-56199600,ENSG00000170473.12$WIBG$chr12$56326402$-,0.35
chr12:56212400-56214400,ENSG00000170473.12$WIBG$chr12$56326402$-,0.37
chr12:56292600-56293400,ENSG00000170473.12$WIBG$chr12$56326402$-,0.43
chr12:56358600-56360400,ENSG00000170473.12$WIBG$chr12$56326402$-,0.42
chr12:56372800-56373600,ENSG00000170473.12$WIBG$chr12$56326402$-,0.49
chr12:56433800-56435200,ENSG00000170473.12$WIBG$chr12$56326402$-,0.42
chr5:138675600-138677200,ENSG00000170476.11$MZB1$chr5$138725770$-,0.55
chr5:138690000-138690600,ENSG00000170476.11$MZB1$chr5$138725770$-,0.67
chr5:138737000-138739200,ENSG00000170476.11$MZB1$chr5$138725770$-,0.7
chr5:138765200-138766400,ENSG00000170476.11$MZB1$chr5$138725770$-,0.63
chr5:138785800-138787200,ENSG00000170476.11$MZB1$chr5$138725770$-,0.43
chr5:138922400-138924200,ENSG00000170476.11$MZB1$chr5$138725770$-,0.39
chr5:138939200-138940600,ENSG00000170476.11$MZB1$chr5$138725770$-,0.36
chr5:138989400-138989800,ENSG00000170476.11$MZB1$chr5$138725770$-,0.35
chr5:138675600-138677200,ENSG00000170482.12$SLC23A1$chr5$138720242$-,0.58
chr5:138690000-138690600,ENSG00000170482.12$SLC23A1$chr5$138720242$-,0.59
chr5:138737000-138739200,ENSG00000170482.12$SLC23A1$chr5$138720242$-,0.68
chr5:138765200-138766400,ENSG00000170482.12$SLC23A1$chr5$138720242$-,0.59
chr5:138785800-138787200,ENSG00000170482.12$SLC23A1$chr5$138720242$-,0.47
chr12:52998400-52999400,ENSG00000170484.5$KRT74$chr12$52967609$-,0.45
chr12:53035000-53036400,ENSG00000170484.5$KRT74$chr12$52967609$-,0.37
chr12:53037600-53038000,ENSG00000170484.5$KRT74$chr12$52967609$-,0.38
chr12:52998400-52999400,ENSG00000170486.6$KRT72$chr12$52995322$-,0.46
chr12:53035000-53036400,ENSG00000170486.6$KRT72$chr12$52995322$-,0.5
chr12:53037600-53038000,ENSG00000170486.6$KRT72$chr12$52995322$-,0.49
chr1:204175200-204177000,ENSG00000170498.7$KISS1$chr1$204165614$-,0.55
chr12:56358600-56360400,ENSG00000170515.9$PA2G4$chr12$56498103$+,0.4
chr12:56433800-56435200,ENSG00000170515.9$PA2G4$chr12$56498103$+,0.47
chr12:56527000-56528200,ENSG00000170515.9$PA2G4$chr12$56498103$+,0.47
chr12:56543800-56545600,ENSG00000170515.9$PA2G4$chr12$56498103$+,0.41
chr12:56596000-56597400,ENSG00000170515.9$PA2G4$chr12$56498103$+,0.37
chr12:56659200-56660400,ENSG00000170515.9$PA2G4$chr12$56498103$+,0.35
chr12:56661200-56662800,ENSG00000170515.9$PA2G4$chr12$56498103$+,0.38
chr4:47011600-47013800,ENSG00000170516.12$COX7B2$chr4$46911252$-,0.38
chr10:6045000-6046000,ENSG00000170525.14$PFKFB3$chr10$6186881$+,0.41
chr10:6072800-6074000,ENSG00000170525.14$PFKFB3$chr10$6186881$+,0.41
chr10:6075400-6077400,ENSG00000170525.14$PFKFB3$chr10$6186881$+,0.4
chr10:6246200-6248000,ENSG00000170525.14$PFKFB3$chr10$6186881$+,0.48
chr16:18771000-18771800,ENSG00000170540.10$ARL6IP1$chr16$18813000$-,0.56
chr16:18776400-18778000,ENSG00000170540.10$ARL6IP1$chr16$18813000$-,0.51
chr16:18778200-18780000,ENSG00000170540.10$ARL6IP1$chr16$18813000$-,0.47
chr16:18830600-18832200,ENSG00000170540.10$ARL6IP1$chr16$18813000$-,0.61
chr16:18938400-18940200,ENSG00000170540.10$ARL6IP1$chr16$18813000$-,0.41
chr16:18961600-18962800,ENSG00000170540.10$ARL6IP1$chr16$18813000$-,0.45
chr6:2760800-2762400,ENSG00000170542.5$SERPINB9$chr6$2903514$-,0.42
chr6:2763400-2765000,ENSG00000170542.5$SERPINB9$chr6$2903514$-,0.42
chr6:2888200-2889200,ENSG00000170542.5$SERPINB9$chr6$2903514$-,0.68
chr6:2895400-2895600,ENSG00000170542.5$SERPINB9$chr6$2903514$-,0.66
chr5:49623600-49625600,ENSG00000170571.7$EMB$chr5$49739082$-,0.39
chr5:49693800-49696200,ENSG00000170571.7$EMB$chr5$49739082$-,0.54
chr5:49699000-49701000,ENSG00000170571.7$EMB$chr5$49739082$-,0.56
chr5:49702000-49704200,ENSG00000170571.7$EMB$chr5$49739082$-,0.5
chr5:49715800-49717000,ENSG00000170571.7$EMB$chr5$49739082$-,0.61
chr5:49785000-49786400,ENSG00000170571.7$EMB$chr5$49739082$-,0.56
chr5:49796600-49798800,ENSG00000170571.7$EMB$chr5$49739082$-,0.52
chr5:49878000-49878400,ENSG00000170571.7$EMB$chr5$49739082$-,0.38
chr5:49896600-49899000,ENSG00000170571.7$EMB$chr5$49739082$-,0.37
chr12:56433800-56435200,ENSG00000170581.9$STAT2$chr12$56753939$-,0.35
chr12:56596000-56597400,ENSG00000170581.9$STAT2$chr12$56753939$-,0.35
chr12:56612800-56615000,ENSG00000170581.9$STAT2$chr12$56753939$-,0.46
chr12:56616200-56618200,ENSG00000170581.9$STAT2$chr12$56753939$-,0.42
chr12:56618600-56620200,ENSG00000170581.9$STAT2$chr12$56753939$-,0.38
chr12:56659200-56660400,ENSG00000170581.9$STAT2$chr12$56753939$-,0.44
chr12:56661200-56662800,ENSG00000170581.9$STAT2$chr12$56753939$-,0.41
chr12:56708000-56709000,ENSG00000170581.9$STAT2$chr12$56753939$-,0.53
chr12:56710400-56711600,ENSG00000170581.9$STAT2$chr12$56753939$-,0.55
chr12:56726000-56727200,ENSG00000170581.9$STAT2$chr12$56753939$-,0.54
chr12:56818000-56820200,ENSG00000170581.9$STAT2$chr12$56753939$-,0.54
chr12:56843400-56845400,ENSG00000170581.9$STAT2$chr12$56753939$-,0.52
chr5:162863200-162864600,ENSG00000170584.6$NUDCD2$chr5$162887146$-,0.72
chr5:162893800-162895400,ENSG00000170584.6$NUDCD2$chr5$162887146$-,0.66
chr5:162929000-162930400,ENSG00000170584.6$NUDCD2$chr5$162887146$-,0.59
chr5:162975800-162977200,ENSG00000170584.6$NUDCD2$chr5$162887146$-,0.52
chr19:46196600-46199000,ENSG00000170604.3$IRF2BP1$chr19$46389376$-,0.35
chr19:46406600-46407200,ENSG00000170604.3$IRF2BP1$chr19$46389376$-,0.64
chr19:46497600-46498000,ENSG00000170604.3$IRF2BP1$chr19$46389376$-,0.42
chr19:46499000-46500600,ENSG00000170604.3$IRF2BP1$chr19$46389376$-,0.54
chr12:55413200-55414600,ENSG00000170605.5$OR9K2$chr12$55523465$+,0.4
chr12:55465400-55467000,ENSG00000170605.5$OR9K2$chr12$55523465$+,0.44
chr5:132359800-132361600,ENSG00000170606.9$HSPA4$chr5$132387654$+,0.74
chr5:132500000-132501200,ENSG00000170606.9$HSPA4$chr5$132387654$+,0.4
chr19:46196600-46199000,ENSG00000170608.2$FOXA3$chr19$46367247$+,0.39
chr19:46406600-46407200,ENSG00000170608.2$FOXA3$chr19$46367247$+,0.56
chr19:46497600-46498000,ENSG00000170608.2$FOXA3$chr19$46367247$+,0.47
chr19:46499000-46500600,ENSG00000170608.2$FOXA3$chr19$46367247$+,0.42
chr5:156555400-156557000,ENSG00000170613.4$FAM71B$chr5$156593275$-,0.59
chr5:156567000-156569200,ENSG00000170613.4$FAM71B$chr5$156593275$-,0.59
chr5:156570800-156571400,ENSG00000170613.4$FAM71B$chr5$156593275$-,0.62
chr5:156584200-156585000,ENSG00000170613.4$FAM71B$chr5$156593275$-,0.66
chr5:156612200-156613800,ENSG00000170613.4$FAM71B$chr5$156593275$-,0.63
chr5:156614800-156615200,ENSG00000170613.4$FAM71B$chr5$156593275$-,0.61
chr5:156617400-156618400,ENSG00000170613.4$FAM71B$chr5$156593275$-,0.56
chr5:156618600-156621000,ENSG00000170613.4$FAM71B$chr5$156593275$-,0.57
chr5:156663400-156665200,ENSG00000170613.4$FAM71B$chr5$156593275$-,0.44
chr5:156668600-156670000,ENSG00000170613.4$FAM71B$chr5$156593275$-,0.46
chr5:156670600-156671400,ENSG00000170613.4$FAM71B$chr5$156593275$-,0.46
chr5:156671600-156673800,ENSG00000170613.4$FAM71B$chr5$156593275$-,0.49
chr5:156686000-156687800,ENSG00000170613.4$FAM71B$chr5$156593275$-,0.44
chr5:156738800-156740800,ENSG00000170613.4$FAM71B$chr5$156593275$-,0.35
chr7:102995400-102997200,ENSG00000170615.10$SLC26A5$chr7$103086624$-,0.47
chr7:103014400-103015000,ENSG00000170615.10$SLC26A5$chr7$103086624$-,0.52
chr8:145954800-145956800,ENSG00000170619.8$COMMD5$chr8$146079121$-,0.51
chr8:146010200-146012000,ENSG00000170619.8$COMMD5$chr8$146079121$-,0.61
chr8:146128000-146129400,ENSG00000170619.8$COMMD5$chr8$146079121$-,0.5
chr8:146176600-146177400,ENSG00000170619.8$COMMD5$chr8$146079121$-,0.46
chr12:54890000-54891600,ENSG00000170627.5$GTSF1$chr12$54867386$-,0.64
chr12:54972000-54974400,ENSG00000170627.5$GTSF1$chr12$54867386$-,0.38
chr8:146079000-146080000,ENSG00000170631.10$ZNF16$chr8$146176274$-,0.37
chr8:146128000-146129400,ENSG00000170631.10$ZNF16$chr8$146176274$-,0.46
chr8:146278400-146280200,ENSG00000170631.10$ZNF16$chr8$146176274$-,0.38
chr7:102722000-102723600,ENSG00000170632.9$ARMC10$chr7$102715328$+,0.61
chr7:102723800-102724000,ENSG00000170632.9$ARMC10$chr7$102715328$+,0.64
chr12:121735200-121736200,ENSG00000170633.12$RNF34$chr12$121837844$+,0.45
chr12:121751200-121753600,ENSG00000170633.12$RNF34$chr12$121837844$+,0.54
chr12:121771400-121772800,ENSG00000170633.12$RNF34$chr12$121837844$+,0.59
chr12:121790800-121791800,ENSG00000170633.12$RNF34$chr12$121837844$+,0.49
chr12:121828200-121830600,ENSG00000170633.12$RNF34$chr12$121837844$+,0.55
chr12:121933200-121935200,ENSG00000170633.12$RNF34$chr12$121837844$+,0.42
chr12:121975600-121978000,ENSG00000170633.12$RNF34$chr12$121837844$+,0.45
chr12:121989200-121991400,ENSG00000170633.12$RNF34$chr12$121837844$+,0.5
chr2:54140400-54142400,ENSG00000170634.8$ACYP2$chr2$54197975$+,0.47
chr2:54213800-54215400,ENSG00000170634.8$ACYP2$chr2$54197975$+,0.52
chr2:54225200-54227000,ENSG00000170634.8$ACYP2$chr2$54197975$+,0.49
chr12:53833400-53835000,ENSG00000170653.14$ATF7$chr12$54020199$-,0.35
chr12:53844600-53845800,ENSG00000170653.14$ATF7$chr12$54020199$-,0.49
chr12:54118400-54120600,ENSG00000170653.14$ATF7$chr12$54020199$-,0.5
chr7:102117400-102118400,ENSG00000170667.10$RASA4B$chr7$102158228$-,0.52
chr7:102152800-102153800,ENSG00000170667.10$RASA4B$chr7$102158228$-,0.55
chr7:102390000-102391800,ENSG00000170667.10$RASA4B$chr7$102158228$-,0.36
chr11:8006400-8008800,ENSG00000170683.5$OR10A3$chr11$7961141$-,0.4
chr19:45456200-45457600,ENSG00000170684.4$ZNF296$chr19$45579846$-,0.46
chr19:45505200-45507000,ENSG00000170684.4$ZNF296$chr19$45579846$-,0.58
chr19:45540800-45542200,ENSG00000170684.4$ZNF296$chr19$45579846$-,0.66
chr17:46815800-46817400,ENSG00000170703.11$TTLL6$chr17$46894576$-,0.57
chr17:46891800-46892600,ENSG00000170703.11$TTLL6$chr17$46894576$-,0.41
chr17:46968400-46969600,ENSG00000170703.11$TTLL6$chr17$46894576$-,0.48
chr17:47019000-47021200,ENSG00000170703.11$TTLL6$chr17$46894576$-,0.48
chr8:145704000-145706200,ENSG00000170727.7$BOP1$chr8$145515082$-,0.35
chr6:43298800-43301000,ENSG00000170734.7$POLH$chr6$43543887$+,0.38
chr6:43393400-43395000,ENSG00000170734.7$POLH$chr6$43543887$+,0.39
chr6:43485400-43487800,ENSG00000170734.7$POLH$chr6$43543887$+,0.49
chr6:43602400-43603600,ENSG00000170734.7$POLH$chr6$43543887$+,0.43
chr6:43655800-43657600,ENSG00000170734.7$POLH$chr6$43543887$+,0.37
chr10:32191400-32193600,ENSG00000170759.10$KIF5B$chr10$32345359$-,0.43
chr10:32218600-32220600,ENSG00000170759.10$KIF5B$chr10$32345359$-,0.41
chr15:85691800-85694200,ENSG00000170776.15$AKAP13$chr15$85923802$+,0.38
chr15:85710600-85712800,ENSG00000170776.15$AKAP13$chr15$85923802$+,0.43
chr15:85910600-85911800,ENSG00000170776.15$AKAP13$chr15$85923802$+,0.67
chr14:105452400-105454600,ENSG00000170779.10$CDCA4$chr14$105487485$-,0.59
chr14:105560200-105562000,ENSG00000170779.10$CDCA4$chr14$105487485$-,0.51
chr11:6723400-6725600,ENSG00000170782.3$OR10A4$chr11$6897856$+,0.36
chr11:6737800-6738600,ENSG00000170790.4$OR10A2$chr11$6890924$+,0.41
chr8:56987200-56988000,ENSG00000170791.13$CHCHD7$chr8$57124245$+,0.5
chr8:57025200-57026800,ENSG00000170791.13$CHCHD7$chr8$57124245$+,0.46
chr2:48467400-48469600,ENSG00000170802.11$FOXN2$chr2$48541776$+,0.59
chr2:48519200-48520400,ENSG00000170802.11$FOXN2$chr2$48541776$+,0.7
chr2:48588000-48590400,ENSG00000170802.11$FOXN2$chr2$48541776$+,0.76
chr2:48593600-48594600,ENSG00000170802.11$FOXN2$chr2$48541776$+,0.77
chr2:48665000-48667200,ENSG00000170802.11$FOXN2$chr2$48541776$+,0.51
chr11:6723400-6725600,ENSG00000170803.4$OR2AG1$chr11$6806248$+,0.35
chr11:6737800-6738600,ENSG00000170803.4$OR2AG1$chr11$6806248$+,0.45
chr17:58604200-58604800,ENSG00000170836.7$PPM1D$chr17$58677544$+,0.47
chr3:71801400-71803200,ENSG00000170837.2$GPR27$chr3$71803201$+,0.41
chr7:32766600-32767600,ENSG00000170852.6$KBTBD2$chr7$32933743$-,0.38
chr7:32885600-32887000,ENSG00000170852.6$KBTBD2$chr7$32933743$-,0.58
chr7:32982600-32983600,ENSG00000170852.6$KBTBD2$chr7$32933743$-,0.58
chr3:97747200-97749600,ENSG00000170854.13$MINA$chr3$97691301$-,0.49
chr3:97828400-97829800,ENSG00000170854.13$MINA$chr3$97691301$-,0.51
chr12:120730600-120732600,ENSG00000170855.3$TRIAP1$chr12$120884215$-,0.36
chr12:120740600-120742600,ENSG00000170855.3$TRIAP1$chr12$120884215$-,0.38
chr12:120753200-120755000,ENSG00000170855.3$TRIAP1$chr12$120884215$-,0.37
chr12:120874800-120875400,ENSG00000170855.3$TRIAP1$chr12$120884215$-,0.4
chr12:120876400-120878800,ENSG00000170855.3$TRIAP1$chr12$120884215$-,0.51
chr12:120932200-120933600,ENSG00000170855.3$TRIAP1$chr12$120884215$-,0.55
chr12:120970400-120972000,ENSG00000170855.3$TRIAP1$chr12$120884215$-,0.41
chr3:14228400-14229000,ENSG00000170860.3$LSM3$chr3$14219858$+,0.59
chr3:14229400-14230200,ENSG00000170860.3$LSM3$chr3$14219858$+,0.6
chr3:14228400-14229000,ENSG00000170876.7$TMEM43$chr3$14166440$+,0.53
chr3:14229400-14230200,ENSG00000170876.7$TMEM43$chr3$14166440$+,0.49
chr8:125360800-125363000,ENSG00000170881.4$RNF139$chr8$125486979$+,0.42
chr8:125363200-125365600,ENSG00000170881.4$RNF139$chr8$125486979$+,0.38
chr8:125385400-125386200,ENSG00000170881.4$RNF139$chr8$125486979$+,0.61
chr8:125495400-125497400,ENSG00000170881.4$RNF139$chr8$125486979$+,0.7
chr12:120740600-120742600,ENSG00000170890.9$PLA2G1B$chr12$120765592$-,0.38
chr12:120753200-120755000,ENSG00000170890.9$PLA2G1B$chr12$120765592$-,0.51
chr19:54616600-54618400,ENSG00000170892.6$TSEN34$chr19$54693789$+,0.54
chr19:54619600-54621200,ENSG00000170892.6$TSEN34$chr19$54693789$+,0.47
chr19:54670200-54672600,ENSG00000170892.6$TSEN34$chr19$54693789$+,0.79
chr19:54695800-54698000,ENSG00000170892.6$TSEN34$chr19$54693789$+,0.6
chr19:54703000-54704400,ENSG00000170892.6$TSEN34$chr19$54693789$+,0.71
chr19:54895000-54896000,ENSG00000170892.6$TSEN34$chr19$54693789$+,0.4
chr3:129652400-129654600,ENSG00000170893.3$TRH$chr3$129693148$+,0.41
chr6:52746200-52748200,ENSG00000170899.6$GSTA4$chr6$52860176$-,0.36
chr6:52927000-52928200,ENSG00000170899.6$GSTA4$chr6$52860176$-,0.66
chr6:52928600-52929600,ENSG00000170899.6$GSTA4$chr6$52860176$-,0.53
chr11:105954800-105955800,ENSG00000170903.6$MSANTD4$chr11$105893130$-,0.61
chr19:54616600-54618400,ENSG00000170906.11$NDUFA3$chr19$54606036$+,0.57
chr19:54619600-54621200,ENSG00000170906.11$NDUFA3$chr19$54606036$+,0.49
chr19:54670200-54672600,ENSG00000170906.11$NDUFA3$chr19$54606036$+,0.44
chr19:54695800-54698000,ENSG00000170906.11$NDUFA3$chr19$54606036$+,0.5
chr19:54703000-54704400,ENSG00000170906.11$NDUFA3$chr19$54606036$+,0.59
chr19:54616600-54618400,ENSG00000170909.9$OSCAR$chr19$54606000$-,0.51
chr19:54619600-54621200,ENSG00000170909.9$OSCAR$chr19$54606000$-,0.51
chr19:54670200-54672600,ENSG00000170909.9$OSCAR$chr19$54606000$-,0.51
chr19:54695800-54698000,ENSG00000170909.9$OSCAR$chr19$54606000$-,0.49
chr19:54703000-54704400,ENSG00000170909.9$OSCAR$chr19$54606000$-,0.5
chr6:52247600-52247800,ENSG00000170915.8$PAQR8$chr6$52226219$+,0.56
chr6:52267600-52270000,ENSG00000170915.8$PAQR8$chr6$52226219$+,0.42
chr4:123652200-123653800,ENSG00000170917.9$NUDT6$chr4$123844123$-,0.35
chr4:123654400-123656000,ENSG00000170917.9$NUDT6$chr4$123844123$-,0.36
chr4:123841200-123843000,ENSG00000170917.9$NUDT6$chr4$123844123$-,0.36
chr4:123866600-123867600,ENSG00000170917.9$NUDT6$chr4$123844123$-,0.76
chr19:9250200-9250800,ENSG00000170920.2$OR7G3$chr19$9237626$-,0.48
chr17:61143200-61144600,ENSG00000170921.10$TANC2$chr17$61086917$+,0.52
chr17:61146600-61148000,ENSG00000170921.10$TANC2$chr17$61086917$+,0.45
chr19:9250200-9250800,ENSG00000170923.2$OR7G2$chr19$9213982$-,0.62
chr19:9257400-9257800,ENSG00000170923.2$OR7G2$chr19$9213982$-,0.42
chr19:9250200-9250800,ENSG00000170929.5$OR1M1$chr19$9203855$+,0.44
chr19:9257400-9257800,ENSG00000170929.5$OR1M1$chr19$9203855$+,0.37
chrX:106792200-106793600,ENSG00000170935.5$NCBP2L$chrX$107020963$+,0.39
chrX:106869600-106871600,ENSG00000170935.5$NCBP2L$chrX$107020963$+,0.47
chrX:106911800-106914000,ENSG00000170935.5$NCBP2L$chrX$107020963$+,0.49
chr11:31387400-31389400,ENSG00000170946.10$DNAJC24$chr11$31391387$+,0.62
chr11:31550800-31551200,ENSG00000170946.10$DNAJC24$chr11$31391387$+,0.4
chr19:8803800-8805600,ENSG00000170948.3$MBD3L1$chr19$8943074$+,0.51
chr19:53466800-53467800,ENSG00000170949.13$ZNF160$chr19$53606689$-,0.55
chr19:53659600-53662000,ENSG00000170949.13$ZNF160$chr19$53606689$-,0.53
chr19:53662600-53663200,ENSG00000170949.13$ZNF160$chr19$53606689$-,0.53
chr19:53695000-53696200,ENSG00000170949.13$ZNF160$chr19$53606689$-,0.52
chr19:53698400-53700400,ENSG00000170949.13$ZNF160$chr19$53606689$-,0.49
chr19:53756400-53757600,ENSG00000170949.13$ZNF160$chr19$53606689$-,0.41
chr19:53607400-53608400,ENSG00000170954.7$ZNF415$chr19$53636330$-,0.58
chr19:53659600-53662000,ENSG00000170954.7$ZNF415$chr19$53636330$-,0.49
chr19:53662600-53663200,ENSG00000170954.7$ZNF415$chr19$53636330$-,0.43
chr19:42160400-42162000,ENSG00000170956.12$CEACAM3$chr19$42300369$+,0.4
chr19:42363000-42364000,ENSG00000170956.12$CEACAM3$chr19$42300369$+,0.45
chr11:31387400-31389400,ENSG00000170959.10$DCDC1$chr11$31391357$-,0.61
chr11:31550800-31551200,ENSG00000170959.10$DCDC1$chr11$31391357$-,0.4
chrX:133940400-133941200,ENSG00000170965.5$PLAC1$chrX$133898352$-,0.39
chr1:101583400-101583600,ENSG00000170989.8$S1PR1$chr1$101702444$+,0.35
chr1:101599000-101601000,ENSG00000170989.8$S1PR1$chr1$101702444$+,0.37
chr1:101693600-101696000,ENSG00000170989.8$S1PR1$chr1$101702444$+,0.65
chr1:101753400-101755000,ENSG00000170989.8$S1PR1$chr1$101702444$+,0.54
chr1:101814200-101816200,ENSG00000170989.8$S1PR1$chr1$101702444$+,0.35
chr11:123982400-123983200,ENSG00000171014.2$OR4D5$chr11$123810250$+,0.38
chr8:79331800-79332200,ENSG00000171033.8$PKIA$chr8$79428374$+,0.51
chr8:10990600-10992200,ENSG00000171044.6$XKR6$chr8$11058875$-,0.5
chr8:11024400-11025200,ENSG00000171044.6$XKR6$chr8$11058875$-,0.5
chr8:11025400-11027200,ENSG00000171044.6$XKR6$chr8$11058875$-,0.48
chr8:11042000-11042800,ENSG00000171044.6$XKR6$chr8$11058875$-,0.62
chr8:11140800-11141400,ENSG00000171044.6$XKR6$chr8$11058875$-,0.5
chr8:11142800-11145200,ENSG00000171044.6$XKR6$chr8$11058875$-,0.49
chr19:52179200-52181400,ENSG00000171051.4$FPR1$chr19$52307363$-,0.4
chr19:52207800-52209800,ENSG00000171051.4$FPR1$chr19$52307363$-,0.39
chr19:52405600-52407600,ENSG00000171051.4$FPR1$chr19$52307363$-,0.39
chr19:52431200-52432400,ENSG00000171051.4$FPR1$chr19$52307363$-,0.4
chr11:125755000-125757400,ENSG00000171053.5$PATE1$chr11$125616188$+,0.35
chr8:10785400-10787200,ENSG00000171056.6$SOX7$chr8$10697357$-,0.57
chr8:10822000-10824000,ENSG00000171056.6$SOX7$chr8$10697357$-,0.42
chr9:131419400-131420200,ENSG00000171097.9$CCBL1$chr9$131644773$-,0.35
chr9:131484000-131486000,ENSG00000171097.9$CCBL1$chr9$131644773$-,0.47
chr9:131547800-131549200,ENSG00000171097.9$CCBL1$chr9$131644773$-,0.55
chr9:131550200-131551800,ENSG00000171097.9$CCBL1$chr9$131644773$-,0.63
chr9:131579800-131580400,ENSG00000171097.9$CCBL1$chr9$131644773$-,0.63
chr9:131592200-131593000,ENSG00000171097.9$CCBL1$chr9$131644773$-,0.52
chr9:131689000-131691400,ENSG00000171097.9$CCBL1$chr9$131644773$-,0.57
chr9:131799600-131801600,ENSG00000171097.9$CCBL1$chr9$131644773$-,0.41
chr2:29003000-29004800,ENSG00000171103.6$TRMT61B$chr2$29093167$-,0.43
chr2:29043800-29044800,ENSG00000171103.6$TRMT61B$chr2$29093167$-,0.56
chr2:29093800-29096000,ENSG00000171103.6$TRMT61B$chr2$29093167$-,0.38
chr2:29195200-29196400,ENSG00000171103.6$TRMT61B$chr2$29093167$-,0.42
chr19:7294400-7296600,ENSG00000171105.9$INSR$chr19$7294045$-,0.36
chr3:178953600-178955600,ENSG00000171109.14$MFN1$chr3$179065480$+,0.44
chr3:179033400-179034800,ENSG00000171109.14$MFN1$chr3$179065480$+,0.44
chr3:179038600-179040400,ENSG00000171109.14$MFN1$chr3$179065480$+,0.5
chr7:150117400-150118800,ENSG00000171115.3$GIMAP8$chr7$150147718$+,0.56
chr7:150136800-150138000,ENSG00000171115.3$GIMAP8$chr7$150147718$+,0.61
chr7:150252600-150254200,ENSG00000171115.3$GIMAP8$chr7$150147718$+,0.46
chr7:150254800-150256600,ENSG00000171115.3$GIMAP8$chr7$150147718$+,0.41
chr7:150266200-150268600,ENSG00000171115.3$GIMAP8$chr7$150147718$+,0.46
chr7:150291000-150293400,ENSG00000171115.3$GIMAP8$chr7$150147718$+,0.38
chr7:150306800-150308400,ENSG00000171115.3$GIMAP8$chr7$150147718$+,0.39
chr7:150332600-150335000,ENSG00000171115.3$GIMAP8$chr7$150147718$+,0.36
chr7:150411200-150413600,ENSG00000171115.3$GIMAP8$chr7$150147718$+,0.36
chrX:148880400-148882400,ENSG00000171116.7$HSFX1$chrX$148855726$+,0.43
chr3:178880200-178880400,ENSG00000171121.12$KCNMB3$chr3$178984790$-,0.4
chr3:178953600-178955600,ENSG00000171121.12$KCNMB3$chr3$178984790$-,0.63
chr3:179033400-179034800,ENSG00000171121.12$KCNMB3$chr3$178984790$-,0.6
chr3:179038600-179040400,ENSG00000171121.12$KCNMB3$chr3$178984790$-,0.48
chr2:42796400-42797800,ENSG00000171126.7$KCNG3$chr2$42721237$-,0.44
chr7:149322000-149324400,ENSG00000171130.13$ATP6V0E2$chr7$149570057$+,0.35
chr7:149534600-149535400,ENSG00000171130.13$ATP6V0E2$chr7$149570057$+,0.43
chr2:45814800-45816800,ENSG00000171132.9$PRKCE$chr2$45878484$+,0.46
chr2:45838400-45840800,ENSG00000171132.9$PRKCE$chr2$45878484$+,0.53
chr9:114096400-114098200,ENSG00000171133.2$OR2K2$chr9$114090800$-,0.73
chr9:114242800-114245000,ENSG00000171133.2$OR2K2$chr9$114090800$-,0.51
chr9:114247000-114248200,ENSG00000171133.2$OR2K2$chr9$114090800$-,0.43
chr3:9744600-9747000,ENSG00000171135.10$JAGN1$chr3$9932238$+,0.35
chr3:9795600-9797800,ENSG00000171135.10$JAGN1$chr3$9932238$+,0.38
chr3:9883400-9885000,ENSG00000171135.10$JAGN1$chr3$9932238$+,0.5
chr3:9885800-9887200,ENSG00000171135.10$JAGN1$chr3$9932238$+,0.59
chr3:9892800-9895000,ENSG00000171135.10$JAGN1$chr3$9932238$+,0.53
chr3:9972400-9974600,ENSG00000171135.10$JAGN1$chr3$9932238$+,0.61
chr19:14013600-14015000,ENSG00000171136.6$RLN3$chr19$14138960$+,0.36
chr19:14015200-14017400,ENSG00000171136.6$RLN3$chr19$14138960$+,0.37
chr19:14037000-14039400,ENSG00000171136.6$RLN3$chr19$14138960$+,0.37
chr19:14062200-14063200,ENSG00000171136.6$RLN3$chr19$14138960$+,0.4
chr19:14064200-14065800,ENSG00000171136.6$RLN3$chr19$14138960$+,0.42
chr19:14199000-14200800,ENSG00000171136.6$RLN3$chr19$14138960$+,0.53
chr19:14202200-14203800,ENSG00000171136.6$RLN3$chr19$14138960$+,0.52
chr19:14285800-14286800,ENSG00000171136.6$RLN3$chr19$14138960$+,0.4
chr3:9690200-9691000,ENSG00000171148.9$TADA3$chr3$9834695$-,0.44
chr3:9691800-9693200,ENSG00000171148.9$TADA3$chr3$9834695$-,0.43
chr3:9744600-9747000,ENSG00000171148.9$TADA3$chr3$9834695$-,0.54
chr3:9768000-9770000,ENSG00000171148.9$TADA3$chr3$9834695$-,0.51
chr3:9771400-9772600,ENSG00000171148.9$TADA3$chr3$9834695$-,0.57
chr3:9795600-9797800,ENSG00000171148.9$TADA3$chr3$9834695$-,0.49
chr3:9883400-9885000,ENSG00000171148.9$TADA3$chr3$9834695$-,0.54
chr3:9885800-9887200,ENSG00000171148.9$TADA3$chr3$9834695$-,0.56
chr3:9892800-9895000,ENSG00000171148.9$TADA3$chr3$9834695$-,0.56
chr3:9930000-9932200,ENSG00000171148.9$TADA3$chr3$9834695$-,0.41
chr2:46839600-46840000,ENSG00000171150.7$SOCS5$chr2$46926091$+,0.59
chr2:46840800-46843200,ENSG00000171150.7$SOCS5$chr2$46926091$+,0.63
chr2:46861200-46863000,ENSG00000171150.7$SOCS5$chr2$46926091$+,0.62
chrX:119618600-119619600,ENSG00000171155.7$C1GALT1C1$chrX$119764005$-,0.36
chrX:119705000-119706000,ENSG00000171155.7$C1GALT1C1$chrX$119764005$-,0.53
chrX:119738800-119740400,ENSG00000171155.7$C1GALT1C1$chrX$119764005$-,0.56
chrX:119829400-119831800,ENSG00000171155.7$C1GALT1C1$chrX$119764005$-,0.54
chr9:130847600-130849000,ENSG00000171159.4$C9orf16$chr9$130922539$+,0.43
chr9:131083200-131084200,ENSG00000171159.4$C9orf16$chr9$130922539$+,0.37
chr10:99399600-99400400,ENSG00000171160.13$MORN4$chr10$99393344$-,0.6
chr10:99471400-99473800,ENSG00000171160.13$MORN4$chr10$99393344$-,0.48
chr1:249153800-249154800,ENSG00000171161.8$ZNF672$chr1$249132409$+,0.57
chr9:130847600-130849000,ENSG00000171169.8$NAIF1$chr9$130830485$-,0.64
chr2:27993600-27994200,ENSG00000171174.9$RBKS$chr2$28113965$-,0.43
chr2:28159800-28160800,ENSG00000171174.9$RBKS$chr2$28113965$-,0.59
chr2:28226000-28228200,ENSG00000171174.9$RBKS$chr2$28113965$-,0.38
chr2:28261200-28263000,ENSG00000171174.9$RBKS$chr2$28113965$-,0.4
chr11:85376600-85378200,ENSG00000171202.2$TMEM126A$chr11$85359011$+,0.51
chr11:85405400-85407800,ENSG00000171202.2$TMEM126A$chr11$85359011$+,0.49
chr11:85359600-85361600,ENSG00000171204.8$TMEM126B$chr11$85339629$+,0.7
chr11:85376600-85378200,ENSG00000171204.8$TMEM126B$chr11$85339629$+,0.77
chr11:85405400-85407800,ENSG00000171204.8$TMEM126B$chr11$85339629$+,0.67
chr10:104270800-104273000,ENSG00000171206.9$TRIM8$chr10$104404253$+,0.37
chr10:104401000-104401600,ENSG00000171206.9$TRIM8$chr10$104404253$+,0.5
chr16:47147000-47149200,ENSG00000171208.5$NETO2$chr16$47177908$-,0.65
chr16:47158600-47160800,ENSG00000171208.5$NETO2$chr16$47177908$-,0.66
chr16:47184000-47184600,ENSG00000171208.5$NETO2$chr16$47177908$-,0.68
chr11:64578000-64579000,ENSG00000171219.8$CDC42BPG$chr11$64612041$-,0.65
chr11:64690600-64691800,ENSG00000171219.8$CDC42BPG$chr11$64612041$-,0.47
chr11:64692800-64695200,ENSG00000171219.8$CDC42BPG$chr11$64612041$-,0.49
chr20:34539600-34541200,ENSG00000171222.6$SCAND1$chr20$34547394$-,0.42
chr20:34543200-34545000,ENSG00000171222.6$SCAND1$chr20$34547394$-,0.47
chr19:12662800-12664800,ENSG00000171223.4$JUNB$chr19$12902310$+,0.36
chr19:12745800-12747400,ENSG00000171223.4$JUNB$chr19$12902310$+,0.57
chr19:12750400-12752400,ENSG00000171223.4$JUNB$chr19$12902310$+,0.55
chr19:12778000-12779600,ENSG00000171223.4$JUNB$chr19$12902310$+,0.52
chr19:12790200-12791800,ENSG00000171223.4$JUNB$chr19$12902310$+,0.5
chr19:12805200-12807200,ENSG00000171223.4$JUNB$chr19$12902310$+,0.53
chr19:12848800-12850600,ENSG00000171223.4$JUNB$chr19$12902310$+,0.61
chr19:12886800-12888600,ENSG00000171223.4$JUNB$chr19$12902310$+,0.62
chr19:12910200-12912200,ENSG00000171223.4$JUNB$chr19$12902310$+,0.59
chr19:12912800-12914400,ENSG00000171223.4$JUNB$chr19$12902310$+,0.5
chr19:12916000-12917600,ENSG00000171223.4$JUNB$chr19$12902310$+,0.41
chr19:12935600-12937200,ENSG00000171223.4$JUNB$chr19$12902310$+,0.42
chr19:12957800-12959200,ENSG00000171223.4$JUNB$chr19$12902310$+,0.61
chr19:12990400-12992200,ENSG00000171223.4$JUNB$chr19$12902310$+,0.48
chr19:13002600-13004800,ENSG00000171223.4$JUNB$chr19$12902310$+,0.58
chr19:13068400-13069000,ENSG00000171223.4$JUNB$chr19$12902310$+,0.44
chr10:71347600-71349200,ENSG00000171224.7$C10orf35$chr10$71390007$+,0.59
chr10:71379800-71381600,ENSG00000171224.7$C10orf35$chr10$71390007$+,0.69
chr19:4400400-4402000,ENSG00000171236.9$LRG1$chr19$4540486$-,0.37
chr19:4469800-4471400,ENSG00000171236.9$LRG1$chr19$4540486$-,0.51
chr19:4663800-4665400,ENSG00000171236.9$LRG1$chr19$4540486$-,0.38
chr17:78525400-78527400,ENSG00000171246.5$NPTX1$chr17$78451643$-,0.38
chr15:38766200-38767200,ENSG00000171262.7$FAM98B$chr15$38746328$+,0.73
chr15:38773400-38775600,ENSG00000171262.7$FAM98B$chr15$38746328$+,0.77
chr15:38777400-38778000,ENSG00000171262.7$FAM98B$chr15$38746328$+,0.78
chr15:38778600-38780800,ENSG00000171262.7$FAM98B$chr15$38746328$+,0.74
chr15:38800000-38801800,ENSG00000171262.7$FAM98B$chr15$38746328$+,0.55
chr15:38802200-38802400,ENSG00000171262.7$FAM98B$chr15$38746328$+,0.59
chr15:38811400-38812800,ENSG00000171262.7$FAM98B$chr15$38746328$+,0.41
chr19:11850200-11851000,ENSG00000171291.4$ZNF439$chr19$11959541$+,0.39
chr19:11878400-11880400,ENSG00000171291.4$ZNF439$chr19$11959541$+,0.53
chr19:11907600-11909400,ENSG00000171291.4$ZNF439$chr19$11959541$+,0.63
chr19:11910000-11911400,ENSG00000171291.4$ZNF439$chr19$11959541$+,0.56
chr19:11923000-11924800,ENSG00000171291.4$ZNF439$chr19$11959541$+,0.64
chr19:11925800-11927400,ENSG00000171291.4$ZNF439$chr19$11959541$+,0.7
chr19:11997200-11998600,ENSG00000171291.4$ZNF439$chr19$11959541$+,0.65
chr19:12074400-12075800,ENSG00000171291.4$ZNF439$chr19$11959541$+,0.45
chr19:12076200-12078200,ENSG00000171291.4$ZNF439$chr19$11959541$+,0.51
chr19:12109600-12112000,ENSG00000171291.4$ZNF439$chr19$11959541$+,0.48
chr19:12176200-12177800,ENSG00000171291.4$ZNF439$chr19$11959541$+,0.36
chr19:11878400-11880400,ENSG00000171295.8$ZNF440$chr19$11925099$+,0.41
chr19:11907600-11909400,ENSG00000171295.8$ZNF440$chr19$11925099$+,0.5
chr19:11910000-11911400,ENSG00000171295.8$ZNF440$chr19$11925099$+,0.44
chr19:11925800-11927400,ENSG00000171295.8$ZNF440$chr19$11925099$+,0.38
chr19:11958000-11959600,ENSG00000171295.8$ZNF440$chr19$11925099$+,0.55
chr19:11960200-11962400,ENSG00000171295.8$ZNF440$chr19$11925099$+,0.48
chr17:78010800-78012000,ENSG00000171298.8$GAA$chr17$78075355$+,0.52
chr17:78055400-78057600,ENSG00000171298.8$GAA$chr17$78075355$+,0.48
chr17:78072600-78074800,ENSG00000171298.8$GAA$chr17$78075355$+,0.38
chr17:78121800-78123600,ENSG00000171298.8$GAA$chr17$78075355$+,0.44
chr17:77061200-77061800,ENSG00000171302.12$CANT1$chr17$77005949$-,0.41
chr10:99050000-99051800,ENSG00000171307.14$ZDHHC16$chr10$99205927$+,0.56
chr10:99052400-99054600,ENSG00000171307.14$ZDHHC16$chr10$99205927$+,0.47
chr10:99158600-99160200,ENSG00000171307.14$ZDHHC16$chr10$99205927$+,0.51
chr10:99399600-99400400,ENSG00000171307.14$ZDHHC16$chr10$99205927$+,0.37
chr10:99050000-99051800,ENSG00000171311.8$EXOSC1$chr10$99205774$-,0.58
chr10:99052400-99054600,ENSG00000171311.8$EXOSC1$chr10$99205774$-,0.55
chr10:99158600-99160200,ENSG00000171311.8$EXOSC1$chr10$99205774$-,0.55
chr10:99399600-99400400,ENSG00000171311.8$EXOSC1$chr10$99205774$-,0.36
chr10:99050000-99051800,ENSG00000171314.8$PGAM1$chr10$99185917$+,0.42
chr10:99052400-99054600,ENSG00000171314.8$PGAM1$chr10$99185917$+,0.45
chr10:99158600-99160200,ENSG00000171314.8$PGAM1$chr10$99185917$+,0.49
chr10:99203800-99205000,ENSG00000171314.8$PGAM1$chr10$99185917$+,0.5
chr8:61562800-61564400,ENSG00000171316.7$CHD7$chr8$61591337$+,0.47
chr8:61572800-61575200,ENSG00000171316.7$CHD7$chr8$61591337$+,0.56
chr8:61588200-61590600,ENSG00000171316.7$CHD7$chr8$61591337$+,0.36
chr8:27681200-27682800,ENSG00000171320.10$ESCO2$chr8$27629466$+,0.6
chr8:27720600-27723000,ENSG00000171320.10$ESCO2$chr8$27629466$+,0.48
chr17:39722400-39723600,ENSG00000171345.9$KRT19$chr17$39684560$-,0.37
chr1:46664000-46666200,ENSG00000171357.5$LURAP1$chr1$46669006$+,0.49
chr5:610000-612000,ENSG00000171368.10$TPPP$chr5$693510$-,0.5
chr5:846600-847200,ENSG00000171368.10$TPPP$chr5$693510$-,0.37
chr17:39283200-39283400,ENSG00000171396.10$KRTAP4-4$chr17$39316983$-,0.4
chr17:39722400-39723600,ENSG00000171403.5$KRT9$chr17$39728310$-,0.38
chr19:56027800-56029800,ENSG00000171425.5$ZNF581$chr19$56146825$+,0.42
chr19:56092600-56094400,ENSG00000171425.5$ZNF581$chr19$56146825$+,0.49
chr19:56108600-56110600,ENSG00000171425.5$ZNF581$chr19$56146825$+,0.54
chrX:48596400-48597600,ENSG00000171433.7$GLOD5$chrX$48620154$+,0.42
chr12:118452800-118454400,ENSG00000171435.9$KSR2$chr12$118406788$-,0.43
chr19:56027800-56029800,ENSG00000171443.6$ZNF524$chr19$56111388$+,0.45
chr19:56092600-56094400,ENSG00000171443.6$ZNF524$chr19$56111388$+,0.47
chr9:125597000-125598600,ENSG00000171448.8$ZBTB26$chr9$125693779$-,0.41
chr9:125673000-125674800,ENSG00000171448.8$ZBTB26$chr9$125693779$-,0.49
chr9:125701400-125703200,ENSG00000171448.8$ZBTB26$chr9$125693779$-,0.59
chr18:65084800-65085600,ENSG00000171451.13$DSEL$chr18$65184217$-,0.37
chr6:43485400-43487800,ENSG00000171453.13$POLR1C$chr6$43477440$+,0.36
chr20:30864000-30865000,ENSG00000171456.12$ASXL1$chr20$30946155$+,0.38
chr20:30883400-30885800,ENSG00000171456.12$ASXL1$chr20$30946155$+,0.55
chr20:31076000-31076400,ENSG00000171456.12$ASXL1$chr20$30946155$+,0.39
chr9:125597000-125598600,ENSG00000171459.3$OR1L6$chr9$125512019$+,0.35
chr9:125673000-125674800,ENSG00000171459.3$OR1L6$chr9$125512019$+,0.35
chr6:43298800-43301000,ENSG00000171462.10$DLK2$chr6$43424370$-,0.37
chr6:43393400-43395000,ENSG00000171462.10$DLK2$chr6$43424370$-,0.65
chr6:43485400-43487800,ENSG00000171462.10$DLK2$chr6$43424370$-,0.51
chr19:9646600-9648800,ENSG00000171466.5$ZNF562$chr19$9785776$-,0.52
chr19:9649600-9651400,ENSG00000171466.5$ZNF562$chr19$9785776$-,0.43
chr19:9730000-9731400,ENSG00000171466.5$ZNF562$chr19$9785776$-,0.55
chr19:9896800-9897800,ENSG00000171466.5$ZNF562$chr19$9785776$-,0.47
chr19:9927200-9929000,ENSG00000171466.5$ZNF562$chr19$9785776$-,0.47
chr19:9929800-9931600,ENSG00000171466.5$ZNF562$chr19$9785776$-,0.46
chr19:9936400-9938000,ENSG00000171466.5$ZNF562$chr19$9785776$-,0.41
chr19:9939400-9941000,ENSG00000171466.5$ZNF562$chr19$9785776$-,0.42
chr19:9971200-9971600,ENSG00000171466.5$ZNF562$chr19$9785776$-,0.35
chr6:43137600-43138400,ENSG00000171467.11$ZNF318$chr6$43337216$-,0.35
chr6:43218000-43220200,ENSG00000171467.11$ZNF318$chr6$43337216$-,0.48
chr6:43298800-43301000,ENSG00000171467.11$ZNF318$chr6$43337216$-,0.63
chr6:43393400-43395000,ENSG00000171467.11$ZNF318$chr6$43337216$-,0.52
chr6:43485400-43487800,ENSG00000171467.11$ZNF318$chr6$43337216$-,0.39
chr19:9646600-9648800,ENSG00000171469.6$ZNF561$chr19$9732075$-,0.39
chr19:9649600-9651400,ENSG00000171469.6$ZNF561$chr19$9732075$-,0.35
chr12:116917000-116919400,ENSG00000171471.5$MAP1LC3B2$chr12$116997186$+,0.6
chr17:38294400-38296000,ENSG00000171475.9$WIPF2$chr17$38375556$+,0.43
chr17:38406800-38409000,ENSG00000171475.9$WIPF2$chr17$38375556$+,0.57
chr17:38522600-38523800,ENSG00000171475.9$WIPF2$chr17$38375556$+,0.4
chrX:48000800-48001400,ENSG00000171478.7$SPACA5B$chrX$47990039$+,0.49
chrX:48001800-48003000,ENSG00000171478.7$SPACA5B$chrX$47990039$+,0.51
chr1:90129800-90130600,ENSG00000171488.10$LRRC8C$chr1$90098631$+,0.69
chr1:90181000-90181600,ENSG00000171488.10$LRRC8C$chr1$90098631$+,0.45
chr1:90207800-90208400,ENSG00000171488.10$LRRC8C$chr1$90098631$+,0.4
chr1:90240400-90241800,ENSG00000171488.10$LRRC8C$chr1$90098631$+,0.4
chrX:47694600-47695600,ENSG00000171489.6$SPACA5$chrX$47863734$+,0.36
chrX:47878600-47880400,ENSG00000171489.6$SPACA5$chrX$47863734$+,0.72
chrX:48000800-48001400,ENSG00000171489.6$SPACA5$chrX$47863734$+,0.44
chrX:48001800-48003000,ENSG00000171489.6$SPACA5$chrX$47863734$+,0.4
chr16:12010400-12011600,ENSG00000171490.8$RSL1D1$chr16$11945442$-,0.41
chr16:12071400-12073400,ENSG00000171490.8$RSL1D1$chr16$11945442$-,0.49
chr16:12161400-12163600,ENSG00000171490.8$RSL1D1$chr16$11945442$-,0.36
chr1:90240400-90241800,ENSG00000171492.10$LRRC8D$chr1$90286573$+,0.6
chr1:90270000-90271000,ENSG00000171492.10$LRRC8D$chr1$90286573$+,0.69
chr4:159573600-159574600,ENSG00000171497.4$PPID$chr4$159644548$-,0.56
chr4:159825600-159827800,ENSG00000171497.4$PPID$chr4$159644548$-,0.39
chr4:159573600-159574600,ENSG00000171503.7$ETFDH$chr4$159593277$+,0.64
chr4:159645000-159646000,ENSG00000171503.7$ETFDH$chr4$159593277$+,0.54
chr4:159823200-159825200,ENSG00000171503.7$ETFDH$chr4$159593277$+,0.43
chr1:85394600-85397000,ENSG00000171517.5$LPAR3$chr1$85358896$-,0.48
chr5:40507000-40507800,ENSG00000171522.5$PTGER4$chr5$40679600$+,0.37
chr5:40590800-40592600,ENSG00000171522.5$PTGER4$chr5$40679600$+,0.48
chr5:40630000-40631800,ENSG00000171522.5$PTGER4$chr5$40679600$+,0.51
chr5:40640600-40642400,ENSG00000171522.5$PTGER4$chr5$40679600$+,0.46
chr5:40756200-40758600,ENSG00000171522.5$PTGER4$chr5$40679600$+,0.5
chr5:40795000-40797400,ENSG00000171522.5$PTGER4$chr5$40679600$+,0.51
chr5:40799000-40800600,ENSG00000171522.5$PTGER4$chr5$40679600$+,0.51
chr20:30229200-30231600,ENSG00000171552.8$BCL2L1$chr20$30311792$-,0.5
chr20:30325200-30326600,ENSG00000171552.8$BCL2L1$chr20$30311792$-,0.58
chr20:30357400-30359600,ENSG00000171552.8$BCL2L1$chr20$30311792$-,0.47
chr20:30468200-30470200,ENSG00000171552.8$BCL2L1$chr20$30311792$-,0.54
chr4:155472000-155473800,ENSG00000171557.12$FGG$chr4$155534119$-,0.35
chr4:155472000-155473800,ENSG00000171560.10$FGA$chr4$155511918$-,0.4
chr11:74698400-74699600,ENSG00000171561.3$OR2AT4$chr11$74800799$-,0.42
chr11:74814200-74815600,ENSG00000171561.3$OR2AT4$chr11$74800799$-,0.58
chr11:74850600-74852600,ENSG00000171561.3$OR2AT4$chr11$74800799$-,0.51
chr4:155472000-155473800,ENSG00000171564.7$FGB$chr4$155484108$+,0.57
chr19:41253600-41256000,ENSG00000171570.6$RAB4B-EGLN2$chr19$41284147$+,0.66
chr19:41276000-41277400,ENSG00000171570.6$RAB4B-EGLN2$chr19$41284147$+,0.67
chr19:41302000-41304400,ENSG00000171570.6$RAB4B-EGLN2$chr19$41284147$+,0.59
chr19:41405400-41406800,ENSG00000171570.6$RAB4B-EGLN2$chr19$41284147$+,0.39
chr19:41413400-41415600,ENSG00000171570.6$RAB4B-EGLN2$chr19$41284147$+,0.4
chr19:58788200-58789600,ENSG00000171574.13$ZNF584$chr19$58912871$+,0.37
chr19:58791000-58793400,ENSG00000171574.13$ZNF584$chr19$58912871$+,0.57
chr19:58815000-58816200,ENSG00000171574.13$ZNF584$chr19$58912871$+,0.49
chr19:58836000-58838000,ENSG00000171574.13$ZNF584$chr19$58912871$+,0.56
chr19:58872400-58873400,ENSG00000171574.13$ZNF584$chr19$58912871$+,0.49
chr19:58892800-58895200,ENSG00000171574.13$ZNF584$chr19$58912871$+,0.67
chr19:58895600-58897800,ENSG00000171574.13$ZNF584$chr19$58912871$+,0.75
chr19:58917600-58919200,ENSG00000171574.13$ZNF584$chr19$58912871$+,0.7
chr19:58920800-58922000,ENSG00000171574.13$ZNF584$chr19$58912871$+,0.66
chr19:58952200-58953400,ENSG00000171574.13$ZNF584$chr19$58912871$+,0.52
chr19:58961800-58962800,ENSG00000171574.13$ZNF584$chr19$58912871$+,0.57
chr19:58987800-58989800,ENSG00000171574.13$ZNF584$chr19$58912871$+,0.57
chr19:59000000-59001000,ENSG00000171574.13$ZNF584$chr19$58912871$+,0.53
chr19:59054000-59055200,ENSG00000171574.13$ZNF584$chr19$58912871$+,0.59
chr19:59063400-59065800,ENSG00000171574.13$ZNF584$chr19$58912871$+,0.5
chr17:72283000-72283800,ENSG00000171595.9$DNAI2$chr17$72270386$+,0.45
chr2:232379600-232381400,ENSG00000171596.6$NMUR1$chr2$232395206$-,0.54
chr2:232418200-232420600,ENSG00000171596.6$NMUR1$chr2$232395206$-,0.63
chr2:232421800-232422800,ENSG00000171596.6$NMUR1$chr2$232395206$-,0.73
chr2:232542000-232543000,ENSG00000171596.6$NMUR1$chr2$232395206$-,0.42
chr2:232568600-232571000,ENSG00000171596.6$NMUR1$chr2$232395206$-,0.37
chr1:9675000-9677000,ENSG00000171603.12$CLSTN1$chr1$9884584$-,0.36
chr1:9971200-9973600,ENSG00000171603.12$CLSTN1$chr1$9884584$-,0.36
chr5:138989400-138989800,ENSG00000171604.7$CXXC5$chr5$139026884$+,0.48
chr19:58511200-58513600,ENSG00000171606.13$ZNF274$chr19$58694396$+,0.4
chr19:58659600-58659800,ENSG00000171606.13$ZNF274$chr19$58694396$+,0.6
chr19:58738400-58739600,ENSG00000171606.13$ZNF274$chr19$58694396$+,0.53
chr19:58788200-58789600,ENSG00000171606.13$ZNF274$chr19$58694396$+,0.41
chr19:58791000-58793400,ENSG00000171606.13$ZNF274$chr19$58694396$+,0.56
chr19:58815000-58816200,ENSG00000171606.13$ZNF274$chr19$58694396$+,0.36
chr19:58836000-58838000,ENSG00000171606.13$ZNF274$chr19$58694396$+,0.64
chr1:9646400-9648800,ENSG00000171608.11$PIK3CD$chr1$9711790$+,0.51
chr1:9675000-9677000,ENSG00000171608.11$PIK3CD$chr1$9711790$+,0.56
chr1:9753400-9755600,ENSG00000171608.11$PIK3CD$chr1$9711790$+,0.39
chr1:9756000-9756200,ENSG00000171608.11$PIK3CD$chr1$9711790$+,0.42
chr1:9770000-9772000,ENSG00000171608.11$PIK3CD$chr1$9711790$+,0.41
chr1:9555000-9556400,ENSG00000171612.6$SLC25A33$chr1$9599541$+,0.49
chr1:9646400-9648800,ENSG00000171612.6$SLC25A33$chr1$9599541$+,0.43
chr1:9675000-9677000,ENSG00000171612.6$SLC25A33$chr1$9599541$+,0.4
chr1:9753400-9755600,ENSG00000171612.6$SLC25A33$chr1$9599541$+,0.35
chr17:65729000-65731400,ENSG00000171634.12$BPTF$chr17$65821640$+,0.43
chr17:65819000-65821200,ENSG00000171634.12$BPTF$chr17$65821640$+,0.35
chr17:65861000-65862200,ENSG00000171634.12$BPTF$chr17$65821640$+,0.49
chr17:65862800-65864800,ENSG00000171634.12$BPTF$chr17$65821640$+,0.49
chr5:76009600-76011400,ENSG00000171643.9$S100Z$chr5$76145826$+,0.51
chr5:76070000-76071000,ENSG00000171643.9$S100Z$chr5$76145826$+,0.48
chr5:76113600-76115200,ENSG00000171643.9$S100Z$chr5$76145826$+,0.63
chr19:57861600-57862200,ENSG00000171649.7$ZIK1$chr19$58089824$+,0.35
chr19:57921400-57922400,ENSG00000171649.7$ZIK1$chr19$58089824$+,0.36
chr19:57944600-57946400,ENSG00000171649.7$ZIK1$chr19$58089824$+,0.44
chr19:57999400-58000800,ENSG00000171649.7$ZIK1$chr19$58089824$+,0.39
chr19:58037800-58038600,ENSG00000171649.7$ZIK1$chr19$58089824$+,0.5
chr19:58039400-58040600,ENSG00000171649.7$ZIK1$chr19$58089824$+,0.53
chr19:58110200-58111200,ENSG00000171649.7$ZIK1$chr19$58089824$+,0.64
chr19:58111400-58113000,ENSG00000171649.7$ZIK1$chr19$58089824$+,0.67
chr19:58143400-58144400,ENSG00000171649.7$ZIK1$chr19$58089824$+,0.5
chr19:58145200-58147000,ENSG00000171649.7$ZIK1$chr19$58089824$+,0.46
chr19:58174600-58177000,ENSG00000171649.7$ZIK1$chr19$58089824$+,0.47
chr19:58237000-58238400,ENSG00000171649.7$ZIK1$chr19$58089824$+,0.39
chr19:58257400-58258200,ENSG00000171649.7$ZIK1$chr19$58089824$+,0.38
chrX:41422800-41424000,ENSG00000171657.5$GPR82$chrX$41583408$+,0.5
chrX:41439200-41440800,ENSG00000171657.5$GPR82$chrX$41583408$+,0.36
chrX:41560200-41561200,ENSG00000171657.5$GPR82$chrX$41583408$+,0.66
chrX:41640600-41642400,ENSG00000171657.5$GPR82$chrX$41583408$+,0.56
chrX:41648000-41648800,ENSG00000171657.5$GPR82$chrX$41583408$+,0.41
chrX:41652400-41653600,ENSG00000171657.5$GPR82$chrX$41583408$+,0.36
chrX:41422800-41424000,ENSG00000171659.9$GPR34$chrX$41548226$+,0.46
chrX:41439200-41440800,ENSG00000171659.9$GPR34$chrX$41548226$+,0.45
chrX:41560200-41561200,ENSG00000171659.9$GPR34$chrX$41548226$+,0.56
chrX:41648000-41648800,ENSG00000171659.9$GPR34$chrX$41548226$+,0.36
chrX:41691200-41692000,ENSG00000171659.9$GPR34$chrX$41548226$+,0.35
chrX:41696400-41697800,ENSG00000171659.9$GPR34$chrX$41548226$+,0.36
chr12:14368800-14371000,ENSG00000171681.8$ATF7IP$chr12$14518610$+,0.38
chr12:14613200-14615000,ENSG00000171681.8$ATF7IP$chr12$14518610$+,0.61
chr20:62750600-62752600,ENSG00000171695.6$C20orf201$chr20$62715712$-,0.46
chr20:62554600-62556800,ENSG00000171700.9$RGS19$chr20$62711323$-,0.41
chr20:62750600-62752600,ENSG00000171700.9$RGS19$chr20$62711323$-,0.68
chr20:62750600-62752600,ENSG00000171703.12$TCEA2$chr20$62681189$+,0.38
chr5:140929400-140930600,ENSG00000171720.5$HDAC3$chr5$141016437$-,0.43
chr1:162465600-162467400,ENSG00000171722.7$C1orf111$chr1$162346660$-,0.48
chr14:66985400-66985600,ENSG00000171723.11$GPHN$chr14$66974125$+,0.48
chr14:66995400-66995600,ENSG00000171723.11$GPHN$chr14$66974125$+,0.45
chr14:67003600-67004000,ENSG00000171723.11$GPHN$chr14$66974125$+,0.35
chr1:6761600-6763600,ENSG00000171735.14$CAMTA1$chr1$6845384$+,0.57
chr1:6842000-6844000,ENSG00000171735.14$CAMTA1$chr1$6845384$+,0.35
chr3:169480200-169482000,ENSG00000171757.11$LRRC34$chr3$169530774$-,0.58
chr3:169482800-169483600,ENSG00000171757.11$LRRC34$chr3$169530774$-,0.57
chr3:169495200-169496000,ENSG00000171757.11$LRRC34$chr3$169530774$-,0.74
chr15:45704800-45707000,ENSG00000171763.13$SPATA5L1$chr15$45694529$+,0.64
chr15:45704800-45707000,ENSG00000171766.11$GATM$chr15$45694525$-,0.63
chr15:45815200-45816000,ENSG00000171766.11$GATM$chr15$45694525$-,0.46
chr19:17520200-17521200,ENSG00000171773.2$NXNL1$chr19$17571763$-,0.42
chr19:17558200-17560200,ENSG00000171773.2$NXNL1$chr19$17571763$-,0.37
chr19:38850400-38852800,ENSG00000171777.11$RASGRP4$chr19$38916945$-,0.52
chr19:38853000-38854400,ENSG00000171777.11$RASGRP4$chr19$38916945$-,0.5
chr19:38864200-38865400,ENSG00000171777.11$RASGRP4$chr19$38916945$-,0.55
chr19:38894400-38896400,ENSG00000171777.11$RASGRP4$chr19$38916945$-,0.65
chr19:38919200-38920600,ENSG00000171777.11$RASGRP4$chr19$38916945$-,0.49
chr1:41491800-41492400,ENSG00000171790.11$SLFNL1$chr1$41488909$-,0.35
chr18:60887400-60889600,ENSG00000171791.10$BCL2$chr18$60987361$-,0.37
chr18:61029000-61030400,ENSG00000171791.10$BCL2$chr18$60987361$-,0.52
chr18:61035400-61037000,ENSG00000171791.10$BCL2$chr18$60987361$-,0.61
chr18:61045800-61047800,ENSG00000171791.10$BCL2$chr18$60987361$-,0.63
chr18:61066200-61068400,ENSG00000171791.10$BCL2$chr18$60987361$-,0.52
chr18:61090400-61091400,ENSG00000171791.10$BCL2$chr18$60987361$-,0.44
chr12:2920800-2921400,ENSG00000171792.6$RHNO1$chr12$2985424$+,0.58
chr12:2997800-2999600,ENSG00000171792.6$RHNO1$chr12$2985424$+,0.5
chr1:41491800-41492400,ENSG00000171793.9$CTPS1$chr1$41445007$+,0.56
chr1:169639600-169642000,ENSG00000171806.7$METTL18$chr1$169764107$-,0.35
chr1:169680200-169681600,ENSG00000171806.7$METTL18$chr1$169764107$-,0.51
chr1:169842200-169844600,ENSG00000171806.7$METTL18$chr1$169764107$-,0.6
chr1:169894000-169896400,ENSG00000171806.7$METTL18$chr1$169764107$-,0.38
chr19:37996000-37997000,ENSG00000171817.12$ZNF540$chr19$38042308$+,0.48
chr19:38084200-38085000,ENSG00000171817.12$ZNF540$chr19$38042308$+,0.66
chr19:38086200-38088400,ENSG00000171817.12$ZNF540$chr19$38042308$+,0.51
chr12:1797600-1799600,ENSG00000171823.6$FBXL14$chr12$1703331$-,0.43
chr1:11097400-11099400,ENSG00000171824.9$EXOSC10$chr1$11159938$-,0.49
chr1:11158000-11159200,ENSG00000171824.9$EXOSC10$chr1$11159938$-,0.37
chr1:11320000-11322000,ENSG00000171824.9$EXOSC10$chr1$11159938$-,0.37
chr1:11323200-11323800,ENSG00000171824.9$EXOSC10$chr1$11159938$-,0.4
chr19:37826000-37827400,ENSG00000171827.6$ZNF570$chr19$37958487$+,0.37
chr19:37996000-37997000,ENSG00000171827.6$ZNF570$chr19$37958487$+,0.73
chr19:38086200-38088400,ENSG00000171827.6$ZNF570$chr19$37958487$+,0.35
chr12:852000-854400,ENSG00000171840.7$NINJ2$chr12$772945$-,0.4
chr12:934400-936600,ENSG00000171840.7$NINJ2$chr12$772945$-,0.43
chr12:937600-939800,ENSG00000171840.7$NINJ2$chr12$772945$-,0.37
chr12:946800-948800,ENSG00000171840.7$NINJ2$chr12$772945$-,0.41
chr12:951800-953400,ENSG00000171840.7$NINJ2$chr12$772945$-,0.41
chr12:963600-965000,ENSG00000171840.7$NINJ2$chr12$772945$-,0.48
chr9:20468000-20469800,ENSG00000171843.11$MLLT3$chr9$20622542$-,0.38
chr9:20561000-20561200,ENSG00000171843.11$MLLT3$chr9$20622542$-,0.58
chr9:20607800-20608600,ENSG00000171843.11$MLLT3$chr9$20622542$-,0.66
chr9:20668600-20668800,ENSG00000171843.11$MLLT3$chr9$20622542$-,0.56
chr9:20682800-20683600,ENSG00000171843.11$MLLT3$chr9$20622542$-,0.55
chr9:20725400-20726800,ENSG00000171843.11$MLLT3$chr9$20622542$-,0.45
chr9:20739800-20741600,ENSG00000171843.11$MLLT3$chr9$20622542$-,0.35
chr12:8393200-8395400,ENSG00000171847.6$FAM90A1$chr12$8380214$-,0.42
chr2:10212600-10214600,ENSG00000171848.9$RRM2$chr2$10262455$+,0.51
chr2:10236200-10238200,ENSG00000171848.9$RRM2$chr2$10262455$+,0.58
chr2:10289200-10291400,ENSG00000171848.9$RRM2$chr2$10262455$+,0.61
chr2:3242600-3244400,ENSG00000171853.11$TRAPPC12$chr2$3383446$+,0.38
chr2:3305800-3308200,ENSG00000171853.11$TRAPPC12$chr2$3383446$+,0.52
chr2:3314800-3315000,ENSG00000171853.11$TRAPPC12$chr2$3383446$+,0.52
chr2:3379200-3381200,ENSG00000171853.11$TRAPPC12$chr2$3383446$+,0.53
chr2:3395400-3396600,ENSG00000171853.11$TRAPPC12$chr2$3383446$+,0.67
chr9:20940400-20941800,ENSG00000171855.5$IFNB1$chr9$21077943$-,0.46
chr9:21001000-21003400,ENSG00000171855.5$IFNB1$chr9$21077943$-,0.53
chr9:21038600-21040200,ENSG00000171855.5$IFNB1$chr9$21077943$-,0.66
chr9:21091200-21093200,ENSG00000171855.5$IFNB1$chr9$21077943$-,0.62
chr9:21100400-21101600,ENSG00000171855.5$IFNB1$chr9$21077943$-,0.62
chr9:21141200-21142800,ENSG00000171855.5$IFNB1$chr9$21077943$-,0.57
chr9:21144400-21145800,ENSG00000171855.5$IFNB1$chr9$21077943$-,0.56
chr9:21162800-21163600,ENSG00000171855.5$IFNB1$chr9$21077943$-,0.49
chr9:21182800-21184000,ENSG00000171855.5$IFNB1$chr9$21077943$-,0.43
chr9:21236000-21236800,ENSG00000171855.5$IFNB1$chr9$21077943$-,0.51
chr12:8177800-8178600,ENSG00000171860.4$C3AR1$chr12$8219067$-,0.44
chr12:8180000-8180800,ENSG00000171860.4$C3AR1$chr12$8219067$-,0.54
chr12:8183800-8185000,ENSG00000171860.4$C3AR1$chr12$8219067$-,0.59
chr12:8198600-8199400,ENSG00000171860.4$C3AR1$chr12$8219067$-,0.69
chr10:89578600-89580200,ENSG00000171862.5$PTEN$chr10$89622870$+,0.58
chr10:89589200-89591000,ENSG00000171862.5$PTEN$chr10$89622870$+,0.78
chr10:89619400-89621600,ENSG00000171862.5$PTEN$chr10$89622870$+,0.57
chr10:89641800-89643800,ENSG00000171862.5$PTEN$chr10$89622870$+,0.66
chr2:3395400-3396600,ENSG00000171865.5$RNASEH1$chr2$3606206$-,0.36
chr20:4641200-4642600,ENSG00000171867.12$PRNP$chr20$4666882$+,0.6
chr15:44578800-44579800,ENSG00000171877.15$FRMD5$chr15$44487450$-,0.4
chr17:18162400-18163800,ENSG00000171916.12$LGALS9C$chr17$18380051$+,0.35
chr17:18291600-18293600,ENSG00000171916.12$LGALS9C$chr17$18380051$+,0.52
chr17:18316200-18318000,ENSG00000171916.12$LGALS9C$chr17$18380051$+,0.47
chr17:18466400-18468200,ENSG00000171916.12$LGALS9C$chr17$18380051$+,0.48
chr17:18466400-18468200,ENSG00000171928.9$TVP23B$chr17$18684308$+,0.46
chr17:18586000-18587400,ENSG00000171928.9$TVP23B$chr17$18684308$+,0.39
chr17:18615200-18616800,ENSG00000171928.9$TVP23B$chr17$18684308$+,0.41
chr17:18757400-18759200,ENSG00000171928.9$TVP23B$chr17$18684308$+,0.63
chr17:18759400-18761600,ENSG00000171928.9$TVP23B$chr17$18684308$+,0.64
chr17:18926200-18928600,ENSG00000171928.9$TVP23B$chr17$18684308$+,0.38
chr17:18682800-18684200,ENSG00000171931.8$FBXW10$chr17$18647326$+,0.35
chr19:15739200-15741000,ENSG00000171936.1$OR10H3$chr19$15852203$+,0.44
chr20:52180200-52181200,ENSG00000171940.9$ZNF217$chr20$52226446$-,0.54
chr20:52186200-52188000,ENSG00000171940.9$ZNF217$chr20$52226446$-,0.46
chr20:52188600-52190400,ENSG00000171940.9$ZNF217$chr20$52226446$-,0.48
chr20:52301400-52303400,ENSG00000171940.9$ZNF217$chr20$52226446$-,0.5
chr17:17989600-17991400,ENSG00000171953.11$ATPAF2$chr17$17942523$-,0.57
chr17:17992000-17993600,ENSG00000171953.11$ATPAF2$chr17$17942523$-,0.49
chr17:18162400-18163800,ENSG00000171953.11$ATPAF2$chr17$17942523$-,0.38
chr19:15624600-15627000,ENSG00000171954.8$CYP4F22$chr19$15619304$+,0.5
chr19:15661200-15663400,ENSG00000171954.8$CYP4F22$chr19$15619304$+,0.44
chr19:15739200-15741000,ENSG00000171954.8$CYP4F22$chr19$15619304$+,0.51
chr15:60309600-60311000,ENSG00000171956.5$FOXB1$chr15$60296421$+,0.6
chr15:60416400-60418000,ENSG00000171956.5$FOXB1$chr15$60296421$+,0.38
chr1:43271600-43273800,ENSG00000171960.6$PPIH$chr1$43124096$+,0.42
chr17:17989600-17991400,ENSG00000171962.13$LRRC48$chr17$17876127$+,0.57
chr17:17992000-17993600,ENSG00000171962.13$LRRC48$chr17$17876127$+,0.53
chr19:2740000-2740800,ENSG00000171970.8$ZNF57$chr19$2900896$+,0.35
chr19:2842000-2843800,ENSG00000171970.8$ZNF57$chr19$2900896$+,0.4
chr19:2848600-2850800,ENSG00000171970.8$ZNF57$chr19$2900896$+,0.38
chr19:3024200-3026400,ENSG00000171970.8$ZNF57$chr19$2900896$+,0.36
chr20:5562000-5563800,ENSG00000171984.10$C20orf196$chr20$5731039$+,0.41
chr20:5564200-5566200,ENSG00000171984.10$C20orf196$chr20$5731039$+,0.36
chr20:5592000-5594400,ENSG00000171984.10$C20orf196$chr20$5731039$+,0.46
chr20:5697600-5698200,ENSG00000171984.10$C20orf196$chr20$5731039$+,0.57
chr20:5714800-5716000,ENSG00000171984.10$C20orf196$chr20$5731039$+,0.58
chr20:5862000-5864000,ENSG00000171984.10$C20orf196$chr20$5731039$+,0.36
chr10:65168600-65171000,ENSG00000171988.13$JMJD1C$chr10$65225722$-,0.45
chr10:65222600-65224800,ENSG00000171988.13$JMJD1C$chr10$65225722$-,0.42
chr10:65292400-65293400,ENSG00000171988.13$JMJD1C$chr10$65225722$-,0.4
chr2:95780400-95782600,ENSG00000172005.6$MAL$chr2$95691422$+,0.36
chr2:95788000-95789600,ENSG00000172005.6$MAL$chr2$95691422$+,0.42
chr2:95828600-95830800,ENSG00000172005.6$MAL$chr2$95691422$+,0.35
chr19:2740000-2740800,ENSG00000172006.7$ZNF554$chr19$2819872$+,0.46
chr19:2783400-2785400,ENSG00000172006.7$ZNF554$chr19$2819872$+,0.48
chr19:2842000-2843800,ENSG00000172006.7$ZNF554$chr19$2819872$+,0.61
chr19:2848600-2850800,ENSG00000172006.7$ZNF554$chr19$2819872$+,0.64
chr19:3024200-3026400,ENSG00000172006.7$ZNF554$chr19$2819872$+,0.36
chr19:2740000-2740800,ENSG00000172009.10$THOP1$chr19$2785458$+,0.46
chr19:2820400-2822600,ENSG00000172009.10$THOP1$chr19$2785458$+,0.59
chr19:2842000-2843800,ENSG00000172009.10$THOP1$chr19$2785458$+,0.46
chr19:2848600-2850800,ENSG00000172009.10$THOP1$chr19$2785458$+,0.5
chr1:92481800-92484200,ENSG00000172031.6$EPHX4$chr1$92495539$+,0.65
chr1:92546600-92548400,ENSG00000172031.6$EPHX4$chr1$92495539$+,0.4
chr3:49158400-49159800,ENSG00000172037.9$LAMB2$chr3$49170551$-,0.45
chr3:49056400-49058600,ENSG00000172046.14$USP19$chr3$49158371$-,0.48
chr3:49123000-49124800,ENSG00000172046.14$USP19$chr3$49158371$-,0.54
chr3:49132000-49133800,ENSG00000172046.14$USP19$chr3$49158371$-,0.62
chr3:49140000-49141600,ENSG00000172046.14$USP19$chr3$49158371$-,0.66
chr3:49204000-49205800,ENSG00000172046.14$USP19$chr3$49158371$-,0.5
chr3:49207200-49208800,ENSG00000172046.14$USP19$chr3$49158371$-,0.55
chr3:49340200-49342200,ENSG00000172046.14$USP19$chr3$49158371$-,0.36
chr3:49123000-49124800,ENSG00000172053.10$QARS$chr3$49142553$-,0.51
chr3:49132000-49133800,ENSG00000172053.10$QARS$chr3$49142553$-,0.42
chr3:49158400-49159800,ENSG00000172053.10$QARS$chr3$49142553$-,0.42
chr3:49204000-49205800,ENSG00000172053.10$QARS$chr3$49142553$-,0.51
chr3:49207200-49208800,ENSG00000172053.10$QARS$chr3$49142553$-,0.44
chr2:10212600-10214600,ENSG00000172059.6$KLF11$chr2$10182976$+,0.47
chr2:10236200-10238200,ENSG00000172059.6$KLF11$chr2$10182976$+,0.36
chr2:88944200-88945200,ENSG00000172071.7$EIF2AK3$chr2$88927094$-,0.75
chr2:88989000-88990600,ENSG00000172071.7$EIF2AK3$chr2$88927094$-,0.57
chr2:89063600-89065800,ENSG00000172071.7$EIF2AK3$chr2$88927094$-,0.36
chr19:1938800-1940400,ENSG00000172081.9$MOB3A$chr19$2096672$-,0.5
chr3:48153200-48155600,ENSG00000172113.4$NME6$chr3$48343175$-,0.36
chr3:48281000-48282600,ENSG00000172113.4$NME6$chr3$48343175$-,0.49
chr3:48362000-48363600,ENSG00000172113.4$NME6$chr3$48343175$-,0.6
chr3:48479800-48481200,ENSG00000172113.4$NME6$chr3$48343175$-,0.52
chr3:48486000-48487800,ENSG00000172113.4$NME6$chr3$48343175$-,0.45
chr3:48488600-48490400,ENSG00000172113.4$NME6$chr3$48343175$-,0.43
chr7:25171600-25173400,ENSG00000172115.4$CYCS$chr7$25164980$-,0.63
chr7:25218200-25219400,ENSG00000172115.4$CYCS$chr7$25164980$-,0.56
chr7:25219600-25221400,ENSG00000172115.4$CYCS$chr7$25164980$-,0.56
chr17:33786600-33788800,ENSG00000172123.8$SLFN12$chr17$33760302$-,0.38
chr3:112005800-112006600,ENSG00000172139.10$SLC9C1$chr3$112013105$-,0.51
chr17:3125200-3126600,ENSG00000172146.1$OR1A1$chr17$3118915$+,0.4
chr17:3125200-3126600,ENSG00000172150.4$OR1A2$chr17$3100813$+,0.5
chr8:121458200-121459800,ENSG00000172167.3$MTBP$chr8$121457640$+,0.39
chr8:121484000-121485800,ENSG00000172167.3$MTBP$chr8$121457640$+,0.61
chr8:121622800-121625000,ENSG00000172167.3$MTBP$chr8$121457640$+,0.39
chr17:29107000-29108400,ENSG00000172171.6$TEFM$chr17$29233838$-,0.41
chr17:29333200-29335400,ENSG00000172171.6$TEFM$chr17$29233838$-,0.55
chr17:29419400-29421600,ENSG00000172171.6$TEFM$chr17$29233838$-,0.42
chr18:56275600-56278000,ENSG00000172175.8$MALT1$chr18$56338618$+,0.61
chr18:56371600-56372000,ENSG00000172175.8$MALT1$chr18$56338618$+,0.71
chr15:89247600-89250000,ENSG00000172183.10$ISG20$chr15$89179384$+,0.38
chr6:20291400-20293800,ENSG00000172197.9$MBOAT1$chr6$20212670$-,0.43
chr6:20295200-20295400,ENSG00000172197.9$MBOAT1$chr6$20212670$-,0.36
chr3:45897600-45898400,ENSG00000172215.5$CXCR6$chr3$45982425$+,0.42
chr3:45962400-45964200,ENSG00000172215.5$CXCR6$chr3$45982425$+,0.62
chr3:46037600-46039000,ENSG00000172215.5$CXCR6$chr3$45982425$+,0.54
chr3:46143800-46144800,ENSG00000172215.5$CXCR6$chr3$45982425$+,0.4
chr20:48770600-48772800,ENSG00000172216.4$CEBPB$chr20$48807376$+,0.52
chr5:43481200-43483400,ENSG00000172239.9$PAIP1$chr5$43557860$-,0.43
chr5:43515800-43516600,ENSG00000172239.9$PAIP1$chr5$43557860$-,0.67
chr5:43532800-43534400,ENSG00000172239.9$PAIP1$chr5$43557860$-,0.66
chr12:10306600-10307400,ENSG00000172243.13$CLEC7A$chr12$10282857$-,0.63
chr5:43388600-43390800,ENSG00000172244.4$C5orf34$chr5$43515247$-,0.45
chr5:43479800-43480800,ENSG00000172244.4$C5orf34$chr5$43515247$-,0.66
chr5:43481200-43483400,ENSG00000172244.4$C5orf34$chr5$43515247$-,0.73
chr5:43532800-43534400,ENSG00000172244.4$C5orf34$chr5$43515247$-,0.69
chr5:43119400-43121000,ENSG00000172262.7$ZNF131$chr5$43065278$+,0.54
chr5:43131200-43132400,ENSG00000172262.7$ZNF131$chr5$43065278$+,0.45
chr5:43160400-43162200,ENSG00000172262.7$ZNF131$chr5$43065278$+,0.39
chr11:118866600-118868200,ENSG00000172269.12$DPAGT1$chr11$118979041$-,0.46
chr11:118928400-118929400,ENSG00000172269.12$DPAGT1$chr11$118979041$-,0.51
chr11:118939000-118941400,ENSG00000172269.12$DPAGT1$chr11$118979041$-,0.53
chr11:118970200-118972000,ENSG00000172269.12$DPAGT1$chr11$118979041$-,0.68
chr11:118990000-118992200,ENSG00000172269.12$DPAGT1$chr11$118979041$-,0.61
chr11:118993000-118994400,ENSG00000172269.12$DPAGT1$chr11$118979041$-,0.6
chr11:119047800-119050000,ENSG00000172269.12$DPAGT1$chr11$118979041$-,0.51
chr11:119074600-119076800,ENSG00000172269.12$DPAGT1$chr11$118979041$-,0.52
chr19:489600-491800,ENSG00000172270.14$BSG$chr19$571297$+,0.57
chr11:118800600-118802800,ENSG00000172273.8$HINFP$chr11$118992297$+,0.42
chr11:118866600-118868200,ENSG00000172273.8$HINFP$chr11$118992297$+,0.37
chr11:118928400-118929400,ENSG00000172273.8$HINFP$chr11$118992297$+,0.49
chr11:118939000-118941400,ENSG00000172273.8$HINFP$chr11$118992297$+,0.4
chr11:118970200-118972000,ENSG00000172273.8$HINFP$chr11$118992297$+,0.71
chr11:119047800-119050000,ENSG00000172273.8$HINFP$chr11$118992297$+,0.57
chr11:119074600-119076800,ENSG00000172273.8$HINFP$chr11$118992297$+,0.59
chr11:119096800-119098200,ENSG00000172273.8$HINFP$chr11$118992297$+,0.4
chr11:119155000-119156200,ENSG00000172273.8$HINFP$chr11$118992297$+,0.38
chr11:59437400-59439600,ENSG00000172289.2$OR10V1$chr11$59481337$-,0.66
chr17:30183400-30185600,ENSG00000172301.6$COPRS$chr17$30186356$-,0.42
chr17:30276400-30277000,ENSG00000172301.6$COPRS$chr17$30186356$-,0.38
chr17:30333400-30334200,ENSG00000172301.6$COPRS$chr17$30186356$-,0.42
chr17:30409800-30411200,ENSG00000172301.6$COPRS$chr17$30186356$-,0.37
chr11:59303800-59304800,ENSG00000172320.2$OR5A1$chr11$59210617$+,0.38
chr11:59328600-59330400,ENSG00000172320.2$OR5A1$chr11$59210617$+,0.38
chr11:59333800-59336000,ENSG00000172320.2$OR5A1$chr11$59210617$+,0.47
chr12:10041400-10042200,ENSG00000172322.9$CLEC12A$chr12$10103915$+,0.72
chr12:10113000-10115400,ENSG00000172322.9$CLEC12A$chr12$10103915$+,0.78
chr12:9931400-9932800,ENSG00000172322.9$CLEC12A$chr12$10103915$+,0.37
chr11:59303800-59304800,ENSG00000172324.4$OR5A2$chr11$59190449$-,0.4
chr11:59305200-59306000,ENSG00000172324.4$OR5A2$chr11$59190449$-,0.42
chr11:59328600-59330400,ENSG00000172324.4$OR5A2$chr11$59190449$-,0.42
chr11:59333800-59336000,ENSG00000172324.4$OR5A2$chr11$59190449$-,0.46
chr7:134320000-134322000,ENSG00000172331.7$BPGM$chr7$134331560$+,0.52
chr7:100077000-100078600,ENSG00000172336.4$POP7$chr7$100303676$+,0.35
chr7:100135600-100136800,ENSG00000172336.4$POP7$chr7$100303676$+,0.46
chr7:100156400-100158200,ENSG00000172336.4$POP7$chr7$100303676$+,0.49
chr7:100269800-100271200,ENSG00000172336.4$POP7$chr7$100303676$+,0.59
chr7:100448800-100450000,ENSG00000172336.4$POP7$chr7$100303676$+,0.53
chr1:95580800-95582600,ENSG00000172339.9$ALG14$chr1$95538501$-,0.62
chr3:67534200-67535200,ENSG00000172340.10$SUCLG2$chr3$67705038$-,0.4
chr3:67791200-67792200,ENSG00000172340.10$SUCLG2$chr3$67705038$-,0.48
chr15:81750400-81752000,ENSG00000172345.9$STARD5$chr15$81616524$-,0.56
chr22:41940600-41942200,ENSG00000172346.10$CSDC2$chr22$41956767$+,0.39
chr15:81425800-81427200,ENSG00000172349.12$IL16$chr15$81451916$+,0.42
chr11:118939000-118941400,ENSG00000172350.5$ABCG4$chr11$119019722$+,0.36
chr11:118970200-118972000,ENSG00000172350.5$ABCG4$chr11$119019722$+,0.47
chr11:118990000-118992200,ENSG00000172350.5$ABCG4$chr11$119019722$+,0.58
chr11:118993000-118994400,ENSG00000172350.5$ABCG4$chr11$119019722$+,0.69
chr11:119047800-119050000,ENSG00000172350.5$ABCG4$chr11$119019722$+,0.58
chr11:119074600-119076800,ENSG00000172350.5$ABCG4$chr11$119019722$+,0.5
chr11:119096800-119098200,ENSG00000172350.5$ABCG4$chr11$119019722$+,0.51
chr7:100156400-100158200,ENSG00000172354.5$GNB2$chr7$100271154$+,0.35
chr7:100301800-100303200,ENSG00000172354.5$GNB2$chr7$100271154$+,0.53
chr18:47601400-47603400,ENSG00000172361.5$CCDC11$chr18$47792892$-,0.37
chr18:47795000-47796200,ENSG00000172361.5$CCDC11$chr18$47792892$-,0.5
chr18:47814800-47816000,ENSG00000172361.5$CCDC11$chr18$47792892$-,0.52
chr11:58306600-58307600,ENSG00000172362.2$OR5B12$chr11$58207646$-,0.62
chr11:119047800-119050000,ENSG00000172367.11$PDZD3$chr11$119056166$+,0.56
chr11:118800600-118802800,ENSG00000172375.8$C2CD2L$chr11$118972908$+,0.35
chr11:118866600-118868200,ENSG00000172375.8$C2CD2L$chr11$118972908$+,0.43
chr11:118928400-118929400,ENSG00000172375.8$C2CD2L$chr11$118972908$+,0.51
chr11:118939000-118941400,ENSG00000172375.8$C2CD2L$chr11$118972908$+,0.58
chr11:118970200-118972000,ENSG00000172375.8$C2CD2L$chr11$118972908$+,0.38
chr11:118990000-118992200,ENSG00000172375.8$C2CD2L$chr11$118972908$+,0.64
chr11:118993000-118994400,ENSG00000172375.8$C2CD2L$chr11$118972908$+,0.59
chr11:119047800-119050000,ENSG00000172375.8$C2CD2L$chr11$118972908$+,0.46
chr11:119074600-119076800,ENSG00000172375.8$C2CD2L$chr11$118972908$+,0.4
chr11:119096800-119098200,ENSG00000172375.8$C2CD2L$chr11$118972908$+,0.39
chr11:119155000-119156200,ENSG00000172375.8$C2CD2L$chr11$118972908$+,0.35
chr16:2706000-2707800,ENSG00000172382.5$PRSS27$chr16$2770552$-,0.57
chr16:2771400-2773800,ENSG00000172382.5$PRSS27$chr16$2770552$-,0.41
chr16:2800400-2802200,ENSG00000172382.5$PRSS27$chr16$2770552$-,0.52
chr16:2916400-2918000,ENSG00000172382.5$PRSS27$chr16$2770552$-,0.44
chr16:2918600-2920000,ENSG00000172382.5$PRSS27$chr16$2770552$-,0.44
chr16:2933800-2934600,ENSG00000172382.5$PRSS27$chr16$2770552$-,0.38
chr16:2953600-2954600,ENSG00000172382.5$PRSS27$chr16$2770552$-,0.4
chr16:2960000-2961600,ENSG00000172382.5$PRSS27$chr16$2770552$-,0.37
chr22:41126400-41126600,ENSG00000172404.4$DNAJB7$chr22$41258130$-,0.41
chr22:41215600-41217600,ENSG00000172404.4$DNAJB7$chr22$41258130$-,0.51
chr22:41253800-41255600,ENSG00000172404.4$DNAJB7$chr22$41258130$-,0.6
chr22:41294600-41295600,ENSG00000172404.4$DNAJB7$chr22$41258130$-,0.5
chr22:41318800-41319400,ENSG00000172404.4$DNAJB7$chr22$41258130$-,0.5
chr22:41418600-41419800,ENSG00000172404.4$DNAJB7$chr22$41258130$-,0.37
chr11:57403800-57405800,ENSG00000172409.5$CLP1$chr11$57416465$+,0.66
chr11:57424000-57424800,ENSG00000172409.5$CLP1$chr11$57416465$+,0.55
chr1:67252800-67255200,ENSG00000172410.4$INSL5$chr1$67266939$-,0.44
chr17:60501800-60502800,ENSG00000172421.3$EFCAB3$chr17$60447579$+,0.36
chr11:118323600-118326000,ENSG00000172425.6$TTC36$chr11$118398187$+,0.37
chr11:118326400-118327000,ENSG00000172425.6$TTC36$chr11$118398187$+,0.35
chr11:118359000-118359600,ENSG00000172425.6$TTC36$chr11$118398187$+,0.56
chr11:118441600-118442800,ENSG00000172425.6$TTC36$chr11$118398187$+,0.35
chr11:118567400-118568400,ENSG00000172425.6$TTC36$chr11$118398187$+,0.42
chr6:43602400-43603600,ENSG00000172426.11$RSPH9$chr6$43612783$+,0.44
chr6:43485400-43487800,ENSG00000172432.14$GTPBP2$chr6$43596899$-,0.36
chr6:43602400-43603600,ENSG00000172432.14$GTPBP2$chr6$43596899$-,0.64
chr6:43655800-43657600,ENSG00000172432.14$GTPBP2$chr6$43596899$-,0.43
chr1:59763000-59765200,ENSG00000172456.12$FGGY$chr1$59762310$+,0.49
chr13:21278400-21279400,ENSG00000172458.4$IL17D$chr13$21276266$+,0.41
chr13:21345200-21347400,ENSG00000172458.4$IL17D$chr13$21276266$+,0.38
chrX:102808600-102810800,ENSG00000172465.9$TCEAL1$chrX$102883632$+,0.39
chrX:102861800-102862600,ENSG00000172465.9$TCEAL1$chrX$102883632$+,0.55
chrX:102863200-102864400,ENSG00000172465.9$TCEAL1$chrX$102883632$+,0.5
chrX:102943000-102944600,ENSG00000172465.9$TCEAL1$chrX$102883632$+,0.4
chr6:95936000-95937800,ENSG00000172469.10$MANEA$chr6$96025419$+,0.45
chr6:95940000-95941400,ENSG00000172469.10$MANEA$chr6$96025419$+,0.47
chr6:96028800-96029600,ENSG00000172469.10$MANEA$chr6$96025419$+,0.48
chr6:96034200-96036600,ENSG00000172469.10$MANEA$chr6$96025419$+,0.53
chr4:87811000-87813000,ENSG00000172493.16$AFF1$chr4$87856154$+,0.53
chr4:87902200-87904600,ENSG00000172493.16$AFF1$chr4$87856154$+,0.67
chr4:87912000-87913800,ENSG00000172493.16$AFF1$chr4$87856154$+,0.53
chr4:88032800-88033800,ENSG00000172493.16$AFF1$chr4$87856154$+,0.43
chr11:65431400-65433200,ENSG00000172500.8$FIBP$chr11$65656010$-,0.35
chr11:65601400-65603400,ENSG00000172500.8$FIBP$chr11$65656010$-,0.55
chr11:65641000-65642200,ENSG00000172500.8$FIBP$chr11$65656010$-,0.48
chr11:65756200-65757400,ENSG00000172500.8$FIBP$chr11$65656010$-,0.38
chr11:67156600-67158800,ENSG00000172508.6$CARNS1$chr11$67182439$+,0.44
chr11:67194200-67195400,ENSG00000172508.6$CARNS1$chr11$67182439$+,0.54
chr11:67375000-67377200,ENSG00000172508.6$CARNS1$chr11$67182439$+,0.4
chr11:67156600-67158800,ENSG00000172531.10$PPP1CA$chr11$67188654$-,0.44
chr11:67194200-67195400,ENSG00000172531.10$PPP1CA$chr11$67188654$-,0.62
chrX:153318600-153319200,ENSG00000172534.9$HCFC1$chrX$153237258$-,0.53
chrX:153352400-153353800,ENSG00000172534.9$HCFC1$chrX$153237258$-,0.36
chrX:153363400-153365200,ENSG00000172534.9$HCFC1$chrX$153237258$-,0.35
chr10:50401400-50403600,ENSG00000172538.6$FAM170B$chr10$50342053$-,0.4
chr11:65601400-65603400,ENSG00000172543.3$CTSW$chr11$65647280$+,0.58
chr11:65641000-65642200,ENSG00000172543.3$CTSW$chr11$65647280$+,0.47
chr11:65756200-65757400,ENSG00000172543.3$CTSW$chr11$65647280$+,0.4
chr5:156857600-156859600,ENSG00000172548.10$NIPAL4$chr5$156887027$+,0.35
chr12:55170600-55172200,ENSG00000172551.6$MUCL1$chr12$55224303$+,0.35
chr5:156738800-156740800,ENSG00000172568.4$FNDC9$chr5$156772729$-,0.44
chr5:156857600-156859600,ENSG00000172568.4$FNDC9$chr5$156772729$-,0.45
chr15:38766200-38767200,ENSG00000172575.7$RASGRP1$chr15$38857776$-,0.37
chr15:38773400-38775600,ENSG00000172575.7$RASGRP1$chr15$38857776$-,0.49
chr15:38777400-38778000,ENSG00000172575.7$RASGRP1$chr15$38857776$-,0.47
chr15:38778600-38780800,ENSG00000172575.7$RASGRP1$chr15$38857776$-,0.49
chr15:38800000-38801800,ENSG00000172575.7$RASGRP1$chr15$38857776$-,0.52
chr15:38802200-38802400,ENSG00000172575.7$RASGRP1$chr15$38857776$-,0.57
chr15:38811400-38812800,ENSG00000172575.7$RASGRP1$chr15$38857776$-,0.56
chr15:38949200-38951200,ENSG00000172575.7$RASGRP1$chr15$38857776$-,0.42
chr3:183121200-183122800,ENSG00000172578.7$KLHL6$chr3$183273477$-,0.39
chr3:183123200-183123400,ENSG00000172578.7$KLHL6$chr3$183273477$-,0.36
chr3:183146800-183149000,ENSG00000172578.7$KLHL6$chr3$183273477$-,0.46
chr3:183352400-183353200,ENSG00000172578.7$KLHL6$chr3$183273477$-,0.53
chr3:183414600-183415600,ENSG00000172578.7$KLHL6$chr3$183273477$-,0.37
chr10:75487800-75489400,ENSG00000172586.7$CHCHD1$chr10$75541805$+,0.51
chr10:75504800-75507200,ENSG00000172586.7$CHCHD1$chr10$75541805$+,0.5
chr10:75530000-75532000,ENSG00000172586.7$CHCHD1$chr10$75541805$+,0.61
chr11:67001000-67003000,ENSG00000172613.3$RAD9A$chr11$67159176$+,0.36
chr11:67156600-67158800,ENSG00000172613.3$RAD9A$chr11$67159176$+,0.39
chr11:67194200-67195400,ENSG00000172613.3$RAD9A$chr11$67159176$+,0.57
chr11:67375000-67377200,ENSG00000172613.3$RAD9A$chr11$67159176$+,0.41
chr11:65601400-65603400,ENSG00000172638.8$EFEMP2$chr11$65641063$-,0.64
chr12:48511600-48513000,ENSG00000172640.2$OR10AD1$chr12$48597170$-,0.41
chr12:48561400-48561600,ENSG00000172640.2$OR10AD1$chr12$48597170$-,0.44
chr12:48574800-48577000,ENSG00000172640.2$OR10AD1$chr12$48597170$-,0.53
chr12:48679400-48681200,ENSG00000172640.2$OR10AD1$chr12$48597170$-,0.65
chr12:48689600-48692000,ENSG00000172640.2$OR10AD1$chr12$48597170$-,0.49
chr12:48745200-48746800,ENSG00000172640.2$OR10AD1$chr12$48597170$-,0.35
chr17:34067200-34069200,ENSG00000172653.7$C17orf66$chr17$34195895$-,0.41
chr17:34131200-34132400,ENSG00000172653.7$C17orf66$chr17$34195895$-,0.47
chr17:34176400-34178400,ENSG00000172653.7$C17orf66$chr17$34195895$-,0.56
chr17:34215400-34215600,ENSG00000172653.7$C17orf66$chr17$34195895$-,0.6
chr17:34067200-34069200,ENSG00000172660.7$TAF15$chr17$34136459$+,0.61
chr17:34131200-34132400,ENSG00000172660.7$TAF15$chr17$34136459$+,0.64
chr17:34176400-34178400,ENSG00000172660.7$TAF15$chr17$34136459$+,0.57
chr17:34215400-34215600,ENSG00000172660.7$TAF15$chr17$34136459$+,0.49
chr10:46057400-46059200,ENSG00000172661.13$FAM21C$chr10$46222648$+,0.35
chr10:46059600-46060800,ENSG00000172661.13$FAM21C$chr10$46222648$+,0.38
chr10:46152200-46154000,ENSG00000172661.13$FAM21C$chr10$46222648$+,0.47
chr10:46160800-46161000,ENSG00000172661.13$FAM21C$chr10$46222648$+,0.48
chr10:46168000-46170400,ENSG00000172661.13$FAM21C$chr10$46222648$+,0.53
chr11:67001000-67003000,ENSG00000172663.4$TMEM134$chr11$67236743$-,0.39
chr11:67156600-67158800,ENSG00000172663.4$TMEM134$chr11$67236743$-,0.5
chr11:67194200-67195400,ENSG00000172663.4$TMEM134$chr11$67236743$-,0.57
chr11:67375000-67377200,ENSG00000172663.4$TMEM134$chr11$67236743$-,0.48
chr3:178768200-178768600,ENSG00000172667.6$ZMAT3$chr3$178790067$-,0.63
chr3:178808400-178810000,ENSG00000172667.6$ZMAT3$chr3$178790067$-,0.64
chr3:178864000-178865200,ENSG00000172667.6$ZMAT3$chr3$178790067$-,0.48
chr3:178880200-178880400,ENSG00000172667.6$ZMAT3$chr3$178790067$-,0.54
chr10:45906000-45907400,ENSG00000172671.15$ZFAND4$chr10$46168228$-,0.36
chr10:46057400-46059200,ENSG00000172671.15$ZFAND4$chr10$46168228$-,0.35
chr10:46059600-46060800,ENSG00000172671.15$ZFAND4$chr10$46168228$-,0.37
chr10:46152200-46154000,ENSG00000172671.15$ZFAND4$chr10$46168228$-,0.68
chr10:46160800-46161000,ENSG00000172671.15$ZFAND4$chr10$46168228$-,0.61
chr10:46220800-46222200,ENSG00000172671.15$ZFAND4$chr10$46168228$-,0.59
chr10:46223400-46225000,ENSG00000172671.15$ZFAND4$chr10$46168228$-,0.51
chr6:128135200-128136400,ENSG00000172673.6$THEMIS$chr6$128239776$-,0.4
chr6:128147600-128149400,ENSG00000172673.6$THEMIS$chr6$128239776$-,0.4
chr6:128188200-128189000,ENSG00000172673.6$THEMIS$chr6$128239776$-,0.55
chr6:128204000-128204600,ENSG00000172673.6$THEMIS$chr6$128239776$-,0.73
chr6:128219200-128220000,ENSG00000172673.6$THEMIS$chr6$128239776$-,0.63
chr6:128277200-128278800,ENSG00000172673.6$THEMIS$chr6$128239776$-,0.46
chr8:56972400-56973400,ENSG00000172680.1$MOS$chr8$57026541$-,0.41
chr8:56987200-56988000,ENSG00000172680.1$MOS$chr8$57026541$-,0.58
chr19:21512200-21513400,ENSG00000172687.9$ZNF738$chr19$21541732$+,0.46
chr19:21542400-21544200,ENSG00000172687.9$ZNF738$chr19$21541732$+,0.4
chr19:21578800-21579800,ENSG00000172687.9$ZNF738$chr19$21541732$+,0.43
chr19:21656800-21659000,ENSG00000172687.9$ZNF738$chr19$21541732$+,0.35
chr19:21695800-21697200,ENSG00000172687.9$ZNF738$chr19$21541732$+,0.35
chr17:33359200-33361000,ENSG00000172716.12$SLFN11$chr17$33700720$-,0.35
chr17:33416400-33418600,ENSG00000172716.12$SLFN11$chr17$33700720$-,0.38
chr17:33466200-33468600,ENSG00000172716.12$SLFN11$chr17$33700720$-,0.42
chr17:33498000-33500200,ENSG00000172716.12$SLFN11$chr17$33700720$-,0.4
chr17:33506800-33508600,ENSG00000172716.12$SLFN11$chr17$33700720$-,0.42
chr17:33532400-33534600,ENSG00000172716.12$SLFN11$chr17$33700720$-,0.38
chr17:33551600-33553800,ENSG00000172716.12$SLFN11$chr17$33700720$-,0.37
chr17:33644800-33645800,ENSG00000172716.12$SLFN11$chr17$33700720$-,0.37
chr17:33687600-33689600,ENSG00000172716.12$SLFN11$chr17$33700720$-,0.44
chr17:33730800-33732600,ENSG00000172716.12$SLFN11$chr17$33700720$-,0.64
chr17:33786600-33788800,ENSG00000172716.12$SLFN11$chr17$33700720$-,0.43
chr17:33794000-33796200,ENSG00000172716.12$SLFN11$chr17$33700720$-,0.44
chr17:33902600-33905000,ENSG00000172716.12$SLFN11$chr17$33700720$-,0.4
chr11:67156600-67158800,ENSG00000172725.9$CORO1B$chr11$67211292$-,0.54
chr11:67194200-67195400,ENSG00000172725.9$CORO1B$chr11$67211292$-,0.52
chr11:67375000-67377200,ENSG00000172725.9$CORO1B$chr11$67211292$-,0.39
chr8:33340400-33342000,ENSG00000172728.11$FUT10$chr8$33330940$-,0.4
chr8:33343200-33345200,ENSG00000172728.11$FUT10$chr8$33330940$-,0.42
chr10:72146800-72148000,ENSG00000172731.9$LRRC20$chr10$72142382$-,0.55
chr10:72161400-72163800,ENSG00000172731.9$LRRC20$chr10$72142382$-,0.47
chr10:72165200-72166800,ENSG00000172731.9$LRRC20$chr10$72142382$-,0.52
chr11:65601400-65603400,ENSG00000172732.7$MUS81$chr11$65624597$+,0.64
chr11:65641000-65642200,ENSG00000172732.7$MUS81$chr11$65624597$+,0.64
chr11:65756200-65757400,ENSG00000172732.7$MUS81$chr11$65624597$+,0.49
chr8:30892000-30894200,ENSG00000172733.10$PURG$chr8$30891231$-,0.37
chr6:37135800-37137400,ENSG00000172738.7$TMEM217$chr6$37225931$-,0.39
chr6:37190400-37191400,ENSG00000172738.7$TMEM217$chr6$37225931$-,0.59
chr6:37473400-37473800,ENSG00000172738.7$TMEM217$chr6$37225931$-,0.43
chr6:37509000-37510400,ENSG00000172738.7$TMEM217$chr6$37225931$-,0.42
chr11:59303800-59304800,ENSG00000172742.4$OR4D9$chr11$59282386$+,0.53
chr11:59305200-59306000,ENSG00000172742.4$OR4D9$chr11$59282386$+,0.45
chr11:59328600-59330400,ENSG00000172742.4$OR4D9$chr11$59282386$+,0.46
chr11:59333800-59336000,ENSG00000172742.4$OR4D9$chr11$59282386$+,0.44
chr8:183200-184800,ENSG00000172748.8$ZNF596$chr8$182137$+,0.38
chr3:129895400-129896000,ENSG00000172752.10$COL6A5$chr3$130064359$+,0.37
chr11:65601400-65603400,ENSG00000172757.8$CFL1$chr11$65629497$-,0.61
chr11:65641000-65642200,ENSG00000172757.8$CFL1$chr11$65629497$-,0.65
chr11:65756200-65757400,ENSG00000172757.8$CFL1$chr11$65629497$-,0.35
chr3:129652400-129654600,ENSG00000172765.12$TMCC1$chr3$129612419$-,0.57
chr3:129720400-129722600,ENSG00000172765.12$TMCC1$chr3$129612419$-,0.46
chr13:41696000-41698000,ENSG00000172766.14$NAA16$chr13$41885341$+,0.36
chr13:41836200-41837400,ENSG00000172766.14$NAA16$chr13$41885341$+,0.55
chr13:41838000-41838600,ENSG00000172766.14$NAA16$chr13$41885341$+,0.53
chr13:41954200-41955400,ENSG00000172766.14$NAA16$chr13$41885341$+,0.51
chr13:42001400-42003000,ENSG00000172766.14$NAA16$chr13$41885341$+,0.4
chr11:58306600-58307600,ENSG00000172769.2$OR5B3$chr11$58170882$-,0.39
chr3:129004800-129006000,ENSG00000172771.7$EFCAB12$chr3$129147494$-,0.52
chr3:129035400-129037400,ENSG00000172771.7$EFCAB12$chr3$129147494$-,0.45
chr3:129118600-129120000,ENSG00000172771.7$EFCAB12$chr3$129147494$-,0.62
chr16:57277800-57278600,ENSG00000172775.12$FAM192A$chr16$57220028$-,0.48
chr16:57379000-57380000,ENSG00000172775.12$FAM192A$chr16$57220028$-,0.56
chr3:128764200-128766600,ENSG00000172780.12$RAB43$chr3$128841644$-,0.44
chr3:128877600-128879200,ENSG00000172780.12$RAB43$chr3$128841644$-,0.55
chr3:128903400-128905800,ENSG00000172780.12$RAB43$chr3$128841644$-,0.46
chr3:129004800-129006000,ENSG00000172780.12$RAB43$chr3$128841644$-,0.43
chr17:72978400-72980200,ENSG00000172782.7$FADS6$chr17$72889708$-,0.37
chr17:73044200-73046200,ENSG00000172782.7$FADS6$chr17$72889708$-,0.36
chr5:112195800-112196600,ENSG00000172795.11$DCP2$chr5$112312399$+,0.43
chr5:112202000-112203800,ENSG00000172795.11$DCP2$chr5$112312399$+,0.44
chr5:112209400-112210400,ENSG00000172795.11$DCP2$chr5$112312399$+,0.46
chr5:112281800-112282600,ENSG00000172795.11$DCP2$chr5$112312399$+,0.65
chr5:112298600-112300400,ENSG00000172795.11$DCP2$chr5$112312399$+,0.77
chr5:112331600-112333200,ENSG00000172795.11$DCP2$chr5$112312399$+,0.65
chr11:65431400-65433200,ENSG00000172803.13$SNX32$chr11$65601112$+,0.41
chr11:65641000-65642200,ENSG00000172803.13$SNX32$chr11$65601112$+,0.6
chr11:65756200-65757400,ENSG00000172803.13$SNX32$chr11$65601112$+,0.37
chr11:65431400-65433200,ENSG00000172818.5$OVOL1$chr11$65554493$+,0.52
chr11:65601400-65603400,ENSG00000172818.5$OVOL1$chr11$65554493$+,0.56
chr11:65641000-65642200,ENSG00000172818.5$OVOL1$chr11$65554493$+,0.46
chr12:53643400-53645400,ENSG00000172819.12$RARG$chr12$53626764$-,0.63
chr12:53660800-53662000,ENSG00000172819.12$RARG$chr12$53626764$-,0.5
chr12:53688200-53689200,ENSG00000172819.12$RARG$chr12$53626764$-,0.51
chr12:53712400-53714800,ENSG00000172819.12$RARG$chr12$53626764$-,0.43
chr12:53737200-53739000,ENSG00000172819.12$RARG$chr12$53626764$-,0.5
chr12:53746200-53747600,ENSG00000172819.12$RARG$chr12$53626764$-,0.43
chr12:53833400-53835000,ENSG00000172819.12$RARG$chr12$53626764$-,0.4
chr12:53844600-53845800,ENSG00000172819.12$RARG$chr12$53626764$-,0.36
chr16:67015600-67017000,ENSG00000172824.10$CES4A$chr16$67022492$+,0.4
chr16:67017400-67019800,ENSG00000172824.10$CES4A$chr16$67022492$+,0.5
chr16:66965200-66967600,ENSG00000172828.8$CES3$chr16$66995140$+,0.37
chr16:66785600-66787200,ENSG00000172831.7$CES2$chr16$66968347$+,0.39
chr16:66965200-66967600,ENSG00000172831.7$CES2$chr16$66968347$+,0.37
chr16:67015600-67017000,ENSG00000172831.7$CES2$chr16$66968347$+,0.63
chr16:67017400-67019800,ENSG00000172831.7$CES2$chr16$66968347$+,0.54
chr16:67060200-67062600,ENSG00000172831.7$CES2$chr16$66968347$+,0.38
chr16:66965200-66967600,ENSG00000172840.2$PDP2$chr16$66912492$+,0.37
chr2:174762200-174764600,ENSG00000172845.9$SP3$chr2$174830430$-,0.43
chr2:174777600-174777800,ENSG00000172845.9$SP3$chr2$174830430$-,0.63
chr2:174782000-174782400,ENSG00000172845.9$SP3$chr2$174830430$-,0.52
chr2:174783000-174785400,ENSG00000172845.9$SP3$chr2$174830430$-,0.57
chr2:174795800-174797800,ENSG00000172845.9$SP3$chr2$174830430$-,0.54
chr12:52998400-52999400,ENSG00000172867.3$KRT2$chr12$53045948$-,0.48
chr12:53035000-53036400,ENSG00000172867.3$KRT2$chr12$53045948$-,0.59
chr12:53037600-53038000,ENSG00000172867.3$KRT2$chr12$53045948$-,0.61
chr5:118399000-118400400,ENSG00000172869.10$DMXL1$chr5$118373467$+,0.45
chr2:172738200-172740600,ENSG00000172878.9$METAP1D$chr2$172864490$+,0.5
chr2:172751200-172752600,ENSG00000172878.9$METAP1D$chr2$172864490$+,0.53
chr2:172777400-172779000,ENSG00000172878.9$METAP1D$chr2$172864490$+,0.57
chr2:172855600-172856600,ENSG00000172878.9$METAP1D$chr2$172864490$+,0.62
chr2:172862000-172864400,ENSG00000172878.9$METAP1D$chr2$172864490$+,0.35
chr2:172954400-172956400,ENSG00000172878.9$METAP1D$chr2$172864490$+,0.4
chr3:40495200-40497200,ENSG00000172888.7$ZNF621$chr3$40566369$+,0.56
chr3:40497600-40498400,ENSG00000172888.7$ZNF621$chr3$40566369$+,0.52
chr3:40517400-40518400,ENSG00000172888.7$ZNF621$chr3$40566369$+,0.55
chr3:40519000-40520400,ENSG00000172888.7$ZNF621$chr3$40566369$+,0.6
chr3:40547800-40549600,ENSG00000172888.7$ZNF621$chr3$40566369$+,0.68
chr11:71350000-71352200,ENSG00000172890.7$NADSYN1$chr11$71164155$+,0.43
chr11:71350000-71352200,ENSG00000172893.11$DHCR7$chr11$71163914$-,0.45
chr11:65431400-65433200,ENSG00000172922.4$RNASEH2C$chr11$65488418$-,0.49
chr11:65601400-65603400,ENSG00000172922.4$RNASEH2C$chr11$65488418$-,0.49
chr11:66903400-66905000,ENSG00000172932.10$ANKRD13D$chr11$67056018$+,0.38
chr11:66922200-66923000,ENSG00000172932.10$ANKRD13D$chr11$67056018$+,0.38
chr11:67001000-67003000,ENSG00000172932.10$ANKRD13D$chr11$67056018$+,0.4
chr11:67156600-67158800,ENSG00000172932.10$ANKRD13D$chr11$67056018$+,0.49
chr11:67194200-67195400,ENSG00000172932.10$ANKRD13D$chr11$67056018$+,0.37
chr3:38204400-38206000,ENSG00000172936.8$MYD88$chr3$38179969$+,0.65
chr3:38217800-38219600,ENSG00000172936.8$MYD88$chr3$38179969$+,0.54
chr3:38217800-38219600,ENSG00000172939.4$OXSR1$chr3$38206580$+,0.67
chr2:30452200-30453600,ENSG00000172954.9$LCLAT1$chr2$30670092$+,0.35
chr2:30764000-30765600,ENSG00000172954.9$LCLAT1$chr2$30670092$+,0.43
chr3:75690800-75693200,ENSG00000172969.3$FRG2C$chr3$75713481$+,0.35
chr3:75716800-75718200,ENSG00000172969.3$FRG2C$chr3$75713481$+,0.5
chr11:65431400-65433200,ENSG00000172977.8$KAT5$chr11$65479467$+,0.52
chr11:65601400-65603400,ENSG00000172977.8$KAT5$chr11$65479467$+,0.43
chr11:65641000-65642200,ENSG00000172977.8$KAT5$chr11$65479467$+,0.42
chr2:109719000-109721000,ENSG00000172985.8$SH3RF3$chr2$109745804$+,0.39
chr17:43129800-43130800,ENSG00000172992.7$DCAKD$chr17$43138473$-,0.51
chr17:43218400-43219600,ENSG00000172992.7$DCAKD$chr17$43138473$-,0.47
chr17:43232200-43234000,ENSG00000172992.7$DCAKD$chr17$43138473$-,0.49
chr11:66903400-66905000,ENSG00000173020.6$ADRBK1$chr11$67033881$+,0.4
chr11:66922200-66923000,ENSG00000173020.6$ADRBK1$chr11$67033881$+,0.46
chr11:67001000-67003000,ENSG00000173020.6$ADRBK1$chr11$67033881$+,0.5
chr11:67156600-67158800,ENSG00000173020.6$ADRBK1$chr11$67033881$+,0.41
chr11:67194200-67195400,ENSG00000173020.6$ADRBK1$chr11$67033881$+,0.44
chr11:65601400-65603400,ENSG00000173039.14$RELA$chr11$65430565$-,0.36
chr11:65641000-65642200,ENSG00000173039.14$RELA$chr11$65430565$-,0.36
chr7:64023800-64024800,ENSG00000173041.7$ZNF680$chr7$64023484$-,0.39
chr12:112774800-112775400,ENSG00000173064.6$HECTD4$chr12$112819896$-,0.58
chr12:112816800-112819200,ENSG00000173064.6$HECTD4$chr12$112819896$-,0.36
chr12:112847400-112849600,ENSG00000173064.6$HECTD4$chr12$112819896$-,0.54
chr17:27056000-27058000,ENSG00000173065.9$FAM222B$chr17$27182250$-,0.42
chr17:27118800-27121200,ENSG00000173065.9$FAM222B$chr17$27182250$-,0.45
chr17:27140000-27141600,ENSG00000173065.9$FAM222B$chr17$27182250$-,0.52
chr17:27256600-27258400,ENSG00000173065.9$FAM222B$chr17$27182250$-,0.42
chr17:27279400-27281800,ENSG00000173065.9$FAM222B$chr17$27182250$-,0.36
chr4:84144600-84146800,ENSG00000173083.10$HPSE$chr4$84256306$-,0.44
chr4:84206400-84208000,ENSG00000173083.10$HPSE$chr4$84256306$-,0.63
chr4:84214600-84214800,ENSG00000173083.10$HPSE$chr4$84256306$-,0.54
chr4:84270800-84272200,ENSG00000173083.10$HPSE$chr4$84256306$-,0.68
chr4:84370200-84370800,ENSG00000173083.10$HPSE$chr4$84256306$-,0.37
chr4:84403600-84405600,ENSG00000173083.10$HPSE$chr4$84256306$-,0.38
chr4:84144600-84146800,ENSG00000173085.9$COQ2$chr4$84206067$-,0.62
chr4:84214600-84214800,ENSG00000173085.9$COQ2$chr4$84206067$-,0.5
chr4:84270800-84272200,ENSG00000173085.9$COQ2$chr4$84206067$-,0.42
chr4:84370200-84370800,ENSG00000173085.9$COQ2$chr4$84206067$-,0.39
chr10:97668000-97669800,ENSG00000173088.8$C10orf131$chr10$97667360$+,0.39
chr12:111264400-111265800,ENSG00000173093.8$CCDC63$chr12$111284573$+,0.42
chr1:161336600-161338600,ENSG00000173110.6$HSPA6$chr1$161494036$+,0.36
chr1:161355600-161357600,ENSG00000173110.6$HSPA6$chr1$161494036$+,0.38
chr1:161529200-161531600,ENSG00000173110.6$HSPA6$chr1$161494036$+,0.44
chr1:161582600-161583400,ENSG00000173110.6$HSPA6$chr1$161494036$+,0.38
chr1:161590000-161591000,ENSG00000173110.6$HSPA6$chr1$161494036$+,0.39
chr11:63934000-63936200,ENSG00000173113.2$TRMT112$chr11$64085556$-,0.43
chr11:63959400-63960800,ENSG00000173113.2$TRMT112$chr11$64085556$-,0.36
chr11:64026600-64028000,ENSG00000173113.2$TRMT112$chr11$64085556$-,0.63
chr11:64070600-64072000,ENSG00000173113.2$TRMT112$chr11$64085556$-,0.68
chr11:64074000-64076000,ENSG00000173113.2$TRMT112$chr11$64085556$-,0.71
chr11:64257000-64259000,ENSG00000173113.2$TRMT112$chr11$64085556$-,0.37
chr7:110632800-110635200,ENSG00000173114.8$LRRN3$chr7$110731062$+,0.51
chr7:110796800-110797600,ENSG00000173114.8$LRRN3$chr7$110731062$+,0.46
chr7:110815800-110816800,ENSG00000173114.8$LRRN3$chr7$110731062$+,0.4
chr11:66725800-66727400,ENSG00000173120.10$KDM2A$chr11$66886740$+,0.35
chr11:66903400-66905000,ENSG00000173120.10$KDM2A$chr11$66886740$+,0.65
chr11:66922200-66923000,ENSG00000173120.10$KDM2A$chr11$66886740$+,0.57
chr11:67001000-67003000,ENSG00000173120.10$KDM2A$chr11$66886740$+,0.37
chr8:145704000-145706200,ENSG00000173137.7$ADCK5$chr8$145596790$+,0.45
chr10:96058200-96060200,ENSG00000173145.7$NOC3L$chr10$96122716$-,0.58
chr10:96303200-96304800,ENSG00000173145.7$NOC3L$chr10$96122716$-,0.45
chr11:63934000-63936200,ENSG00000173153.9$ESRRA$chr11$64073044$+,0.45
chr11:63959400-63960800,ENSG00000173153.9$ESRRA$chr11$64073044$+,0.44
chr11:64026600-64028000,ENSG00000173153.9$ESRRA$chr11$64073044$+,0.61
chr11:64070600-64072000,ENSG00000173153.9$ESRRA$chr11$64073044$+,0.37
chr11:64074000-64076000,ENSG00000173153.9$ESRRA$chr11$64073044$+,0.46
chr2:61989000-61990800,ENSG00000173163.6$COMMD1$chr2$62115859$+,0.46
chr2:62079200-62080800,ENSG00000173163.6$COMMD1$chr2$62115859$+,0.55
chr2:62082200-62083200,ENSG00000173163.6$COMMD1$chr2$62115859$+,0.5
chr2:62130800-62132600,ENSG00000173163.6$COMMD1$chr2$62115859$+,0.6
chr2:62133400-62135400,ENSG00000173163.6$COMMD1$chr2$62115859$+,0.64
chr1:155113000-155114000,ENSG00000173171.10$MTX1$chr1$155178490$+,0.56
chr1:155144000-155145200,ENSG00000173171.10$MTX1$chr1$155178490$+,0.66
chr1:155184000-155186000,ENSG00000173171.10$MTX1$chr1$155178490$+,0.7
chr1:155197800-155198800,ENSG00000173171.10$MTX1$chr1$155178490$+,0.6
chr1:155214600-155216600,ENSG00000173171.10$MTX1$chr1$155178490$+,0.62
chr1:155229200-155231400,ENSG00000173171.10$MTX1$chr1$155178490$+,0.63
chr1:155232000-155233200,ENSG00000173171.10$MTX1$chr1$155178490$+,0.59
chr1:155245400-155247200,ENSG00000173171.10$MTX1$chr1$155178490$+,0.57
chr1:155247600-155250000,ENSG00000173171.10$MTX1$chr1$155178490$+,0.49
chr3:122194200-122196600,ENSG00000173193.9$PARP14$chr3$122399465$+,0.35
chr3:122405000-122407000,ENSG00000173193.9$PARP14$chr3$122399465$+,0.47
chrX:77392400-77394600,ENSG00000173198.4$CYSLTR1$chrX$77583048$-,0.37
chrX:77412200-77414400,ENSG00000173198.4$CYSLTR1$chrX$77583048$-,0.44
chrX:77573200-77574400,ENSG00000173198.4$CYSLTR1$chrX$77583048$-,0.48
chrX:77630400-77632800,ENSG00000173198.4$CYSLTR1$chrX$77583048$-,0.68
chrX:78355800-78358000,ENSG00000173198.4$CYSLTR1$chrX$77583048$-,0.35
chrX:78368000-78369400,ENSG00000173198.4$CYSLTR1$chrX$77583048$-,0.4
chrX:78371800-78373800,ENSG00000173198.4$CYSLTR1$chrX$77583048$-,0.42
chrX:78433200-78434000,ENSG00000173198.4$CYSLTR1$chrX$77583048$-,0.36
chrX:78439800-78442200,ENSG00000173198.4$CYSLTR1$chrX$77583048$-,0.37
chrX:78447400-78447600,ENSG00000173198.4$CYSLTR1$chrX$77583048$-,0.36
chrX:78482400-78482800,ENSG00000173198.4$CYSLTR1$chrX$77583048$-,0.36
chr3:122194200-122196600,ENSG00000173200.8$PARP15$chr3$122296449$+,0.39
chr3:122405000-122407000,ENSG00000173200.8$PARP15$chr3$122296449$+,0.41
chr1:154907000-154908800,ENSG00000173207.8$CKS1B$chr1$154947129$+,0.52
chr1:154919800-154922200,ENSG00000173207.8$CKS1B$chr1$154947129$+,0.58
chr1:154954000-154955800,ENSG00000173207.8$CKS1B$chr1$154947129$+,0.66
chr1:155113000-155114000,ENSG00000173207.8$CKS1B$chr1$154947129$+,0.38
chr12:39860600-39862600,ENSG00000173208.3$ABCD2$chr12$40013553$-,0.35
chr12:40062600-40064600,ENSG00000173208.3$ABCD2$chr12$40013553$-,0.48
chr12:40068600-40069800,ENSG00000173208.3$ABCD2$chr12$40013553$-,0.52
chr12:40076000-40076600,ENSG00000173208.3$ABCD2$chr12$40013553$-,0.53
chr12:40076800-40078400,ENSG00000173208.3$ABCD2$chr12$40013553$-,0.52
chr12:40078600-40081000,ENSG00000173208.3$ABCD2$chr12$40013553$-,0.4
chr12:40085000-40086600,ENSG00000173208.3$ABCD2$chr12$40013553$-,0.54
chr2:61372200-61373600,ENSG00000173209.18$AHSA2$chr2$61404553$+,0.52
chr2:61410600-61411400,ENSG00000173209.18$AHSA2$chr2$61404553$+,0.49
chr2:61420200-61422400,ENSG00000173209.18$AHSA2$chr2$61404553$+,0.6
chr1:116681200-116682400,ENSG00000173212.4$MAB21L3$chr1$116654376$+,0.35
chr6:111614000-111616400,ENSG00000173214.5$KIAA1919$chr6$111580551$+,0.44
chr6:111622000-111624200,ENSG00000173214.5$KIAA1919$chr6$111580551$+,0.55
chr3:121436400-121437800,ENSG00000173226.12$IQCB1$chr3$121553926$-,0.53
chr3:121469400-121470200,ENSG00000173226.12$IQCB1$chr3$121553926$-,0.58
chr3:121536400-121538400,ENSG00000173226.12$IQCB1$chr3$121553926$-,0.78
chr3:121436400-121437800,ENSG00000173230.11$GOLGB1$chr3$121468602$-,0.64
chr3:121536400-121538400,ENSG00000173230.11$GOLGB1$chr3$121468602$-,0.47
chr11:66725800-66727400,ENSG00000173237.4$C11orf86$chr11$66742748$+,0.47
chr10:90569200-90571200,ENSG00000173239.9$LIPM$chr10$90562487$+,0.46
chr9:999000-1000800,ENSG00000173253.10$DMRT2$chr9$1050354$+,0.35
chr9:114242800-114245000,ENSG00000173258.8$ZNF483$chr9$114287439$+,0.52
chr9:114247000-114248200,ENSG00000173258.8$ZNF483$chr9$114287439$+,0.5
chr9:114392400-114393200,ENSG00000173258.8$ZNF483$chr9$114287439$+,0.53
chr9:114405000-114407200,ENSG00000173258.8$ZNF483$chr9$114287439$+,0.45
chr5:145562800-145563400,ENSG00000173261.4$PLAC8L1$chr5$145483932$-,0.42
chr5:145590600-145590800,ENSG00000173261.4$PLAC8L1$chr5$145483932$-,0.39
chr11:63934000-63936200,ENSG00000173264.9$GPR137$chr11$64037534$+,0.48
chr11:63959400-63960800,ENSG00000173264.9$GPR137$chr11$64037534$+,0.53
chr11:64026600-64028000,ENSG00000173264.9$GPR137$chr11$64037534$+,0.66
chr11:64070600-64072000,ENSG00000173264.9$GPR137$chr11$64037534$+,0.5
chr11:64074000-64076000,ENSG00000173264.9$GPR137$chr11$64037534$+,0.65
chr10:88855600-88857800,ENSG00000173269.9$MMRN2$chr10$88729238$-,0.38
chr8:9425200-9427600,ENSG00000173273.11$TNKS$chr8$9413424$+,0.83
chrX:134319800-134320200,ENSG00000173275.8$ZNF449$chrX$134478721$+,0.52
chrX:134460800-134463000,ENSG00000173275.8$ZNF449$chrX$134478721$+,0.59
chrX:134652200-134654400,ENSG00000173275.8$ZNF449$chrX$134478721$+,0.37
chr21:43300000-43301400,ENSG00000173276.9$ZBTB21$chr21$43430496$-,0.47
chr21:43602800-43605000,ENSG00000173276.9$ZBTB21$chr21$43430496$-,0.43
chr8:8858800-8860400,ENSG00000173281.4$PPP1R3B$chr8$9009084$-,0.39
chr11:65431400-65433200,ENSG00000173327.3$MAP3K11$chr11$65382853$-,0.51
chr11:65601400-65603400,ENSG00000173327.3$MAP3K11$chr11$65382853$-,0.38
chr11:65431400-65433200,ENSG00000173338.8$KCNK7$chr11$65363467$-,0.49
chr2:128284600-128286600,ENSG00000173349.4$SFT2D3$chr2$128458597$+,0.44
chr2:128569200-128570000,ENSG00000173349.4$SFT2D3$chr2$128458597$+,0.52
chr2:128600600-128601000,ENSG00000173349.4$SFT2D3$chr2$128458597$+,0.46
chr3:52215200-52217400,ENSG00000173366.11$TLR9$chr3$52265206$-,0.52
chr3:52291600-52294000,ENSG00000173366.11$TLR9$chr3$52265206$-,0.57
chr4:121961800-121963800,ENSG00000173376.9$NDNF$chr4$121994176$-,0.4
chr4:121998400-122000600,ENSG00000173376.9$NDNF$chr4$121994176$-,0.41
chr12:10306600-10307400,ENSG00000173391.4$OLR1$chr12$10324737$-,0.42
chr12:75593600-75595600,ENSG00000173401.5$GLIPR1L1$chr12$75728419$+,0.41
chr12:75650600-75651800,ENSG00000173401.5$GLIPR1L1$chr12$75728419$+,0.53
chr12:75722800-75723800,ENSG00000173401.5$GLIPR1L1$chr12$75728419$+,0.74
chr12:75724000-75725000,ENSG00000173401.5$GLIPR1L1$chr12$75728419$+,0.69
chr12:75785400-75787200,ENSG00000173401.5$GLIPR1L1$chr12$75728419$+,0.67
chr12:75852800-75855000,ENSG00000173401.5$GLIPR1L1$chr12$75728419$+,0.36
chr3:49486200-49487000,ENSG00000173402.7$DAG1$chr3$49506146$+,0.35
chr3:49512800-49515200,ENSG00000173402.7$DAG1$chr3$49506146$+,0.47
chr20:20033600-20034400,ENSG00000173418.7$NAA20$chr20$19997760$+,0.51
chr1:19835000-19836600,ENSG00000173436.9$MINOS1$chr1$19923477$+,0.51
chr1:19908400-19910200,ENSG00000173436.9$MINOS1$chr1$19923477$+,0.66
chr1:20029200-20031600,ENSG00000173436.9$MINOS1$chr1$19923477$+,0.37
chr1:20124400-20126400,ENSG00000173436.9$MINOS1$chr1$19923477$+,0.39
chr1:20127000-20129400,ENSG00000173436.9$MINOS1$chr1$19923477$+,0.41
chr11:65431400-65433200,ENSG00000173442.7$EHBP1L1$chr11$65343509$+,0.53
chr12:72030400-72031000,ENSG00000173451.2$THAP2$chr12$72056789$+,0.59
chr12:72146800-72148600,ENSG00000173451.2$THAP2$chr12$72056789$+,0.46
chr11:118990000-118992200,ENSG00000173456.4$RNF26$chr11$119205237$+,0.39
chr11:118993000-118994400,ENSG00000173456.4$RNF26$chr11$119205237$+,0.36
chr11:119047800-119050000,ENSG00000173456.4$RNF26$chr11$119205237$+,0.42
chr11:119096800-119098200,ENSG00000173456.4$RNF26$chr11$119205237$+,0.43
chr11:119155000-119156200,ENSG00000173456.4$RNF26$chr11$119205237$+,0.62
chr11:119220800-119221400,ENSG00000173456.4$RNF26$chr11$119205237$+,0.54
chr11:119311200-119313200,ENSG00000173456.4$RNF26$chr11$119205237$+,0.45
chr11:64026600-64028000,ENSG00000173457.6$PPP1R14B$chr11$64014413$-,0.42
chr14:20929600-20931600,ENSG00000173464.10$RNASE11$chr14$21078043$-,0.36
chr14:20936600-20937600,ENSG00000173464.10$RNASE11$chr14$21078043$-,0.38
chr14:20998800-20999600,ENSG00000173464.10$RNASE11$chr14$21078043$-,0.47
chr14:21055600-21056800,ENSG00000173464.10$RNASE11$chr14$21078043$-,0.7
chr14:21082200-21084000,ENSG00000173464.10$RNASE11$chr14$21078043$-,0.68
chr14:21120800-21122600,ENSG00000173464.10$RNASE11$chr14$21078043$-,0.64
chr14:21147600-21149800,ENSG00000173464.10$RNASE11$chr14$21078043$-,0.61
chr11:65431400-65433200,ENSG00000173465.3$SSSCA1$chr11$65337901$+,0.62
chr3:47842200-47843800,ENSG00000173473.6$SMARCC1$chr3$47823596$-,0.74
chr3:47845400-47847000,ENSG00000173473.6$SMARCC1$chr3$47823596$-,0.7
chr3:47870200-47871600,ENSG00000173473.6$SMARCC1$chr3$47823596$-,0.5
chr19:58329400-58330600,ENSG00000173480.6$ZNF417$chr19$58427978$-,0.43
chr19:58360400-58361200,ENSG00000173480.6$ZNF417$chr19$58427978$-,0.46
chr19:58400400-58402400,ENSG00000173480.6$ZNF417$chr19$58427978$-,0.66
chr19:58511200-58513600,ENSG00000173480.6$ZNF417$chr19$58427978$-,0.51
chr11:63934000-63936200,ENSG00000173486.8$FKBP2$chr11$64008475$+,0.49
chr11:63959400-63960800,ENSG00000173486.8$FKBP2$chr11$64008475$+,0.54
chr11:64026600-64028000,ENSG00000173486.8$FKBP2$chr11$64008475$+,0.65
chr11:64070600-64072000,ENSG00000173486.8$FKBP2$chr11$64008475$+,0.59
chr11:64074000-64076000,ENSG00000173486.8$FKBP2$chr11$64008475$+,0.51
chr11:63934000-63936200,ENSG00000173511.5$VEGFB$chr11$64002010$+,0.45
chr11:63959400-63960800,ENSG00000173511.5$VEGFB$chr11$64002010$+,0.51
chr11:64026600-64028000,ENSG00000173511.5$VEGFB$chr11$64002010$+,0.62
chr11:64070600-64072000,ENSG00000173511.5$VEGFB$chr11$64002010$+,0.52
chr11:64074000-64076000,ENSG00000173511.5$VEGFB$chr11$64002010$+,0.47
chr15:77721600-77723600,ENSG00000173517.6$PEAK1$chr15$77712486$-,0.55
chr15:77739200-77741600,ENSG00000173517.6$PEAK1$chr15$77712486$-,0.47
chr15:77778400-77780800,ENSG00000173517.6$PEAK1$chr15$77712486$-,0.43
chr8:22912600-22913000,ENSG00000173530.5$TNFRSF10D$chr8$23021543$-,0.36
chr8:23061800-23062800,ENSG00000173530.5$TNFRSF10D$chr8$23021543$-,0.56
chr8:23063600-23065600,ENSG00000173530.5$TNFRSF10D$chr8$23021543$-,0.52
chr8:23066400-23068000,ENSG00000173530.5$TNFRSF10D$chr8$23021543$-,0.54
chr8:23112200-23114200,ENSG00000173530.5$TNFRSF10D$chr8$23021543$-,0.35
chr8:23144200-23145600,ENSG00000173530.5$TNFRSF10D$chr8$23021543$-,0.37
chr3:49512800-49515200,ENSG00000173531.11$MST1$chr3$49726934$-,0.35
chr3:49576200-49578600,ENSG00000173531.11$MST1$chr3$49726934$-,0.37
chr3:49894400-49896800,ENSG00000173531.11$MST1$chr3$49726934$-,0.35
chr3:49997200-49999000,ENSG00000173531.11$MST1$chr3$49726934$-,0.37
chr4:71728200-71730200,ENSG00000173542.4$MOB1B$chr4$71768043$+,0.54
chr4:71766800-71767600,ENSG00000173542.4$MOB1B$chr4$71768043$+,0.35
chr2:192603600-192606000,ENSG00000173559.8$NABP1$chr2$192542794$+,0.55
chr8:21774600-21776200,ENSG00000173566.9$NUDT18$chr8$21966932$-,0.36
chr8:21868400-21869400,ENSG00000173566.9$NUDT18$chr8$21966932$-,0.35
chr8:21879000-21880000,ENSG00000173566.9$NUDT18$chr8$21966932$-,0.36
chr8:22099600-22102000,ENSG00000173566.9$NUDT18$chr8$21966932$-,0.58
chr8:22103400-22104800,ENSG00000173566.9$NUDT18$chr8$21966932$-,0.39
chr2:26552400-26554600,ENSG00000173567.10$GPR113$chr2$26569685$-,0.62
chr2:26584800-26587200,ENSG00000173567.10$GPR113$chr2$26569685$-,0.47
chr15:93506400-93508000,ENSG00000173575.14$CHD2$chr15$93426526$+,0.42
chr3:46037600-46039000,ENSG00000173578.6$XCR1$chr3$46069234$-,0.63
chr19:56027800-56029800,ENSG00000173581.3$CCDC106$chr19$56152428$+,0.37
chr19:56092600-56094400,ENSG00000173581.3$CCDC106$chr19$56152428$+,0.45
chr19:56108600-56110600,ENSG00000173581.3$CCDC106$chr19$56152428$+,0.42
chr3:45897600-45898400,ENSG00000173585.11$CCR9$chr3$45927996$+,0.6
chr3:45962400-45964200,ENSG00000173585.11$CCR9$chr3$45927996$+,0.58
chr11:66621600-66623400,ENSG00000173599.9$PC$chr11$66725847$-,0.44
chr4:70525600-70527800,ENSG00000173610.7$UGT2A1$chr4$70518965$-,0.54
chr9:127704200-127705600,ENSG00000173611.13$SCAI$chr9$127905785$-,0.35
chr9:127960800-127962400,ENSG00000173611.13$SCAI$chr9$127905785$-,0.44
chr9:128030200-128032000,ENSG00000173611.13$SCAI$chr9$127905785$-,0.41
chr9:128136000-128137800,ENSG00000173611.13$SCAI$chr9$127905785$-,0.42
chr1:9783400-9785600,ENSG00000173614.9$NMNAT1$chr1$10003486$+,0.37
chr1:9971200-9973600,ENSG00000173614.9$NMNAT1$chr1$10003486$+,0.68
chr11:66621600-66623400,ENSG00000173621.8$LRFN4$chr11$66624118$+,0.4
chr11:66621600-66623400,ENSG00000173653.3$RCE1$chr11$66610306$+,0.57
chr11:66725800-66727400,ENSG00000173653.3$RCE1$chr11$66610306$+,0.45
chr1:46664000-46666200,ENSG00000173660.7$UQCRH$chr1$46769303$+,0.38
chr1:46803800-46805800,ENSG00000173660.7$UQCRH$chr1$46769303$+,0.45
chr1:6705800-6707200,ENSG00000173662.15$TAS1R1$chr1$6615241$+,0.45
chr1:6761600-6763600,ENSG00000173662.15$TAS1R1$chr1$6615241$+,0.38
chr1:6295600-6297400,ENSG00000173673.7$HES3$chr1$6304252$+,0.59
chrX:20009200-20010200,ENSG00000173674.6$EIF1AX$chrX$20159962$-,0.47
chrX:20241800-20244200,ENSG00000173674.6$EIF1AX$chrX$20159962$-,0.47
chrX:20244400-20245600,ENSG00000173674.6$EIF1AX$chrX$20159962$-,0.39
chrX:20247200-20249400,ENSG00000173674.6$EIF1AX$chrX$20159962$-,0.38
chrX:20260800-20262000,ENSG00000173674.6$EIF1AX$chrX$20159962$-,0.41
chrX:20262600-20264800,ENSG00000173674.6$EIF1AX$chrX$20159962$-,0.39
chrX:20009200-20010200,ENSG00000173681.12$CXorf23$chrX$19988416$-,0.37
chr2:231832800-231835000,ENSG00000173692.8$PSMD1$chr2$231921578$+,0.53
chr3:124736800-124739200,ENSG00000173702.3$MUC13$chr3$124672663$-,0.4
chr11:66430200-66431800,ENSG00000173715.11$C11orf80$chr11$66511922$+,0.44
chr1:235256200-235257800,ENSG00000173726.6$TOMM20$chr1$235292251$-,0.64
chr1:235278200-235278600,ENSG00000173726.6$TOMM20$chr1$235292251$-,0.58
chr1:235316800-235318800,ENSG00000173726.6$TOMM20$chr1$235292251$-,0.42
chr1:235325000-235326000,ENSG00000173726.6$TOMM20$chr1$235292251$-,0.52
chr1:235353400-235354600,ENSG00000173726.6$TOMM20$chr1$235292251$-,0.46
chr1:235416400-235417800,ENSG00000173726.6$TOMM20$chr1$235292251$-,0.41
chr1:235531400-235533600,ENSG00000173726.6$TOMM20$chr1$235292251$-,0.35
chr2:228188600-228189600,ENSG00000173744.13$AGFG1$chr2$228336868$+,0.47
chr2:228357800-228360200,ENSG00000173744.13$AGFG1$chr2$228336868$+,0.54
chr17:40373600-40374800,ENSG00000173757.5$STAT5B$chr17$40428725$-,0.47
chr17:40382000-40383800,ENSG00000173757.5$STAT5B$chr17$40428725$-,0.43
chr17:40413800-40416200,ENSG00000173757.5$STAT5B$chr17$40428725$-,0.54
chr17:40525800-40527800,ENSG00000173757.5$STAT5B$chr17$40428725$-,0.37
chr17:40541200-40543200,ENSG00000173757.5$STAT5B$chr17$40428725$-,0.36
chr3:44378600-44379400,ENSG00000173769.4$TOPAZ1$chr3$44283378$+,0.43
chr17:39990600-39992000,ENSG00000173786.12$CNP$chr17$40118759$+,0.43
chr17:40013800-40015600,ENSG00000173786.12$CNP$chr17$40118759$+,0.54
chr17:40021800-40022400,ENSG00000173786.12$CNP$chr17$40118759$+,0.66
chr17:40075800-40077200,ENSG00000173786.12$CNP$chr17$40118759$+,0.65
chr17:40085000-40086400,ENSG00000173786.12$CNP$chr17$40118759$+,0.62
chr17:40170000-40172400,ENSG00000173786.12$CNP$chr17$40118759$+,0.54
chr17:40300200-40302600,ENSG00000173786.12$CNP$chr17$40118759$+,0.39
chr17:39722400-39723600,ENSG00000173812.6$EIF1$chr17$39845137$+,0.39
chr17:39828200-39830200,ENSG00000173812.6$EIF1$chr17$39845137$+,0.63
chr17:39856800-39859000,ENSG00000173812.6$EIF1$chr17$39845137$+,0.62
chr17:39990600-39992000,ENSG00000173812.6$EIF1$chr17$39845137$+,0.46
chr17:40013800-40015600,ENSG00000173812.6$EIF1$chr17$39845137$+,0.44
chr17:40021800-40022400,ENSG00000173812.6$EIF1$chr17$39845137$+,0.36
chr17:78525400-78527400,ENSG00000173818.12$ENDOV$chr17$78388965$+,0.43
chr17:78010800-78012000,ENSG00000173821.15$RNF213$chr17$78234665$+,0.4
chr17:78072600-78074800,ENSG00000173821.15$RNF213$chr17$78234665$+,0.41
chr17:78121800-78123600,ENSG00000173821.15$RNF213$chr17$78234665$+,0.4
chr11:65141200-65143400,ENSG00000173825.6$TIGD3$chr11$65122238$+,0.54
chr17:61614600-61616800,ENSG00000173826.10$KCNH6$chr17$61600695$+,0.35
chr1:45204200-45205000,ENSG00000173846.8$PLK3$chr1$45265897$+,0.54
chr1:45211400-45212600,ENSG00000173846.8$PLK3$chr1$45265897$+,0.51
chr1:45239600-45240800,ENSG00000173846.8$PLK3$chr1$45265897$+,0.52
chr1:45450000-45451600,ENSG00000173846.8$PLK3$chr1$45265897$+,0.37
chr1:45498600-45500200,ENSG00000173846.8$PLK3$chr1$45265897$+,0.36
chr10:5498600-5500800,ENSG00000173848.14$NET1$chr10$5454514$+,0.42
chr17:47267600-47269000,ENSG00000173868.7$PHOSPHO1$chr17$47308128$-,0.57
chr17:47270800-47272800,ENSG00000173868.7$PHOSPHO1$chr17$47308128$-,0.51
chr17:47403600-47404400,ENSG00000173868.7$PHOSPHO1$chr17$47308128$-,0.5
chr19:12588600-12590800,ENSG00000173875.9$ZNF791$chr19$12721732$+,0.38
chr19:12596000-12597000,ENSG00000173875.9$ZNF791$chr19$12721732$+,0.42
chr19:12662800-12664800,ENSG00000173875.9$ZNF791$chr19$12721732$+,0.57
chr19:12713800-12715600,ENSG00000173875.9$ZNF791$chr19$12721732$+,0.62
chr19:12745800-12747400,ENSG00000173875.9$ZNF791$chr19$12721732$+,0.54
chr19:12750400-12752400,ENSG00000173875.9$ZNF791$chr19$12721732$+,0.58
chr19:12778000-12779600,ENSG00000173875.9$ZNF791$chr19$12721732$+,0.52
chr19:12790200-12791800,ENSG00000173875.9$ZNF791$chr19$12721732$+,0.4
chr19:12805200-12807200,ENSG00000173875.9$ZNF791$chr19$12721732$+,0.47
chr19:12848800-12850600,ENSG00000173875.9$ZNF791$chr19$12721732$+,0.53
chr19:12886800-12888600,ENSG00000173875.9$ZNF791$chr19$12721732$+,0.39
chr10:121800-123600,ENSG00000173876.9$TUBB8$chr10$120103$-,0.36
chr3:169937400-169939800,ENSG00000173889.11$PHC3$chr3$169899537$-,0.58
chr11:66278600-66280200,ENSG00000173914.7$RBM4B$chr11$66445392$-,0.35
chr11:66345200-66347400,ENSG00000173914.7$RBM4B$chr11$66445392$-,0.41
chr11:66358200-66360600,ENSG00000173914.7$RBM4B$chr11$66445392$-,0.44
chr11:66430200-66431800,ENSG00000173914.7$RBM4B$chr11$66445392$-,0.61
chr10:105126800-105127600,ENSG00000173915.8$USMG5$chr10$105156223$-,0.5
chr19:11497000-11498800,ENSG00000173928.2$SWSAP1$chr19$11485361$+,0.73
chr19:11544800-11546400,ENSG00000173928.2$SWSAP1$chr19$11485361$+,0.5
chr19:11547000-11549400,ENSG00000173928.2$SWSAP1$chr19$11485361$+,0.5
chr19:11617000-11618800,ENSG00000173928.2$SWSAP1$chr19$11485361$+,0.37
chr19:11637000-11639400,ENSG00000173928.2$SWSAP1$chr19$11485361$+,0.4
chr11:66153400-66154600,ENSG00000173933.15$RBM4$chr11$66384097$+,0.37
chr11:66276200-66278200,ENSG00000173933.15$RBM4$chr11$66384097$+,0.56
chr11:66278600-66280200,ENSG00000173933.15$RBM4$chr11$66384097$+,0.53
chr11:66345200-66347400,ENSG00000173933.15$RBM4$chr11$66384097$+,0.67
chr11:66358200-66360600,ENSG00000173933.15$RBM4$chr11$66384097$+,0.76
chr11:66430200-66431800,ENSG00000173933.15$RBM4$chr11$66384097$+,0.5
chr1:111714000-111716400,ENSG00000173947.9$PIFO$chr1$111888910$+,0.35
chr1:111836600-111839000,ENSG00000173947.9$PIFO$chr1$111888910$+,0.54
chr1:111877600-111878400,ENSG00000173947.9$PIFO$chr1$111888910$+,0.67
chr1:111972200-111973200,ENSG00000173947.9$PIFO$chr1$111888910$+,0.45
chr3:195079400-195079800,ENSG00000173950.11$XXYLT1$chr3$194991896$-,0.38
chr2:24114200-24115800,ENSG00000173960.8$UBXN2A$chr2$24150155$+,0.54
chr2:24161400-24163000,ENSG00000173960.8$UBXN2A$chr2$24150155$+,0.63
chr2:24258400-24260800,ENSG00000173960.8$UBXN2A$chr2$24150155$+,0.44
chr2:24267800-24269800,ENSG00000173960.8$UBXN2A$chr2$24150155$+,0.44
chr2:24307800-24308800,ENSG00000173960.8$UBXN2A$chr2$24150155$+,0.36
chr19:3797400-3799800,ENSG00000173976.11$RAX2$chr19$3772233$-,0.37
chr13:46627400-46628800,ENSG00000173988.8$LRRC63$chr13$46786083$+,0.4
chr13:46708800-46711200,ENSG00000173988.8$LRRC63$chr13$46786083$+,0.4
chr13:46793600-46795400,ENSG00000173988.8$LRRC63$chr13$46786083$+,0.48
chr13:46862600-46865000,ENSG00000173988.8$LRRC63$chr13$46786083$+,0.55
chr11:66112600-66114800,ENSG00000173992.4$CCS$chr11$66360292$+,0.35
chr11:66276200-66278200,ENSG00000173992.4$CCS$chr11$66360292$+,0.54
chr11:66278600-66280200,ENSG00000173992.4$CCS$chr11$66360292$+,0.49
chr11:66345200-66347400,ENSG00000173992.4$CCS$chr11$66360292$+,0.72
chr11:66430200-66431800,ENSG00000173992.4$CCS$chr11$66360292$+,0.44
chr3:196160000-196161400,ENSG00000174004.5$NRROS$chr3$196366557$+,0.4
chr3:196221200-196222800,ENSG00000174004.5$NRROS$chr3$196366557$+,0.37
chr3:196353600-196355400,ENSG00000174004.5$NRROS$chr3$196366557$+,0.65
chr3:196439800-196441800,ENSG00000174004.5$NRROS$chr3$196366557$+,0.66
chr3:196465600-196466800,ENSG00000174004.5$NRROS$chr3$196366557$+,0.58
chr3:196483800-196486200,ENSG00000174004.5$NRROS$chr3$196366557$+,0.55
chr3:196486600-196486800,ENSG00000174004.5$NRROS$chr3$196366557$+,0.41
chr3:196593600-196594400,ENSG00000174004.5$NRROS$chr3$196366557$+,0.41
chr3:196221200-196222800,ENSG00000174007.7$CEP19$chr3$196439164$-,0.37
chr3:196353600-196355400,ENSG00000174007.7$CEP19$chr3$196439164$-,0.53
chr3:196465600-196466800,ENSG00000174007.7$CEP19$chr3$196439164$-,0.59
chr3:196483800-196486200,ENSG00000174007.7$CEP19$chr3$196439164$-,0.63
chr3:196486600-196486800,ENSG00000174007.7$CEP19$chr3$196439164$-,0.58
chr3:196564200-196566400,ENSG00000174007.7$CEP19$chr3$196439164$-,0.38
chr3:196593600-196594400,ENSG00000174007.7$CEP19$chr3$196439164$-,0.36
chrX:24004400-24004600,ENSG00000174010.9$KLHL15$chrX$24045303$-,0.4
chrX:24031800-24034200,ENSG00000174010.9$KLHL15$chrX$24045303$-,0.36
chr3:196160000-196161400,ENSG00000174013.7$FBXO45$chr3$196295482$+,0.39
chr3:196196000-196197000,ENSG00000174013.7$FBXO45$chr3$196295482$+,0.36
chr3:196220000-196220600,ENSG00000174013.7$FBXO45$chr3$196295482$+,0.43
chr3:196221200-196222800,ENSG00000174013.7$FBXO45$chr3$196295482$+,0.43
chr3:196353600-196355400,ENSG00000174013.7$FBXO45$chr3$196295482$+,0.47
chr3:196439800-196441800,ENSG00000174013.7$FBXO45$chr3$196295482$+,0.49
chr3:196465600-196466800,ENSG00000174013.7$FBXO45$chr3$196295482$+,0.36
chr3:196483800-196486200,ENSG00000174013.7$FBXO45$chr3$196295482$+,0.35
chr13:46243600-46245600,ENSG00000174015.5$SPERT$chr13$46276446$+,0.56
chr1:84762200-84764200,ENSG00000174021.6$GNG5$chr1$84972248$-,0.35
chr1:84907400-84909800,ENSG00000174021.6$GNG5$chr1$84972248$-,0.6
chr1:84963200-84964800,ENSG00000174021.6$GNG5$chr1$84972248$-,0.63
chr1:85040600-85041400,ENSG00000174021.6$GNG5$chr1$84972248$-,0.46
chr13:45830800-45833200,ENSG00000174032.12$SLC25A30$chr13$45992590$-,0.41
chr13:45916200-45918200,ENSG00000174032.12$SLC25A30$chr13$45992590$-,0.42
chr9:35035600-35038000,ENSG00000174038.8$C9orf131$chr9$35041092$+,0.45
chr11:66276200-66278200,ENSG00000174080.6$CTSF$chr11$66336312$-,0.39
chr11:66278600-66280200,ENSG00000174080.6$CTSF$chr11$66336312$-,0.37
chr11:66345200-66347400,ENSG00000174080.6$CTSF$chr11$66336312$-,0.59
chr11:66358200-66360600,ENSG00000174080.6$CTSF$chr11$66336312$-,0.45
chr17:36410000-36412200,ENSG00000174093.6$RP11-1407O15.2$chr17$36421858$-,0.36
chr12:65549400-65551600,ENSG00000174106.2$LEMD3$chr12$65563351$+,0.63
chr12:65625800-65628200,ENSG00000174106.2$LEMD3$chr12$65563351$+,0.62
chr16:1471400-1473000,ENSG00000174109.3$C16orf91$chr16$1479345$-,0.52
chr17:36410000-36412200,ENSG00000174111.8$SOCS7$chr17$36508111$+,0.45
chr4:38709000-38710600,ENSG00000174123.6$TLR10$chr4$38784611$-,0.58
chr4:38731400-38733600,ENSG00000174123.6$TLR10$chr4$38784611$-,0.53
chr4:38838800-38840600,ENSG00000174123.6$TLR10$chr4$38784611$-,0.37
chr4:38916200-38917800,ENSG00000174123.6$TLR10$chr4$38784611$-,0.51
chr4:38731400-38733600,ENSG00000174125.3$TLR1$chr4$38858438$-,0.39
chr4:38838800-38840600,ENSG00000174125.3$TLR1$chr4$38858438$-,0.62
chr4:38916200-38917800,ENSG00000174125.3$TLR1$chr4$38858438$-,0.67
chr4:39010000-39012200,ENSG00000174125.3$TLR1$chr4$38858438$-,0.37
chr4:38731400-38733600,ENSG00000174130.8$TLR6$chr4$38858438$-,0.39
chr4:38838800-38840600,ENSG00000174130.8$TLR6$chr4$38858438$-,0.62
chr4:38916200-38917800,ENSG00000174130.8$TLR6$chr4$38858438$-,0.67
chr4:39010000-39012200,ENSG00000174130.8$TLR6$chr4$38858438$-,0.37
chr5:99902000-99902400,ENSG00000174132.8$FAM174A$chr5$99871009$+,0.52
chr5:99903400-99903800,ENSG00000174132.8$FAM174A$chr5$99871009$+,0.57
chr5:99994600-99995600,ENSG00000174132.8$FAM174A$chr5$99871009$+,0.54
chr5:98107000-98109000,ENSG00000174136.7$RGMB$chr5$98104354$+,0.49
chr4:1732400-1733800,ENSG00000174137.8$FAM53A$chr4$1686029$-,0.46
chr1:109826200-109828600,ENSG00000174151.10$CYB561D1$chr1$110036674$+,0.36
chr1:109947400-109949400,ENSG00000174151.10$CYB561D1$chr1$110036674$+,0.53
chr1:109969800-109971600,ENSG00000174151.10$CYB561D1$chr1$110036674$+,0.49
chr6:52746200-52748200,ENSG00000174156.9$GSTA3$chr6$52774483$-,0.49
chr11:66153400-66154600,ENSG00000174165.3$ZDHHC24$chr11$66313709$-,0.46
chr11:66276200-66278200,ENSG00000174165.3$ZDHHC24$chr11$66313709$-,0.65
chr11:66278600-66280200,ENSG00000174165.3$ZDHHC24$chr11$66313709$-,0.62
chr11:66345200-66347400,ENSG00000174165.3$ZDHHC24$chr11$66313709$-,0.66
chr11:66358200-66360600,ENSG00000174165.3$ZDHHC24$chr11$66313709$-,0.6
chr3:101109400-101111200,ENSG00000174173.6$TRMT10C$chr3$101280706$+,0.42
chr3:101123600-101124600,ENSG00000174173.6$TRMT10C$chr3$101280706$+,0.47
chr3:101142200-101142400,ENSG00000174173.6$TRMT10C$chr3$101280706$+,0.49
chr3:101159800-101161600,ENSG00000174173.6$TRMT10C$chr3$101280706$+,0.42
chr3:101232600-101235000,ENSG00000174173.6$TRMT10C$chr3$101280706$+,0.48
chr3:101266600-101268600,ENSG00000174173.6$TRMT10C$chr3$101280706$+,0.6
chr3:101409200-101410800,ENSG00000174173.6$TRMT10C$chr3$101280706$+,0.39
chr3:101413600-101415800,ENSG00000174173.6$TRMT10C$chr3$101280706$+,0.41
chr3:101495800-101497800,ENSG00000174173.6$TRMT10C$chr3$101280706$+,0.37
chr3:101518600-101520600,ENSG00000174173.6$TRMT10C$chr3$101280706$+,0.37
chr1:169534200-169536000,ENSG00000174175.12$SELP$chr1$169599431$-,0.38
chr1:169608600-169609200,ENSG00000174175.12$SELP$chr1$169599431$-,0.61
chr1:169639600-169642000,ENSG00000174175.12$SELP$chr1$169599431$-,0.42
chr1:169680200-169681600,ENSG00000174175.12$SELP$chr1$169599431$-,0.35
chr16:88517200-88519400,ENSG00000174177.8$CTU2$chr16$88772871$+,0.38
chr16:88924400-88926800,ENSG00000174177.8$CTU2$chr16$88772871$+,0.43
chr15:41834200-41836000,ENSG00000174197.12$MGA$chr15$41913422$+,0.53
chr15:41836400-41837800,ENSG00000174197.12$MGA$chr15$41913422$+,0.52
chr15:41845600-41847600,ENSG00000174197.12$MGA$chr15$41913422$+,0.41
chr15:41963000-41965200,ENSG00000174197.12$MGA$chr15$41913422$+,0.51
chr8:101702400-101703600,ENSG00000174226.4$SNX31$chr8$101675643$-,0.37
chr4:465800-467000,ENSG00000174227.11$PIGG$chr4$492989$+,0.6
chr4:468000-469000,ENSG00000174227.11$PIGG$chr4$492989$+,0.52
chr4:476600-477800,ENSG00000174227.11$PIGG$chr4$492989$+,0.61
chr4:501400-503600,ENSG00000174227.11$PIGG$chr4$492989$+,0.57
chr17:1621000-1622800,ENSG00000174231.12$PRPF8$chr17$1588176$-,0.58
chr17:1588200-1590400,ENSG00000174238.10$PITPNA$chr17$1466110$-,0.41
chr17:1621000-1622800,ENSG00000174238.10$PITPNA$chr17$1466110$-,0.47
chr12:49413000-49415400,ENSG00000174243.5$DDX23$chr12$49246625$-,0.35
chr12:49462400-49463400,ENSG00000174243.5$DDX23$chr12$49246625$-,0.36
chr3:113960000-113960800,ENSG00000174255.5$ZNF80$chr3$113956425$-,0.71
chr3:114003600-114006000,ENSG00000174255.5$ZNF80$chr3$113956425$-,0.45
chr11:64690600-64691800,ENSG00000174276.5$ZNHIT2$chr11$64885170$-,0.4
chr11:64780200-64781400,ENSG00000174276.5$ZNHIT2$chr11$64885170$-,0.54
chr11:64805800-64808200,ENSG00000174276.5$ZNHIT2$chr11$64885170$-,0.47
chr11:64902800-64905200,ENSG00000174276.5$ZNHIT2$chr11$64885170$-,0.5
chr2:176952400-176954400,ENSG00000174279.4$EVX2$chr2$176948641$-,0.77
chr17:7298400-7300000,ENSG00000174282.7$ZBTB4$chr17$7387582$-,0.42
chr17:7337800-7338800,ENSG00000174282.7$ZBTB4$chr17$7387582$-,0.53
chr17:7356800-7358800,ENSG00000174282.7$ZBTB4$chr17$7387582$-,0.69
chr17:7359400-7361600,ENSG00000174282.7$ZBTB4$chr17$7387582$-,0.74
chr17:7426000-7426800,ENSG00000174282.7$ZBTB4$chr17$7387582$-,0.65
chr17:7528600-7530600,ENSG00000174282.7$ZBTB4$chr17$7387582$-,0.46
chr17:7531200-7532000,ENSG00000174282.7$ZBTB4$chr17$7387582$-,0.39
chr17:7298400-7300000,ENSG00000174292.8$TNK1$chr17$7283853$+,0.39
chr20:40064800-40067200,ENSG00000174306.17$ZHX3$chr20$39946312$-,0.46
chr20:40108000-40109800,ENSG00000174306.17$ZHX3$chr20$39946312$-,0.35
chr17:6734000-6736000,ENSG00000174326.7$SLC16A11$chr17$6947242$-,0.4
chr17:6908000-6908800,ENSG00000174326.7$SLC16A11$chr17$6947242$-,0.5
chr17:6936600-6939000,ENSG00000174326.7$SLC16A11$chr17$6947242$-,0.57
chr17:7143000-7145000,ENSG00000174326.7$SLC16A11$chr17$6947242$-,0.38
chr17:7146600-7148200,ENSG00000174326.7$SLC16A11$chr17$6947242$-,0.41
chr17:7156200-7158200,ENSG00000174326.7$SLC16A11$chr17$6947242$-,0.35
chr17:6734000-6736000,ENSG00000174327.6$SLC16A13$chr17$6939394$+,0.4
chr17:6908000-6908800,ENSG00000174327.6$SLC16A13$chr17$6939394$+,0.45
chr17:7143000-7145000,ENSG00000174327.6$SLC16A13$chr17$6939394$+,0.35
chr17:7146600-7148200,ENSG00000174327.6$SLC16A13$chr17$6939394$+,0.36
chr5:1167400-1169600,ENSG00000174358.11$SLC6A19$chr5$1201710$+,0.37
chr5:1268200-1270000,ENSG00000174358.11$SLC6A19$chr5$1201710$+,0.42
chr11:128718400-128720400,ENSG00000174370.5$C11orf45$chr11$128775930$-,0.4
chr11:128891800-128893400,ENSG00000174370.5$C11orf45$chr11$128775930$-,0.37
chr1:241851400-241853400,ENSG00000174371.12$EXO1$chr1$242011269$+,0.36
chr14:36235000-36236800,ENSG00000174373.11$RALGAPA1$chr14$36278510$-,0.5
chr7:74307400-74307800,ENSG00000174374.9$WBSCR16$chr7$74490064$-,0.4
chr13:108997400-108997600,ENSG00000174405.9$LIG4$chr13$108870716$-,0.38
chr13:108998800-109000800,ENSG00000174405.9$LIG4$chr13$108870716$-,0.43
chr13:109007000-109007600,ENSG00000174405.9$LIG4$chr13$108870716$-,0.39
chr12:110560000-110562200,ENSG00000174437.12$ATP2A2$chr12$110718561$+,0.36
chr12:110586600-110587800,ENSG00000174437.12$ATP2A2$chr12$110718561$+,0.49
chr12:110867800-110869600,ENSG00000174437.12$ATP2A2$chr12$110718561$+,0.37
chr15:66646200-66648400,ENSG00000174442.7$ZWILCH$chr15$66797297$+,0.46
chr15:66649200-66650400,ENSG00000174442.7$ZWILCH$chr15$66797297$+,0.42
chr15:66677200-66678800,ENSG00000174442.7$ZWILCH$chr15$66797297$+,0.4
chr15:66646200-66648400,ENSG00000174446.8$SNAPC5$chr15$66790151$-,0.38
chr15:66649200-66650400,ENSG00000174446.8$SNAPC5$chr15$66790151$-,0.4
chr15:66677200-66678800,ENSG00000174446.8$SNAPC5$chr15$66790151$-,0.38
chr18:51750800-51751800,ENSG00000174448.4$STARD6$chr18$51884334$-,0.5
chr18:51796800-51799200,ENSG00000174448.4$STARD6$chr18$51884334$-,0.41
chr18:51810600-51813000,ENSG00000174448.4$STARD6$chr18$51884334$-,0.56
chr12:110560000-110562200,ENSG00000174456.9$C12orf76$chr12$110511491$-,0.46
chr12:110586600-110587800,ENSG00000174456.9$C12orf76$chr12$110511491$-,0.45
chr11:66153400-66154600,ENSG00000174483.15$BBS1$chr11$66278077$+,0.4
chr11:66345200-66347400,ENSG00000174483.15$BBS1$chr11$66278077$+,0.51
chr11:66358200-66360600,ENSG00000174483.15$BBS1$chr11$66278077$+,0.5
chr11:66430200-66431800,ENSG00000174483.15$BBS1$chr11$66278077$+,0.37
chr15:65930400-65932400,ENSG00000174485.10$DENND4A$chr15$66084631$-,0.36
chr15:66160000-66161400,ENSG00000174485.10$DENND4A$chr15$66084631$-,0.44
chr3:112005800-112006600,ENSG00000174500.8$GCSAM$chr3$111852152$-,0.46
chr11:66112600-66114800,ENSG00000174516.10$PELI3$chr11$66234216$+,0.37
chr11:66153400-66154600,ENSG00000174516.10$PELI3$chr11$66234216$+,0.6
chr11:66276200-66278200,ENSG00000174516.10$PELI3$chr11$66234216$+,0.59
chr11:66278600-66280200,ENSG00000174516.10$PELI3$chr11$66234216$+,0.58
chr11:66345200-66347400,ENSG00000174516.10$PELI3$chr11$66234216$+,0.46
chr11:66358200-66360600,ENSG00000174516.10$PELI3$chr11$66234216$+,0.49
chr11:66430200-66431800,ENSG00000174516.10$PELI3$chr11$66234216$+,0.41
chr19:40695400-40696600,ENSG00000174521.7$TTC9B$chr19$40724306$-,0.37
chr1:205084600-205086800,ENSG00000174529.6$TMEM81$chr1$205053645$-,0.64
chr1:205091800-205092600,ENSG00000174529.6$TMEM81$chr1$205053645$-,0.43
chr1:205110200-205112000,ENSG00000174529.6$TMEM81$chr1$205053645$-,0.45
chr1:205177400-205179800,ENSG00000174529.6$TMEM81$chr1$205053645$-,0.36
chr3:136538400-136540800,ENSG00000174564.8$IL20RB$chr3$136665072$+,0.47
chr3:136582200-136583800,ENSG00000174564.8$IL20RB$chr3$136665072$+,0.35
chr3:136599000-136599800,ENSG00000174564.8$IL20RB$chr3$136665072$+,0.46
chr3:136609600-136610200,ENSG00000174564.8$IL20RB$chr3$136665072$+,0.55
chr3:136630200-136632600,ENSG00000174564.8$IL20RB$chr3$136665072$+,0.61
chr3:136632800-136634400,ENSG00000174564.8$IL20RB$chr3$136665072$+,0.67
chr3:136642600-136645000,ENSG00000174564.8$IL20RB$chr3$136665072$+,0.66
chr1:204175200-204177000,ENSG00000174567.7$GOLT1A$chr1$204183220$-,0.61
chr1:39336600-39338400,ENSG00000174574.11$AKIRIN1$chr1$39456895$+,0.36
chr1:39418600-39419800,ENSG00000174574.11$AKIRIN1$chr1$39456895$+,0.59
chr1:39429400-39430200,ENSG00000174574.11$AKIRIN1$chr1$39456895$+,0.58
chr1:39442200-39444600,ENSG00000174574.11$AKIRIN1$chr1$39456895$+,0.7
chr1:39490800-39491800,ENSG00000174574.11$AKIRIN1$chr1$39456895$+,0.52
chr1:39503800-39506000,ENSG00000174574.11$AKIRIN1$chr1$39456895$+,0.51
chr3:135865000-135867200,ENSG00000174579.3$MSL2$chr3$135916083$-,0.41
chr19:58738400-58739600,ENSG00000174586.6$ZNF497$chr19$58874214$-,0.35
chr19:58791000-58793400,ENSG00000174586.6$ZNF497$chr19$58874214$-,0.39
chr19:58815000-58816200,ENSG00000174586.6$ZNF497$chr19$58874214$-,0.47
chr19:58836000-58838000,ENSG00000174586.6$ZNF497$chr19$58874214$-,0.53
chr19:58892800-58895200,ENSG00000174586.6$ZNF497$chr19$58874214$-,0.56
chr19:58895600-58897800,ENSG00000174586.6$ZNF497$chr19$58874214$-,0.47
chr19:58910800-58912800,ENSG00000174586.6$ZNF497$chr19$58874214$-,0.42
chr19:58917600-58919200,ENSG00000174586.6$ZNF497$chr19$58874214$-,0.41
chr19:58920800-58922000,ENSG00000174586.6$ZNF497$chr19$58874214$-,0.43
chr19:58987800-58989800,ENSG00000174586.6$ZNF497$chr19$58874214$-,0.36
chr19:59000000-59001000,ENSG00000174586.6$ZNF497$chr19$58874214$-,0.37
chr7:130352000-130352800,ENSG00000174595.4$KLF14$chr7$130418888$-,0.41
chr7:130354000-130355200,ENSG00000174595.4$KLF14$chr7$130418888$-,0.49
chr1:213181200-213183200,ENSG00000174606.8$ANGEL2$chr1$213189168$-,0.58
chr19:9421000-9421400,ENSG00000174652.13$ZNF266$chr19$9546254$-,0.37
chr19:9435200-9437000,ENSG00000174652.13$ZNF266$chr19$9546254$-,0.39
chr19:9518200-9519000,ENSG00000174652.13$ZNF266$chr19$9546254$-,0.68
chr19:9646600-9648800,ENSG00000174652.13$ZNF266$chr19$9546254$-,0.41
chr19:9649600-9651400,ENSG00000174652.13$ZNF266$chr19$9546254$-,0.4
chr11:66112600-66114800,ENSG00000174669.7$SLC29A2$chr11$66139685$-,0.69
chr11:66153400-66154600,ENSG00000174669.7$SLC29A2$chr11$66139685$-,0.56
chr11:66276200-66278200,ENSG00000174669.7$SLC29A2$chr11$66139685$-,0.48
chr11:66278600-66280200,ENSG00000174669.7$SLC29A2$chr11$66139685$-,0.42
chr11:1331600-1333400,ENSG00000174672.11$BRSK2$chr11$1411129$+,0.49
chr11:66153400-66154600,ENSG00000174684.6$B3GNT1$chr11$66115163$-,0.55
chr11:66276200-66278200,ENSG00000174684.6$B3GNT1$chr11$66115163$-,0.39
chr11:66278600-66280200,ENSG00000174684.6$B3GNT1$chr11$66115163$-,0.39
chr12:31879000-31881200,ENSG00000174718.7$KIAA1551$chr12$32112304$+,0.36
chr12:31973600-31975000,ENSG00000174718.7$KIAA1551$chr12$32112304$+,0.39
chr12:32032600-32033800,ENSG00000174718.7$KIAA1551$chr12$32112304$+,0.41
chr12:32038800-32040200,ENSG00000174718.7$KIAA1551$chr12$32112304$+,0.48
chr12:32213200-32214000,ENSG00000174718.7$KIAA1551$chr12$32112304$+,0.35
chr4:113559200-113561000,ENSG00000174720.11$LARP7$chr4$113558120$+,0.41
chr10:93665600-93668000,ENSG00000174721.9$FGFBP3$chr10$93669240$-,0.46
chr10:93681600-93683200,ENSG00000174721.9$FGFBP3$chr10$93669240$-,0.62
chr10:93704000-93706400,ENSG00000174721.9$FGFBP3$chr10$93669240$-,0.57
chr10:93744800-93745600,ENSG00000174721.9$FGFBP3$chr10$93669240$-,0.55
chr11:66153400-66154600,ENSG00000174744.9$BRMS1$chr11$66112596$-,0.56
chr11:66276200-66278200,ENSG00000174744.9$BRMS1$chr11$66112596$-,0.37
chr11:66278600-66280200,ENSG00000174744.9$BRMS1$chr11$66112596$-,0.38
chr4:113039600-113041800,ENSG00000174749.5$C4orf32$chr4$113066553$+,0.7
chr4:113150800-113152000,ENSG00000174749.5$C4orf32$chr4$113066553$+,0.55
chr11:319000-321400,ENSG00000174775.12$HRAS$chr11$537287$-,0.36
chr11:367200-369200,ENSG00000174775.12$HRAS$chr11$537287$-,0.46
chr11:507400-509400,ENSG00000174775.12$HRAS$chr11$537287$-,0.71
chr11:517200-519400,ENSG00000174775.12$HRAS$chr11$537287$-,0.68
chr4:57214400-57215400,ENSG00000174780.11$SRP72$chr4$57333081$+,0.59
chr4:57251200-57253000,ENSG00000174780.11$SRP72$chr4$57333081$+,0.57
chr4:57410200-57411600,ENSG00000174780.11$SRP72$chr4$57333081$+,0.51
chr19:7597600-7599000,ENSG00000174788.5$PCP2$chr19$7698634$-,0.46
chr19:7600800-7602600,ENSG00000174788.5$PCP2$chr19$7698634$-,0.52
chr19:7746200-7748600,ENSG00000174788.5$PCP2$chr19$7698634$-,0.66
chr19:7815400-7817200,ENSG00000174788.5$PCP2$chr19$7698634$-,0.51
chr19:7871400-7873600,ENSG00000174788.5$PCP2$chr19$7698634$-,0.36
chr11:66112600-66114800,ENSG00000174791.6$RIN1$chr11$66104311$-,0.41
chr11:66153400-66154600,ENSG00000174791.6$RIN1$chr11$66104311$-,0.38
chr4:76440400-76441800,ENSG00000174796.8$THAP6$chr4$76439156$+,0.35
chr4:76445600-76446200,ENSG00000174796.8$THAP6$chr4$76439156$+,0.54
chr4:76498200-76499400,ENSG00000174796.8$THAP6$chr4$76439156$+,0.66
chr4:76556200-76557000,ENSG00000174796.8$THAP6$chr4$76439156$+,0.68
chr4:76599000-76601400,ENSG00000174796.8$THAP6$chr4$76439156$+,0.4
chr4:76607800-76610000,ENSG00000174796.8$THAP6$chr4$76439156$+,0.37
chr4:76622800-76624800,ENSG00000174796.8$THAP6$chr4$76439156$+,0.39
chr4:56724000-56725000,ENSG00000174799.6$CEP135$chr4$56815037$+,0.48
chr11:66112600-66114800,ENSG00000174807.3$CD248$chr11$66084515$-,0.38
chr11:66153400-66154600,ENSG00000174807.3$CD248$chr11$66084515$-,0.37
chr19:6808400-6810800,ENSG00000174837.10$EMR1$chr19$6887577$+,0.37
chr19:6925200-6927200,ENSG00000174837.10$EMR1$chr19$6887577$+,0.46
chr19:6945600-6946000,ENSG00000174837.10$EMR1$chr19$6887577$+,0.48
chr19:6947200-6948800,ENSG00000174837.10$EMR1$chr19$6887577$+,0.41
chr19:7088800-7089600,ENSG00000174837.10$EMR1$chr19$6887577$+,0.35
chr3:57540000-57541400,ENSG00000174839.8$DENND6A$chr3$57678816$-,0.39
chr3:57584200-57586400,ENSG00000174839.8$DENND6A$chr3$57678816$-,0.39
chr3:57640000-57641000,ENSG00000174839.8$DENND6A$chr3$57678816$-,0.56
chr3:57660600-57662000,ENSG00000174839.8$DENND6A$chr3$57678816$-,0.54
chr3:57568400-57570600,ENSG00000174840.8$PDE12$chr3$57542003$+,0.59
chr3:57584200-57586400,ENSG00000174840.8$PDE12$chr3$57542003$+,0.38
chr3:57640000-57641000,ENSG00000174840.8$PDE12$chr3$57542003$+,0.44
chr3:57660600-57662000,ENSG00000174840.8$PDE12$chr3$57542003$+,0.4
chr1:92666800-92669200,ENSG00000174842.12$GLMN$chr1$92764544$-,0.51
chr1:92776200-92778400,ENSG00000174842.12$GLMN$chr1$92764544$-,0.55
chr1:92789000-92791000,ENSG00000174842.12$GLMN$chr1$92764544$-,0.64
chr1:92931600-92933600,ENSG00000174842.12$GLMN$chr1$92764544$-,0.44
chr3:57540000-57541400,ENSG00000174844.10$DNAH12$chr3$57530071$-,0.64
chr3:57568400-57570600,ENSG00000174844.10$DNAH12$chr3$57530071$-,0.37
chr11:65937400-65938600,ENSG00000174851.10$YIF1A$chr11$66056641$-,0.35
chr11:66112600-66114800,ENSG00000174851.10$YIF1A$chr11$66056641$-,0.49
chr11:66153400-66154600,ENSG00000174851.10$YIF1A$chr11$66056641$-,0.38
chr11:66278600-66280200,ENSG00000174851.10$YIF1A$chr11$66056641$-,0.35
chr11:66112600-66114800,ENSG00000174871.6$CNIH2$chr11$66045661$+,0.39
chr11:66153400-66154600,ENSG00000174871.6$CNIH2$chr11$66045661$+,0.38
chr11:250400-251800,ENSG00000174885.8$NLRP6$chr11$278365$+,0.5
chr11:319000-321400,ENSG00000174885.8$NLRP6$chr11$278365$+,0.52
chr11:367200-369200,ENSG00000174885.8$NLRP6$chr11$278365$+,0.49
chr19:5681200-5683600,ENSG00000174886.8$NDUFA11$chr19$5904017$-,0.38
chr19:5720800-5721600,ENSG00000174886.8$NDUFA11$chr19$5904017$-,0.41
chr19:5788200-5790400,ENSG00000174886.8$NDUFA11$chr19$5904017$-,0.57
chr19:5794000-5795000,ENSG00000174886.8$NDUFA11$chr19$5904017$-,0.59
chr3:157828600-157830400,ENSG00000174891.8$RSRC1$chr3$157823644$+,0.52
chr3:157845000-157846800,ENSG00000174891.8$RSRC1$chr3$157823644$+,0.4
chr19:5614600-5616600,ENSG00000174898.11$CATSPERD$chr19$5720688$+,0.43
chr19:5681200-5683600,ENSG00000174898.11$CATSPERD$chr19$5720688$+,0.64
chr19:5788200-5790400,ENSG00000174898.11$CATSPERD$chr19$5720688$+,0.49
chr19:5794000-5795000,ENSG00000174898.11$CATSPERD$chr19$5720688$+,0.65
chr11:65857400-65858800,ENSG00000174903.10$RAB1B$chr11$66036004$+,0.39
chr11:65924000-65926400,ENSG00000174903.10$RAB1B$chr11$66036004$+,0.38
chr11:65937400-65938600,ENSG00000174903.10$RAB1B$chr11$66036004$+,0.51
chr11:66112600-66114800,ENSG00000174903.10$RAB1B$chr11$66036004$+,0.56
chr11:66153400-66154600,ENSG00000174903.10$RAB1B$chr11$66036004$+,0.47
chr11:66278600-66280200,ENSG00000174903.10$RAB1B$chr11$66036004$+,0.41
chr11:319000-321400,ENSG00000174915.7$PTDSS2$chr11$448268$+,0.42
chr11:367200-369200,ENSG00000174915.7$PTDSS2$chr11$448268$+,0.52
chr11:507400-509400,ENSG00000174915.7$PTDSS2$chr11$448268$+,0.6
chr11:517200-519400,ENSG00000174915.7$PTDSS2$chr11$448268$+,0.63
chr19:5614600-5616600,ENSG00000174917.4$C19orf70$chr19$5680907$-,0.58
chr19:5681200-5683600,ENSG00000174917.4$C19orf70$chr19$5680907$-,0.35
chr19:5720800-5721600,ENSG00000174917.4$C19orf70$chr19$5680907$-,0.63
chr19:5788200-5790400,ENSG00000174917.4$C19orf70$chr19$5680907$-,0.61
chr19:5794000-5795000,ENSG00000174917.4$C19orf70$chr19$5680907$-,0.59
chr3:155553000-155554000,ENSG00000174928.11$C3orf33$chr3$155524140$-,0.71
chr3:155572800-155573400,ENSG00000174928.11$C3orf33$chr3$155524140$-,0.6
chr3:155587000-155588600,ENSG00000174928.11$C3orf33$chr3$155524140$-,0.53
chr3:155602200-155603200,ENSG00000174928.11$C3orf33$chr3$155524140$-,0.5
chr3:155603400-155605800,ENSG00000174928.11$C3orf33$chr3$155524140$-,0.48
chr3:155625200-155627200,ENSG00000174928.11$C3orf33$chr3$155524140$-,0.47
chr16:29874800-29877000,ENSG00000174938.10$SEZ6L2$chr16$29910868$-,0.38
chr16:29874800-29877000,ENSG00000174939.6$ASPHD1$chr16$29911696$+,0.37
chr16:29938000-29939800,ENSG00000174939.6$ASPHD1$chr16$29911696$+,0.37
chr16:29972000-29973000,ENSG00000174943.5$KCTD13$chr16$29938356$-,0.47
chr19:49111800-49113000,ENSG00000174951.6$FUT1$chr19$49258647$-,0.38
chr19:49215400-49217000,ENSG00000174951.6$FUT1$chr19$49258647$-,0.43
chr19:49224200-49226200,ENSG00000174951.6$FUT1$chr19$49258647$-,0.47
chr19:49262400-49264800,ENSG00000174951.6$FUT1$chr19$49258647$-,0.63
chr19:49318000-49320400,ENSG00000174951.6$FUT1$chr19$49258647$-,0.42
chr19:49402400-49403400,ENSG00000174951.6$FUT1$chr19$49258647$-,0.36
chr3:154024400-154026600,ENSG00000174953.9$DHX36$chr3$154042286$-,0.77
chr16:29800200-29801600,ENSG00000174992.6$ZG16$chr16$29789561$+,0.39
chr11:65924000-65926400,ENSG00000174996.7$KLC2$chr11$66024765$+,0.38
chr11:66112600-66114800,ENSG00000174996.7$KLC2$chr11$66024765$+,0.42
chr10:127406200-127407400,ENSG00000175018.8$TEX36$chr10$127371713$-,0.46
chr3:142663600-142664400,ENSG00000175040.4$CHST2$chr3$142838173$+,0.35
chr6:157742400-157744000,ENSG00000175048.12$ZDHHC14$chr6$157802165$+,0.58
chr3:142167400-142168400,ENSG00000175054.10$ATR$chr3$142297668$-,0.38
chr3:142313200-142314800,ENSG00000175054.10$ATR$chr3$142297668$-,0.63
chr3:142315600-142318000,ENSG00000175054.10$ATR$chr3$142297668$-,0.54
chr20:44421400-44422800,ENSG00000175063.12$UBE2C$chr20$44441215$+,0.41
chr20:44427000-44428800,ENSG00000175063.12$UBE2C$chr20$44441215$+,0.46
chr20:44508800-44509800,ENSG00000175063.12$UBE2C$chr20$44441215$+,0.51
chr3:141868000-141869400,ENSG00000175066.11$GK5$chr3$141944449$-,0.55
chr3:141998400-141999400,ENSG00000175066.11$GK5$chr3$141944449$-,0.64
chr8:67526400-67528000,ENSG00000175073.7$VCPIP1$chr8$67579452$-,0.47
chr8:67528600-67529400,ENSG00000175073.7$VCPIP1$chr8$67579452$-,0.57
chr8:67585800-67587800,ENSG00000175073.7$VCPIP1$chr8$67579452$-,0.49
chr8:67594800-67595600,ENSG00000175073.7$VCPIP1$chr8$67579452$-,0.65
chr8:67601000-67603000,ENSG00000175073.7$VCPIP1$chr8$67579452$-,0.62
chr8:67622800-67624600,ENSG00000175073.7$VCPIP1$chr8$67579452$-,0.49
chr8:67685200-67687000,ENSG00000175073.7$VCPIP1$chr8$67579452$-,0.5
chr1:26471200-26472600,ENSG00000175087.5$PDIK1L$chr1$26437664$+,0.58
chr1:26516400-26518800,ENSG00000175087.5$PDIK1L$chr1$26437664$+,0.43
chr11:36616600-36618600,ENSG00000175097.3$RAG2$chr11$36619829$-,0.52
chr11:36571400-36573000,ENSG00000175104.10$TRAF6$chr11$36531822$-,0.62
chr11:36616600-36618600,ENSG00000175104.10$TRAF6$chr11$36531822$-,0.42
chr3:88196000-88198400,ENSG00000175105.5$ZNF654$chr3$88188254$+,0.49
chr3:88213800-88215000,ENSG00000175105.5$ZNF654$chr3$88188254$+,0.44
chr17:15465200-15466400,ENSG00000175106.12$TVP23C$chr17$15466909$-,0.42
chr17:15496400-15497000,ENSG00000175106.12$TVP23C$chr17$15466909$-,0.55
chr17:15585400-15587400,ENSG00000175106.12$TVP23C$chr17$15466909$-,0.42
chr17:15601200-15602600,ENSG00000175106.12$TVP23C$chr17$15466909$-,0.38
chr11:65756200-65757400,ENSG00000175115.7$PACS1$chr11$65837834$+,0.44
chr11:65857400-65858800,ENSG00000175115.7$PACS1$chr11$65837834$+,0.57
chr1:32704200-32706400,ENSG00000175130.6$MARCKSL1$chr1$32801980$-,0.38
chr1:32755000-32757200,ENSG00000175130.6$MARCKSL1$chr1$32801980$-,0.46
chr1:32810400-32812800,ENSG00000175130.6$MARCKSL1$chr1$32801980$-,0.64
chr1:32837200-32838800,ENSG00000175130.6$MARCKSL1$chr1$32801980$-,0.66
chr1:249153800-249154800,ENSG00000175137.9$SH3BP5L$chr1$249120832$-,0.64
chr1:248579400-248581800,ENSG00000175143.3$OR2T1$chr1$248569296$+,0.61
chr1:248643600-248644200,ENSG00000175143.3$OR2T1$chr1$248569296$+,0.45
chr1:248644800-248646800,ENSG00000175143.3$OR2T1$chr1$248569296$+,0.45
chr17:57297000-57297800,ENSG00000175155.4$YPEL2$chr17$57409050$+,0.38
chr17:57298800-57299600,ENSG00000175155.4$YPEL2$chr17$57409050$+,0.36
chr3:183850200-183852000,ENSG00000175166.12$PSMD2$chr3$184016497$+,0.48
chr3:183854000-183856000,ENSG00000175166.12$PSMD2$chr3$184016497$+,0.38
chr3:183964800-183966200,ENSG00000175166.12$PSMD2$chr3$184016497$+,0.59
chr3:184031400-184032200,ENSG00000175166.12$PSMD2$chr3$184016497$+,0.67
chr20:25832000-25834400,ENSG00000175170.10$FAM182B$chr20$25848861$-,0.46
chr17:56769200-56770000,ENSG00000175175.4$PPM1E$chr17$56833230$+,0.36
chr17:56770400-56772800,ENSG00000175175.4$PPM1E$chr17$56833230$+,0.42
chr3:183964800-183966200,ENSG00000175182.9$FAM131A$chr3$184053714$+,0.59
chr3:184031400-184032200,ENSG00000175182.9$FAM131A$chr3$184053714$+,0.59
chr12:57825200-57827400,ENSG00000175189.3$INHBC$chr12$57828543$+,0.52
chr12:57853800-57855800,ENSG00000175189.3$INHBC$chr12$57828543$+,0.39
chr3:183414600-183415600,ENSG00000175193.8$PARL$chr3$183602721$-,0.39
chr3:183736200-183737400,ENSG00000175193.8$PARL$chr3$183602721$-,0.53
chr12:57821400-57823800,ENSG00000175197.6$DDIT3$chr12$57914300$-,0.38
chr12:57825200-57827400,ENSG00000175197.6$DDIT3$chr12$57914300$-,0.36
chr12:57853800-57855800,ENSG00000175197.6$DDIT3$chr12$57914300$-,0.49
chr12:57881000-57881800,ENSG00000175197.6$DDIT3$chr12$57914300$-,0.54
chr12:57999000-58001400,ENSG00000175197.6$DDIT3$chr12$57914300$-,0.42
chr15:72821000-72822400,ENSG00000175202.3$HIGD2B$chr15$72978490$-,0.37
chr15:72836800-72838200,ENSG00000175202.3$HIGD2B$chr15$72978490$-,0.52
chr15:72862200-72862800,ENSG00000175202.3$HIGD2B$chr15$72978490$-,0.41
chr15:72962400-72964400,ENSG00000175202.3$HIGD2B$chr15$72978490$-,0.49
chr15:73063400-73065400,ENSG00000175202.3$HIGD2B$chr15$72978490$-,0.43
chr15:73100600-73103000,ENSG00000175202.3$HIGD2B$chr15$72978490$-,0.46
chr15:73136400-73137000,ENSG00000175202.3$HIGD2B$chr15$72978490$-,0.42
chr12:57821400-57823800,ENSG00000175203.11$DCTN2$chr12$57941114$-,0.36
chr12:57825200-57827400,ENSG00000175203.11$DCTN2$chr12$57941114$-,0.38
chr12:57853800-57855800,ENSG00000175203.11$DCTN2$chr12$57941114$-,0.4
chr12:57881000-57881800,ENSG00000175203.11$DCTN2$chr12$57941114$-,0.53
chr12:57914400-57916000,ENSG00000175203.11$DCTN2$chr12$57941114$-,0.51
chr12:57999000-58001400,ENSG00000175203.11$DCTN2$chr12$57941114$-,0.53
chr12:58086400-58088000,ENSG00000175203.11$DCTN2$chr12$57941114$-,0.46
chr12:58088600-58090200,ENSG00000175203.11$DCTN2$chr12$57941114$-,0.42
chr11:46569200-46570600,ENSG00000175213.2$ZNF408$chr11$46722368$+,0.46
chr11:46600600-46602600,ENSG00000175213.2$ZNF408$chr11$46722368$+,0.38
chr11:46603400-46604600,ENSG00000175213.2$ZNF408$chr11$46722368$+,0.39
chr11:46615600-46616800,ENSG00000175213.2$ZNF408$chr11$46722368$+,0.51
chr11:46636000-46638400,ENSG00000175213.2$ZNF408$chr11$46722368$+,0.49
chr11:46645600-46648000,ENSG00000175213.2$ZNF408$chr11$46722368$+,0.5
chr11:46868200-46869600,ENSG00000175213.2$ZNF408$chr11$46722368$+,0.47
chr12:58240800-58243200,ENSG00000175215.5$CTDSP2$chr12$58240522$-,0.39
chr12:58298000-58300200,ENSG00000175215.5$CTDSP2$chr12$58240522$-,0.37
chr11:46723000-46725200,ENSG00000175216.10$CKAP5$chr11$46867847$-,0.49
chr11:46956800-46958200,ENSG00000175216.10$CKAP5$chr11$46867847$-,0.59
chr11:46958600-46960600,ENSG00000175216.10$CKAP5$chr11$46867847$-,0.57
chr11:46973200-46975600,ENSG00000175216.10$CKAP5$chr11$46867847$-,0.42
chr11:46569200-46570600,ENSG00000175220.7$ARHGAP1$chr11$46722165$-,0.39
chr11:46615600-46616800,ENSG00000175220.7$ARHGAP1$chr11$46722165$-,0.49
chr11:46636000-46638400,ENSG00000175220.7$ARHGAP1$chr11$46722165$-,0.49
chr11:46645600-46648000,ENSG00000175220.7$ARHGAP1$chr11$46722165$-,0.51
chr11:46723000-46725200,ENSG00000175220.7$ARHGAP1$chr11$46722165$-,0.37
chr11:46868200-46869600,ENSG00000175220.7$ARHGAP1$chr11$46722165$-,0.4
chr19:923200-925600,ENSG00000175221.10$MED16$chr19$893218$-,0.6
chr11:46569200-46570600,ENSG00000175224.12$ATG13$chr11$46638826$+,0.44
chr11:46600600-46602600,ENSG00000175224.12$ATG13$chr11$46638826$+,0.58
chr11:46603400-46604600,ENSG00000175224.12$ATG13$chr11$46638826$+,0.71
chr11:46615600-46616800,ENSG00000175224.12$ATG13$chr11$46638826$+,0.67
chr11:46636000-46638400,ENSG00000175224.12$ATG13$chr11$46638826$+,0.41
chr11:46645600-46648000,ENSG00000175224.12$ATG13$chr11$46638826$+,0.68
chr11:46723000-46725200,ENSG00000175224.12$ATG13$chr11$46638826$+,0.42
chr15:34804600-34806400,ENSG00000175265.13$GOLGA8A$chr15$34880704$-,0.44
chr15:34806600-34808800,ENSG00000175265.13$GOLGA8A$chr15$34880704$-,0.42
chr1:10383600-10384200,ENSG00000175279.17$APITD1$chr1$10490159$+,0.43
chr1:10384800-10386800,ENSG00000175279.17$APITD1$chr1$10490159$+,0.41
chr1:10530800-10532000,ENSG00000175279.17$APITD1$chr1$10490159$+,0.57
chr1:10533000-10535000,ENSG00000175279.17$APITD1$chr1$10490159$+,0.55
chr1:10535800-10538200,ENSG00000175279.17$APITD1$chr1$10490159$+,0.57
chr1:10538600-10538800,ENSG00000175279.17$APITD1$chr1$10490159$+,0.55
chr9:131484000-131486000,ENSG00000175283.7$DOLK$chr9$131709898$-,0.35
chr9:131547800-131549200,ENSG00000175283.7$DOLK$chr9$131709898$-,0.4
chr9:131550200-131551800,ENSG00000175283.7$DOLK$chr9$131709898$-,0.42
chr9:131579800-131580400,ENSG00000175283.7$DOLK$chr9$131709898$-,0.38
chr9:131592200-131593000,ENSG00000175283.7$DOLK$chr9$131709898$-,0.41
chr9:131689000-131691400,ENSG00000175283.7$DOLK$chr9$131709898$-,0.7
chr9:131799600-131801600,ENSG00000175283.7$DOLK$chr9$131709898$-,0.55
chr9:131689000-131691400,ENSG00000175287.14$PHYHD1$chr9$131683174$+,0.67
chr8:95853600-95856000,ENSG00000175305.12$CCNE2$chr8$95908906$-,0.58
chr8:95945400-95946000,ENSG00000175305.12$CCNE2$chr8$95908906$-,0.48
chr5:177489000-177490600,ENSG00000175309.10$PHYKPL$chr5$177659792$-,0.46
chr5:177558400-177559800,ENSG00000175309.10$PHYKPL$chr5$177659792$-,0.41
chr5:177581200-177583000,ENSG00000175309.10$PHYKPL$chr5$177659792$-,0.52
chr18:14181400-14182000,ENSG00000175322.7$ZNF519$chr18$14132489$-,0.59
chr8:37886600-37887600,ENSG00000175324.5$LSM1$chr8$38034248$-,0.42
chr8:37923800-37926200,ENSG00000175324.5$LSM1$chr8$38034248$-,0.42
chr8:37960600-37962200,ENSG00000175324.5$LSM1$chr8$38034248$-,0.47
chr8:38086400-38088400,ENSG00000175324.5$LSM1$chr8$38034248$-,0.57
chr8:38090000-38092000,ENSG00000175324.5$LSM1$chr8$38034248$-,0.49
chr5:177410800-177413200,ENSG00000175325.2$PROP1$chr5$177423243$-,0.46
chr11:65601400-65603400,ENSG00000175334.3$BANF1$chr11$65769550$+,0.38
chr11:65641000-65642200,ENSG00000175334.3$BANF1$chr11$65769550$+,0.44
chr11:65756200-65757400,ENSG00000175334.3$BANF1$chr11$65769550$+,0.62
chr11:65857400-65858800,ENSG00000175334.3$BANF1$chr11$65769550$+,0.45
chr11:65924000-65926400,ENSG00000175334.3$BANF1$chr11$65769550$+,0.4
chr11:65937400-65938600,ENSG00000175334.3$BANF1$chr11$65769550$+,0.4
chr12:56708000-56709000,ENSG00000175336.8$APOF$chr12$56756607$-,0.36
chr12:56710400-56711600,ENSG00000175336.8$APOF$chr12$56756607$-,0.39
chr12:56726000-56727200,ENSG00000175336.8$APOF$chr12$56756607$-,0.4
chr12:56818000-56820200,ENSG00000175336.8$APOF$chr12$56756607$-,0.38
chr11:8982800-8985200,ENSG00000175348.6$TMEM9B$chr11$8986558$-,0.49
chr11:8982800-8985200,ENSG00000175352.6$NRIP3$chr11$9025596$-,0.57
chr18:12773000-12774800,ENSG00000175354.14$PTPN2$chr18$12929642$-,0.35
chr18:12802200-12804600,ENSG00000175354.14$PTPN2$chr18$12929642$-,0.36
chr11:65756200-65757400,ENSG00000175376.4$EIF1AD$chr11$65769647$-,0.68
chr11:65857400-65858800,ENSG00000175376.4$EIF1AD$chr11$65769647$-,0.48
chr11:65924000-65926400,ENSG00000175376.4$EIF1AD$chr11$65769647$-,0.36
chr11:8006400-8008800,ENSG00000175390.8$EIF3F$chr11$7991798$+,0.38
chr11:8006400-8008800,ENSG00000175393.2$OR10A6$chr11$7950209$-,0.51
chr10:38315600-38317800,ENSG00000175395.11$ZNF25$chr10$38265561$-,0.64
chr10:38382200-38383000,ENSG00000175395.11$ZNF25$chr10$38265561$-,0.43
chr10:38383800-38386200,ENSG00000175395.11$ZNF25$chr10$38265561$-,0.45
chr12:56174200-56175800,ENSG00000175398.2$OR10P1$chr12$56030644$+,0.45
chr12:56198000-56199600,ENSG00000175398.2$OR10P1$chr12$56030644$+,0.39
chr12:56212400-56214400,ENSG00000175398.2$OR10P1$chr12$56030644$+,0.47
chr12:56292600-56293400,ENSG00000175398.2$OR10P1$chr12$56030644$+,0.36
chr5:175873000-175874200,ENSG00000175414.6$ARL10$chr5$175792471$+,0.6
chr5:176000600-176001600,ENSG00000175414.6$ARL10$chr5$175792471$+,0.36
chr5:175873000-175874200,ENSG00000175416.8$CLTB$chr5$175843570$-,0.65
chr5:176000600-176001600,ENSG00000175416.8$CLTB$chr5$175843570$-,0.52
chr5:94960800-94961200,ENSG00000175449.9$RFESD$chr5$94982458$+,0.81
chr3:123698000-123699600,ENSG00000175455.10$CCDC14$chr3$123680564$-,0.46
chr11:67156600-67158800,ENSG00000175463.7$TBC1D10C$chr11$67171386$+,0.47
chr11:67194200-67195400,ENSG00000175463.7$TBC1D10C$chr11$67171386$+,0.43
chr11:65601400-65603400,ENSG00000175467.10$SART1$chr11$65729160$+,0.38
chr11:65641000-65642200,ENSG00000175467.10$SART1$chr11$65729160$+,0.51
chr11:65756200-65757400,ENSG00000175467.10$SART1$chr11$65729160$+,0.62
chr10:133796000-133798400,ENSG00000175470.14$PPP2R2D$chr10$133747955$+,0.44
chr10:133971600-133973800,ENSG00000175470.14$PPP2R2D$chr10$133747955$+,0.39
chr11:6199400-6201400,ENSG00000175485.2$OR52W1$chr11$6220376$+,0.46
chr11:67156600-67158800,ENSG00000175505.9$CLCF1$chr11$67141648$-,0.63
chr11:67194200-67195400,ENSG00000175505.9$CLCF1$chr11$67141648$-,0.45
chr11:5695200-5696200,ENSG00000175520.8$UBQLN3$chr11$5531215$-,0.41
chr11:74021600-74023800,ENSG00000175536.6$LIPT2$chr11$74204778$-,0.36
chr11:74101000-74103200,ENSG00000175536.6$LIPT2$chr11$74204778$-,0.42
chr11:74110400-74112600,ENSG00000175536.6$LIPT2$chr11$74204778$-,0.41
chr11:74202000-74204400,ENSG00000175536.6$LIPT2$chr11$74204778$-,0.44
chr11:74302400-74303600,ENSG00000175536.6$LIPT2$chr11$74204778$-,0.54
chr11:74304400-74306400,ENSG00000175536.6$LIPT2$chr11$74204778$-,0.39
chr11:67194200-67195400,ENSG00000175544.9$CABP4$chr11$67219877$+,0.37
chr12:38531400-38533600,ENSG00000175548.4$ALG10B$chr12$38710380$+,0.4
chr12:38721200-38723200,ENSG00000175548.4$ALG10B$chr12$38710380$+,0.58
chr11:65601400-65603400,ENSG00000175550.3$DRAP1$chr11$65686728$+,0.55
chr11:65641000-65642200,ENSG00000175550.3$DRAP1$chr11$65686728$+,0.59
chr11:65756200-65757400,ENSG00000175550.3$DRAP1$chr11$65686728$+,0.42
chrX:118138400-118139400,ENSG00000175556.12$LONRF3$chrX$118108581$+,0.57
chr11:73679000-73679600,ENSG00000175564.8$UCP3$chr11$73720480$-,0.57
chr11:73701800-73703600,ENSG00000175564.8$UCP3$chr11$73720480$-,0.61
chr11:73800600-73803000,ENSG00000175564.8$UCP3$chr11$73720480$-,0.44
chr11:73499600-73501000,ENSG00000175567.4$UCP2$chr11$73694352$-,0.36
chr11:73679000-73679600,ENSG00000175567.4$UCP2$chr11$73694352$-,0.45
chr11:73701800-73703600,ENSG00000175567.4$UCP2$chr11$73694352$-,0.47
chr11:65601400-65603400,ENSG00000175573.6$C11orf68$chr11$65686588$-,0.52
chr11:65641000-65642200,ENSG00000175573.6$C11orf68$chr11$65686588$-,0.54
chr11:65756200-65757400,ENSG00000175573.6$C11orf68$chr11$65686588$-,0.52
chr11:73491000-73492200,ENSG00000175575.8$PAAF1$chr11$73587744$+,0.44
chr11:73497400-73498800,ENSG00000175575.8$PAAF1$chr11$73587744$+,0.48
chr11:73499600-73501000,ENSG00000175575.8$PAAF1$chr11$73587744$+,0.63
chr11:73679000-73679600,ENSG00000175575.8$PAAF1$chr11$73587744$+,0.42
chr11:73701800-73703600,ENSG00000175575.8$PAAF1$chr11$73587744$+,0.37
chr11:73491000-73492200,ENSG00000175582.15$RAB6A$chr11$73472182$-,0.59
chr11:73497400-73498800,ENSG00000175582.15$RAB6A$chr11$73472182$-,0.58
chr11:73499600-73501000,ENSG00000175582.15$RAB6A$chr11$73472182$-,0.62
chr11:65601400-65603400,ENSG00000175592.4$FOSL1$chr11$65668044$-,0.36
chr11:65641000-65642200,ENSG00000175592.4$FOSL1$chr11$65668044$-,0.57
chr11:65756200-65757400,ENSG00000175592.4$FOSL1$chr11$65668044$-,0.35
chr16:14163200-14165600,ENSG00000175595.10$ERCC4$chr16$14014014$+,0.43
chr7:40072800-40074600,ENSG00000175600.11$C7orf10$chr7$40174575$+,0.44
chr7:40082200-40083400,ENSG00000175600.11$C7orf10$chr7$40174575$+,0.43
chr11:65601400-65603400,ENSG00000175602.2$CCDC85B$chr11$65657875$+,0.54
chr11:65641000-65642200,ENSG00000175602.2$CCDC85B$chr11$65657875$+,0.65
chr11:65756200-65757400,ENSG00000175602.2$CCDC85B$chr11$65657875$+,0.4
chr16:12071400-12073400,ENSG00000175604.2$RP11-276H1.3$chr16$12184159$-,0.48
chr16:12161400-12163600,ENSG00000175604.2$RP11-276H1.3$chr16$12184159$-,0.41
chr8:74791800-74793600,ENSG00000175606.6$TMEM70$chr8$74884672$+,0.53
chr8:74887000-74888000,ENSG00000175606.6$TMEM70$chr8$74884672$+,0.48
chr8:74889200-74891200,ENSG00000175606.6$TMEM70$chr8$74884672$+,0.65
chr8:74959800-74961600,ENSG00000175606.6$TMEM70$chr8$74884672$+,0.55
chr11:48167400-48168400,ENSG00000175619.2$OR4B1$chr11$48238344$+,0.42
chr11:48194200-48195600,ENSG00000175619.2$OR4B1$chr11$48238344$+,0.41
chr16:11437600-11439000,ENSG00000175643.7$RMI2$chr16$11343476$+,0.56
chr17:17989600-17991400,ENSG00000175662.13$TOM1L2$chr17$17875736$-,0.48
chr17:17992000-17993600,ENSG00000175662.13$TOM1L2$chr17$17875736$-,0.45
chr17:18162400-18163800,ENSG00000175662.13$TOM1L2$chr17$17875736$-,0.35
chr19:2740000-2740800,ENSG00000175691.8$ZNF77$chr19$2944969$-,0.4
chr19:2783400-2785400,ENSG00000175691.8$ZNF77$chr19$2944969$-,0.42
chr19:2820400-2822600,ENSG00000175691.8$ZNF77$chr19$2944969$-,0.41
chr19:2842000-2843800,ENSG00000175691.8$ZNF77$chr19$2944969$-,0.43
chr19:2848600-2850800,ENSG00000175691.8$ZNF77$chr19$2944969$-,0.5
chr19:3024200-3026400,ENSG00000175691.8$ZNF77$chr19$2944969$-,0.53
chr1:27248800-27251200,ENSG00000175707.7$C1orf172$chr1$27286897$-,0.42
chr1:27371000-27373200,ENSG00000175707.7$C1orf172$chr1$27286897$-,0.37
chr12:122346400-122347000,ENSG00000175727.9$MLXIP$chr12$122516628$+,0.44
chr12:122349400-122350800,ENSG00000175727.9$MLXIP$chr12$122516628$+,0.36
chr12:122687000-122688000,ENSG00000175727.9$MLXIP$chr12$122516628$+,0.47
chr1:1311200-1313400,ENSG00000175756.9$AURKAIP1$chr1$1310875$-,0.41
chr1:1405000-1407200,ENSG00000175756.9$AURKAIP1$chr1$1310875$-,0.56
chr1:1407600-1410000,ENSG00000175756.9$AURKAIP1$chr1$1310875$-,0.55
chr1:1445600-1447000,ENSG00000175756.9$AURKAIP1$chr1$1310875$-,0.5
chr5:176000600-176001600,ENSG00000175766.7$EIF4E1B$chr5$176057683$+,0.46
chr9:37466600-37467400,ENSG00000175768.8$TOMM5$chr9$37592639$-,0.53
chr9:37752400-37753800,ENSG00000175768.8$TOMM5$chr9$37592639$-,0.5
chr9:37754200-37756400,ENSG00000175768.8$TOMM5$chr9$37592639$-,0.44
chr15:38766200-38767200,ENSG00000175779.1$C15orf53$chr15$38988799$+,0.37
chr15:38773400-38775600,ENSG00000175779.1$C15orf53$chr15$38988799$+,0.42
chr15:38778600-38780800,ENSG00000175779.1$C15orf53$chr15$38988799$+,0.36
chr15:38800000-38801800,ENSG00000175779.1$C15orf53$chr15$38988799$+,0.37
chr15:38802200-38802400,ENSG00000175779.1$C15orf53$chr15$38988799$+,0.36
chr15:38811400-38812800,ENSG00000175779.1$C15orf53$chr15$38988799$+,0.39
chr15:38949200-38951200,ENSG00000175779.1$C15orf53$chr15$38988799$+,0.59
chr12:69081400-69083600,ENSG00000175782.8$SLC35E3$chr12$69139886$+,0.57
chr12:69203000-69203600,ENSG00000175782.8$SLC35E3$chr12$69139886$+,0.71
chr9:97012400-97013800,ENSG00000175787.12$ZNF169$chr9$97021593$+,0.52
chr9:97031200-97032800,ENSG00000175787.12$ZNF169$chr9$97021593$+,0.54
chr9:97159600-97160600,ENSG00000175787.12$ZNF169$chr9$97021593$+,0.46
chr9:97170000-97171000,ENSG00000175787.12$ZNF169$chr9$97021593$+,0.44
chr9:97171400-97172000,ENSG00000175787.12$ZNF169$chr9$97021593$+,0.41
chr9:97175600-97178000,ENSG00000175787.12$ZNF169$chr9$97021593$+,0.47
chr3:127840600-127842200,ENSG00000175792.7$RUVBL1$chr3$127872757$-,0.53
chr3:127842600-127843800,ENSG00000175792.7$RUVBL1$chr3$127872757$-,0.65
chr3:127961400-127963200,ENSG00000175792.7$RUVBL1$chr3$127872757$-,0.48
chr3:128010200-128011400,ENSG00000175792.7$RUVBL1$chr3$127872757$-,0.45
chr1:27192200-27193000,ENSG00000175793.10$SFN$chr1$27189633$+,0.42
chr8:9943800-9946200,ENSG00000175806.10$MSRA$chr8$9911778$+,0.54
chr13:103234400-103235600,ENSG00000175820.2$CCDC168$chr13$103389159$-,0.45
chr13:103243400-103244800,ENSG00000175820.2$CCDC168$chr13$103389159$-,0.4
chr13:103331800-103334200,ENSG00000175820.2$CCDC168$chr13$103389159$-,0.69
chr17:7143000-7145000,ENSG00000175826.7$CTDNEP1$chr17$7155810$-,0.68
chr17:7146600-7148200,ENSG00000175826.7$CTDNEP1$chr17$7155810$-,0.59
chr17:7298400-7300000,ENSG00000175826.7$CTDNEP1$chr17$7155810$-,0.52
chr9:131083200-131084200,ENSG00000175854.7$SWI5$chr9$131037658$+,0.52
chr9:131101600-131102400,ENSG00000175854.7$SWI5$chr9$131037658$+,0.48
chr5:57753800-57755200,ENSG00000175857.4$GAPT$chr5$57787262$+,0.48
chr2:101966200-101968200,ENSG00000175874.5$CREG2$chr2$102004057$-,0.4
chr2:176975800-176978200,ENSG00000175879.7$HOXD8$chr2$176994422$+,0.49
chr21:46073000-46075400,ENSG00000175894.10$TSPEAR$chr21$46131495$-,0.42
chr21:46081000-46082600,ENSG00000175894.10$TSPEAR$chr21$46131495$-,0.51
chr8:96035600-96037200,ENSG00000175895.3$PLEKHF2$chr8$96146032$+,0.43
chr8:96279800-96281000,ENSG00000175895.3$PLEKHF2$chr8$96146032$+,0.41
chr8:96282400-96283800,ENSG00000175895.3$PLEKHF2$chr8$96146032$+,0.44
chr12:9215600-9217400,ENSG00000175899.10$A2M$chr12$9268825$-,0.41
chr17:41391800-41393000,ENSG00000175906.4$ARL4D$chr17$41476327$+,0.41
chr17:41466800-41467600,ENSG00000175906.4$ARL4D$chr17$41476327$+,0.63
chr17:74251200-74253200,ENSG00000175931.8$UBE2O$chr17$74449288$-,0.42
chr17:74644000-74645400,ENSG00000175931.8$UBE2O$chr17$74449288$-,0.35
chr16:30945800-30947800,ENSG00000175938.6$ORAI3$chr16$30960387$+,0.35
chr12:121251800-121254000,ENSG00000175970.7$UNC119B$chr12$121148238$+,0.59
chr12:121314600-121315400,ENSG00000175970.7$UNC119B$chr12$121148238$+,0.41
chr1:115124600-115125800,ENSG00000175984.10$DENND2C$chr1$115213043$-,0.43
chr1:115242400-115243200,ENSG00000175984.10$DENND2C$chr1$115213043$-,0.53
chr1:115259800-115260800,ENSG00000175984.10$DENND2C$chr1$115213043$-,0.47
chr11:8982800-8985200,ENSG00000176009.2$ASCL3$chr11$8964580$-,0.54
chr3:49576200-49578600,ENSG00000176020.7$AMIGO3$chr3$49761349$-,0.36
chr1:1038400-1040800,ENSG00000176022.3$B3GALT6$chr1$1167629$+,0.52
chr1:1049600-1051200,ENSG00000176022.3$B3GALT6$chr1$1167629$+,0.54
chr1:1052200-1054600,ENSG00000176022.3$B3GALT6$chr1$1167629$+,0.53
chr1:1311200-1313400,ENSG00000176022.3$B3GALT6$chr1$1167629$+,0.4
chr19:52405600-52407600,ENSG00000176024.12$ZNF613$chr19$52430400$+,0.62
chr19:52431200-52432400,ENSG00000176024.12$ZNF613$chr19$52430400$+,0.4
chr19:52488000-52489400,ENSG00000176024.12$ZNF613$chr19$52430400$+,0.47
chr19:52490200-52490800,ENSG00000176024.12$ZNF613$chr19$52430400$+,0.49
chr19:52510200-52510800,ENSG00000176024.12$ZNF613$chr19$52430400$+,0.53
chr19:52549200-52551400,ENSG00000176024.12$ZNF613$chr19$52430400$+,0.4
chr11:8982800-8985200,ENSG00000176029.9$C11orf16$chr11$8954553$-,0.38
chr16:28559600-28561200,ENSG00000176046.7$NUPR1$chr16$28550495$-,0.45
chr16:28563800-28565200,ENSG00000176046.7$NUPR1$chr16$28550495$-,0.35
chr9:140100600-140102600,ENSG00000176058.7$TPRN$chr9$140098645$-,0.63
chr9:140150800-140152800,ENSG00000176058.7$TPRN$chr9$140098645$-,0.46
chr9:140314800-140316800,ENSG00000176058.7$TPRN$chr9$140098645$-,0.36
chr5:139812400-139813600,ENSG00000176087.10$SLC35A4$chr5$139944041$+,0.46
chr5:139936600-139938800,ENSG00000176087.10$SLC35A4$chr5$139944041$+,0.74
chr5:140079200-140080000,ENSG00000176087.10$SLC35A4$chr5$139944041$+,0.54
chr5:140088600-140090800,ENSG00000176087.10$SLC35A4$chr5$139944041$+,0.48
chr5:140091000-140092000,ENSG00000176087.10$SLC35A4$chr5$139944041$+,0.55
chr5:140104800-140106400,ENSG00000176087.10$SLC35A4$chr5$139944041$+,0.6
chr3:49891600-49893800,ENSG00000176095.7$IP6K1$chr3$49823975$-,0.53
chr3:49894400-49896800,ENSG00000176095.7$IP6K1$chr3$49823975$-,0.55
chr3:49989600-49991200,ENSG00000176095.7$IP6K1$chr3$49823975$-,0.37
chr3:49997200-49999000,ENSG00000176095.7$IP6K1$chr3$49823975$-,0.45
chr9:140100600-140102600,ENSG00000176101.7$SSNA1$chr9$140083099$+,0.75
chr9:140150800-140152800,ENSG00000176101.7$SSNA1$chr9$140083099$+,0.52
chr9:140314800-140316800,ENSG00000176101.7$SSNA1$chr9$140083099$+,0.4
chr11:33276800-33278400,ENSG00000176102.7$CSTF3$chr11$33183917$-,0.6
chr11:33305400-33306600,ENSG00000176102.7$CSTF3$chr11$33183917$-,0.49
chr11:33383000-33384400,ENSG00000176102.7$CSTF3$chr11$33183917$-,0.38
chr18:741800-743800,ENSG00000176105.9$YES1$chr18$812547$-,0.54
chr18:788600-790600,ENSG00000176105.9$YES1$chr18$812547$-,0.68
chr13:50568800-50570400,ENSG00000176124.7$DLEU1$chr13$50656307$+,0.46
chr13:50579600-50581400,ENSG00000176124.7$DLEU1$chr13$50656307$+,0.51
chr13:50669800-50672000,ENSG00000176124.7$DLEU1$chr13$50656307$+,0.68
chr7:100448800-100450000,ENSG00000176125.3$UFSP1$chr7$100487339$-,0.52
chr3:119011000-119012600,ENSG00000176142.8$TMEM39A$chr3$119187677$-,0.42
chr3:119114200-119116600,ENSG00000176142.8$TMEM39A$chr3$119187677$-,0.48
chr3:119182800-119184200,ENSG00000176142.8$TMEM39A$chr3$119187677$-,0.54
chr3:119277600-119279400,ENSG00000176142.8$TMEM39A$chr3$119187677$-,0.43
chr3:119280400-119282000,ENSG00000176142.8$TMEM39A$chr3$119187677$-,0.48
chr17:80214400-80216000,ENSG00000176155.14$CCDC57$chr17$80170706$-,0.59
chr17:80231600-80233800,ENSG00000176155.14$CCDC57$chr17$80170706$-,0.53
chr17:56707600-56709200,ENSG00000176160.5$HSF5$chr17$56565745$-,0.43
chr10:133971600-133973800,ENSG00000176171.7$BNIP3$chr10$133795435$-,0.42
chr22:40141200-40143400,ENSG00000176177.9$ENTHD1$chr22$40289868$-,0.36
chr19:46497600-46498000,ENSG00000176182.5$MYPOP$chr19$46405862$-,0.5
chr19:46499000-46500600,ENSG00000176182.5$MYPOP$chr19$46405862$-,0.49
chr11:59303800-59304800,ENSG00000176200.1$OR4D11$chr11$59271049$+,0.71
chr11:59305200-59306000,ENSG00000176200.1$OR4D11$chr11$59271049$+,0.58
chr11:59328600-59330400,ENSG00000176200.1$OR4D11$chr11$59271049$+,0.51
chr11:59333800-59336000,ENSG00000176200.1$OR4D11$chr11$59271049$+,0.51
chr17:29107000-29108400,ENSG00000176208.4$ATAD5$chr17$29158988$+,0.5
chr17:29230600-29232600,ENSG00000176208.4$ATAD5$chr17$29158988$+,0.39
chr8:42194600-42195400,ENSG00000176209.7$SMIM19$chr8$42396298$+,0.36
chr8:42248200-42249800,ENSG00000176209.7$SMIM19$chr8$42396298$+,0.38
chr8:42380000-42382200,ENSG00000176209.7$SMIM19$chr8$42396298$+,0.5
chr8:42472800-42475200,ENSG00000176209.7$SMIM19$chr8$42396298$+,0.44
chr8:42500000-42501600,ENSG00000176209.7$SMIM19$chr8$42396298$+,0.55
chr8:42520600-42523000,ENSG00000176209.7$SMIM19$chr8$42396298$+,0.36
chr8:42547200-42549000,ENSG00000176209.7$SMIM19$chr8$42396298$+,0.39
chr14:20812200-20814200,ENSG00000176219.2$OR11H6$chr14$20691791$+,0.4
chr19:44315600-44317800,ENSG00000176222.7$ZNF404$chr19$44405537$-,0.37
chr19:44436800-44439000,ENSG00000176222.7$ZNF404$chr19$44405537$-,0.53
chr19:44455800-44457000,ENSG00000176222.7$ZNF404$chr19$44405537$-,0.52
chr19:44487400-44488200,ENSG00000176222.7$ZNF404$chr19$44405537$-,0.35
chr19:44489000-44490400,ENSG00000176222.7$ZNF404$chr19$44405537$-,0.42
chr19:44505400-44506600,ENSG00000176222.7$ZNF404$chr19$44405537$-,0.39
chr19:44507800-44509800,ENSG00000176222.7$ZNF404$chr19$44405537$-,0.36
chr18:67833200-67835600,ENSG00000176225.8$RTTN$chr18$67873181$-,0.69
chr19:16221400-16222600,ENSG00000176231.1$OR10H4$chr19$16059818$+,0.36
chr10:14431200-14433600,ENSG00000176236.4$C10orf111$chr10$15139318$-,0.35
chr10:14983000-14985400,ENSG00000176236.4$C10orf111$chr10$15139318$-,0.4
chr10:14996600-14998200,ENSG00000176236.4$C10orf111$chr10$15139318$-,0.48
chr10:15137400-15138800,ENSG00000176236.4$C10orf111$chr10$15139318$-,0.35
chr10:15216200-15217800,ENSG00000176236.4$C10orf111$chr10$15139318$-,0.39
chr10:14996600-14998200,ENSG00000176244.6$ACBD7$chr10$15130775$-,0.4
chr10:15137400-15138800,ENSG00000176244.6$ACBD7$chr10$15130775$-,0.72
chr10:15216200-15217800,ENSG00000176244.6$ACBD7$chr10$15130775$-,0.35
chr14:20437800-20438800,ENSG00000176246.1$OR4L1$chr14$20528204$+,0.4
chr9:140100600-140102600,ENSG00000176248.7$ANAPC2$chr9$140082989$-,0.8
chr9:140150800-140152800,ENSG00000176248.7$ANAPC2$chr9$140082989$-,0.52
chr14:20437800-20438800,ENSG00000176253.2$OR4K13$chr14$20502919$-,0.58
chr1:33100800-33101000,ENSG00000176261.11$ZBTB8OS$chr1$33116504$-,0.57
chr1:33109800-33111800,ENSG00000176261.11$ZBTB8OS$chr1$33116504$-,0.55
chr1:33190000-33192000,ENSG00000176261.11$ZBTB8OS$chr1$33116504$-,0.47
chr10:95463200-95464800,ENSG00000176273.10$SLC35G1$chr10$95653730$+,0.42
chr10:95585800-95587400,ENSG00000176273.10$SLC35G1$chr10$95653730$+,0.56
chrX:103171600-103173600,ENSG00000176274.6$SLC25A53$chrX$103401708$-,0.38
chrX:103352600-103353600,ENSG00000176274.6$SLC25A53$chrX$103401708$-,0.52
chrX:103382400-103382600,ENSG00000176274.6$SLC25A53$chrX$103401708$-,0.6
chrX:103398800-103401000,ENSG00000176274.6$SLC25A53$chrX$103401708$-,0.35
chr14:20437800-20438800,ENSG00000176281.4$OR4K5$chr14$20388741$+,0.62
chr14:20437800-20438800,ENSG00000176299.4$OR4M1$chr14$20248401$+,0.37
chr11:118800600-118802800,ENSG00000176302.8$FOXR1$chr11$118842417$+,0.4
chr11:118866600-118868200,ENSG00000176302.8$FOXR1$chr11$118842417$+,0.52
chr11:63704800-63705800,ENSG00000176340.3$COX8A$chr11$63742079$+,0.61
chr11:63737000-63739400,ENSG00000176340.3$COX8A$chr11$63742079$+,0.78
chr11:63754600-63756800,ENSG00000176340.3$COX8A$chr11$63742079$+,0.65
chr11:63934000-63936200,ENSG00000176340.3$COX8A$chr11$63742079$+,0.5
chr15:85175000-85176600,ENSG00000176371.9$ZSCAN2$chr15$85144217$+,0.47
chr12:122721800-122722000,ENSG00000176383.8$B3GNT4$chr12$122688090$+,0.61
chr12:122724600-122725400,ENSG00000176383.8$B3GNT4$chr12$122688090$+,0.6
chr12:122748400-122750200,ENSG00000176383.8$B3GNT4$chr12$122688090$+,0.62
chr12:122751800-122752600,ENSG00000176383.8$B3GNT4$chr12$122688090$+,0.54
chr9:115873800-115875200,ENSG00000176386.4$CDC26$chr9$116037869$-,0.45
chr17:29107000-29108400,ENSG00000176390.10$CRLF3$chr17$29151794$-,0.59
chr17:29230600-29232600,ENSG00000176390.10$CRLF3$chr17$29151794$-,0.41
chr17:29333200-29335400,ENSG00000176390.10$CRLF3$chr17$29151794$-,0.4
chr1:201922800-201924000,ENSG00000176393.6$RNPEP$chr1$201951500$+,0.39
chr19:39885800-39886200,ENSG00000176396.9$EID2$chr19$40030870$-,0.35
chr19:39934000-39935800,ENSG00000176396.9$EID2$chr19$40030870$-,0.48
chr19:39969200-39971400,ENSG00000176396.9$EID2$chr19$40030870$-,0.49
chr19:39972000-39974400,ENSG00000176396.9$EID2$chr19$40030870$-,0.5
chr19:39879200-39881200,ENSG00000176401.5$EID2B$chr19$40023494$-,0.38
chr19:39885800-39886200,ENSG00000176401.5$EID2B$chr19$40023494$-,0.41
chr19:39934000-39935800,ENSG00000176401.5$EID2B$chr19$40023494$-,0.5
chr19:39969200-39971400,ENSG00000176401.5$EID2B$chr19$40023494$-,0.49
chr19:39972000-39974400,ENSG00000176401.5$EID2B$chr19$40023494$-,0.49
chr19:40028000-40029800,ENSG00000176401.5$EID2B$chr19$40023494$-,0.61
chr7:99517600-99518800,ENSG00000176402.5$GJC3$chr7$99527243$-,0.55
chr7:99531600-99533400,ENSG00000176402.5$GJC3$chr7$99527243$-,0.64
chr7:99646000-99647000,ENSG00000176402.5$GJC3$chr7$99527243$-,0.4
chr7:99699600-99702000,ENSG00000176402.5$GJC3$chr7$99527243$-,0.35
chr8:104472600-104474800,ENSG00000176406.16$RIMS2$chr8$104512976$+,0.38
chr2:84950600-84951800,ENSG00000176407.13$KCMF1$chr2$85198216$+,0.36
chr2:84987200-84987800,ENSG00000176407.13$KCMF1$chr2$85198216$+,0.38
chr2:84994000-84995200,ENSG00000176407.13$KCMF1$chr2$85198216$+,0.39
chr2:85004600-85006000,ENSG00000176407.13$KCMF1$chr2$85198216$+,0.48
chr2:85006200-85007800,ENSG00000176407.13$KCMF1$chr2$85198216$+,0.39
chr2:85130400-85132200,ENSG00000176407.13$KCMF1$chr2$85198216$+,0.55
chr2:85250800-85252800,ENSG00000176407.13$KCMF1$chr2$85198216$+,0.58
chr7:72972200-72973200,ENSG00000176410.7$DNAJC30$chr7$73097783$-,0.38
chr12:56616200-56618200,ENSG00000176422.10$SPRYD4$chr12$56862301$+,0.37
chr12:56659200-56660400,ENSG00000176422.10$SPRYD4$chr12$56862301$+,0.36
chr12:56661200-56662800,ENSG00000176422.10$SPRYD4$chr12$56862301$+,0.36
chr12:56708000-56709000,ENSG00000176422.10$SPRYD4$chr12$56862301$+,0.37
chr12:56710400-56711600,ENSG00000176422.10$SPRYD4$chr12$56862301$+,0.38
chr12:56726000-56727200,ENSG00000176422.10$SPRYD4$chr12$56862301$+,0.37
chr12:56754800-56756400,ENSG00000176422.10$SPRYD4$chr12$56862301$+,0.54
chr12:56818000-56820200,ENSG00000176422.10$SPRYD4$chr12$56862301$+,0.56
chr12:56843400-56845400,ENSG00000176422.10$SPRYD4$chr12$56862301$+,0.67
chr7:72972200-72973200,ENSG00000176428.5$VPS37D$chr7$73082155$+,0.41
chr1:155113000-155114000,ENSG00000176444.14$CLK2$chr1$155248282$-,0.36
chr1:155184000-155186000,ENSG00000176444.14$CLK2$chr1$155248282$-,0.44
chr1:155197800-155198800,ENSG00000176444.14$CLK2$chr1$155248282$-,0.45
chr1:155214600-155216600,ENSG00000176444.14$CLK2$chr1$155248282$-,0.48
chr1:155229200-155231400,ENSG00000176444.14$CLK2$chr1$155248282$-,0.37
chr1:155232000-155233200,ENSG00000176444.14$CLK2$chr1$155248282$-,0.44
chr1:155245400-155247200,ENSG00000176444.14$CLK2$chr1$155248282$-,0.43
chr15:34515800-34516600,ENSG00000176454.9$LPCAT4$chr15$34659479$-,0.44
chr15:34517800-34520200,ENSG00000176454.9$LPCAT4$chr15$34659479$-,0.41
chr15:34577000-34578200,ENSG00000176454.9$LPCAT4$chr15$34659479$-,0.41
chr15:34689600-34691200,ENSG00000176454.9$LPCAT4$chr15$34659479$-,0.61
chr15:34710600-34711200,ENSG00000176454.9$LPCAT4$chr15$34659479$-,0.56
chr15:34804600-34806400,ENSG00000176454.9$LPCAT4$chr15$34659479$-,0.35
chr15:34806600-34808800,ENSG00000176454.9$LPCAT4$chr15$34659479$-,0.41
chr15:34879800-34881600,ENSG00000176454.9$LPCAT4$chr15$34659479$-,0.38
chr15:92515400-92515600,ENSG00000176463.9$SLCO3A1$chr15$92396925$+,0.41
chr19:43929200-43931400,ENSG00000176472.6$ZNF575$chr19$44029649$+,0.41
chr19:43933400-43935400,ENSG00000176472.6$ZNF575$chr19$44029649$+,0.47
chr19:43936800-43938200,ENSG00000176472.6$ZNF575$chr19$44029649$+,0.43
chr19:43938600-43938800,ENSG00000176472.6$ZNF575$chr19$44029649$+,0.41
chr19:43950600-43952000,ENSG00000176472.6$ZNF575$chr19$44029649$+,0.49
chr19:44008600-44011000,ENSG00000176472.6$ZNF575$chr19$44029649$+,0.72
chr19:44035800-44037000,ENSG00000176472.6$ZNF575$chr19$44029649$+,0.64
chr19:44080000-44081600,ENSG00000176472.6$ZNF575$chr19$44029649$+,0.49
chr19:44124200-44126600,ENSG00000176472.6$ZNF575$chr19$44029649$+,0.51
chr14:100783600-100785800,ENSG00000176473.9$WDR25$chr14$100842755$+,0.52
chr16:28559600-28561200,ENSG00000176476.4$CCDC101$chr16$28565236$+,0.55
chr16:28572600-28575000,ENSG00000176476.4$CCDC101$chr16$28565236$+,0.54
chr19:2740000-2740800,ENSG00000176490.4$DIRAS1$chr19$2721416$-,0.42
chr19:43929200-43931400,ENSG00000176531.6$PHLDB3$chr19$44009087$-,0.47
chr19:43933400-43935400,ENSG00000176531.6$PHLDB3$chr19$44009087$-,0.4
chr19:43936800-43938200,ENSG00000176531.6$PHLDB3$chr19$44009087$-,0.43
chr19:43938600-43938800,ENSG00000176531.6$PHLDB3$chr19$44009087$-,0.47
chr19:43950600-43952000,ENSG00000176531.6$PHLDB3$chr19$44009087$-,0.43
chr19:44035800-44037000,ENSG00000176531.6$PHLDB3$chr19$44009087$-,0.61
chr19:44080000-44081600,ENSG00000176531.6$PHLDB3$chr19$44009087$-,0.49
chr19:44124200-44126600,ENSG00000176531.6$PHLDB3$chr19$44009087$-,0.4
chr19:2506400-2508800,ENSG00000176533.8$GNG7$chr19$2702707$-,0.35
chr19:2740000-2740800,ENSG00000176533.8$GNG7$chr19$2702707$-,0.56
chr19:2783400-2785400,ENSG00000176533.8$GNG7$chr19$2702707$-,0.44
chr19:2820400-2822600,ENSG00000176533.8$GNG7$chr19$2702707$-,0.41
chr19:2842000-2843800,ENSG00000176533.8$GNG7$chr19$2702707$-,0.37
chr19:2848600-2850800,ENSG00000176533.8$GNG7$chr19$2702707$-,0.42
chr11:48346600-48347400,ENSG00000176540.3$OR4C5$chr11$48388017$-,0.35
chr11:48366800-48369000,ENSG00000176540.3$OR4C5$chr11$48388017$-,0.52
chr3:113267600-113268400,ENSG00000176542.5$KIAA2018$chr3$113415493$-,0.37
chr3:113296400-113296800,ENSG00000176542.5$KIAA2018$chr3$113415493$-,0.44
chr3:113449400-113451600,ENSG00000176542.5$KIAA2018$chr3$113415493$-,0.62
chr3:113556400-113557800,ENSG00000176542.5$KIAA2018$chr3$113415493$-,0.42
chr11:48362800-48363800,ENSG00000176547.7$OR4C3$chr11$48346472$+,0.58
chr11:48366800-48369000,ENSG00000176547.7$OR4C3$chr11$48346472$+,0.85
chr11:48346600-48347400,ENSG00000176555.1$OR4S1$chr11$48327775$+,0.61
chr11:48362800-48363800,ENSG00000176555.1$OR4S1$chr11$48327775$+,0.58
chr11:48366800-48369000,ENSG00000176555.1$OR4S1$chr11$48327775$+,0.6
chr17:40924000-40925400,ENSG00000176563.5$CNTD1$chr17$40950810$+,0.4
chr11:48194200-48195600,ENSG00000176567.1$OR4X1$chr11$48285413$+,0.4
chr11:48346600-48347400,ENSG00000176567.1$OR4X1$chr11$48285413$+,0.57
chr11:48362800-48363800,ENSG00000176567.1$OR4X1$chr11$48285413$+,0.46
chr11:48366800-48369000,ENSG00000176567.1$OR4X1$chr11$48285413$+,0.37
chr8:2033600-2035800,ENSG00000176595.3$KBTBD11$chr8$1922044$+,0.47
chr8:2065200-2067200,ENSG00000176595.3$KBTBD11$chr8$1922044$+,0.36
chr3:182941800-182943200,ENSG00000176597.7$B3GNT5$chr3$182971032$+,0.38
chr14:99406400-99407800,ENSG00000176605.3$C14orf177$chr14$99177950$+,0.38
chr14:99408000-99408800,ENSG00000176605.3$C14orf177$chr14$99177950$+,0.36
chr19:2506400-2508800,ENSG00000176619.6$LMNB2$chr19$2456994$-,0.61
chr8:87484000-87485600,ENSG00000176623.7$RMDN1$chr8$87526586$-,0.61
chr8:87493000-87494600,ENSG00000176623.7$RMDN1$chr8$87526586$-,0.58
chr8:87518600-87520000,ENSG00000176623.7$RMDN1$chr8$87526586$-,0.59
chr8:87521400-87523400,ENSG00000176623.7$RMDN1$chr8$87526586$-,0.56
chr22:30484400-30486600,ENSG00000176635.13$HORMAD2$chr22$30476163$+,0.63
chr22:30517800-30519200,ENSG00000176635.13$HORMAD2$chr22$30476163$+,0.52
chr18:59592800-59595000,ENSG00000176641.6$RNF152$chr18$59561480$-,0.44
chr18:59608800-59610200,ENSG00000176641.6$RNF152$chr18$59561480$-,0.38
chr17:31086200-31087400,ENSG00000176658.12$MYO1D$chr17$31204195$-,0.43
chr20:58516400-58518600,ENSG00000176659.5$C20orf197$chr20$58630980$+,0.49
chr20:58649400-58650600,ENSG00000176659.5$C20orf197$chr20$58630980$+,0.7
chr17:44336600-44338600,ENSG00000176681.10$LRRC37A$chr17$44370099$+,0.39
chr17:44354400-44355000,ENSG00000176681.10$LRRC37A$chr17$44370099$+,0.52
chr16:86586400-86588400,ENSG00000176692.4$FOXC2$chr16$86600857$+,0.39
chr16:86589200-86590600,ENSG00000176692.4$FOXC2$chr16$86600857$+,0.43
chr2:27710600-27712200,ENSG00000176714.9$CCDC121$chr2$27851879$-,0.41
chr2:27821400-27823200,ENSG00000176714.9$CCDC121$chr2$27851879$-,0.68
chr2:27849000-27851200,ENSG00000176714.9$CCDC121$chr2$27851879$-,0.37
chr2:27894200-27894800,ENSG00000176714.9$CCDC121$chr2$27851879$-,0.52
chr2:27993600-27994200,ENSG00000176714.9$CCDC121$chr2$27851879$-,0.61
chr8:86018000-86019000,ENSG00000176731.7$C8orf59$chr8$86132650$-,0.49
chr8:86020000-86021800,ENSG00000176731.7$C8orf59$chr8$86132650$-,0.55
chr8:86090200-86092600,ENSG00000176731.7$C8orf59$chr8$86132650$-,0.6
chr8:86156200-86157600,ENSG00000176731.7$C8orf59$chr8$86132650$-,0.67
chr2:24307800-24308800,ENSG00000176732.6$PFN4$chr2$24346347$-,0.46
chr2:24347000-24349400,ENSG00000176732.6$PFN4$chr2$24346347$-,0.38
chr17:30775600-30777600,ENSG00000176749.4$CDK5R1$chr17$30813637$+,0.53
chr17:30783800-30786000,ENSG00000176749.4$CDK5R1$chr17$30813637$+,0.49
chr17:30788600-30789600,ENSG00000176749.4$CDK5R1$chr17$30813637$+,0.46
chr17:30834200-30836400,ENSG00000176749.4$CDK5R1$chr17$30813637$+,0.37
chr5:179103000-179105000,ENSG00000176783.10$RUFY1$chr5$178977559$+,0.37
chr17:62972400-62973400,ENSG00000176809.6$LRRC37A3$chr17$62915598$-,0.47
chr17:63159600-63162000,ENSG00000176809.6$LRRC37A3$chr17$62915598$-,0.35
chr12:118452800-118454400,ENSG00000176834.9$VSIG10$chr12$118573831$-,0.39
chr12:118571400-118573600,ENSG00000176834.9$VSIG10$chr12$118573831$-,0.35
chr12:118452800-118454400,ENSG00000176871.4$WSB2$chr12$118500235$-,0.43
chr18:658600-661000,ENSG00000176890.11$TYMS$chr18$657604$+,0.5
chr18:741800-743800,ENSG00000176890.11$TYMS$chr18$657604$+,0.49
chr18:788600-790600,ENSG00000176890.11$TYMS$chr18$657604$+,0.38
chr12:133137000-133139400,ENSG00000176894.5$PXMP2$chr12$133264192$+,0.44
chr12:133259600-133260600,ENSG00000176894.5$PXMP2$chr12$133264192$+,0.56
chr12:133261600-133263600,ENSG00000176894.5$PXMP2$chr12$133264192$+,0.37
chr12:133285600-133286600,ENSG00000176894.5$PXMP2$chr12$133264192$+,0.57
chr12:133406000-133407000,ENSG00000176894.5$PXMP2$chr12$133264192$+,0.37
chrX:13702400-13704200,ENSG00000176896.7$TCEANC$chrX$13671225$+,0.66
chrX:13705400-13707200,ENSG00000176896.7$TCEANC$chrX$13671225$+,0.62
chrX:13757800-13758600,ENSG00000176896.7$TCEANC$chrX$13671225$+,0.36
chr14:74057800-74060000,ENSG00000176903.3$PNMA1$chr14$74181128$-,0.46
chr14:74110200-74111200,ENSG00000176903.3$PNMA1$chr14$74181128$-,0.58
chr14:74112000-74113400,ENSG00000176903.3$PNMA1$chr14$74181128$-,0.58
chr14:74319200-74320600,ENSG00000176903.3$PNMA1$chr14$74181128$-,0.43
chr14:74414800-74416400,ENSG00000176903.3$PNMA1$chr14$74181128$-,0.36
chr19:49215400-49217000,ENSG00000176909.7$MAMSTR$chr19$49222978$-,0.58
chr19:49224200-49226200,ENSG00000176909.7$MAMSTR$chr19$49222978$-,0.48
chr18:658600-661000,ENSG00000176912.3$C18orf56$chr18$658340$-,0.41
chr12:133259600-133260600,ENSG00000176915.10$ANKLE2$chr12$133338474$-,0.42
chr12:133261600-133263600,ENSG00000176915.10$ANKLE2$chr12$133338474$-,0.46
chr12:133285600-133286600,ENSG00000176915.10$ANKLE2$chr12$133338474$-,0.52
chr12:133406000-133407000,ENSG00000176915.10$ANKLE2$chr12$133338474$-,0.55
chr12:133462200-133463600,ENSG00000176915.10$ANKLE2$chr12$133338474$-,0.39
chr12:133465000-133467400,ENSG00000176915.10$ANKLE2$chr12$133338474$-,0.47
chr19:49215400-49217000,ENSG00000176920.10$FUT2$chr19$49199228$+,0.38
chr17:28228200-28229800,ENSG00000176927.10$EFCAB5$chr17$28256218$+,0.65
chr17:28241000-28242800,ENSG00000176927.10$EFCAB5$chr17$28256218$+,0.7
chr17:28257600-28259600,ENSG00000176927.10$EFCAB5$chr17$28256218$+,0.47
chr17:28327000-28328600,ENSG00000176927.10$EFCAB5$chr17$28256218$+,0.52
chr17:28428000-28429400,ENSG00000176927.10$EFCAB5$chr17$28256218$+,0.38
chr17:28469400-28470800,ENSG00000176927.10$EFCAB5$chr17$28256218$+,0.37
chr5:74233000-74235200,ENSG00000176928.4$GCNT4$chr5$74326724$-,0.44
chr5:74315600-74318000,ENSG00000176928.4$GCNT4$chr5$74326724$-,0.7
chr5:74321200-74322200,ENSG00000176928.4$GCNT4$chr5$74326724$-,0.66
chr5:74336600-74338800,ENSG00000176928.4$GCNT4$chr5$74326724$-,0.58
chr5:74390600-74392400,ENSG00000176928.4$GCNT4$chr5$74326724$-,0.48
chr5:74404200-74406400,ENSG00000176928.4$GCNT4$chr5$74326724$-,0.46
chr2:242448400-242449800,ENSG00000176946.7$THAP4$chr2$242576864$-,0.56
chr2:242638800-242640800,ENSG00000176946.7$THAP4$chr2$242576864$-,0.56
chr2:242642200-242644200,ENSG00000176946.7$THAP4$chr2$242576864$-,0.49
chr16:28855400-28857200,ENSG00000176953.6$NFATC2IP$chr16$28962128$+,0.65
chr16:28858400-28860000,ENSG00000176953.6$NFATC2IP$chr16$28962128$+,0.58
chr16:28873000-28874400,ENSG00000176953.6$NFATC2IP$chr16$28962128$+,0.5
chr16:28983600-28985600,ENSG00000176953.6$NFATC2IP$chr16$28962128$+,0.58
chr16:29031800-29034000,ENSG00000176953.6$NFATC2IP$chr16$28962128$+,0.52
chr11:65431400-65433200,ENSG00000176973.7$FAM89B$chr11$65339820$+,0.54
chr17:18162400-18163800,ENSG00000176974.13$SHMT1$chr17$18266856$-,0.37
chr17:18291600-18293600,ENSG00000176974.13$SHMT1$chr17$18266856$-,0.52
chr17:18316200-18318000,ENSG00000176974.13$SHMT1$chr17$18266856$-,0.59
chr9:140100600-140102600,ENSG00000176978.9$DPP7$chr9$140009629$-,0.48
chr10:75487800-75489400,ENSG00000176986.10$SEC24C$chr10$75504120$+,0.45
chr10:75530000-75532000,ENSG00000176986.10$SEC24C$chr10$75504120$+,0.61
chr17:18162400-18163800,ENSG00000176994.9$SMCR8$chr17$18218624$+,0.6
chr17:18291600-18293600,ENSG00000176994.9$SMCR8$chr17$18218624$+,0.48
chr17:18316200-18318000,ENSG00000176994.9$SMCR8$chr17$18218624$+,0.49
chr1:11795000-11796200,ENSG00000177000.6$MTHFR$chr1$11866977$-,0.43
chr1:11953200-11954200,ENSG00000177000.6$MTHFR$chr1$11866977$-,0.46
chr19:58511200-58513600,ENSG00000177025.3$C19orf18$chr19$58485902$-,0.56
chr5:79284400-79286400,ENSG00000177034.10$MTX3$chr5$79287082$-,0.35
chr11:517200-519400,ENSG00000177042.10$TMEM80$chr11$695428$+,0.35
chr11:798000-800000,ENSG00000177042.10$TMEM80$chr11$695428$+,0.47
chr11:818000-819400,ENSG00000177042.10$TMEM80$chr11$695428$+,0.51
chr19:46183600-46185600,ENSG00000177045.6$SIX5$chr19$46272484$-,0.35
chr19:46196600-46199000,ENSG00000177045.6$SIX5$chr19$46272484$-,0.49
chr19:46406600-46407200,ENSG00000177045.6$SIX5$chr19$46272484$-,0.37
chr9:21001000-21003400,ENSG00000177047.5$IFNW1$chr9$21142144$-,0.42
chr9:21038600-21040200,ENSG00000177047.5$IFNW1$chr9$21142144$-,0.58
chr9:21091200-21093200,ENSG00000177047.5$IFNW1$chr9$21142144$-,0.66
chr9:21100400-21101600,ENSG00000177047.5$IFNW1$chr9$21142144$-,0.61
chr9:21144400-21145800,ENSG00000177047.5$IFNW1$chr9$21142144$-,0.56
chr9:21162800-21163600,ENSG00000177047.5$IFNW1$chr9$21142144$-,0.64
chr9:21182800-21184000,ENSG00000177047.5$IFNW1$chr9$21142144$-,0.61
chr9:21236000-21236800,ENSG00000177047.5$IFNW1$chr9$21142144$-,0.48
chr19:46088600-46089200,ENSG00000177051.5$FBXO46$chr19$46234162$-,0.35
chr19:46110000-46111200,ENSG00000177051.5$FBXO46$chr19$46234162$-,0.41
chr19:46183600-46185600,ENSG00000177051.5$FBXO46$chr19$46234162$-,0.48
chr19:46196600-46199000,ENSG00000177051.5$FBXO46$chr19$46234162$-,0.57
chr19:46406600-46407200,ENSG00000177051.5$FBXO46$chr19$46234162$-,0.41
chr11:19149200-19150400,ENSG00000177054.9$ZDHHC13$chr11$19138646$+,0.76
chr11:19305000-19307000,ENSG00000177054.9$ZDHHC13$chr11$19138646$+,0.35
chr5:55058600-55061000,ENSG00000177058.7$SLC38A9$chr5$55069022$-,0.55
chr9:19275400-19277800,ENSG00000177076.4$ACER2$chr9$19408925$+,0.37
chr9:19381000-19382800,ENSG00000177076.4$ACER2$chr9$19408925$+,0.57
chr9:19440600-19442800,ENSG00000177076.4$ACER2$chr9$19408925$+,0.56
chr9:19456200-19458000,ENSG00000177076.4$ACER2$chr9$19408925$+,0.49
chr9:19464200-19466600,ENSG00000177076.4$ACER2$chr9$19408925$+,0.46
chr15:85175000-85176600,ENSG00000177082.8$WDR73$chr15$85197574$-,0.5
chr15:85242600-85244600,ENSG00000177082.8$WDR73$chr15$85197574$-,0.45
chr12:133137000-133139400,ENSG00000177084.12$POLE$chr12$133263951$-,0.45
chr12:133259600-133260600,ENSG00000177084.12$POLE$chr12$133263951$-,0.6
chr12:133285600-133286600,ENSG00000177084.12$POLE$chr12$133263951$-,0.65
chr12:133406000-133407000,ENSG00000177084.12$POLE$chr12$133263951$-,0.39
chr22:42417400-42419600,ENSG00000177096.4$FAM109B$chr22$42470255$+,0.35
chr22:42426200-42428600,ENSG00000177096.4$FAM109B$chr22$42470255$+,0.44
chr22:42484600-42486000,ENSG00000177096.4$FAM109B$chr22$42470255$+,0.56
chr22:42487400-42489200,ENSG00000177096.4$FAM109B$chr22$42470255$+,0.47
chr22:42564600-42566000,ENSG00000177096.4$FAM109B$chr22$42470255$+,0.35
chr11:117546600-117548000,ENSG00000177103.9$DSCAML1$chr11$117688240$-,0.43
chr11:117789600-117791200,ENSG00000177103.9$DSCAML1$chr11$117688240$-,0.43
chr11:117898800-117899000,ENSG00000177103.9$DSCAML1$chr11$117688240$-,0.39
chr11:117899200-117900800,ENSG00000177103.9$DSCAML1$chr11$117688240$-,0.41
chr11:117903600-117905000,ENSG00000177103.9$DSCAML1$chr11$117688240$-,0.38
chr11:117912400-117914200,ENSG00000177103.9$DSCAML1$chr11$117688240$-,0.36
chr11:117919200-117920000,ENSG00000177103.9$DSCAML1$chr11$117688240$-,0.4
chr11:117920800-117921200,ENSG00000177103.9$DSCAML1$chr11$117688240$-,0.37
chr11:3819400-3821800,ENSG00000177105.9$RHOG$chr11$3862213$-,0.4
chr11:3869400-3871000,ENSG00000177105.9$RHOG$chr11$3862213$-,0.47
chr11:798000-800000,ENSG00000177106.10$EPS8L2$chr11$694438$+,0.44
chr11:818000-819400,ENSG00000177106.10$EPS8L2$chr11$694438$+,0.37
chrX:9281000-9282400,ENSG00000177138.11$FAM9B$chrX$9132680$-,0.43
chr18:13823400-13825600,ENSG00000177150.8$FAM210A$chr18$13726662$-,0.54
chr11:507400-509400,ENSG00000177156.6$TALDO1$chr11$747329$+,0.36
chr11:517200-519400,ENSG00000177156.6$TALDO1$chr11$747329$+,0.35
chr11:798000-800000,ENSG00000177156.6$TALDO1$chr11$747329$+,0.56
chr11:818000-819400,ENSG00000177156.6$TALDO1$chr11$747329$+,0.49
chr1:248579400-248581800,ENSG00000177174.1$OR14C36$chr1$248512077$+,0.4
chr1:248643600-248644200,ENSG00000177174.1$OR14C36$chr1$248512077$+,0.46
chr1:248644800-248646800,ENSG00000177174.1$OR14C36$chr1$248512077$+,0.48
chr1:248579400-248581800,ENSG00000177186.2$OR2M7$chr1$248487899$-,0.39
chr1:248644800-248646800,ENSG00000177186.2$OR2M7$chr1$248487899$-,0.37
chr19:41793800-41795600,ENSG00000177191.2$B3GNT8$chr19$41934635$-,0.47
chr19:41898200-41900600,ENSG00000177191.2$B3GNT8$chr19$41934635$-,0.62
chr19:41901000-41903000,ENSG00000177191.2$B3GNT8$chr19$41934635$-,0.57
chr19:41904400-41906000,ENSG00000177191.2$B3GNT8$chr19$41934635$-,0.61
chr19:42048400-42049800,ENSG00000177191.2$B3GNT8$chr19$41934635$-,0.36
chr12:132411800-132413200,ENSG00000177192.9$PUS1$chr12$132413745$+,0.35
chr12:132569800-132571800,ENSG00000177192.9$PUS1$chr12$132413745$+,0.36
chr19:49091800-49093200,ENSG00000177202.1$SPACA4$chr19$49110000$+,0.4
chr19:49094600-49096400,ENSG00000177202.1$SPACA4$chr19$49110000$+,0.4
chr19:49111800-49113000,ENSG00000177202.1$SPACA4$chr19$49110000$+,0.46
chr1:248579400-248581800,ENSG00000177212.2$OR2T33$chr1$248437138$-,0.46
chr11:798000-800000,ENSG00000177225.12$PDDC1$chr11$777488$-,0.48
chr11:818000-819400,ENSG00000177225.12$PDDC1$chr11$777488$-,0.52
chr9:140100600-140102600,ENSG00000177239.10$MAN1B1$chr9$139981379$+,0.5
chr9:140150800-140152800,ENSG00000177239.10$MAN1B1$chr9$139981379$+,0.42
chr1:111152600-111153800,ENSG00000177272.7$KCNA3$chr1$111217655$-,0.5
chr1:111201400-111202200,ENSG00000177272.7$KCNA3$chr1$111217655$-,0.66
chr1:111307800-111309200,ENSG00000177272.7$KCNA3$chr1$111217655$-,0.41
chr1:111322200-111324200,ENSG00000177272.7$KCNA3$chr1$111217655$-,0.44
chr4:184347400-184348200,ENSG00000177300.5$CLDN22$chr4$184241927$-,0.56
chr4:184423000-184424800,ENSG00000177300.5$CLDN22$chr4$184241927$-,0.36
chr1:111152600-111153800,ENSG00000177301.9$KCNA2$chr1$111174096$-,0.52
chr1:111201400-111202200,ENSG00000177301.9$KCNA2$chr1$111174096$-,0.64
chr17:17992000-17993600,ENSG00000177302.10$TOP3A$chr17$18218321$-,0.38
chr17:18162400-18163800,ENSG00000177302.10$TOP3A$chr17$18218321$-,0.61
chr17:18291600-18293600,ENSG00000177302.10$TOP3A$chr17$18218321$-,0.47
chr17:18316200-18318000,ENSG00000177302.10$TOP3A$chr17$18218321$-,0.56
chr17:18466400-18468200,ENSG00000177302.10$TOP3A$chr17$18218321$-,0.37
chr17:73258600-73260600,ENSG00000177303.5$CASKIN2$chr17$73511664$-,0.35
chr17:73431000-73433000,ENSG00000177303.5$CASKIN2$chr17$73511664$-,0.45
chr17:73577400-73579000,ENSG00000177303.5$CASKIN2$chr17$73511664$-,0.57
chr17:73661000-73662800,ENSG00000177303.5$CASKIN2$chr17$73511664$-,0.42
chr8:144077400-144079800,ENSG00000177335.6$C8orf31$chr8$144120626$+,0.37
chr3:49056400-49058600,ENSG00000177352.9$CCDC71$chr3$49203754$-,0.45
chr3:49123000-49124800,ENSG00000177352.9$CCDC71$chr3$49203754$-,0.49
chr3:49132000-49133800,ENSG00000177352.9$CCDC71$chr3$49203754$-,0.58
chr3:49140000-49141600,ENSG00000177352.9$CCDC71$chr3$49203754$-,0.67
chr3:49158400-49159800,ENSG00000177352.9$CCDC71$chr3$49203754$-,0.53
chr3:49207200-49208800,ENSG00000177352.9$CCDC71$chr3$49203754$-,0.64
chr3:49340200-49342200,ENSG00000177352.9$CCDC71$chr3$49203754$-,0.38
chr11:62443600-62446000,ENSG00000177363.4$LRRN4CL$chr11$62457371$-,0.56
chr11:62446800-62449200,ENSG00000177363.4$LRRN4CL$chr11$62457371$-,0.58
chr11:62461600-62463400,ENSG00000177363.4$LRRN4CL$chr11$62457371$-,0.45
chr17:1951200-1953000,ENSG00000177374.8$HIC1$chr17$1957448$+,0.63
chr17:2048600-2050800,ENSG00000177374.8$HIC1$chr17$1957448$+,0.49
chr19:49404400-49406600,ENSG00000177380.9$PPFIA3$chr19$49622646$+,0.43
chr19:49728800-49730000,ENSG00000177380.9$PPFIA3$chr19$49622646$+,0.51
chr19:49734200-49736400,ENSG00000177380.9$PPFIA3$chr19$49622646$+,0.41
chr3:184528200-184530000,ENSG00000177383.3$MAGEF1$chr3$184429836$-,0.36
chr21:43300000-43301400,ENSG00000177398.14$UMODL1$chr21$43483068$+,0.44
chr7:92665600-92667400,ENSG00000177409.7$SAMD9L$chr7$92777682$-,0.39
chr7:92794400-92795800,ENSG00000177409.7$SAMD9L$chr7$92777682$-,0.67
chr7:92859800-92861000,ENSG00000177409.7$SAMD9L$chr7$92777682$-,0.48
chr18:3356000-3357000,ENSG00000177426.16$TGIF1$chr18$3411606$+,0.37
chr18:3402600-3403800,ENSG00000177426.16$TGIF1$chr18$3411606$+,0.5
chr18:3405200-3407400,ENSG00000177426.16$TGIF1$chr18$3411606$+,0.53
chr18:3452600-3453800,ENSG00000177426.16$TGIF1$chr18$3411606$+,0.46
chr17:17989600-17991400,ENSG00000177427.8$MIEF2$chr17$18163848$+,0.4
chr17:17992000-17993600,ENSG00000177427.8$MIEF2$chr17$18163848$+,0.43
chr17:18291600-18293600,ENSG00000177427.8$MIEF2$chr17$18163848$+,0.49
chr17:18316200-18318000,ENSG00000177427.8$MIEF2$chr17$18163848$+,0.47
chr4:89511600-89512800,ENSG00000177432.6$NAP1L5$chr4$89619386$-,0.43
chr4:89573200-89575400,ENSG00000177432.6$NAP1L5$chr4$89619386$-,0.52
chr5:43160400-43162200,ENSG00000177453.3$NIM1$chr5$43192173$+,0.36
chr16:28855400-28857200,ENSG00000177455.7$CD19$chr16$28943260$+,0.37
chr16:28858400-28860000,ENSG00000177455.7$CD19$chr16$28943260$+,0.42
chr16:28873000-28874400,ENSG00000177455.7$CD19$chr16$28943260$+,0.46
chr16:28961200-28962200,ENSG00000177455.7$CD19$chr16$28943260$+,0.55
chr16:28983600-28985600,ENSG00000177455.7$CD19$chr16$28943260$+,0.55
chr8:99058800-99060000,ENSG00000177459.6$C8orf47$chr8$99076539$+,0.47
chr8:99097400-99098400,ENSG00000177459.6$C8orf47$chr8$99076539$+,0.35
chr3:15027200-15029000,ENSG00000177463.11$NR2C2$chr3$14989091$+,0.75
chr3:15036600-15037400,ENSG00000177463.11$NR2C2$chr3$14989091$+,0.7
chr3:15104400-15106400,ENSG00000177463.11$NR2C2$chr3$14989091$+,0.44
chr3:15141000-15142200,ENSG00000177463.11$NR2C2$chr3$14989091$+,0.36
chr19:46088600-46089200,ENSG00000177464.4$GPR4$chr19$46105466$-,0.35
chr19:46110000-46111200,ENSG00000177464.4$GPR4$chr19$46105466$-,0.48
chr14:73955800-73957600,ENSG00000177465.4$ACOT4$chr14$74058410$+,0.36
chr14:74110200-74111200,ENSG00000177465.4$ACOT4$chr14$74058410$+,0.62
chr14:74112000-74113400,ENSG00000177465.4$ACOT4$chr14$74058410$+,0.59
chr6:137686600-137689000,ENSG00000177468.5$OLIG3$chr6$137815531$-,0.35
chr6:137703400-137704200,ENSG00000177468.5$OLIG3$chr6$137815531$-,0.37
chr6:137720200-137722200,ENSG00000177468.5$OLIG3$chr6$137815531$-,0.52
chr6:137833400-137835400,ENSG00000177468.5$OLIG3$chr6$137815531$-,0.67
chr6:137909600-137911200,ENSG00000177468.5$OLIG3$chr6$137815531$-,0.49
chr3:48825800-48827800,ENSG00000177479.15$ARIH2$chr3$48956254$+,0.45
chr3:48877200-48877600,ENSG00000177479.15$ARIH2$chr3$48956254$+,0.55
chr3:48882400-48884400,ENSG00000177479.15$ARIH2$chr3$48956254$+,0.48
chr3:48885600-48886600,ENSG00000177479.15$ARIH2$chr3$48956254$+,0.46
chr3:48974400-48976400,ENSG00000177479.15$ARIH2$chr3$48956254$+,0.48
chr3:48985800-48988200,ENSG00000177479.15$ARIH2$chr3$48956254$+,0.54
chr3:49056400-49058600,ENSG00000177479.15$ARIH2$chr3$48956254$+,0.39
chr3:49140000-49141600,ENSG00000177479.15$ARIH2$chr3$48956254$+,0.36
chrX:119148600-119150600,ENSG00000177485.6$ZBTB33$chrX$119384607$+,0.35
chrX:119376000-119378200,ENSG00000177485.6$ZBTB33$chrX$119384607$+,0.54
chrX:119386000-119388000,ENSG00000177485.6$ZBTB33$chrX$119384607$+,0.36
chrX:119389000-119390600,ENSG00000177485.6$ZBTB33$chrX$119384607$+,0.58
chrX:119427600-119429800,ENSG00000177485.6$ZBTB33$chrX$119384607$+,0.43
chrX:119478200-119479400,ENSG00000177485.6$ZBTB33$chrX$119384607$+,0.44
chr3:111273800-111275000,ENSG00000177494.5$ZBED2$chr3$111314290$-,0.54
chr3:111281000-111282800,ENSG00000177494.5$ZBED2$chr3$111314290$-,0.6
chr3:111287600-111288600,ENSG00000177494.5$ZBED2$chr3$111314290$-,0.63
chr11:818000-819400,ENSG00000177542.6$SLC25A22$chr11$798316$-,0.64
chr16:28855400-28857200,ENSG00000177548.8$RABEP2$chr16$28947847$-,0.59
chr16:28858400-28860000,ENSG00000177548.8$RABEP2$chr16$28947847$-,0.58
chr16:28873000-28874400,ENSG00000177548.8$RABEP2$chr16$28947847$-,0.54
chr16:28961200-28962200,ENSG00000177548.8$RABEP2$chr16$28947847$-,0.6
chr16:28983600-28985600,ENSG00000177548.8$RABEP2$chr16$28947847$-,0.55
chr16:29031800-29034000,ENSG00000177548.8$RABEP2$chr16$28947847$-,0.37
chr5:151019600-151021200,ENSG00000177556.7$ATOX1$chr5$151152093$-,0.42
chr5:151138600-151139800,ENSG00000177556.7$ATOX1$chr5$151152093$-,0.51
chr5:151172200-151174200,ENSG00000177556.7$ATOX1$chr5$151152093$-,0.5
chr5:151209600-151212000,ENSG00000177556.7$ATOX1$chr5$151152093$-,0.46
chr19:35684400-35685800,ENSG00000177558.3$FAM187B$chr19$35719632$-,0.42
chr19:35727600-35728200,ENSG00000177558.3$FAM187B$chr19$35719632$-,0.58
chr3:176956200-176957600,ENSG00000177565.11$TBL1XR1$chr3$176915261$-,0.52
chr3:177035000-177036600,ENSG00000177565.11$TBL1XR1$chr3$176915261$-,0.36
chr8:119578800-119581200,ENSG00000177570.9$SAMD12$chr8$119634234$-,0.44
chr12:7592200-7592800,ENSG00000177575.8$CD163$chr12$7656489$-,0.41
chr12:7593000-7594000,ENSG00000177575.8$CD163$chr12$7656489$-,0.42
chr18:46885400-46887800,ENSG00000177576.6$C18orf32$chr18$47013622$-,0.43
chr18:46942200-46943800,ENSG00000177576.6$C18orf32$chr18$47013622$-,0.49
chr18:46967800-46968600,ENSG00000177576.6$C18orf32$chr18$47013622$-,0.51
chr18:46980000-46981800,ENSG00000177576.6$C18orf32$chr18$47013622$-,0.64
chr11:798000-800000,ENSG00000177595.13$PIDD$chr11$809753$-,0.54
chr11:818000-819400,ENSG00000177595.13$PIDD$chr11$809753$-,0.66
chr19:11749400-11750600,ENSG00000177599.8$ZNF491$chr19$11908482$+,0.44
chr19:11850200-11851000,ENSG00000177599.8$ZNF491$chr19$11908482$+,0.58
chr19:11878400-11880400,ENSG00000177599.8$ZNF491$chr19$11908482$+,0.61
chr19:11910000-11911400,ENSG00000177599.8$ZNF491$chr19$11908482$+,0.38
chr19:11923000-11924800,ENSG00000177599.8$ZNF491$chr19$11908482$+,0.57
chr19:11925800-11927400,ENSG00000177599.8$ZNF491$chr19$11908482$+,0.63
chr19:11958000-11959600,ENSG00000177599.8$ZNF491$chr19$11908482$+,0.51
chr19:11960200-11962400,ENSG00000177599.8$ZNF491$chr19$11908482$+,0.54
chr19:11997200-11998600,ENSG00000177599.8$ZNF491$chr19$11908482$+,0.48
chr17:3586000-3587400,ENSG00000177602.4$GSG2$chr17$3627211$+,0.52
chr17:3671800-3673000,ENSG00000177602.4$GSG2$chr17$3627211$+,0.47
chr17:3690800-3692600,ENSG00000177602.4$GSG2$chr17$3627211$+,0.47
chr17:3749600-3750400,ENSG00000177602.4$GSG2$chr17$3627211$+,0.41
chr1:59201200-59203400,ENSG00000177606.5$JUN$chr1$59249785$-,0.59
chr1:59251000-59253400,ENSG00000177606.5$JUN$chr1$59249785$-,0.59
chr1:59258600-59261000,ENSG00000177606.5$JUN$chr1$59249785$-,0.6
chr1:59414000-59416200,ENSG00000177606.5$JUN$chr1$59249785$-,0.37
chr12:48745200-48746800,ENSG00000177627.5$C12orf54$chr12$48876286$+,0.35
chr1:155144000-155145200,ENSG00000177628.11$GBA$chr1$155214490$-,0.44
chr1:155184000-155186000,ENSG00000177628.11$GBA$chr1$155214490$-,0.6
chr1:155197800-155198800,ENSG00000177628.11$GBA$chr1$155214490$-,0.5
chr1:155229200-155231400,ENSG00000177628.11$GBA$chr1$155214490$-,0.57
chr1:155232000-155233200,ENSG00000177628.11$GBA$chr1$155214490$-,0.58
chr1:155245400-155247200,ENSG00000177628.11$GBA$chr1$155214490$-,0.56
chr1:155247600-155250000,ENSG00000177628.11$GBA$chr1$155214490$-,0.52
chr3:128458800-128461200,ENSG00000177646.13$ACAD9$chr3$128598439$+,0.47
chr3:128596200-128597600,ENSG00000177646.13$ACAD9$chr3$128598439$+,0.39
chr3:128764200-128766600,ENSG00000177646.13$ACAD9$chr3$128598439$+,0.49
chr22:17640800-17641600,ENSG00000177663.9$IL17RA$chr22$17565844$+,0.44
chr22:17689800-17690800,ENSG00000177663.9$IL17RA$chr22$17565844$+,0.36
chr11:798000-800000,ENSG00000177666.11$PNPLA2$chr11$818902$+,0.56
chr8:29921600-29921800,ENSG00000177669.3$MBOAT4$chr8$30002202$-,0.37
chr8:29978200-29978800,ENSG00000177669.3$MBOAT4$chr8$30002202$-,0.49
chr8:29987400-29988400,ENSG00000177669.3$MBOAT4$chr8$30002202$-,0.43
chr8:30011400-30013200,ENSG00000177669.3$MBOAT4$chr8$30002202$-,0.68
chr1:11953200-11954200,ENSG00000177674.11$AGTRAP$chr1$11796141$+,0.36
chr12:7592200-7592800,ENSG00000177675.4$CD163L1$chr12$7632493$-,0.58
chr12:7593000-7594000,ENSG00000177675.4$CD163L1$chr12$7632493$-,0.62
chr7:75807200-75808400,ENSG00000177679.14$SRRM3$chr7$75831216$+,0.54
chr7:108167200-108169200,ENSG00000177683.9$THAP5$chr7$108210194$-,0.64
chr11:818000-819400,ENSG00000177685.12$EFCAB4A$chr11$826144$+,0.41
chr6:149758200-149758800,ENSG00000177688.5$SUMO4$chr6$149721495$+,0.47
chr6:149824200-149826000,ENSG00000177688.5$SUMO4$chr6$149721495$+,0.41
chr6:149969800-149970800,ENSG00000177688.5$SUMO4$chr6$149721495$+,0.35
chr6:150007200-150008800,ENSG00000177688.5$SUMO4$chr6$149721495$+,0.37
chr21:34849200-34851000,ENSG00000177692.7$DNAJC28$chr21$34864027$-,0.63
chr21:34852800-34854600,ENSG00000177692.7$DNAJC28$chr21$34864027$-,0.62
chr21:34941400-34942800,ENSG00000177692.7$DNAJC28$chr21$34864027$-,0.47
chr21:34961600-34962600,ENSG00000177692.7$DNAJC28$chr21$34864027$-,0.47
chr11:798000-800000,ENSG00000177697.13$CD151$chr11$832843$+,0.45
chr11:818000-819400,ENSG00000177697.13$CD151$chr11$832843$+,0.55
chr11:798000-800000,ENSG00000177700.5$POLR2L$chr11$842545$-,0.38
chr11:818000-819400,ENSG00000177700.5$POLR2L$chr11$842545$-,0.41
chr5:43063200-43064800,ENSG00000177721.3$ANXA2R$chr5$43043272$-,0.73
chr5:43119400-43121000,ENSG00000177721.3$ANXA2R$chr5$43043272$-,0.45
chr5:43131200-43132400,ENSG00000177721.3$ANXA2R$chr5$43043272$-,0.48
chr5:43160400-43162200,ENSG00000177721.3$ANXA2R$chr5$43043272$-,0.41
chr17:73431000-73433000,ENSG00000177728.10$KIAA0195$chr17$73437240$+,0.47
chr17:17989600-17991400,ENSG00000177731.11$FLII$chr17$18162230$-,0.42
chr17:17992000-17993600,ENSG00000177731.11$FLII$chr17$18162230$-,0.38
chr17:18291600-18293600,ENSG00000177731.11$FLII$chr17$18162230$-,0.46
chr17:18316200-18318000,ENSG00000177731.11$FLII$chr17$18162230$-,0.43
chr20:269000-270800,ENSG00000177732.6$SOX12$chr20$306207$+,0.46
chr20:325600-328000,ENSG00000177732.6$SOX12$chr20$306207$+,0.61
chr20:329000-330600,ENSG00000177732.6$SOX12$chr20$306207$+,0.55
chr20:386400-388400,ENSG00000177732.6$SOX12$chr20$306207$+,0.46
chr4:44722000-44723400,ENSG00000177752.10$YIPF7$chr4$44680573$-,0.65
chr4:44728800-44730000,ENSG00000177752.10$YIPF7$chr4$44680573$-,0.44
chr4:44807800-44808400,ENSG00000177752.10$YIPF7$chr4$44680573$-,0.37
chr20:269000-270800,ENSG00000177764.6$ZCCHC3$chr20$277737$+,0.65
chr20:325600-328000,ENSG00000177764.6$ZCCHC3$chr20$277737$+,0.67
chr20:329000-330600,ENSG00000177764.6$ZCCHC3$chr20$277737$+,0.53
chr20:386400-388400,ENSG00000177764.6$ZCCHC3$chr20$277737$+,0.48
chr20:442600-444800,ENSG00000177764.6$ZCCHC3$chr20$277737$+,0.43
chr1:229197000-229197400,ENSG00000177800.2$TMEM78$chr1$229385383$+,0.45
chr1:229392800-229395200,ENSG00000177800.2$TMEM78$chr1$229385383$+,0.58
chr1:160002200-160003600,ENSG00000177807.6$KCNJ10$chr1$160040038$-,0.68
chr1:160173400-160175600,ENSG00000177807.6$KCNJ10$chr1$160040038$-,0.36
chr3:40547800-40549600,ENSG00000177842.7$ZNF620$chr3$40547483$+,0.48
chrX:153318600-153319200,ENSG00000177854.7$TMEM187$chrX$153237778$+,0.36
chr1:43271600-43273800,ENSG00000177868.7$CCDC23$chr1$43282954$-,0.56
chr1:43281000-43282200,ENSG00000177868.7$CCDC23$chr1$43282954$-,0.38
chr3:40358400-40359600,ENSG00000177873.8$ZNF619$chr3$40518604$+,0.35
chr3:40495200-40497200,ENSG00000177873.8$ZNF619$chr3$40518604$+,0.44
chr3:40497600-40498400,ENSG00000177873.8$ZNF619$chr3$40518604$+,0.46
chr3:40547800-40549600,ENSG00000177873.8$ZNF619$chr3$40518604$+,0.56
chr3:40565200-40566000,ENSG00000177873.8$ZNF619$chr3$40518604$+,0.52
chr3:40567000-40568800,ENSG00000177873.8$ZNF619$chr3$40518604$+,0.48
chr12:48511600-48513000,ENSG00000177875.3$C12orf68$chr12$48577366$+,0.48
chr12:48561400-48561600,ENSG00000177875.3$C12orf68$chr12$48577366$+,0.65
chr12:48679400-48681200,ENSG00000177875.3$C12orf68$chr12$48577366$+,0.5
chr12:48689600-48692000,ENSG00000177875.3$C12orf68$chr12$48577366$+,0.46
chr12:48745200-48746800,ENSG00000177875.3$C12orf68$chr12$48577366$+,0.36
chr17:73258600-73260600,ENSG00000177885.9$GRB2$chr17$73401790$-,0.52
chr17:73282800-73285000,ENSG00000177885.9$GRB2$chr17$73401790$-,0.47
chr17:73431000-73433000,ENSG00000177885.9$GRB2$chr17$73401790$-,0.65
chr1:197093200-197093800,ENSG00000177888.7$ZBTB41$chr1$197169672$-,0.54
chr12:93923200-93925400,ENSG00000177889.5$UBE2N$chr12$93836038$-,0.46
chr2:153539800-153541400,ENSG00000177917.6$ARL6IP6$chr2$153574407$+,0.67
chr2:153559600-153561400,ENSG00000177917.6$ARL6IP6$chr2$153574407$+,0.71
chr5:178323400-178324400,ENSG00000177932.6$ZNF354C$chr5$178487416$+,0.54
chr5:178451000-178452800,ENSG00000177932.6$ZNF354C$chr5$178487416$+,0.64
chr5:178488000-178489800,ENSG00000177932.6$ZNF354C$chr5$178487416$+,0.35
chr5:178573200-178574800,ENSG00000177932.6$ZNF354C$chr5$178487416$+,0.48
chr16:90092000-90094400,ENSG00000177946.4$CENPBD1$chr16$90038942$-,0.58
chr16:90147800-90149000,ENSG00000177946.4$CENPBD1$chr16$90038942$-,0.44
chr11:250400-251800,ENSG00000177951.13$BET1L$chr11$207428$-,0.43
chr11:319000-321400,ENSG00000177951.13$BET1L$chr11$207428$-,0.42
chr11:367200-369200,ENSG00000177951.13$BET1L$chr11$207428$-,0.42
chr11:250400-251800,ENSG00000177963.8$RIC8A$chr11$207511$+,0.49
chr11:319000-321400,ENSG00000177963.8$RIC8A$chr11$207511$+,0.44
chr11:367200-369200,ENSG00000177963.8$RIC8A$chr11$207511$+,0.5
chr12:48511600-48513000,ENSG00000177981.6$ASB8$chr12$48574996$-,0.46
chr12:48561400-48561600,ENSG00000177981.6$ASB8$chr12$48574996$-,0.72
chr12:48679400-48681200,ENSG00000177981.6$ASB8$chr12$48574996$-,0.52
chr12:48689600-48692000,ENSG00000177981.6$ASB8$chr12$48574996$-,0.42
chr22:50929000-50930400,ENSG00000177989.9$ODF3B$chr22$50971009$-,0.45
chr22:50947200-50949200,ENSG00000177989.9$ODF3B$chr22$50971009$-,0.66
chr22:51001800-51004200,ENSG00000177989.9$ODF3B$chr22$50971009$-,0.5
chr22:51067200-51069600,ENSG00000177989.9$ODF3B$chr22$50971009$-,0.38
chr5:94960800-94961200,ENSG00000178015.4$GPR150$chr5$94955782$+,0.79
chr2:54333600-54336000,ENSG00000178021.9$TSPYL6$chr2$54483409$-,0.35
chr2:54556200-54557400,ENSG00000178021.9$TSPYL6$chr2$54483409$-,0.37
chr2:54621200-54622400,ENSG00000178021.9$TSPYL6$chr2$54483409$-,0.35
chr1:44679600-44682000,ENSG00000178028.9$DMAP1$chr1$44679127$+,0.39
chr3:48953800-48955600,ENSG00000178035.7$IMPDH2$chr3$49066841$-,0.36
chr3:48974400-48976400,ENSG00000178035.7$IMPDH2$chr3$49066841$-,0.38
chr3:48985800-48988200,ENSG00000178035.7$IMPDH2$chr3$49066841$-,0.43
chr3:49056400-49058600,ENSG00000178035.7$IMPDH2$chr3$49066841$-,0.66
chr3:49123000-49124800,ENSG00000178035.7$IMPDH2$chr3$49066841$-,0.47
chr3:49132000-49133800,ENSG00000178035.7$IMPDH2$chr3$49066841$-,0.47
chr3:49140000-49141600,ENSG00000178035.7$IMPDH2$chr3$49066841$-,0.53
chr3:49158400-49159800,ENSG00000178035.7$IMPDH2$chr3$49066841$-,0.37
chr3:49204000-49205800,ENSG00000178035.7$IMPDH2$chr3$49066841$-,0.41
chr3:49207200-49208800,ENSG00000178035.7$IMPDH2$chr3$49066841$-,0.38
chr3:158390600-158391800,ENSG00000178053.13$MLF1$chr3$158288952$+,0.43
chr3:48877200-48877600,ENSG00000178057.10$NDUFAF3$chr3$49057892$+,0.35
chr3:48974400-48976400,ENSG00000178057.10$NDUFAF3$chr3$49057892$+,0.35
chr3:48985800-48988200,ENSG00000178057.10$NDUFAF3$chr3$49057892$+,0.41
chr3:49140000-49141600,ENSG00000178057.10$NDUFAF3$chr3$49057892$+,0.36
chr3:49204000-49205800,ENSG00000178057.10$NDUFAF3$chr3$49057892$+,0.39
chr3:49207200-49208800,ENSG00000178057.10$NDUFAF3$chr3$49057892$+,0.41
chr2:200713800-200716000,ENSG00000178074.5$C2orf69$chr2$200775979$+,0.45
chr2:200784000-200785000,ENSG00000178074.5$C2orf69$chr2$200775979$+,0.59
chr2:200815000-200815800,ENSG00000178074.5$C2orf69$chr2$200775979$+,0.52
chr2:200850200-200851000,ENSG00000178074.5$C2orf69$chr2$200775979$+,0.38
chr3:113556400-113557800,ENSG00000178075.15$GRAMD1C$chr3$113547029$+,0.65
chr19:4179600-4182000,ENSG00000178078.7$STAP2$chr19$4342783$-,0.37
chr19:4183000-4185000,ENSG00000178078.7$STAP2$chr19$4342783$-,0.38
chr19:4245600-4247000,ENSG00000178078.7$STAP2$chr19$4342783$-,0.37
chr19:4247400-4249400,ENSG00000178078.7$STAP2$chr19$4342783$-,0.39
chr19:4400400-4402000,ENSG00000178078.7$STAP2$chr19$4342783$-,0.46
chr19:4469800-4471400,ENSG00000178078.7$STAP2$chr19$4342783$-,0.48
chr19:19680800-19682600,ENSG00000178093.12$TSSK6$chr19$19626838$-,0.65
chr19:19692000-19693800,ENSG00000178093.12$TSSK6$chr19$19626838$-,0.42
chr19:19715600-19715800,ENSG00000178093.12$TSSK6$chr19$19626838$-,0.4
chr19:19720800-19722000,ENSG00000178093.12$TSSK6$chr19$19626838$-,0.38
chr19:19745200-19746600,ENSG00000178093.12$TSSK6$chr19$19626838$-,0.35
chr19:19884400-19886800,ENSG00000178093.12$TSSK6$chr19$19626838$-,0.35
chr1:149601200-149603400,ENSG00000178096.8$BOLA1$chr1$149859440$+,0.36
chr1:149663800-149666000,ENSG00000178096.8$BOLA1$chr1$149859440$+,0.39
chr1:149711400-149712600,ENSG00000178096.8$BOLA1$chr1$149859440$+,0.53
chr1:149785600-149786000,ENSG00000178096.8$BOLA1$chr1$149859440$+,0.51
chr1:149860400-149862200,ENSG00000178096.8$BOLA1$chr1$149859440$+,0.43
chr1:149870200-149871200,ENSG00000178096.8$BOLA1$chr1$149859440$+,0.69
chr1:149871600-149872600,ENSG00000178096.8$BOLA1$chr1$149859440$+,0.62
chr1:150040200-150042600,ENSG00000178096.8$BOLA1$chr1$149859440$+,0.39
chr11:108609400-108609800,ENSG00000178105.5$DDX10$chr11$108535752$+,0.52
chr8:67971200-67973600,ENSG00000178125.10$PPP1R42$chr8$67968839$-,0.57
chr8:67975200-67976600,ENSG00000178125.10$PPP1R42$chr8$67968839$-,0.43
chr8:67987200-67988800,ENSG00000178125.10$PPP1R42$chr8$67968839$-,0.58
chr18:9010000-9010200,ENSG00000178127.8$NDUFV2$chr18$9102628$+,0.48
chr18:9065200-9067200,ENSG00000178127.8$NDUFV2$chr18$9102628$+,0.6
chr18:9086400-9087200,ENSG00000178127.8$NDUFV2$chr18$9102628$+,0.54
chr18:9155800-9156200,ENSG00000178127.8$NDUFV2$chr18$9102628$+,0.59
chr18:9159800-9161200,ENSG00000178127.8$NDUFV2$chr18$9102628$+,0.65
chr18:9167600-9168600,ENSG00000178127.8$NDUFV2$chr18$9102628$+,0.54
chr18:9169000-9169600,ENSG00000178127.8$NDUFV2$chr18$9102628$+,0.46
chr18:9170400-9170800,ENSG00000178127.8$NDUFV2$chr18$9102628$+,0.45
chr18:9204200-9205000,ENSG00000178127.8$NDUFV2$chr18$9102628$+,0.51
chr18:9225800-9227200,ENSG00000178127.8$NDUFV2$chr18$9102628$+,0.46
chr18:9227800-9228400,ENSG00000178127.8$NDUFV2$chr18$9102628$+,0.5
chr3:48825800-48827800,ENSG00000178149.12$DALRD3$chr3$49059726$-,0.35
chr3:48877200-48877600,ENSG00000178149.12$DALRD3$chr3$49059726$-,0.36
chr3:48882400-48884400,ENSG00000178149.12$DALRD3$chr3$49059726$-,0.4
chr3:48885600-48886600,ENSG00000178149.12$DALRD3$chr3$49059726$-,0.41
chr3:48953800-48955600,ENSG00000178149.12$DALRD3$chr3$49059726$-,0.45
chr3:48974400-48976400,ENSG00000178149.12$DALRD3$chr3$49059726$-,0.39
chr3:48985800-48988200,ENSG00000178149.12$DALRD3$chr3$49059726$-,0.47
chr3:49056400-49058600,ENSG00000178149.12$DALRD3$chr3$49059726$-,0.39
chr3:49123000-49124800,ENSG00000178149.12$DALRD3$chr3$49059726$-,0.39
chr3:49132000-49133800,ENSG00000178149.12$DALRD3$chr3$49059726$-,0.41
chr3:49140000-49141600,ENSG00000178149.12$DALRD3$chr3$49059726$-,0.44
chr3:49158400-49159800,ENSG00000178149.12$DALRD3$chr3$49059726$-,0.47
chr3:49204000-49205800,ENSG00000178149.12$DALRD3$chr3$49059726$-,0.35
chr3:49207200-49208800,ENSG00000178149.12$DALRD3$chr3$49059726$-,0.43
chr19:48671000-48673200,ENSG00000178150.4$ZNF114$chr19$48675575$+,0.63
chr19:48705200-48707000,ENSG00000178150.4$ZNF114$chr19$48675575$+,0.69
chr19:48865400-48866800,ENSG00000178150.4$ZNF114$chr19$48675575$+,0.35
chr19:48867200-48869200,ENSG00000178150.4$ZNF114$chr19$48675575$+,0.39
chr4:10459400-10461200,ENSG00000178163.3$ZNF518B$chr4$10459034$-,0.38
chr4:18020000-18022000,ENSG00000178177.10$LCORL$chr4$18023499$-,0.46
chr4:18024600-18025800,ENSG00000178177.10$LCORL$chr4$18023499$-,0.37
chr16:28873000-28874400,ENSG00000178188.10$SH2B1$chr16$28857921$+,0.56
chr16:28961200-28962200,ENSG00000178188.10$SH2B1$chr16$28857921$+,0.65
chr16:28983600-28985600,ENSG00000178188.10$SH2B1$chr16$28857921$+,0.57
chr6:149758200-149758800,ENSG00000178199.9$ZC3H12D$chr6$149806197$-,0.52
chr6:149824200-149826000,ENSG00000178199.9$ZC3H12D$chr6$149806197$-,0.63
chr6:149862000-149863000,ENSG00000178199.9$ZC3H12D$chr6$149806197$-,0.59
chr6:149888400-149890200,ENSG00000178199.9$ZC3H12D$chr6$149806197$-,0.46
chr19:57999400-58000800,ENSG00000178201.3$VN1R1$chr19$57967854$-,0.35
chr8:145063000-145064000,ENSG00000178209.10$PLEC$chr8$145050902$-,0.51
chr10:82142000-82143200,ENSG00000178217.9$SH2D4B$chr10$82297658$+,0.35
chr19:57682400-57684800,ENSG00000178229.7$ZNF543$chr19$57831877$+,0.4
chr19:57751000-57751600,ENSG00000178229.7$ZNF543$chr19$57831877$+,0.38
chr19:57789400-57791400,ENSG00000178229.7$ZNF543$chr19$57831877$+,0.54
chr19:57861600-57862200,ENSG00000178229.7$ZNF543$chr19$57831877$+,0.71
chr19:57872200-57874400,ENSG00000178229.7$ZNF543$chr19$57831877$+,0.52
chr19:57900000-57901200,ENSG00000178229.7$ZNF543$chr19$57831877$+,0.45
chr19:57921400-57922400,ENSG00000178229.7$ZNF543$chr19$57831877$+,0.36
chr7:151574400-151576800,ENSG00000178234.8$GALNT11$chr7$151722759$+,0.37
chr7:151762400-151763200,ENSG00000178234.8$GALNT11$chr7$151722759$+,0.54
chr9:138251400-138252400,ENSG00000178243.2$C9orf62$chr9$138235095$+,0.39
chr3:48953800-48955600,ENSG00000178252.13$WDR6$chr3$49044495$+,0.4
chr3:48974400-48976400,ENSG00000178252.13$WDR6$chr3$49044495$+,0.54
chr3:48985800-48988200,ENSG00000178252.13$WDR6$chr3$49044495$+,0.56
chr3:49056400-49058600,ENSG00000178252.13$WDR6$chr3$49044495$+,0.7
chr3:49123000-49124800,ENSG00000178252.13$WDR6$chr3$49044495$+,0.48
chr3:49132000-49133800,ENSG00000178252.13$WDR6$chr3$49044495$+,0.5
chr3:49140000-49141600,ENSG00000178252.13$WDR6$chr3$49044495$+,0.54
chr3:49158400-49159800,ENSG00000178252.13$WDR6$chr3$49044495$+,0.47
chr3:49204000-49205800,ENSG00000178252.13$WDR6$chr3$49044495$+,0.42
chr3:49207200-49208800,ENSG00000178252.13$WDR6$chr3$49044495$+,0.36
chr16:11437600-11439000,ENSG00000178279.3$TNP2$chr16$11363390$-,0.45
chr5:178323400-178324400,ENSG00000178338.6$ZNF354B$chr5$178286954$+,0.59
chr5:178451000-178452800,ENSG00000178338.6$ZNF354B$chr5$178286954$+,0.35
chr7:1176200-1177400,ENSG00000178381.7$ZFAND2A$chr7$1200395$-,0.6
chr7:1214800-1217200,ENSG00000178381.7$ZFAND2A$chr7$1200395$-,0.68
chr19:44575200-44575800,ENSG00000178386.8$ZNF223$chr19$44555520$+,0.37
chr19:44576800-44578000,ENSG00000178386.8$ZNF223$chr19$44555520$+,0.37
chr7:6411600-6413800,ENSG00000178397.8$FAM220A$chr7$6388612$-,0.52
chr7:6544200-6546400,ENSG00000178397.8$FAM220A$chr7$6388612$-,0.4
chr12:49715000-49716600,ENSG00000178401.10$DNAJC22$chr12$49740700$+,0.69
chr4:113559200-113561000,ENSG00000178403.3$NEUROG2$chr4$113437328$-,0.36
chr6:116457000-116459000,ENSG00000178425.9$NT5DC1$chr6$116422012$+,0.78
chr9:6654600-6655800,ENSG00000178445.8$GLDC$chr9$6645650$-,0.43
chr9:6679800-6680800,ENSG00000178445.8$GLDC$chr9$6645650$-,0.44
chr9:6704600-6706800,ENSG00000178445.8$GLDC$chr9$6645650$-,0.35
chr8:67685200-67687000,ENSG00000178460.13$MCMDC2$chr8$67782984$+,0.51
chr10:5375600-5377600,ENSG00000178462.7$TUBAL3$chr10$5446793$-,0.36
chr10:5498600-5500800,ENSG00000178462.7$TUBAL3$chr10$5446793$-,0.39
chr3:48974400-48976400,ENSG00000178467.13$P4HTM$chr3$49027319$+,0.48
chr3:48985800-48988200,ENSG00000178467.13$P4HTM$chr3$49027319$+,0.53
chr3:49056400-49058600,ENSG00000178467.13$P4HTM$chr3$49027319$+,0.6
chr3:49140000-49141600,ENSG00000178467.13$P4HTM$chr3$49027319$+,0.38
chr3:49158400-49159800,ENSG00000178467.13$P4HTM$chr3$49027319$+,0.35
chr10:5375600-5377600,ENSG00000178473.5$UCN3$chr10$5406972$+,0.42
chr12:57881000-57881800,ENSG00000178498.11$DTX3$chr12$57998405$+,0.37
chr12:57999000-58001400,ENSG00000178498.11$DTX3$chr12$57998405$+,0.41
chr17:39828200-39830200,ENSG00000178502.5$KLHL11$chr17$40021684$-,0.37
chr17:39842600-39844600,ENSG00000178502.5$KLHL11$chr17$40021684$-,0.44
chr17:39856800-39859000,ENSG00000178502.5$KLHL11$chr17$40021684$-,0.43
chr17:39990600-39992000,ENSG00000178502.5$KLHL11$chr17$40021684$-,0.47
chr17:40013800-40015600,ENSG00000178502.5$KLHL11$chr17$40021684$-,0.48
chr17:40075800-40077200,ENSG00000178502.5$KLHL11$chr17$40021684$-,0.51
chr17:40085000-40086400,ENSG00000178502.5$KLHL11$chr17$40021684$-,0.46
chr17:40116200-40118200,ENSG00000178502.5$KLHL11$chr17$40021684$-,0.6
chr17:40170000-40172400,ENSG00000178502.5$KLHL11$chr17$40021684$-,0.48
chr4:71551600-71553400,ENSG00000178522.10$AMBN$chr4$71457973$+,0.41
chr4:71568200-71570000,ENSG00000178522.10$AMBN$chr4$71457973$+,0.44
chr19:8009200-8010400,ENSG00000178531.4$CTXN1$chr19$7991051$-,0.37
chr3:48877200-48877600,ENSG00000178537.5$SLC25A20$chr3$48936426$-,0.54
chr3:48882400-48884400,ENSG00000178537.5$SLC25A20$chr3$48936426$-,0.56
chr3:48885600-48886600,ENSG00000178537.5$SLC25A20$chr3$48936426$-,0.62
chr3:48953800-48955600,ENSG00000178537.5$SLC25A20$chr3$48936426$-,0.6
chr3:48974400-48976400,ENSG00000178537.5$SLC25A20$chr3$48936426$-,0.49
chr3:48985800-48988200,ENSG00000178537.5$SLC25A20$chr3$48936426$-,0.58
chr3:49132000-49133800,ENSG00000178537.5$SLC25A20$chr3$48936426$-,0.37
chr3:49140000-49141600,ENSG00000178537.5$SLC25A20$chr3$48936426$-,0.39
chr2:204400000-204401400,ENSG00000178562.13$CD28$chr2$204571198$+,0.38
chr2:204487600-204489600,ENSG00000178562.13$CD28$chr2$204571198$+,0.45
chr3:36904800-36906800,ENSG00000178567.5$EPM2AIP1$chr3$37034795$-,0.39
chr16:79531200-79533400,ENSG00000178573.6$MAF$chr16$79634611$-,0.43
chr16:79661400-79663600,ENSG00000178573.6$MAF$chr16$79634611$-,0.66
chr1:9971200-9973600,ENSG00000178585.10$CTNNBIP1$chr1$9970394$-,0.41
chr17:62105800-62107000,ENSG00000178607.11$ERN1$chr17$62208179$-,0.4
chr17:62221400-62222800,ENSG00000178607.11$ERN1$chr17$62208179$-,0.72
chr4:120157600-120160000,ENSG00000178636.4$RP11-455G16.1$chr4$120133799$-,0.75
chr4:120228000-120229200,ENSG00000178636.4$RP11-455G16.1$chr4$120133799$-,0.42
chr17:30185800-30187600,ENSG00000178691.6$SUZ12$chr17$30264037$+,0.5
chr17:30276400-30277000,ENSG00000178691.6$SUZ12$chr17$30264037$+,0.55
chr17:30333400-30334200,ENSG00000178691.6$SUZ12$chr17$30264037$+,0.37
chr17:30409800-30411200,ENSG00000178691.6$SUZ12$chr17$30264037$+,0.37
chr17:30455000-30456800,ENSG00000178691.6$SUZ12$chr17$30264037$+,0.37
chr17:30463200-30464600,ENSG00000178691.6$SUZ12$chr17$30264037$+,0.43
chr17:30474000-30476400,ENSG00000178691.6$SUZ12$chr17$30264037$+,0.36
chr3:93693000-93695400,ENSG00000178694.5$NSUN3$chr3$93781760$+,0.54
chr3:93698200-93699000,ENSG00000178694.5$NSUN3$chr3$93781760$+,0.5
chr3:93722400-93724800,ENSG00000178694.5$NSUN3$chr3$93781760$+,0.55
chr3:93693000-93695400,ENSG00000178700.3$DHFRL1$chr3$93782233$-,0.5
chr3:93698200-93699000,ENSG00000178700.3$DHFRL1$chr3$93782233$-,0.44
chr3:93722400-93724800,ENSG00000178700.3$DHFRL1$chr3$93782233$-,0.57
chr13:76210800-76213000,ENSG00000178734.4$C13orf45$chr13$76445187$+,0.38
chr15:75180600-75182400,ENSG00000178741.7$COX5A$chr15$75230509$-,0.47
chr15:75199600-75200400,ENSG00000178741.7$COX5A$chr15$75230509$-,0.6
chr15:75180600-75182400,ENSG00000178761.10$FAM219B$chr15$75199462$-,0.76
chr8:124006400-124008600,ENSG00000178764.6$ZHX2$chr8$123793633$+,0.4
chr16:89721400-89723800,ENSG00000178773.10$CPNE7$chr16$89642176$+,0.54
chr16:89725000-89727400,ENSG00000178773.10$CPNE7$chr16$89642176$+,0.44
chr16:89752000-89753000,ENSG00000178773.10$CPNE7$chr16$89642176$+,0.37
chr17:72489000-72490000,ENSG00000178789.4$CD300LB$chr17$72527613$-,0.59
chr15:75199600-75200400,ENSG00000178802.13$MPI$chr15$75182346$+,0.51
chr1:1841000-1843400,ENSG00000178821.8$TMEM52$chr1$1850712$-,0.68
chr7:142958800-142960400,ENSG00000178826.6$TMEM139$chr7$142977050$+,0.52
chr7:142968400-142968800,ENSG00000178826.6$TMEM139$chr7$142977050$+,0.54
chr7:143001800-143003200,ENSG00000178826.6$TMEM139$chr7$142977050$+,0.69
chr7:143042000-143044000,ENSG00000178826.6$TMEM139$chr7$142977050$+,0.51
chr1:20124400-20126400,ENSG00000178828.5$RNF186$chr1$20141771$-,0.35
chr1:20127000-20129400,ENSG00000178828.5$RNF186$chr1$20141771$-,0.53
chr12:12716000-12718400,ENSG00000178878.8$APOLD1$chr12$12878851$+,0.36
chr12:12763200-12764600,ENSG00000178878.8$APOLD1$chr12$12878851$+,0.46
chr12:12842000-12843800,ENSG00000178878.8$APOLD1$chr12$12878851$+,0.55
chr12:12848200-12849200,ENSG00000178878.8$APOLD1$chr12$12878851$+,0.57
chr12:12863400-12863800,ENSG00000178878.8$APOLD1$chr12$12878851$+,0.61
chr12:124405600-124407400,ENSG00000178882.9$FAM101A$chr12$124457788$+,0.61
chr8:145063000-145064000,ENSG00000178896.6$EXOSC4$chr8$145133529$+,0.64
chr8:145264000-145266400,ENSG00000178896.6$EXOSC4$chr8$145133529$+,0.48
chr19:32834000-32836200,ENSG00000178904.14$DPY19L3$chr19$32896449$+,0.54
chr19:32948800-32951000,ENSG00000178904.14$DPY19L3$chr19$32896449$+,0.46
chr5:140768200-140768400,ENSG00000178913.5$TAF7$chr5$140700330$-,0.49
chr3:44378600-44379400,ENSG00000178917.10$ZNF852$chr3$44552128$-,0.39
chr3:44667200-44669600,ENSG00000178917.10$ZNF852$chr3$44552128$-,0.43
chr3:44688800-44690000,ENSG00000178917.10$ZNF852$chr3$44552128$-,0.45
chr3:44727200-44728000,ENSG00000178917.10$ZNF852$chr3$44552128$-,0.41
chr9:100475600-100477800,ENSG00000178919.7$FOXE1$chr9$100615536$+,0.48
chr9:100657200-100658600,ENSG00000178919.7$FOXE1$chr9$100615536$+,0.57
chr9:100676000-100676200,ENSG00000178919.7$FOXE1$chr9$100615536$+,0.48
chr17:8074400-8076800,ENSG00000178921.9$PFAS$chr17$8150936$+,0.4
chr17:8077200-8079400,ENSG00000178921.9$PFAS$chr17$8150936$+,0.47
chr17:8080000-8081600,ENSG00000178921.9$PFAS$chr17$8150936$+,0.46
chr17:8098600-8100800,ENSG00000178921.9$PFAS$chr17$8150936$+,0.62
chr17:8102400-8103600,ENSG00000178921.9$PFAS$chr17$8150936$+,0.56
chr17:8103800-8105400,ENSG00000178921.9$PFAS$chr17$8150936$+,0.55
chr17:8153000-8155200,ENSG00000178921.9$PFAS$chr17$8150936$+,0.52
chr17:8190400-8191600,ENSG00000178921.9$PFAS$chr17$8150936$+,0.47
chr17:8278000-8279600,ENSG00000178921.9$PFAS$chr17$8150936$+,0.45
chr17:8354800-8357000,ENSG00000178921.9$PFAS$chr17$8150936$+,0.37
chr19:58174600-58177000,ENSG00000178935.5$ZNF552$chr19$58326281$-,0.5
chr19:58237000-58238400,ENSG00000178935.5$ZNF552$chr19$58326281$-,0.49
chr19:58257400-58258200,ENSG00000178935.5$ZNF552$chr19$58326281$-,0.51
chr19:58329400-58330600,ENSG00000178935.5$ZNF552$chr19$58326281$-,0.64
chr19:58360400-58361200,ENSG00000178935.5$ZNF552$chr19$58326281$-,0.68
chr19:58400400-58402400,ENSG00000178935.5$ZNF552$chr19$58326281$-,0.52
chr19:58511200-58513600,ENSG00000178935.5$ZNF552$chr19$58326281$-,0.36
chr4:792000-794200,ENSG00000178950.12$GAK$chr4$926161$-,0.43
chr4:911400-911600,ENSG00000178950.12$GAK$chr4$926161$-,0.54
chr4:926800-929000,ENSG00000178950.12$GAK$chr4$926161$-,0.45
chr4:978000-980400,ENSG00000178950.12$GAK$chr4$926161$-,0.55
chr19:3971000-3971800,ENSG00000178951.4$ZBTB7A$chr19$4066943$-,0.56
chr19:4124400-4125000,ENSG00000178951.4$ZBTB7A$chr19$4066943$-,0.57
chr19:4179600-4182000,ENSG00000178951.4$ZBTB7A$chr19$4066943$-,0.42
chr19:4183000-4185000,ENSG00000178951.4$ZBTB7A$chr19$4066943$-,0.43
chr16:28559600-28561200,ENSG00000178952.4$TUFM$chr16$28857729$-,0.35
chr16:28873000-28874400,ENSG00000178952.4$TUFM$chr16$28857729$-,0.61
chr16:28961200-28962200,ENSG00000178952.4$TUFM$chr16$28857729$-,0.63
chr16:28983600-28985600,ENSG00000178952.4$TUFM$chr16$28857729$-,0.52
chr16:29031800-29034000,ENSG00000178952.4$TUFM$chr16$28857729$-,0.39
chr9:86430200-86432000,ENSG00000178966.11$RMI1$chr9$86595626$+,0.41
chr9:86534600-86535800,ENSG00000178966.11$RMI1$chr9$86595626$+,0.52
chr9:86569800-86571200,ENSG00000178966.11$RMI1$chr9$86595626$+,0.54
chr9:86585400-86586000,ENSG00000178966.11$RMI1$chr9$86595626$+,0.6
chr17:7997400-7998800,ENSG00000178971.9$CTC1$chr17$8151362$-,0.35
chr17:8074400-8076800,ENSG00000178971.9$CTC1$chr17$8151362$-,0.43
chr17:8077200-8079400,ENSG00000178971.9$CTC1$chr17$8151362$-,0.47
chr17:8080000-8081600,ENSG00000178971.9$CTC1$chr17$8151362$-,0.48
chr17:8098600-8100800,ENSG00000178971.9$CTC1$chr17$8151362$-,0.61
chr17:8102400-8103600,ENSG00000178971.9$CTC1$chr17$8151362$-,0.57
chr17:8103800-8105400,ENSG00000178971.9$CTC1$chr17$8151362$-,0.57
chr17:8153000-8155200,ENSG00000178971.9$CTC1$chr17$8151362$-,0.47
chr17:8190400-8191600,ENSG00000178971.9$CTC1$chr17$8151362$-,0.5
chr17:8278000-8279600,ENSG00000178971.9$CTC1$chr17$8151362$-,0.48
chr14:55613000-55614000,ENSG00000178974.5$FBXO34$chr14$55738021$+,0.42
chr14:55630600-55631400,ENSG00000178974.5$FBXO34$chr14$55738021$+,0.49
chr14:55658800-55659400,ENSG00000178974.5$FBXO34$chr14$55738021$+,0.53
chr14:55679200-55680400,ENSG00000178974.5$FBXO34$chr14$55738021$+,0.61
chr14:55763800-55766200,ENSG00000178974.5$FBXO34$chr14$55738021$+,0.66
chr14:55878800-55880800,ENSG00000178974.5$FBXO34$chr14$55738021$+,0.38
chr19:38864200-38865400,ENSG00000178982.5$EIF3K$chr19$39109735$+,0.41
chr19:38894400-38896400,ENSG00000178982.5$EIF3K$chr19$39109735$+,0.4
chr19:38919200-38920600,ENSG00000178982.5$EIF3K$chr19$39109735$+,0.41
chr19:39031600-39032000,ENSG00000178982.5$EIF3K$chr19$39109735$+,0.47
chr19:39069200-39071600,ENSG00000178982.5$EIF3K$chr19$39109735$+,0.6
chr19:39110600-39113000,ENSG00000178982.5$EIF3K$chr19$39109735$+,0.37
chr19:39137600-39138600,ENSG00000178982.5$EIF3K$chr19$39109735$+,0.58
chr19:39259400-39261200,ENSG00000178982.5$EIF3K$chr19$39109735$+,0.41
chr4:6575200-6576600,ENSG00000178988.10$MRFAP1L1$chr4$6711607$-,0.45
chr4:6640200-6642000,ENSG00000178988.10$MRFAP1L1$chr4$6711607$-,0.54
chr4:6716000-6717800,ENSG00000178988.10$MRFAP1L1$chr4$6711607$-,0.56
chr4:6830400-6832600,ENSG00000178988.10$MRFAP1L1$chr4$6711607$-,0.43
chr5:53832600-53834600,ENSG00000178996.8$SNX18$chr5$53813589$+,0.39
chr15:41402600-41403000,ENSG00000178997.7$EXD1$chr15$41522941$-,0.37
chr15:41405200-41407600,ENSG00000178997.7$EXD1$chr15$41522941$-,0.46
chr15:41452600-41454800,ENSG00000178997.7$EXD1$chr15$41522941$-,0.47
chr15:41622400-41624200,ENSG00000178997.7$EXD1$chr15$41522941$-,0.4
chr15:41625600-41627400,ENSG00000178997.7$EXD1$chr15$41522941$-,0.43
chr15:41693200-41694200,ENSG00000178997.7$EXD1$chr15$41522941$-,0.36
chr15:41720600-41723000,ENSG00000178997.7$EXD1$chr15$41522941$-,0.36
chr17:7997400-7998800,ENSG00000178999.8$AURKB$chr17$8113918$-,0.36
chr17:8074400-8076800,ENSG00000178999.8$AURKB$chr17$8113918$-,0.49
chr17:8077200-8079400,ENSG00000178999.8$AURKB$chr17$8113918$-,0.52
chr17:8080000-8081600,ENSG00000178999.8$AURKB$chr17$8113918$-,0.51
chr17:8098600-8100800,ENSG00000178999.8$AURKB$chr17$8113918$-,0.59
chr17:8102400-8103600,ENSG00000178999.8$AURKB$chr17$8113918$-,0.59
chr17:8103800-8105400,ENSG00000178999.8$AURKB$chr17$8113918$-,0.59
chr17:8153000-8155200,ENSG00000178999.8$AURKB$chr17$8113918$-,0.48
chr17:8278000-8279600,ENSG00000178999.8$AURKB$chr17$8113918$-,0.36
chr4:6575200-6576600,ENSG00000179010.10$MRFAP1$chr4$6641818$+,0.51
chr4:6711800-6713600,ENSG00000179010.10$MRFAP1$chr4$6641818$+,0.47
chr4:6716000-6717800,ENSG00000179010.10$MRFAP1$chr4$6641818$+,0.42
chr3:88054000-88054800,ENSG00000179021.5$C3orf38$chr3$88198893$+,0.47
chr3:88067000-88069200,ENSG00000179021.5$C3orf38$chr3$88198893$+,0.5
chr3:88101000-88103000,ENSG00000179021.5$C3orf38$chr3$88198893$+,0.56
chr3:88196000-88198400,ENSG00000179021.5$C3orf38$chr3$88198893$+,0.42
chr3:88213800-88215000,ENSG00000179021.5$C3orf38$chr3$88198893$+,0.53
chr17:7854400-7855600,ENSG00000179029.10$TMEM107$chr17$8079717$-,0.37
chr17:7997400-7998800,ENSG00000179029.10$TMEM107$chr17$8079717$-,0.41
chr17:8074400-8076800,ENSG00000179029.10$TMEM107$chr17$8079717$-,0.63
chr17:8098600-8100800,ENSG00000179029.10$TMEM107$chr17$8079717$-,0.75
chr17:8102400-8103600,ENSG00000179029.10$TMEM107$chr17$8079717$-,0.68
chr17:8103800-8105400,ENSG00000179029.10$TMEM107$chr17$8079717$-,0.65
chr17:8153000-8155200,ENSG00000179029.10$TMEM107$chr17$8079717$-,0.47
chr17:8190400-8191600,ENSG00000179029.10$TMEM107$chr17$8079717$-,0.47
chr17:8278000-8279600,ENSG00000179029.10$TMEM107$chr17$8079717$-,0.38
chr8:67339400-67340800,ENSG00000179041.2$RRS1$chr8$67341263$+,0.41
chr8:67351800-67354200,ENSG00000179041.2$RRS1$chr8$67341263$+,0.46
chr16:67141800-67143400,ENSG00000179044.11$EXOC3L1$chr16$67224107$-,0.49
chr16:67261800-67263600,ENSG00000179044.11$EXOC3L1$chr16$67224107$-,0.5
chr9:107526800-107528800,ENSG00000179055.5$OR13D1$chr9$107456660$+,0.62
chr11:18718000-18720200,ENSG00000179057.9$IGSF22$chr11$18747777$-,0.35
chr11:85376600-85378200,ENSG00000179071.3$CCDC89$chr11$85397320$-,0.43
chr11:85405400-85407800,ENSG00000179071.3$CCDC89$chr11$85397320$-,0.42
chr1:154954000-154955800,ENSG00000179085.7$DPM3$chr1$155113071$-,0.41
chr1:155144000-155145200,ENSG00000179085.7$DPM3$chr1$155113071$-,0.59
chr1:155184000-155186000,ENSG00000179085.7$DPM3$chr1$155113071$-,0.57
chr1:155197800-155198800,ENSG00000179085.7$DPM3$chr1$155113071$-,0.52
chr1:155214600-155216600,ENSG00000179085.7$DPM3$chr1$155113071$-,0.54
chr1:155229200-155231400,ENSG00000179085.7$DPM3$chr1$155113071$-,0.52
chr1:155232000-155233200,ENSG00000179085.7$DPM3$chr1$155113071$-,0.54
chr1:155245400-155247200,ENSG00000179085.7$DPM3$chr1$155113071$-,0.53
chr1:155247600-155250000,ENSG00000179085.7$DPM3$chr1$155113071$-,0.49
chr8:145063000-145064000,ENSG00000179091.4$CYC1$chr8$145149930$+,0.6
chr8:145264000-145266400,ENSG00000179091.4$CYC1$chr8$145149930$+,0.52
chr17:7997400-7998800,ENSG00000179094.9$PER1$chr17$8059824$-,0.49
chr17:8074400-8076800,ENSG00000179094.9$PER1$chr17$8059824$-,0.46
chr17:8077200-8079400,ENSG00000179094.9$PER1$chr17$8059824$-,0.46
chr17:8080000-8081600,ENSG00000179094.9$PER1$chr17$8059824$-,0.47
chr17:8098600-8100800,ENSG00000179094.9$PER1$chr17$8059824$-,0.5
chr17:8102400-8103600,ENSG00000179094.9$PER1$chr17$8059824$-,0.45
chr17:8103800-8105400,ENSG00000179094.9$PER1$chr17$8059824$-,0.48
chr17:8153000-8155200,ENSG00000179094.9$PER1$chr17$8059824$-,0.46
chr17:8190400-8191600,ENSG00000179094.9$PER1$chr17$8059824$-,0.39
chr3:88054000-88054800,ENSG00000179097.4$HTR1F$chr3$88039846$+,0.42
chr17:7819000-7820800,ENSG00000179111.4$HES7$chr17$8027410$-,0.35
chr17:7854400-7855600,ENSG00000179111.4$HES7$chr17$8027410$-,0.39
chr17:7997400-7998800,ENSG00000179111.4$HES7$chr17$8027410$-,0.65
chr17:8074400-8076800,ENSG00000179111.4$HES7$chr17$8027410$-,0.46
chr17:8077200-8079400,ENSG00000179111.4$HES7$chr17$8027410$-,0.52
chr17:8080000-8081600,ENSG00000179111.4$HES7$chr17$8027410$-,0.49
chr17:8098600-8100800,ENSG00000179111.4$HES7$chr17$8027410$-,0.56
chr17:8102400-8103600,ENSG00000179111.4$HES7$chr17$8027410$-,0.49
chr17:8103800-8105400,ENSG00000179111.4$HES7$chr17$8027410$-,0.5
chr17:8153000-8155200,ENSG00000179111.4$HES7$chr17$8027410$-,0.37
chr17:8190400-8191600,ENSG00000179111.4$HES7$chr17$8027410$-,0.37
chr19:12886800-12888600,ENSG00000179115.6$FARSA$chr19$13044851$-,0.43
chr19:12910200-12912200,ENSG00000179115.6$FARSA$chr19$13044851$-,0.42
chr19:12912800-12914400,ENSG00000179115.6$FARSA$chr19$13044851$-,0.43
chr19:12916000-12917600,ENSG00000179115.6$FARSA$chr19$13044851$-,0.41
chr19:12935600-12937200,ENSG00000179115.6$FARSA$chr19$13044851$-,0.36
chr19:12957800-12959200,ENSG00000179115.6$FARSA$chr19$13044851$-,0.49
chr19:12990400-12992200,ENSG00000179115.6$FARSA$chr19$13044851$-,0.48
chr19:13002600-13004800,ENSG00000179115.6$FARSA$chr19$13044851$-,0.63
chr19:13068400-13069000,ENSG00000179115.6$FARSA$chr19$13044851$-,0.74
chr11:18607800-18609400,ENSG00000179119.10$SPTY2D1$chr11$18656338$-,0.49
chr11:18642600-18644200,ENSG00000179119.10$SPTY2D1$chr11$18656338$-,0.73
chr11:18647600-18648800,ENSG00000179119.10$SPTY2D1$chr11$18656338$-,0.61
chr11:18649400-18651600,ENSG00000179119.10$SPTY2D1$chr11$18656338$-,0.65
chr11:18686600-18688000,ENSG00000179119.10$SPTY2D1$chr11$18656338$-,0.47
chr11:18718000-18720200,ENSG00000179119.10$SPTY2D1$chr11$18656338$-,0.57
chr11:18784000-18786400,ENSG00000179119.10$SPTY2D1$chr11$18656338$-,0.42
chr19:39611600-39614000,ENSG00000179134.10$SAMD4B$chr19$39833036$+,0.38
chr19:39748600-39750400,ENSG00000179134.10$SAMD4B$chr19$39833036$+,0.44
chr19:39879200-39881200,ENSG00000179134.10$SAMD4B$chr19$39833036$+,0.55
chr19:39885800-39886200,ENSG00000179134.10$SAMD4B$chr19$39833036$+,0.59
chr19:39934000-39935800,ENSG00000179134.10$SAMD4B$chr19$39833036$+,0.66
chr19:39969200-39971400,ENSG00000179134.10$SAMD4B$chr19$39833036$+,0.69
chr19:39972000-39974400,ENSG00000179134.10$SAMD4B$chr19$39833036$+,0.63
chr7:150117400-150118800,ENSG00000179144.4$GIMAP7$chr7$150211918$+,0.41
chr7:150136800-150138000,ENSG00000179144.4$GIMAP7$chr7$150211918$+,0.4
chr7:150252600-150254200,ENSG00000179144.4$GIMAP7$chr7$150211918$+,0.55
chr7:150254800-150256600,ENSG00000179144.4$GIMAP7$chr7$150211918$+,0.58
chr7:150266200-150268600,ENSG00000179144.4$GIMAP7$chr7$150211918$+,0.59
chr7:150291000-150293400,ENSG00000179144.4$GIMAP7$chr7$150211918$+,0.35
chr7:150306800-150308400,ENSG00000179144.4$GIMAP7$chr7$150211918$+,0.36
chr7:150332600-150335000,ENSG00000179144.4$GIMAP7$chr7$150211918$+,0.35
chr17:7819000-7820800,ENSG00000179148.5$ALOXE3$chr17$8022365$-,0.36
chr17:7854400-7855600,ENSG00000179148.5$ALOXE3$chr17$8022365$-,0.37
chr17:7997400-7998800,ENSG00000179148.5$ALOXE3$chr17$8022365$-,0.65
chr17:8074400-8076800,ENSG00000179148.5$ALOXE3$chr17$8022365$-,0.43
chr17:8077200-8079400,ENSG00000179148.5$ALOXE3$chr17$8022365$-,0.52
chr17:8080000-8081600,ENSG00000179148.5$ALOXE3$chr17$8022365$-,0.51
chr17:8098600-8100800,ENSG00000179148.5$ALOXE3$chr17$8022365$-,0.52
chr17:8102400-8103600,ENSG00000179148.5$ALOXE3$chr17$8022365$-,0.48
chr17:8103800-8105400,ENSG00000179148.5$ALOXE3$chr17$8022365$-,0.42
chr17:8153000-8155200,ENSG00000179148.5$ALOXE3$chr17$8022365$-,0.38
chr17:8190400-8191600,ENSG00000179148.5$ALOXE3$chr17$8022365$-,0.36
chr15:74831600-74832800,ENSG00000179151.7$EDC3$chr15$74988633$-,0.39
chr15:74905200-74907200,ENSG00000179151.7$EDC3$chr15$74988633$-,0.57
chr15:74972800-74973000,ENSG00000179151.7$EDC3$chr15$74988633$-,0.64
chr1:24067800-24069400,ENSG00000179163.11$FUCA1$chr1$24194784$-,0.38
chr1:24115200-24117400,ENSG00000179163.11$FUCA1$chr1$24194784$-,0.41
chr1:24149600-24151400,ENSG00000179163.11$FUCA1$chr1$24194784$-,0.51
chr1:24152400-24153200,ENSG00000179163.11$FUCA1$chr1$24194784$-,0.61
chr6:36390000-36391000,ENSG00000179165.9$PXT1$chr6$36410666$-,0.64
chr6:36417400-36419600,ENSG00000179165.9$PXT1$chr6$36410666$-,0.57
chr6:36436000-36438000,ENSG00000179165.9$PXT1$chr6$36410666$-,0.65
chr19:38850400-38852800,ENSG00000179168.10$GGN$chr19$38878722$-,0.39
chr19:38853000-38854400,ENSG00000179168.10$GGN$chr19$38878722$-,0.43
chr19:38864200-38865400,ENSG00000179168.10$GGN$chr19$38878722$-,0.49
chr19:38894400-38896400,ENSG00000179168.10$GGN$chr19$38878722$-,0.48
chr19:38919200-38920600,ENSG00000179168.10$GGN$chr19$38878722$-,0.42
chr12:124405600-124407400,ENSG00000179195.11$ZNF664$chr12$124456392$+,0.61
chr19:12886800-12888600,ENSG00000179218.9$CALR$chr19$13049392$+,0.41
chr19:12910200-12912200,ENSG00000179218.9$CALR$chr19$13049392$+,0.46
chr19:12912800-12914400,ENSG00000179218.9$CALR$chr19$13049392$+,0.41
chr19:12916000-12917600,ENSG00000179218.9$CALR$chr19$13049392$+,0.45
chr19:12935600-12937200,ENSG00000179218.9$CALR$chr19$13049392$+,0.4
chr19:12957800-12959200,ENSG00000179218.9$CALR$chr19$13049392$+,0.5
chr19:12990400-12992200,ENSG00000179218.9$CALR$chr19$13049392$+,0.58
chr19:13002600-13004800,ENSG00000179218.9$CALR$chr19$13049392$+,0.6
chr19:13068400-13069000,ENSG00000179218.9$CALR$chr19$13049392$+,0.72
chrX:51634200-51636400,ENSG00000179222.13$MAGED1$chrX$51546103$+,0.4
chr11:76152800-76155000,ENSG00000179240.4$RP11-111M22.2$chr11$76092357$+,0.63
chr12:14924400-14926800,ENSG00000179256.2$SMCO3$chr12$14967116$-,0.35
chr12:14957200-14959200,ENSG00000179256.2$SMCO3$chr12$14967116$-,0.35
chr12:14962800-14965000,ENSG00000179256.2$SMCO3$chr12$14967116$-,0.53
chr19:12910200-12912200,ENSG00000179262.5$RAD23A$chr19$13056669$+,0.48
chr19:12912800-12914400,ENSG00000179262.5$RAD23A$chr19$13056669$+,0.5
chr19:12916000-12917600,ENSG00000179262.5$RAD23A$chr19$13056669$+,0.46
chr19:12935600-12937200,ENSG00000179262.5$RAD23A$chr19$13056669$+,0.47
chr19:12957800-12959200,ENSG00000179262.5$RAD23A$chr19$13056669$+,0.54
chr19:12990400-12992200,ENSG00000179262.5$RAD23A$chr19$13056669$+,0.51
chr19:13002600-13004800,ENSG00000179262.5$RAD23A$chr19$13056669$+,0.55
chr19:13068400-13069000,ENSG00000179262.5$RAD23A$chr19$13056669$+,0.62
chr19:12910200-12912200,ENSG00000179271.1$GADD45GIP1$chr19$13068050$-,0.48
chr19:12912800-12914400,ENSG00000179271.1$GADD45GIP1$chr19$13068050$-,0.47
chr19:12916000-12917600,ENSG00000179271.1$GADD45GIP1$chr19$13068050$-,0.43
chr19:12935600-12937200,ENSG00000179271.1$GADD45GIP1$chr19$13068050$-,0.49
chr19:12957800-12959200,ENSG00000179271.1$GADD45GIP1$chr19$13068050$-,0.46
chr19:12990400-12992200,ENSG00000179271.1$GADD45GIP1$chr19$13068050$-,0.55
chr19:13002600-13004800,ENSG00000179271.1$GADD45GIP1$chr19$13068050$-,0.63
chr19:12957800-12959200,ENSG00000179284.4$DAND5$chr19$13075973$+,0.42
chr19:12990400-12992200,ENSG00000179284.4$DAND5$chr19$13075973$+,0.48
chr19:13002600-13004800,ENSG00000179284.4$DAND5$chr19$13075973$+,0.55
chr19:13068400-13069000,ENSG00000179284.4$DAND5$chr19$13075973$+,0.63
chr11:65937400-65938600,ENSG00000179292.4$TMEM151A$chr11$66059341$+,0.39
chr11:66112600-66114800,ENSG00000179292.4$TMEM151A$chr11$66059341$+,0.41
chr17:36956400-36957200,ENSG00000179294.5$C17orf96$chr17$36831187$-,0.55
chr17:36981800-36982600,ENSG00000179294.5$C17orf96$chr17$36831187$-,0.48
chr17:36996000-36998200,ENSG00000179294.5$C17orf96$chr17$36831187$-,0.45
chr12:112774800-112775400,ENSG00000179295.11$PTPN11$chr12$112856155$+,0.39
chr12:112816800-112819200,ENSG00000179295.11$PTPN11$chr12$112856155$+,0.48
chr12:112847400-112849600,ENSG00000179295.11$PTPN11$chr12$112856155$+,0.51
chr4:40746000-40746800,ENSG00000179299.12$NSUN7$chr4$40751914$+,0.46
chrX:77898400-77900600,ENSG00000179300.3$ZCCHC5$chrX$77914825$-,0.44
chr11:107730200-107731600,ENSG00000179331.2$RAB39A$chr11$107799229$+,0.59
chr11:107878800-107879600,ENSG00000179331.2$RAB39A$chr11$107799229$+,0.55
chr15:74781000-74783200,ENSG00000179335.14$CLK3$chr15$74890841$+,0.51
chr15:74831600-74832800,ENSG00000179335.14$CLK3$chr15$74890841$+,0.52
chr15:74905200-74907200,ENSG00000179335.14$CLK3$chr15$74890841$+,0.73
chr15:74972800-74973000,ENSG00000179335.14$CLK3$chr15$74890841$+,0.5
chr6:32427200-32428600,ENSG00000179344.12$HLA-DQB1$chr6$32636160$-,0.38
chr6:32536000-32536400,ENSG00000179344.12$HLA-DQB1$chr6$32636160$-,0.41
chr6:32587800-32588400,ENSG00000179344.12$HLA-DQB1$chr6$32636160$-,0.49
chr6:32594600-32597000,ENSG00000179344.12$HLA-DQB1$chr6$32636160$-,0.58
chr6:32608800-32610800,ENSG00000179344.12$HLA-DQB1$chr6$32636160$-,0.52
chr3:128166000-128168200,ENSG00000179348.7$GATA2$chr3$128212028$-,0.53
chr3:128326000-128328400,ENSG00000179348.7$GATA2$chr3$128212028$-,0.38
chr3:128335200-128336800,ENSG00000179348.7$GATA2$chr3$128212028$-,0.37
chr3:128363000-128364800,ENSG00000179348.7$GATA2$chr3$128212028$-,0.35
chr15:74781000-74783200,ENSG00000179361.13$ARID3B$chr15$74833518$+,0.63
chr15:74831600-74832800,ENSG00000179361.13$ARID3B$chr15$74833518$+,0.41
chr15:74905200-74907200,ENSG00000179361.13$ARID3B$chr15$74833518$+,0.49
chr14:105560200-105562000,ENSG00000179364.9$PACS2$chr14$105766900$+,0.37
chr14:105767400-105769600,ENSG00000179364.9$PACS2$chr14$105766900$+,0.4
chr14:105817800-105819400,ENSG00000179364.9$PACS2$chr14$105766900$+,0.5
chr14:105865400-105867200,ENSG00000179364.9$PACS2$chr14$105766900$+,0.56
chr8:22381200-22382800,ENSG00000179388.8$EGR3$chr8$22550815$-,0.35
chr8:22467400-22468600,ENSG00000179388.8$EGR3$chr8$22550815$-,0.54
chr8:22553200-22555600,ENSG00000179388.8$EGR3$chr8$22550815$-,0.65
chr1:244623000-244625000,ENSG00000179397.13$C1orf101$chr1$244617679$+,0.64
chr1:244761800-244764200,ENSG00000179397.13$C1orf101$chr1$244617679$+,0.36
chr13:91975000-91976200,ENSG00000179399.9$GPC5$chr13$92050929$+,0.48
chr13:91983600-91984400,ENSG00000179399.9$GPC5$chr13$92050929$+,0.52
chr13:91997600-91999400,ENSG00000179399.9$GPC5$chr13$92050929$+,0.54
chr3:128010200-128011400,ENSG00000179407.3$DNAJB8$chr3$128186091$-,0.35
chr3:128166000-128168200,ENSG00000179407.3$DNAJB8$chr3$128186091$-,0.58
chr3:128326000-128328400,ENSG00000179407.3$DNAJB8$chr3$128186091$-,0.39
chr3:128335200-128336800,ENSG00000179407.3$DNAJB8$chr3$128186091$-,0.47
chr3:128363000-128364800,ENSG00000179407.3$DNAJB8$chr3$128186091$-,0.36
chr14:45550800-45553000,ENSG00000179454.9$KLHL28$chr14$45511525$-,0.55
chr14:45221600-45221800,ENSG00000179476.3$C14orf28$chr14$45366498$+,0.36
chr14:45367400-45369200,ENSG00000179476.3$C14orf28$chr14$45366498$+,0.37
chr14:45396800-45397800,ENSG00000179476.3$C14orf28$chr14$45366498$+,0.58
chr14:45400000-45402200,ENSG00000179476.3$C14orf28$chr14$45366498$+,0.61
chr14:45419000-45421400,ENSG00000179476.3$C14orf28$chr14$45366498$+,0.49
chr17:7997400-7998800,ENSG00000179477.5$ALOX12B$chr17$7991021$-,0.46
chr2:74682600-74684400,ENSG00000179528.11$LBX2$chr2$74730443$-,0.39
chr2:74692600-74695000,ENSG00000179528.11$LBX2$chr2$74730443$-,0.45
chr2:74696800-74699200,ENSG00000179528.11$LBX2$chr2$74730443$-,0.46
chr11:6503400-6505400,ENSG00000179532.8$DNHD1$chr11$6518490$+,0.48
chr1:23510400-23512000,ENSG00000179546.3$HTR1D$chr1$23521222$-,0.52
chr7:127229200-127231600,ENSG00000179562.2$GCC1$chr7$127233665$-,0.43
chr3:50334400-50336600,ENSG00000179564.3$LSMEM2$chr3$50316458$+,0.37
chr16:1904400-1906400,ENSG00000179580.5$RNF151$chr16$2016824$+,0.55
chr16:2008200-2009600,ENSG00000179580.5$RNF151$chr16$2016824$+,0.55
chr16:2020000-2021600,ENSG00000179580.5$RNF151$chr16$2016824$+,0.65
chr16:2060200-2062400,ENSG00000179580.5$RNF151$chr16$2016824$+,0.61
chr16:2069000-2071200,ENSG00000179580.5$RNF151$chr16$2016824$+,0.51
chr16:2098600-2099800,ENSG00000179580.5$RNF151$chr16$2016824$+,0.53
chr16:2186000-2187000,ENSG00000179580.5$RNF151$chr16$2016824$+,0.39
chr16:10945200-10947200,ENSG00000179583.13$CIITA$chr16$10971055$+,0.56
chr16:11036600-11038400,ENSG00000179583.13$CIITA$chr16$10971055$+,0.54
chr16:11065200-11067600,ENSG00000179583.13$CIITA$chr16$10971055$+,0.57
chr16:88517200-88519400,ENSG00000179588.4$ZFPM1$chr16$88519725$+,0.42
chr16:88635000-88636200,ENSG00000179588.4$ZFPM1$chr16$88519725$+,0.39
chr17:17077600-17077800,ENSG00000179598.5$PLD6$chr17$17109629$-,0.37
chr17:17141400-17143800,ENSG00000179598.5$PLD6$chr17$17109629$-,0.64
chr17:17184600-17187000,ENSG00000179598.5$PLD6$chr17$17109629$-,0.49
chr14:105279600-105282000,ENSG00000179627.9$ZBTB42$chr14$105266933$+,0.51
chr14:105283200-105285200,ENSG00000179627.9$ZBTB42$chr14$105266933$+,0.57
chr8:145063000-145064000,ENSG00000179632.5$MAF1$chr8$145159402$+,0.51
chr8:145264000-145266400,ENSG00000179632.5$MAF1$chr8$145159402$+,0.59
chr14:21428000-21430200,ENSG00000179636.10$TPPP2$chr14$21492268$+,0.43
chr17:45039400-45040400,ENSG00000179673.3$RPRML$chr17$45056614$-,0.58
chr17:45078000-45080000,ENSG00000179673.3$RPRML$chr17$45056614$-,0.56
chr17:45089800-45091400,ENSG00000179673.3$RPRML$chr17$45056614$-,0.44
chr3:160410600-160411200,ENSG00000179674.2$ARL14$chr3$160394948$+,0.58
chr12:47554200-47555000,ENSG00000179715.8$PCED1B$chr12$47473386$+,0.48
chr12:47580000-47581400,ENSG00000179715.8$PCED1B$chr12$47473386$+,0.47
chr12:47590000-47590600,ENSG00000179715.8$PCED1B$chr12$47473386$+,0.45
chr12:47624400-47626200,ENSG00000179715.8$PCED1B$chr12$47473386$+,0.36
chr12:47635600-47636600,ENSG00000179715.8$PCED1B$chr12$47473386$+,0.41
chr12:47658200-47659800,ENSG00000179715.8$PCED1B$chr12$47473386$+,0.39
chr12:47706200-47707600,ENSG00000179715.8$PCED1B$chr12$47473386$+,0.39
chr12:47721800-47723800,ENSG00000179715.8$PCED1B$chr12$47473386$+,0.36
chr22:39268600-39271000,ENSG00000179750.11$APOBEC3B$chr22$39378352$+,0.4
chr22:39384400-39386400,ENSG00000179750.11$APOBEC3B$chr22$39378352$+,0.48
chr22:39397800-39400000,ENSG00000179750.11$APOBEC3B$chr22$39378352$+,0.41
chr22:39425000-39425600,ENSG00000179750.11$APOBEC3B$chr22$39378352$+,0.43
chr22:39431400-39433800,ENSG00000179750.11$APOBEC3B$chr22$39378352$+,0.43
chr22:39539400-39541000,ENSG00000179750.11$APOBEC3B$chr22$39378352$+,0.35
chr19:39748600-39750400,ENSG00000179751.6$SYCN$chr19$39694906$-,0.39
chr17:27118800-27121200,ENSG00000179761.7$PIPOX$chr17$27277531$+,0.42
chr17:27140000-27141600,ENSG00000179761.7$PIPOX$chr17$27277531$+,0.4
chr17:27180600-27181400,ENSG00000179761.7$PIPOX$chr17$27277531$+,0.44
chr17:27182400-27183800,ENSG00000179761.7$PIPOX$chr17$27277531$+,0.42
chr17:27256600-27258400,ENSG00000179761.7$PIPOX$chr17$27277531$+,0.6
chr17:27279400-27281800,ENSG00000179761.7$PIPOX$chr17$27277531$+,0.62
chr11:18125200-18127000,ENSG00000179817.3$MRGPRX4$chr11$18194384$+,0.42
chr11:18127600-18128800,ENSG00000179817.3$MRGPRX4$chr11$18194384$+,0.46
chr11:18136800-18137600,ENSG00000179817.3$MRGPRX4$chr11$18194384$+,0.45
chr11:18125200-18127000,ENSG00000179826.5$MRGPRX3$chr11$18142502$+,0.41
chr11:18127600-18128800,ENSG00000179826.5$MRGPRX3$chr11$18142502$+,0.54
chr11:18136800-18137600,ENSG00000179826.5$MRGPRX3$chr11$18142502$+,0.57
chr2:65100200-65102000,ENSG00000179833.4$SERTAD2$chr2$64978139$-,0.48
chr3:51419200-51421600,ENSG00000179837.6$RBM15B$chr3$51428731$+,0.61
chr3:51475200-51476600,ENSG00000179837.6$RBM15B$chr3$51428731$+,0.56
chr3:51489400-51491000,ENSG00000179837.6$RBM15B$chr3$51428731$+,0.5
chr1:9646400-9648800,ENSG00000179840.5$C1orf200$chr1$9714644$-,0.46
chr1:9675000-9677000,ENSG00000179840.5$C1orf200$chr1$9714644$-,0.48
chr1:9753400-9755600,ENSG00000179840.5$C1orf200$chr1$9714644$-,0.43
chr1:9756000-9756200,ENSG00000179840.5$C1orf200$chr1$9714644$-,0.49
chr1:9770000-9772000,ENSG00000179840.5$C1orf200$chr1$9714644$-,0.47
chr1:9783400-9785600,ENSG00000179840.5$C1orf200$chr1$9714644$-,0.4
chr14:64802400-64804600,ENSG00000179841.8$AKAP5$chr14$64932217$+,0.37
chr14:64852200-64854000,ENSG00000179841.8$AKAP5$chr14$64932217$+,0.48
chr14:64916000-64917600,ENSG00000179841.8$AKAP5$chr14$64932217$+,0.62
chr14:64995000-64997000,ENSG00000179841.8$AKAP5$chr14$64932217$+,0.57
chr14:65005000-65006600,ENSG00000179841.8$AKAP5$chr14$64932217$+,0.57
chr19:3493800-3495400,ENSG00000179855.5$GIPC3$chr19$3585551$+,0.43
chr19:3500800-3502000,ENSG00000179855.5$GIPC3$chr19$3585551$+,0.45
chr19:3627000-3628000,ENSG00000179855.5$GIPC3$chr19$3585551$+,0.61
chr1:41491800-41492400,ENSG00000179862.5$CITED4$chr1$41328018$-,0.39
chr8:144448200-144450600,ENSG00000179886.4$TIGD5$chr8$144680074$+,0.38
chr8:144624000-144624800,ENSG00000179886.4$TIGD5$chr8$144680074$+,0.44
chr8:144700400-144701600,ENSG00000179886.4$TIGD5$chr8$144680074$+,0.77
chr8:144704600-144706000,ENSG00000179886.4$TIGD5$chr8$144680074$+,0.63
chr8:144718800-144720600,ENSG00000179886.4$TIGD5$chr8$144680074$+,0.76
chr8:144767200-144769000,ENSG00000179886.4$TIGD5$chr8$144680074$+,0.57
chr8:144845600-144847000,ENSG00000179886.4$TIGD5$chr8$144680074$+,0.48
chr16:14997200-14997800,ENSG00000179889.14$PDXDC1$chr16$15068448$+,0.46
chr16:15089000-15089800,ENSG00000179889.14$PDXDC1$chr16$15068448$+,0.7
chr1:109506600-109508000,ENSG00000179902.8$C1orf194$chr1$109656479$-,0.38
chr1:109585200-109585800,ENSG00000179902.8$C1orf194$chr1$109656479$-,0.55
chr1:109617200-109618000,ENSG00000179902.8$C1orf194$chr1$109656479$-,0.57
chr1:109619000-109619600,ENSG00000179902.8$C1orf194$chr1$109656479$-,0.63
chr1:109642000-109642800,ENSG00000179902.8$C1orf194$chr1$109656479$-,0.61
chr1:109755200-109756200,ENSG00000179902.8$C1orf194$chr1$109656479$-,0.39
chr1:109761000-109761800,ENSG00000179902.8$C1orf194$chr1$109656479$-,0.42
chr1:109762600-109763400,ENSG00000179902.8$C1orf194$chr1$109656479$-,0.37
chr1:109826200-109828600,ENSG00000179902.8$C1orf194$chr1$109656479$-,0.52
chr19:58111400-58113000,ENSG00000179909.11$ZNF154$chr19$58220579$-,0.35
chr19:58143400-58144400,ENSG00000179909.11$ZNF154$chr19$58220579$-,0.44
chr19:58145200-58147000,ENSG00000179909.11$ZNF154$chr19$58220579$-,0.39
chr19:58174600-58177000,ENSG00000179909.11$ZNF154$chr19$58220579$-,0.48
chr19:58237000-58238400,ENSG00000179909.11$ZNF154$chr19$58220579$-,0.58
chr19:58257400-58258200,ENSG00000179909.11$ZNF154$chr19$58220579$-,0.63
chr12:57748000-57748200,ENSG00000179912.15$R3HDM2$chr12$57824788$-,0.43
chr12:57853800-57855800,ENSG00000179912.15$R3HDM2$chr12$57824788$-,0.59
chr12:57881000-57881800,ENSG00000179912.15$R3HDM2$chr12$57824788$-,0.53
chr12:57914400-57916000,ENSG00000179912.15$R3HDM2$chr12$57824788$-,0.37
chr19:17894600-17895800,ENSG00000179913.6$B3GNT3$chr19$17905637$+,0.54
chr19:17964600-17967000,ENSG00000179913.6$B3GNT3$chr19$17905637$+,0.45
chr19:17969400-17970600,ENSG00000179913.6$B3GNT3$chr19$17905637$+,0.44
chr1:160782600-160784200,ENSG00000179914.4$ITLN1$chr1$160854960$-,0.38
chr16:30319600-30321000,ENSG00000179918.15$SEPHS2$chr16$30457502$-,0.39
chr16:30338800-30339000,ENSG00000179918.15$SEPHS2$chr16$30457502$-,0.35
chr16:30343800-30345800,ENSG00000179918.15$SEPHS2$chr16$30457502$-,0.44
chr16:30386800-30389200,ENSG00000179918.15$SEPHS2$chr16$30457502$-,0.42
chr16:30418000-30418400,ENSG00000179918.15$SEPHS2$chr16$30457502$-,0.51
chr16:30438800-30440800,ENSG00000179918.15$SEPHS2$chr16$30457502$-,0.58
chr16:30441200-30443000,ENSG00000179918.15$SEPHS2$chr16$30457502$-,0.58
chr16:30476600-30478800,ENSG00000179918.15$SEPHS2$chr16$30457502$-,0.59
chr16:30492800-30493000,ENSG00000179918.15$SEPHS2$chr16$30457502$-,0.53
chr16:30493600-30495600,ENSG00000179918.15$SEPHS2$chr16$30457502$-,0.55
chr16:30496200-30498200,ENSG00000179918.15$SEPHS2$chr16$30457502$-,0.54
chr16:30505400-30506400,ENSG00000179918.15$SEPHS2$chr16$30457502$-,0.48
chr16:30546800-30549200,ENSG00000179918.15$SEPHS2$chr16$30457502$-,0.4
chr16:30597800-30599600,ENSG00000179918.15$SEPHS2$chr16$30457502$-,0.4
chr16:30618800-30620800,ENSG00000179918.15$SEPHS2$chr16$30457502$-,0.37
chr16:30639400-30641000,ENSG00000179918.15$SEPHS2$chr16$30457502$-,0.36
chr16:30646200-30648200,ENSG00000179918.15$SEPHS2$chr16$30457502$-,0.44
chr12:55465400-55467000,ENSG00000179919.3$OR10A7$chr12$55614809$+,0.36
chr2:219097600-219100000,ENSG00000179921.10$GPBAR1$chr2$219124219$+,0.43
chr2:219165600-219166800,ENSG00000179921.10$GPBAR1$chr2$219124219$+,0.43
chr19:56027800-56029800,ENSG00000179922.5$ZNF784$chr19$56135967$-,0.49
chr19:56092600-56094400,ENSG00000179922.5$ZNF784$chr19$56135967$-,0.63
chr19:56108600-56110600,ENSG00000179922.5$ZNF784$chr19$56135967$-,0.7
chr14:23423200-23425600,ENSG00000179933.4$C14orf119$chr14$23563974$+,0.36
chr14:23473600-23475800,ENSG00000179933.4$C14orf119$chr14$23563974$+,0.43
chr14:23496800-23499000,ENSG00000179933.4$C14orf119$chr14$23563974$+,0.39
chr14:23504400-23505400,ENSG00000179933.4$C14orf119$chr14$23563974$+,0.54
chr14:23540800-23542800,ENSG00000179933.4$C14orf119$chr14$23563974$+,0.54
chr3:39367200-39367400,ENSG00000179934.5$CCR8$chr3$39371197$+,0.71
chr3:39368000-39370400,ENSG00000179934.5$CCR8$chr3$39371197$+,0.41
chr3:39406200-39406400,ENSG00000179934.5$CCR8$chr3$39371197$+,0.48
chr3:39423800-39424800,ENSG00000179934.5$CCR8$chr3$39371197$+,0.42
chr12:76810800-76812400,ENSG00000179941.6$BBS10$chr12$76742222$-,0.5
chr12:76823600-76825000,ENSG00000179941.6$BBS10$chr12$76742222$-,0.43
chr12:76831200-76831400,ENSG00000179941.6$BBS10$chr12$76742222$-,0.52
chr12:76870600-76871400,ENSG00000179941.6$BBS10$chr12$76742222$-,0.39
chr12:76902000-76904000,ENSG00000179941.6$BBS10$chr12$76742222$-,0.49
chr19:56027800-56029800,ENSG00000179943.6$FIZ1$chr19$56113336$-,0.45
chr19:56092600-56094400,ENSG00000179943.6$FIZ1$chr19$56113336$-,0.54
chr19:56108600-56110600,ENSG00000179943.6$FIZ1$chr19$56113336$-,0.53
chr8:144700400-144701600,ENSG00000179950.9$PUF60$chr8$144912029$-,0.42
chr8:144704600-144706000,ENSG00000179950.9$PUF60$chr8$144912029$-,0.36
chr8:144718800-144720600,ENSG00000179950.9$PUF60$chr8$144912029$-,0.46
chr8:144767200-144769000,ENSG00000179950.9$PUF60$chr8$144912029$-,0.53
chr8:144845600-144847000,ENSG00000179950.9$PUF60$chr8$144912029$-,0.42
chr8:145063000-145064000,ENSG00000179950.9$PUF60$chr8$144912029$-,0.48
chr16:30319600-30321000,ENSG00000179958.4$DCTPP1$chr16$30441396$-,0.38
chr16:30338800-30339000,ENSG00000179958.4$DCTPP1$chr16$30441396$-,0.39
chr16:30343800-30345800,ENSG00000179958.4$DCTPP1$chr16$30441396$-,0.36
chr16:30386800-30389200,ENSG00000179958.4$DCTPP1$chr16$30441396$-,0.54
chr16:30418000-30418400,ENSG00000179958.4$DCTPP1$chr16$30441396$-,0.46
chr16:30476600-30478800,ENSG00000179958.4$DCTPP1$chr16$30441396$-,0.49
chr16:30492800-30493000,ENSG00000179958.4$DCTPP1$chr16$30441396$-,0.56
chr16:30493600-30495600,ENSG00000179958.4$DCTPP1$chr16$30441396$-,0.53
chr16:30496200-30498200,ENSG00000179958.4$DCTPP1$chr16$30441396$-,0.58
chr16:30505400-30506400,ENSG00000179958.4$DCTPP1$chr16$30441396$-,0.49
chr16:30546800-30549200,ENSG00000179958.4$DCTPP1$chr16$30441396$-,0.37
chr16:30597800-30599600,ENSG00000179958.4$DCTPP1$chr16$30441396$-,0.37
chr16:30319600-30321000,ENSG00000179965.7$ZNF771$chr16$30418618$+,0.45
chr16:30338800-30339000,ENSG00000179965.7$ZNF771$chr16$30418618$+,0.4
chr16:30343800-30345800,ENSG00000179965.7$ZNF771$chr16$30418618$+,0.47
chr16:30386800-30389200,ENSG00000179965.7$ZNF771$chr16$30418618$+,0.5
chr16:30438800-30440800,ENSG00000179965.7$ZNF771$chr16$30418618$+,0.58
chr16:30441200-30443000,ENSG00000179965.7$ZNF771$chr16$30418618$+,0.49
chr16:30476600-30478800,ENSG00000179965.7$ZNF771$chr16$30418618$+,0.57
chr16:30492800-30493000,ENSG00000179965.7$ZNF771$chr16$30418618$+,0.42
chr16:30493600-30495600,ENSG00000179965.7$ZNF771$chr16$30418618$+,0.43
chr16:30496200-30498200,ENSG00000179965.7$ZNF771$chr16$30418618$+,0.43
chr16:30505400-30506400,ENSG00000179965.7$ZNF771$chr16$30418618$+,0.38
chr16:30546800-30549200,ENSG00000179965.7$ZNF771$chr16$30418618$+,0.41
chr16:30618800-30620800,ENSG00000179965.7$ZNF771$chr16$30418618$+,0.37
chr4:1338200-1339800,ENSG00000179979.7$CRIPAK$chr4$1385340$+,0.53
chr14:55361200-55363200,ENSG00000180008.8$SOCS4$chr14$55493948$+,0.37
chr14:55370000-55370600,ENSG00000180008.8$SOCS4$chr14$55493948$+,0.36
chr14:55413000-55415400,ENSG00000180008.8$SOCS4$chr14$55493948$+,0.54
chr14:55492000-55493200,ENSG00000180008.8$SOCS4$chr14$55493948$+,0.4
chr14:55516400-55518000,ENSG00000180008.8$SOCS4$chr14$55493948$+,0.57
chr14:55613000-55614000,ENSG00000180008.8$SOCS4$chr14$55493948$+,0.42
chr14:55630600-55631400,ENSG00000180008.8$SOCS4$chr14$55493948$+,0.35
chr14:55658800-55659400,ENSG00000180008.8$SOCS4$chr14$55493948$+,0.41
chr14:55737000-55738400,ENSG00000180008.8$SOCS4$chr14$55493948$+,0.35
chr16:30192200-30194600,ENSG00000180035.6$ZNF48$chr16$30389427$+,0.35
chr16:30319600-30321000,ENSG00000180035.6$ZNF48$chr16$30389427$+,0.57
chr16:30338800-30339000,ENSG00000180035.6$ZNF48$chr16$30389427$+,0.5
chr16:30343800-30345800,ENSG00000180035.6$ZNF48$chr16$30389427$+,0.62
chr16:30418000-30418400,ENSG00000180035.6$ZNF48$chr16$30389427$+,0.44
chr16:30438800-30440800,ENSG00000180035.6$ZNF48$chr16$30389427$+,0.52
chr16:30441200-30443000,ENSG00000180035.6$ZNF48$chr16$30389427$+,0.47
chr16:30476600-30478800,ENSG00000180035.6$ZNF48$chr16$30389427$+,0.43
chr16:30492800-30493000,ENSG00000180035.6$ZNF48$chr16$30389427$+,0.41
chr16:30493600-30495600,ENSG00000180035.6$ZNF48$chr16$30389427$+,0.4
chr16:30505400-30506400,ENSG00000180035.6$ZNF48$chr16$30389427$+,0.39
chr16:30546800-30549200,ENSG00000180035.6$ZNF48$chr16$30389427$+,0.37
chr16:30646200-30648200,ENSG00000180035.6$ZNF48$chr16$30389427$+,0.39
chr8:23583600-23586000,ENSG00000180053.6$NKX2-6$chr8$23564111$-,0.53
chr10:134247200-134248800,ENSG00000180066.5$C10orf91$chr10$134257831$+,0.66
chr9:38393200-38395600,ENSG00000180071.14$ANKRD18A$chr9$38620657$-,0.37
chr9:38547600-38548600,ENSG00000180071.14$ANKRD18A$chr9$38620657$-,0.56
chr9:38563200-38564800,ENSG00000180071.14$ANKRD18A$chr9$38620657$-,0.59
chr20:44421400-44422800,ENSG00000180083.6$WFDC11$chr20$44298909$-,0.51
chr20:44427000-44428800,ENSG00000180083.6$WFDC11$chr20$44298909$-,0.49
chr17:3125200-3126600,ENSG00000180090.3$OR3A1$chr17$3195876$-,0.39
chr16:30192200-30194600,ENSG00000180096.7$SEPT1$chr16$30407312$-,0.36
chr16:30338800-30339000,ENSG00000180096.7$SEPT1$chr16$30407312$-,0.38
chr16:30343800-30345800,ENSG00000180096.7$SEPT1$chr16$30407312$-,0.4
chr16:30386800-30389200,ENSG00000180096.7$SEPT1$chr16$30407312$-,0.46
chr16:30418000-30418400,ENSG00000180096.7$SEPT1$chr16$30407312$-,0.55
chr16:30438800-30440800,ENSG00000180096.7$SEPT1$chr16$30407312$-,0.59
chr16:30441200-30443000,ENSG00000180096.7$SEPT1$chr16$30407312$-,0.51
chr16:30476600-30478800,ENSG00000180096.7$SEPT1$chr16$30407312$-,0.39
chr16:30618800-30620800,ENSG00000180096.7$SEPT1$chr16$30407312$-,0.38
chr16:30639400-30641000,ENSG00000180096.7$SEPT1$chr16$30407312$-,0.35
chr16:30646200-30648200,ENSG00000180096.7$SEPT1$chr16$30407312$-,0.36
chr1:28732600-28734600,ENSG00000180098.5$TRNAU1AP$chr1$28879597$+,0.35
chr1:28924600-28926600,ENSG00000180098.5$TRNAU1AP$chr1$28879597$+,0.54
chr1:29001000-29003400,ENSG00000180098.5$TRNAU1AP$chr1$28879597$+,0.36
chr5:270200-271200,ENSG00000180104.11$EXOC3$chr5$443273$+,0.39
chr5:463600-466000,ENSG00000180104.11$EXOC3$chr5$443273$+,0.58
chr5:610000-612000,ENSG00000180104.11$EXOC3$chr5$443273$+,0.38
chr6:46621400-46623200,ENSG00000180113.11$TDRD6$chr6$46655612$+,0.43
chr12:40062600-40064600,ENSG00000180116.11$C12orf40$chr12$40019969$+,0.44
chr12:40068600-40069800,ENSG00000180116.11$C12orf40$chr12$40019969$+,0.41
chr12:40076000-40076600,ENSG00000180116.11$C12orf40$chr12$40019969$+,0.52
chr12:40076800-40078400,ENSG00000180116.11$C12orf40$chr12$40019969$+,0.57
chr12:40078600-40081000,ENSG00000180116.11$C12orf40$chr12$40019969$+,0.57
chr12:40085000-40086600,ENSG00000180116.11$C12orf40$chr12$40019969$+,0.62
chr8:143929800-143931600,ENSG00000180155.14$LYNX1$chr8$143859640$-,0.35
chrX:40440800-40443200,ENSG00000180182.6$MED14$chrX$40595110$-,0.48
chrX:40506200-40508000,ENSG00000180182.6$MED14$chrX$40595110$-,0.47
chr16:1753200-1755400,ENSG00000180185.7$FAHD1$chr16$1876968$+,0.44
chr16:1904400-1906400,ENSG00000180185.7$FAHD1$chr16$1876968$+,0.6
chr16:2008200-2009600,ENSG00000180185.7$FAHD1$chr16$1876968$+,0.35
chr16:2020000-2021600,ENSG00000180185.7$FAHD1$chr16$1876968$+,0.39
chr16:2098600-2099800,ENSG00000180185.7$FAHD1$chr16$1876968$+,0.38
chr8:499800-500000,ENSG00000180190.7$TDRP$chr8$495781$-,0.45
chr1:28685200-28686600,ENSG00000180198.11$RCC1$chr1$28832455$+,0.42
chr1:28731200-28732400,ENSG00000180198.11$RCC1$chr1$28832455$+,0.44
chr1:28732600-28734600,ENSG00000180198.11$RCC1$chr1$28832455$+,0.42
chr1:28877600-28879400,ENSG00000180198.11$RCC1$chr1$28832455$+,0.54
chr1:28880200-28882200,ENSG00000180198.11$RCC1$chr1$28832455$+,0.55
chr1:28924600-28926600,ENSG00000180198.11$RCC1$chr1$28832455$+,0.35
chr1:28996400-28998600,ENSG00000180198.11$RCC1$chr1$28832455$+,0.38
chr16:30319600-30321000,ENSG00000180209.7$MYLPF$chr16$30382255$+,0.6
chr16:30338800-30339000,ENSG00000180209.7$MYLPF$chr16$30382255$+,0.64
chr16:30343800-30345800,ENSG00000180209.7$MYLPF$chr16$30382255$+,0.7
chr16:30386800-30389200,ENSG00000180209.7$MYLPF$chr16$30382255$+,0.66
chr16:30418000-30418400,ENSG00000180209.7$MYLPF$chr16$30382255$+,0.48
chr16:30438800-30440800,ENSG00000180209.7$MYLPF$chr16$30382255$+,0.48
chr16:30441200-30443000,ENSG00000180209.7$MYLPF$chr16$30382255$+,0.47
chr16:30476600-30478800,ENSG00000180209.7$MYLPF$chr16$30382255$+,0.44
chr16:30639400-30641000,ENSG00000180209.7$MYLPF$chr16$30382255$+,0.36
chr16:30646200-30648200,ENSG00000180209.7$MYLPF$chr16$30382255$+,0.36
chr11:46569200-46570600,ENSG00000180210.10$F2$chr11$46740730$+,0.36
chr11:46600600-46602600,ENSG00000180210.10$F2$chr11$46740730$+,0.38
chr11:46615600-46616800,ENSG00000180210.10$F2$chr11$46740730$+,0.39
chr11:46636000-46638400,ENSG00000180210.10$F2$chr11$46740730$+,0.4
chr11:46723000-46725200,ENSG00000180210.10$F2$chr11$46740730$+,0.62
chr2:179276800-179278200,ENSG00000180228.8$PRKRA$chr2$179316239$-,0.4
chr7:30171800-30174200,ENSG00000180233.9$ZNRF2$chr7$30323923$+,0.52
chr7:30337800-30339200,ENSG00000180233.9$ZNRF2$chr7$30323923$+,0.61
chr7:30365800-30366200,ENSG00000180233.9$ZNRF2$chr7$30323923$+,0.53
chr7:30366600-30367000,ENSG00000180233.9$ZNRF2$chr7$30323923$+,0.62
chr7:30373000-30374400,ENSG00000180233.9$ZNRF2$chr7$30323923$+,0.62
chr4:110625000-110626200,ENSG00000180245.4$RRH$chr4$110749150$+,0.39
chr2:103007400-103009000,ENSG00000180251.4$SLC9A4$chr2$103089762$+,0.53
chr2:103198200-103199000,ENSG00000180251.4$SLC9A4$chr2$103089762$+,0.45
chr19:53235600-53237600,ENSG00000180257.8$ZNF816$chr19$53466164$-,0.38
chr19:53323600-53324200,ENSG00000180257.8$ZNF816$chr19$53466164$-,0.37
chr19:53397800-53400200,ENSG00000180257.8$ZNF816$chr19$53466164$-,0.57
chr19:53607400-53608400,ENSG00000180257.8$ZNF816$chr19$53466164$-,0.38
chr19:53659600-53662000,ENSG00000180257.8$ZNF816$chr19$53466164$-,0.37
chr19:53662600-53663200,ENSG00000180257.8$ZNF816$chr19$53466164$-,0.37
chr20:4641200-4642600,ENSG00000180259.5$PRNT$chr20$4721314$-,0.35
chr12:95467400-95469000,ENSG00000180263.9$FGD6$chr12$95611258$-,0.44
chr12:95625800-95627000,ENSG00000180263.9$FGD6$chr12$95611258$-,0.61
chr6:36136600-36138600,ENSG00000180316.7$PNPLA1$chr6$36210980$+,0.4
chr6:36162800-36163800,ENSG00000180316.7$PNPLA1$chr6$36210980$+,0.42
chr17:42631800-42634000,ENSG00000180329.9$CCDC43$chr17$42767147$-,0.41
chr17:42784600-42785800,ENSG00000180329.9$CCDC43$chr17$42767147$-,0.57
chr17:42786800-42788200,ENSG00000180329.9$CCDC43$chr17$42767147$-,0.71
chr17:42767400-42769600,ENSG00000180336.13$C17orf104$chr17$42733762$+,0.39
chr17:42568000-42569200,ENSG00000180340.5$FZD2$chr17$42634925$+,0.36
chr17:42631800-42634000,ENSG00000180340.5$FZD2$chr17$42634925$+,0.47
chr3:121263000-121264400,ENSG00000180353.6$HCLS1$chr3$121379774$-,0.38
chr3:121436400-121437800,ENSG00000180353.6$HCLS1$chr3$121379774$-,0.62
chr3:121469400-121470200,ENSG00000180353.6$HCLS1$chr3$121379774$-,0.49
chr3:121536400-121538400,ENSG00000180353.6$HCLS1$chr3$121379774$-,0.36
chr7:30171800-30174200,ENSG00000180354.11$C7orf41$chr7$30174426$+,0.35
chr3:196182800-196185200,ENSG00000180370.6$PAK2$chr3$196466728$+,0.37
chr3:196221200-196222800,ENSG00000180370.6$PAK2$chr3$196466728$+,0.38
chr3:196353600-196355400,ENSG00000180370.6$PAK2$chr3$196466728$+,0.61
chr3:196439800-196441800,ENSG00000180370.6$PAK2$chr3$196466728$+,0.79
chr3:196483800-196486200,ENSG00000180370.6$PAK2$chr3$196466728$+,0.73
chr3:196486600-196486800,ENSG00000180370.6$PAK2$chr3$196466728$+,0.64
chr3:196564200-196566400,ENSG00000180370.6$PAK2$chr3$196466728$+,0.42
chr3:196593600-196594400,ENSG00000180370.6$PAK2$chr3$196466728$+,0.5
chr3:196595600-196597800,ENSG00000180370.6$PAK2$chr3$196466728$+,0.37
chr3:56597400-56599200,ENSG00000180376.12$CCDC66$chr3$56591189$+,0.55
chr3:56632600-56634000,ENSG00000180376.12$CCDC66$chr3$56591189$+,0.66
chr3:56641400-56643600,ENSG00000180376.12$CCDC66$chr3$56591189$+,0.62
chr3:56698200-56699400,ENSG00000180376.12$CCDC66$chr3$56591189$+,0.35
chr3:56701400-56702800,ENSG00000180376.12$CCDC66$chr3$56591189$+,0.35
chr3:56738400-56739800,ENSG00000180376.12$CCDC66$chr3$56591189$+,0.41
chr2:47166200-47168000,ENSG00000180398.7$MCFD2$chr2$47168994$-,0.4
chr11:46569200-46570600,ENSG00000180423.4$HARBI1$chr11$46639459$-,0.47
chr11:46600600-46602600,ENSG00000180423.4$HARBI1$chr11$46639459$-,0.44
chr11:46603400-46604600,ENSG00000180423.4$HARBI1$chr11$46639459$-,0.57
chr11:46615600-46616800,ENSG00000180423.4$HARBI1$chr11$46639459$-,0.6
chr11:46636000-46638400,ENSG00000180423.4$HARBI1$chr11$46639459$-,0.38
chr11:46645600-46648000,ENSG00000180423.4$HARBI1$chr11$46639459$-,0.5
chr11:46723000-46725200,ENSG00000180423.4$HARBI1$chr11$46639459$-,0.42
chr20:30101600-30102200,ENSG00000180424.6$DEFB123$chr20$30028322$+,0.44
chr11:114210200-114212200,ENSG00000180425.7$C11orf71$chr11$114271139$-,0.74
chr11:114308400-114310200,ENSG00000180425.7$C11orf71$chr11$114271139$-,0.69
chr3:42921200-42923600,ENSG00000180432.4$CYP8B1$chr3$42917633$-,0.45
chr3:13973600-13975200,ENSG00000180438.10$TPRXL$chr3$13978756$+,0.51
chr19:1056800-1059200,ENSG00000180448.6$HMHA1$chr19$1065922$+,0.51
chr19:1188600-1190600,ENSG00000180448.6$HMHA1$chr19$1065922$+,0.46
chr19:923200-925600,ENSG00000180448.6$HMHA1$chr19$1065922$+,0.49
chr19:37956200-37957600,ENSG00000180479.9$ZNF571$chr19$38085673$-,0.37
chr19:37958400-37959800,ENSG00000180479.9$ZNF571$chr19$38085673$-,0.48
chr19:37996000-37997000,ENSG00000180479.9$ZNF571$chr19$38085673$-,0.46
chr19:38143000-38145400,ENSG00000180479.9$ZNF571$chr19$38085673$-,0.6
chr19:38147400-38149600,ENSG00000180479.9$ZNF571$chr19$38085673$-,0.49
chr19:38180400-38182800,ENSG00000180479.9$ZNF571$chr19$38085673$-,0.48
chr19:38183400-38185000,ENSG00000180479.9$ZNF571$chr19$38085673$-,0.39
chr12:75650600-75651800,ENSG00000180481.6$GLIPR1L2$chr12$75784850$+,0.39
chr12:75722800-75723800,ENSG00000180481.6$GLIPR1L2$chr12$75784850$+,0.58
chr12:75724000-75725000,ENSG00000180481.6$GLIPR1L2$chr12$75784850$+,0.66
chr12:75727600-75729600,ENSG00000180481.6$GLIPR1L2$chr12$75784850$+,0.7
chr12:75852800-75855000,ENSG00000180481.6$GLIPR1L2$chr12$75784850$+,0.71
chr12:75905400-75906200,ENSG00000180481.6$GLIPR1L2$chr12$75784850$+,0.49
chr1:78225400-78226400,ENSG00000180488.10$FAM73A$chr1$78245309$+,0.65
chr1:78389800-78392200,ENSG00000180488.10$FAM73A$chr1$78245309$+,0.4
chr21:16404200-16405400,ENSG00000180530.5$NRIP1$chr21$16437321$-,0.56
chr19:58145200-58147000,ENSG00000180532.6$ZSCAN4$chr19$58180303$+,0.39
chr19:58174600-58177000,ENSG00000180532.6$ZSCAN4$chr19$58180303$+,0.67
chr6:13935200-13937200,ENSG00000180537.8$RNF182$chr6$13924677$+,0.63
chr9:140100600-140102600,ENSG00000180549.7$FUT7$chr9$139927462$-,0.41
chr6:25946400-25947800,ENSG00000180573.8$HIST1H2AC$chr6$26124373$+,0.37
chr6:26042400-26044600,ENSG00000180573.8$HIST1H2AC$chr6$26124373$+,0.51
chr6:26057200-26058800,ENSG00000180573.8$HIST1H2AC$chr6$26124373$+,0.64
chr6:26085800-26087600,ENSG00000180573.8$HIST1H2AC$chr6$26124373$+,0.5
chr6:26088200-26090400,ENSG00000180573.8$HIST1H2AC$chr6$26124373$+,0.58
chr6:26115200-26117000,ENSG00000180573.8$HIST1H2AC$chr6$26124373$+,0.6
chr6:26180200-26182000,ENSG00000180573.8$HIST1H2AC$chr6$26124373$+,0.38
chr6:26235600-26237400,ENSG00000180573.8$HIST1H2AC$chr6$26124373$+,0.41
chr6:26239800-26241000,ENSG00000180573.8$HIST1H2AC$chr6$26124373$+,0.39
chr10:21848200-21849800,ENSG00000180592.12$SKIDA1$chr10$21814611$-,0.57
chr10:21854800-21857200,ENSG00000180592.12$SKIDA1$chr10$21814611$-,0.5
chr10:21867200-21868800,ENSG00000180592.12$SKIDA1$chr10$21814611$-,0.56
chr10:21873800-21875200,ENSG00000180592.12$SKIDA1$chr10$21814611$-,0.54
chr10:21877200-21879200,ENSG00000180592.12$SKIDA1$chr10$21814611$-,0.52
chr6:25946400-25947800,ENSG00000180596.7$HIST1H2BC$chr6$26124154$-,0.35
chr6:26042400-26044600,ENSG00000180596.7$HIST1H2BC$chr6$26124154$-,0.53
chr6:26057200-26058800,ENSG00000180596.7$HIST1H2BC$chr6$26124154$-,0.6
chr6:26085800-26087600,ENSG00000180596.7$HIST1H2BC$chr6$26124154$-,0.6
chr6:26088200-26090400,ENSG00000180596.7$HIST1H2BC$chr6$26124154$-,0.62
chr6:26115200-26117000,ENSG00000180596.7$HIST1H2BC$chr6$26124154$-,0.58
chr6:26180200-26182000,ENSG00000180596.7$HIST1H2BC$chr6$26124154$-,0.4
chr6:26235600-26237400,ENSG00000180596.7$HIST1H2BC$chr6$26124154$-,0.41
chr6:26239800-26241000,ENSG00000180596.7$HIST1H2BC$chr6$26124154$-,0.44
chr17:4891600-4893600,ENSG00000180626.9$ZNF594$chr17$5095178$-,0.35
chr17:4980600-4981200,ENSG00000180626.9$ZNF594$chr17$5095178$-,0.41
chr17:5152000-5153600,ENSG00000180626.9$ZNF594$chr17$5095178$-,0.64
chr17:5184200-5185400,ENSG00000180626.9$ZNF594$chr17$5095178$-,0.42
chr17:5195000-5196400,ENSG00000180626.9$ZNF594$chr17$5095178$-,0.46
chr17:5198400-5199600,ENSG00000180626.9$ZNF594$chr17$5095178$-,0.45
chr17:5291800-5292800,ENSG00000180626.9$ZNF594$chr17$5095178$-,0.4
chr10:92920600-92922400,ENSG00000180628.10$PCGF5$chr10$92979908$+,0.52
chr10:92934600-92935200,ENSG00000180628.10$PCGF5$chr10$92979908$+,0.48
chr10:92940800-92942000,ENSG00000180628.10$PCGF5$chr10$92979908$+,0.53
chr10:92942200-92943600,ENSG00000180628.10$PCGF5$chr10$92979908$+,0.47
chr10:93149400-93151000,ENSG00000180628.10$PCGF5$chr10$92979908$+,0.35
chr10:72161400-72163800,ENSG00000180644.6$PRF1$chr10$72362531$-,0.35
chr10:72165200-72166800,ENSG00000180644.6$PRF1$chr10$72362531$-,0.36
chr1:207361800-207363800,ENSG00000180667.6$YOD1$chr1$207226325$-,0.48
chr19:10488800-10490600,ENSG00000180739.12$S1PR5$chr19$10628607$-,0.39
chr19:10589000-10590800,ENSG00000180739.12$S1PR5$chr19$10628607$-,0.54
chr19:10616000-10617600,ENSG00000180739.12$S1PR5$chr19$10628607$-,0.6
chr19:10682600-10683800,ENSG00000180739.12$S1PR5$chr19$10628607$-,0.47
chr19:10691400-10692600,ENSG00000180739.12$S1PR5$chr19$10628607$-,0.49
chr19:10718800-10721200,ENSG00000180739.12$S1PR5$chr19$10628607$-,0.43
chr19:10826800-10828600,ENSG00000180739.12$S1PR5$chr19$10628607$-,0.38
chr13:22000000-22002400,ENSG00000180776.11$ZDHHC20$chr13$22033509$-,0.59
chr13:22014600-22015600,ENSG00000180776.11$ZDHHC20$chr13$22033509$-,0.54
chr13:22019600-22021400,ENSG00000180776.11$ZDHHC20$chr13$22033509$-,0.47
chr13:22106800-22107200,ENSG00000180776.11$ZDHHC20$chr13$22033509$-,0.58
chr13:22118400-22119600,ENSG00000180776.11$ZDHHC20$chr13$22033509$-,0.38
chr17:4891600-4893600,ENSG00000180787.5$ZFP3$chr17$4981543$+,0.46
chr17:4943000-4944000,ENSG00000180787.5$ZFP3$chr17$4981543$+,0.49
chr17:5093600-5094600,ENSG00000180787.5$ZFP3$chr17$4981543$+,0.41
chr17:5095600-5096800,ENSG00000180787.5$ZFP3$chr17$4981543$+,0.44
chr17:5152000-5153600,ENSG00000180787.5$ZFP3$chr17$4981543$+,0.42
chr17:5184200-5185400,ENSG00000180787.5$ZFP3$chr17$4981543$+,0.35
chr12:54321000-54322600,ENSG00000180806.4$HOXC9$chr12$54388679$+,0.4
chr10:72161400-72163800,ENSG00000180817.7$PPA1$chr10$71993667$-,0.35
chr12:54321000-54322600,ENSG00000180818.4$HOXC10$chr12$54378849$+,0.38
chr6:3257000-3259000,ENSG00000180822.7$PSMG4$chr6$3231637$+,0.42
chr6:3276400-3278600,ENSG00000180822.7$PSMG4$chr6$3231637$+,0.37
chr19:12444600-12445400,ENSG00000180855.11$ZNF443$chr19$12551926$-,0.39
chr19:12476000-12477800,ENSG00000180855.11$ZNF443$chr19$12551926$-,0.48
chr19:12509800-12511200,ENSG00000180855.11$ZNF443$chr19$12551926$-,0.48
chr19:12588600-12590800,ENSG00000180855.11$ZNF443$chr19$12551926$-,0.67
chr19:12596000-12597000,ENSG00000180855.11$ZNF443$chr19$12551926$-,0.5
chr19:12662800-12664800,ENSG00000180855.11$ZNF443$chr19$12551926$-,0.4
chr1:240755800-240756200,ENSG00000180875.4$GREM2$chr1$240775449$-,0.71
chr1:240828800-240831000,ENSG00000180875.4$GREM2$chr1$240775449$-,0.54
chr1:240850200-240852000,ENSG00000180875.4$GREM2$chr1$240775449$-,0.39
chr11:6199400-6201400,ENSG00000180878.2$C11orf42$chr11$6226796$+,0.66
chr11:6256800-6257600,ENSG00000180878.2$C11orf42$chr11$6226796$+,0.67
chrX:152865400-152867800,ENSG00000180879.9$SSR4$chrX$153058971$+,0.35
chrX:152932800-152935200,ENSG00000180879.9$SSR4$chrX$153058971$+,0.35
chrX:152984200-152986600,ENSG00000180879.9$SSR4$chrX$153058971$+,0.63
chrX:152987200-152989200,ENSG00000180879.9$SSR4$chrX$153058971$+,0.52
chr12:75650600-75651800,ENSG00000180881.15$CAPS2$chr12$75784708$-,0.37
chr12:75722800-75723800,ENSG00000180881.15$CAPS2$chr12$75784708$-,0.63
chr12:75724000-75725000,ENSG00000180881.15$CAPS2$chr12$75784708$-,0.63
chr12:75727600-75729600,ENSG00000180881.15$CAPS2$chr12$75784708$-,0.68
chr12:75852800-75855000,ENSG00000180881.15$CAPS2$chr12$75784708$-,0.71
chr12:75905400-75906200,ENSG00000180881.15$CAPS2$chr12$75784708$-,0.36
chr19:35416200-35417800,ENSG00000180884.9$ZNF792$chr19$35454953$-,0.58
chr19:35475600-35477400,ENSG00000180884.9$ZNF792$chr19$35454953$-,0.67
chr17:55924400-55926800,ENSG00000180891.8$CUEDC1$chr17$56032684$-,0.45
chr17:56199400-56200000,ENSG00000180891.8$CUEDC1$chr17$56032684$-,0.39
chr17:56295000-56296200,ENSG00000180891.8$CUEDC1$chr17$56032684$-,0.36
chr17:56297000-56298200,ENSG00000180891.8$CUEDC1$chr17$56032684$-,0.36
chr8:144718800-144720600,ENSG00000180900.12$SCRIB$chr8$144897549$-,0.35
chr8:144767200-144769000,ENSG00000180900.12$SCRIB$chr8$144897549$-,0.51
chr8:144845600-144847000,ENSG00000180900.12$SCRIB$chr8$144897549$-,0.59
chr8:145063000-145064000,ENSG00000180900.12$SCRIB$chr8$144897549$-,0.37
chr17:72978400-72980200,ENSG00000180901.6$KCTD2$chr17$73028670$+,0.55
chr17:73044200-73046200,ENSG00000180901.6$KCTD2$chr17$73028670$+,0.66
chr17:73104200-73105600,ENSG00000180901.6$KCTD2$chr17$73028670$+,0.5
chr17:73172600-73173200,ENSG00000180901.6$KCTD2$chr17$73028670$+,0.45
chr17:73179400-73181000,ENSG00000180901.6$KCTD2$chr17$73028670$+,0.39
chr17:73282800-73285000,ENSG00000180901.6$KCTD2$chr17$73028670$+,0.35
chr2:242638800-242640800,ENSG00000180902.12$D2HGDH$chr2$242673994$+,0.6
chr2:242642200-242644200,ENSG00000180902.12$D2HGDH$chr2$242673994$+,0.69
chr2:242697600-242699200,ENSG00000180902.12$D2HGDH$chr2$242673994$+,0.56
chr11:6199400-6201400,ENSG00000180909.1$OR52B1P$chr11$6173818$-,0.46
chr11:6256800-6257600,ENSG00000180909.1$OR52B1P$chr11$6173818$-,0.43
chr8:144767200-144769000,ENSG00000180921.6$FAM83H$chr8$144815971$-,0.41
chr8:144845600-144847000,ENSG00000180921.6$FAM83H$chr8$144815971$-,0.51
chr8:126104400-126106400,ENSG00000180938.5$ZNF572$chr8$125985540$+,0.43
chr15:80071000-80073400,ENSG00000180953.7$ST20$chr15$80216044$-,0.48
chr15:80145000-80146800,ENSG00000180953.7$ST20$chr15$80216044$-,0.48
chr15:80149800-80151000,ENSG00000180953.7$ST20$chr15$80216044$-,0.49
chr15:80186600-80188800,ENSG00000180953.7$ST20$chr15$80216044$-,0.61
chr15:80378800-80380400,ENSG00000180953.7$ST20$chr15$80216044$-,0.4
chr22:28226800-28229000,ENSG00000180957.13$PITPNB$chr22$28316122$-,0.59
chr22:28319800-28320000,ENSG00000180957.13$PITPNB$chr22$28316122$-,0.61
chrX:102563800-102565400,ENSG00000180964.12$TCEAL8$chrX$102510131$-,0.46
chr15:42763200-42765200,ENSG00000180979.5$LRRC57$chr15$42841000$-,0.61
chr15:42866200-42867400,ENSG00000180979.5$LRRC57$chr15$42841000$-,0.49
chr15:42938600-42940600,ENSG00000180979.5$LRRC57$chr15$42841000$-,0.48
chr15:43029600-43030800,ENSG00000180979.5$LRRC57$chr15$42841000$-,0.36
chr14:52871400-52873600,ENSG00000180998.7$GPR137C$chr14$53019866$+,0.36
chr14:52932400-52933200,ENSG00000180998.7$GPR137C$chr14$53019866$+,0.47
chr14:52934000-52934800,ENSG00000180998.7$GPR137C$chr14$53019866$+,0.52
chr14:52939600-52940800,ENSG00000180998.7$GPR137C$chr14$53019866$+,0.53
chr14:53020600-53022800,ENSG00000180998.7$GPR137C$chr14$53019866$+,0.41
chr14:53172400-53173600,ENSG00000180998.7$GPR137C$chr14$53019866$+,0.43
chr1:172306400-172308000,ENSG00000180999.6$C1orf105$chr1$172389828$+,0.37
chr1:172413200-172414400,ENSG00000180999.6$C1orf105$chr1$172389828$+,0.4
chr1:172455600-172458000,ENSG00000180999.6$C1orf105$chr1$172389828$+,0.39
chr11:5695200-5696200,ENSG00000181001.1$OR52N1$chr11$5810046$-,0.49
chr11:5721000-5723200,ENSG00000181001.1$OR52N1$chr11$5810046$-,0.5
chr4:123540600-123542600,ENSG00000181004.5$BBS12$chr4$123653857$+,0.4
chr4:123552400-123554800,ENSG00000181004.5$BBS12$chr4$123653857$+,0.43
chr4:123559400-123561600,ENSG00000181004.5$BBS12$chr4$123653857$+,0.47
chr4:123841200-123843000,ENSG00000181004.5$BBS12$chr4$123653857$+,0.38
chr19:36703600-36705000,ENSG00000181007.7$ZFP82$chr19$36909558$-,0.36
chr19:36867600-36869400,ENSG00000181007.7$ZFP82$chr19$36909558$-,0.57
chr19:37017400-37018800,ENSG00000181007.7$ZFP82$chr19$36909558$-,0.4
chr11:5695200-5696200,ENSG00000181009.4$OR52N5$chr11$5799897$-,0.37
chr11:5721000-5723200,ENSG00000181009.4$OR52N5$chr11$5799897$-,0.36
chr17:56564000-56566400,ENSG00000181013.3$C17orf47$chr17$56621729$-,0.43
chr16:69743200-69744000,ENSG00000181019.8$NQO1$chr16$69760854$-,0.54
chr16:69788800-69790000,ENSG00000181019.8$NQO1$chr16$69760854$-,0.49
chr16:69794600-69796000,ENSG00000181019.8$NQO1$chr16$69760854$-,0.43
chr15:89247600-89250000,ENSG00000181026.13$AEN$chr15$89164527$+,0.42
chr19:47102400-47103600,ENSG00000181027.6$FKRP$chr19$47249303$+,0.41
chr19:47151000-47152800,ENSG00000181027.6$FKRP$chr19$47249303$+,0.43
chr19:47207400-47208600,ENSG00000181027.6$FKRP$chr19$47249303$+,0.54
chr19:47250000-47252400,ENSG00000181027.6$FKRP$chr19$47249303$+,0.39
chr19:47291600-47293600,ENSG00000181027.6$FKRP$chr19$47249303$+,0.57
chr19:47362000-47363600,ENSG00000181027.6$FKRP$chr19$47249303$+,0.4
chr19:7597600-7599000,ENSG00000181029.7$TRAPPC5$chr19$7745729$+,0.43
chr19:7600800-7602600,ENSG00000181029.7$TRAPPC5$chr19$7745729$+,0.45
chr19:7815400-7817200,ENSG00000181029.7$TRAPPC5$chr19$7745729$+,0.49
chr19:7871400-7873600,ENSG00000181029.7$TRAPPC5$chr19$7745729$+,0.42
chr19:19057200-19058200,ENSG00000181035.9$SLC25A42$chr19$19174808$+,0.35
chr19:19247600-19249000,ENSG00000181035.9$SLC25A42$chr19$19174808$+,0.57
chr19:19249400-19251600,ENSG00000181035.9$SLC25A42$chr19$19174808$+,0.54
chr19:19304200-19306600,ENSG00000181035.9$SLC25A42$chr19$19174808$+,0.51
chr19:19312000-19314200,ENSG00000181035.9$SLC25A42$chr19$19174808$+,0.44
chr1:159822200-159824400,ENSG00000181036.9$FCRL6$chr1$159770301$+,0.47
chr1:159824800-159826800,ENSG00000181036.9$FCRL6$chr1$159770301$+,0.55
chr1:160002200-160003600,ENSG00000181036.9$FCRL6$chr1$159770301$+,0.36
chr17:74619200-74621400,ENSG00000181038.9$METTL23$chr17$74722912$+,0.52
chr17:74644000-74645400,ENSG00000181038.9$METTL23$chr17$74722912$+,0.48
chr17:74782600-74784800,ENSG00000181038.9$METTL23$chr17$74722912$+,0.53
chr17:74812200-74813400,ENSG00000181038.9$METTL23$chr17$74722912$+,0.38
chr1:145323400-145323800,ENSG00000181039.7$ANKRD34A$chr1$145470508$+,0.36
chr1:145397800-145400200,ENSG00000181039.7$ANKRD34A$chr1$145470508$+,0.47
chr1:145421000-145422600,ENSG00000181039.7$ANKRD34A$chr1$145470508$+,0.55
chr1:145431400-145431600,ENSG00000181039.7$ANKRD34A$chr1$145470508$+,0.51
chr1:145464800-145465400,ENSG00000181039.7$ANKRD34A$chr1$145470508$+,0.57
chr1:145465800-145467400,ENSG00000181039.7$ANKRD34A$chr1$145470508$+,0.52
chr1:145505800-145507000,ENSG00000181039.7$ANKRD34A$chr1$145470508$+,0.52
chr1:145508400-145509600,ENSG00000181039.7$ANKRD34A$chr1$145470508$+,0.53
chr1:145514600-145515600,ENSG00000181039.7$ANKRD34A$chr1$145470508$+,0.51
chr1:145517000-145519000,ENSG00000181039.7$ANKRD34A$chr1$145470508$+,0.45
chr17:78010800-78012000,ENSG00000181045.10$SLC26A11$chr17$78193498$+,0.49
chr17:78055400-78057600,ENSG00000181045.10$SLC26A11$chr17$78193498$+,0.41
chr17:78121800-78123600,ENSG00000181045.10$SLC26A11$chr17$78193498$+,0.56
chr3:42812400-42814800,ENSG00000181061.9$HIGD1A$chr3$42846023$-,0.49
chr3:42815200-42816200,ENSG00000181061.9$HIGD1A$chr3$42846023$-,0.55
chr3:42921200-42923600,ENSG00000181061.9$HIGD1A$chr3$42846023$-,0.51
chr3:42975800-42978200,ENSG00000181061.9$HIGD1A$chr3$42846023$-,0.4
chr3:43002800-43004000,ENSG00000181061.9$HIGD1A$chr3$42846023$-,0.38
chr11:5721000-5723200,ENSG00000181074.3$OR52N4$chr11$5775923$+,0.43
chr8:144624000-144624800,ENSG00000181085.10$MAPK15$chr8$144798429$+,0.38
chr8:144704600-144706000,ENSG00000181085.10$MAPK15$chr8$144798429$+,0.35
chr8:144718800-144720600,ENSG00000181085.10$MAPK15$chr8$144798429$+,0.38
chr8:144767200-144769000,ENSG00000181085.10$MAPK15$chr8$144798429$+,0.57
chr8:144845600-144847000,ENSG00000181085.10$MAPK15$chr8$144798429$+,0.58
chr9:140314800-140316800,ENSG00000181090.13$EHMT1$chr9$140513444$+,0.41
chr9:140428600-140430200,ENSG00000181090.13$EHMT1$chr9$140513444$+,0.54
chr9:140447000-140448200,ENSG00000181090.13$EHMT1$chr9$140513444$+,0.5
chr9:140551400-140553800,ENSG00000181090.13$EHMT1$chr9$140513444$+,0.5
chr3:186566400-186568000,ENSG00000181092.5$ADIPOQ$chr3$186560463$+,0.4
chr5:75725600-75726600,ENSG00000181104.6$F2R$chr5$76011868$+,0.37
chr5:75761200-75763000,ENSG00000181104.6$F2R$chr5$76011868$+,0.37
chr5:75814000-75814600,ENSG00000181104.6$F2R$chr5$76011868$+,0.42
chr5:75872000-75874200,ENSG00000181104.6$F2R$chr5$76011868$+,0.41
chr5:76070000-76071000,ENSG00000181104.6$F2R$chr5$76011868$+,0.55
chr8:144624000-144624800,ENSG00000181135.11$ZNF707$chr8$144766622$+,0.47
chr8:144700400-144701600,ENSG00000181135.11$ZNF707$chr8$144766622$+,0.56
chr8:144704600-144706000,ENSG00000181135.11$ZNF707$chr8$144766622$+,0.42
chr8:144718800-144720600,ENSG00000181135.11$ZNF707$chr8$144766622$+,0.58
chr8:144845600-144847000,ENSG00000181135.11$ZNF707$chr8$144766622$+,0.47
chr5:170690800-170693000,ENSG00000181163.9$NPM1$chr5$170814120$+,0.4
chr5:170762600-170764800,ENSG00000181163.9$NPM1$chr5$170814120$+,0.62
chr5:170781200-170782600,ENSG00000181163.9$NPM1$chr5$170814120$+,0.74
chr5:170828200-170829200,ENSG00000181163.9$NPM1$chr5$170814120$+,0.63
chr10:12028400-12029400,ENSG00000181192.7$DHTKD1$chr10$12110971$+,0.56
chr10:12067000-12067400,ENSG00000181192.7$DHTKD1$chr10$12110971$+,0.56
chr10:12067600-12068600,ENSG00000181192.7$DHTKD1$chr10$12110971$+,0.58
chr10:12069400-12071200,ENSG00000181192.7$DHTKD1$chr10$12110971$+,0.58
chr10:12169800-12171400,ENSG00000181192.7$DHTKD1$chr10$12110971$+,0.66
chr10:12172200-12173800,ENSG00000181192.7$DHTKD1$chr10$12110971$+,0.52
chr7:149158200-149159600,ENSG00000181220.11$ZNF746$chr7$149194908$-,0.69
chr7:149231800-149233000,ENSG00000181220.11$ZNF746$chr7$149194908$-,0.57
chr7:149278400-149278800,ENSG00000181220.11$ZNF746$chr7$149194908$-,0.48
chr7:149322000-149324400,ENSG00000181220.11$ZNF746$chr7$149194908$-,0.35
chr17:7298400-7300000,ENSG00000181222.10$POLR2A$chr17$7387685$+,0.42
chr17:7337800-7338800,ENSG00000181222.10$POLR2A$chr17$7387685$+,0.52
chr17:7356800-7358800,ENSG00000181222.10$POLR2A$chr17$7387685$+,0.72
chr17:7359400-7361600,ENSG00000181222.10$POLR2A$chr17$7387685$+,0.73
chr17:7426000-7426800,ENSG00000181222.10$POLR2A$chr17$7387685$+,0.62
chr17:7528600-7530600,ENSG00000181222.10$POLR2A$chr17$7387685$+,0.46
chr17:7531200-7532000,ENSG00000181222.10$POLR2A$chr17$7387685$+,0.39
chr19:6425200-6427200,ENSG00000181240.9$SLC25A41$chr19$6433790$-,0.35
chr19:6429400-6430200,ENSG00000181240.9$SLC25A41$chr19$6433790$-,0.46
chr10:99050000-99051800,ENSG00000181274.5$FRAT2$chr10$99094458$-,0.58
chr10:99052400-99054600,ENSG00000181274.5$FRAT2$chr10$99094458$-,0.59
chr10:99158600-99160200,ENSG00000181274.5$FRAT2$chr10$99094458$-,0.65
chr10:99203800-99205000,ENSG00000181274.5$FRAT2$chr10$99094458$-,0.51
chr17:7146600-7148200,ENSG00000181284.2$TMEM102$chr17$7338762$+,0.37
chr17:7298400-7300000,ENSG00000181284.2$TMEM102$chr17$7338762$+,0.58
chr17:7356800-7358800,ENSG00000181284.2$TMEM102$chr17$7338762$+,0.47
chr17:7359400-7361600,ENSG00000181284.2$TMEM102$chr17$7338762$+,0.45
chr17:7426000-7426800,ENSG00000181284.2$TMEM102$chr17$7338762$+,0.42
chr6:26607600-26608800,ENSG00000181315.6$ZNF322$chr6$26659980$-,0.54
chr6:26613400-26615600,ENSG00000181315.6$ZNF322$chr6$26659980$-,0.61
chr3:137899400-137899600,ENSG00000181322.9$NME9$chr3$138048728$-,0.35
chr3:137903600-137905600,ENSG00000181322.9$NME9$chr3$138048728$-,0.43
chr17:7337800-7338800,ENSG00000181323.7$SPEM1$chr17$7323679$+,0.46
chr17:16356000-16357600,ENSG00000181350.7$FAM211A$chr17$16395467$-,0.41
chr17:16422800-16425000,ENSG00000181350.7$FAM211A$chr17$16395467$-,0.39
chr19:36460400-36461000,ENSG00000181392.10$SYNE4$chr19$36499695$-,0.41
chr19:36505600-36507200,ENSG00000181392.10$SYNE4$chr19$36499695$-,0.38
chr12:49413000-49415400,ENSG00000181418.7$DDN$chr12$49393092$-,0.54
chr12:49437000-49439000,ENSG00000181418.7$DDN$chr12$49393092$-,0.44
chr7:149410200-149412200,ENSG00000181444.8$ZNF467$chr7$149470568$-,0.5
chr7:149534600-149535400,ENSG00000181444.8$ZNF467$chr7$149470568$-,0.53
chr1:227766400-227768000,ENSG00000181450.13$ZNF678$chr1$227751244$+,0.57
chr1:227895400-227896200,ENSG00000181450.13$ZNF678$chr1$227751244$+,0.36
chr3:100209600-100211200,ENSG00000181458.6$TMEM45A$chr3$100211463$+,0.35
chr17:15465200-15466400,ENSG00000181464.2$CDRT1$chr17$15469590$-,0.46
chr17:15467000-15468000,ENSG00000181464.2$CDRT1$chr17$15469590$-,0.36
chr3:152890600-152892800,ENSG00000181467.2$RAP2B$chr3$152880029$+,0.47
chr3:152933000-152935400,ENSG00000181467.2$RAP2B$chr3$152880029$+,0.49
chr3:152943200-152944200,ENSG00000181467.2$RAP2B$chr3$152880029$+,0.45
chr6:151796600-151797600,ENSG00000181472.4$ZBTB2$chr6$151712683$-,0.47
chr17:29230600-29232600,ENSG00000181481.9$RNF135$chr17$29295803$+,0.47
chr17:29333200-29335400,ENSG00000181481.9$RNF135$chr17$29295803$+,0.41
chr17:29419400-29421600,ENSG00000181481.9$RNF135$chr17$29295803$+,0.38
chr11:123982400-123983200,ENSG00000181499.2$OR6T1$chr11$123814580$-,0.42
chr17:43218400-43219600,ENSG00000181513.10$ACBD4$chr17$43209967$+,0.49
chr17:43232200-43234000,ENSG00000181513.10$ACBD4$chr17$43209967$+,0.49
chr17:78010800-78012000,ENSG00000181523.8$SGSH$chr17$78194722$-,0.5
chr17:78055400-78057600,ENSG00000181523.8$SGSH$chr17$78194722$-,0.53
chr17:78072600-78074800,ENSG00000181523.8$SGSH$chr17$78194722$-,0.38
chr17:78121800-78123600,ENSG00000181523.8$SGSH$chr17$78194722$-,0.59
chrX:15160000-15162000,ENSG00000181544.9$FANCB$chrX$14891191$-,0.36
chr3:47185400-47186000,ENSG00000181555.15$SETD2$chr3$47205457$-,0.53
chr3:47321800-47323600,ENSG00000181555.15$SETD2$chr3$47205457$-,0.44
chr14:21147600-21149800,ENSG00000181562.2$EDDM3A$chr14$21214051$+,0.42
chr19:1405800-1407800,ENSG00000181588.15$MEX3D$chr19$1568057$-,0.35
chr19:1593400-1594800,ENSG00000181588.15$MEX3D$chr19$1568057$-,0.56
chr19:1606200-1607600,ENSG00000181588.15$MEX3D$chr19$1568057$-,0.58
chr19:1724800-1726800,ENSG00000181588.15$MEX3D$chr19$1568057$-,0.47
chr14:59970200-59972400,ENSG00000181619.11$GPR135$chr14$59932060$-,0.62
chr9:117515600-117518000,ENSG00000181634.7$TNFSF15$chr9$117568406$-,0.47
chr9:117606200-117608000,ENSG00000181634.7$TNFSF15$chr9$117568406$-,0.45
chr9:117629200-117629800,ENSG00000181634.7$TNFSF15$chr9$117568406$-,0.45
chr8:144077400-144079800,ENSG00000181638.13$ZFP41$chr8$144328991$+,0.36
chr8:144285800-144286800,ENSG00000181638.13$ZFP41$chr8$144328991$+,0.63
chr8:144363600-144365600,ENSG00000181638.13$ZFP41$chr8$144328991$+,0.61
chr8:144448200-144450600,ENSG00000181638.13$ZFP41$chr8$144328991$+,0.38
chr19:37662000-37663200,ENSG00000181666.13$HKR1$chr19$37803739$+,0.43
chr19:37699000-37701000,ENSG00000181666.13$HKR1$chr19$37803739$+,0.45
chr19:37823400-37825200,ENSG00000181666.13$HKR1$chr19$37803739$+,0.57
chr19:37826000-37827400,ENSG00000181666.13$HKR1$chr19$37803739$+,0.49
chr8:56972400-56973400,ENSG00000181690.3$PLAG1$chr8$57123883$-,0.39
chr8:56987200-56988000,ENSG00000181690.3$PLAG1$chr8$57123883$-,0.42
chr8:57025200-57026800,ENSG00000181690.3$PLAG1$chr8$57123883$-,0.48
chrX:67653400-67655000,ENSG00000181704.7$YIPF6$chrX$67718165$+,0.55
chr3:143572400-143574800,ENSG00000181744.4$C3orf58$chr3$143690640$+,0.41
chr3:143675200-143677200,ENSG00000181744.4$C3orf58$chr3$143690640$+,0.66
chr3:143688800-143689600,ENSG00000181744.4$C3orf58$chr3$143690640$+,0.41
chr3:143702800-143704600,ENSG00000181744.4$C3orf58$chr3$143690640$+,0.6
chr5:102449600-102451000,ENSG00000181751.5$C5orf30$chr5$102594403$+,0.5
chr5:102452800-102455000,ENSG00000181751.5$C5orf30$chr5$102594403$+,0.45
chr5:102464200-102464600,ENSG00000181751.5$C5orf30$chr5$102594403$+,0.39
chr5:102468400-102470600,ENSG00000181751.5$C5orf30$chr5$102594403$+,0.36
chr5:102581200-102583400,ENSG00000181751.5$C5orf30$chr5$102594403$+,0.82
chr5:102676000-102677400,ENSG00000181751.5$C5orf30$chr5$102594403$+,0.57
chr1:109947400-109949400,ENSG00000181754.6$AMIGO1$chr1$110052360$-,0.38
chr1:109969800-109971600,ENSG00000181754.6$AMIGO1$chr1$110052360$-,0.4
chr1:27559200-27561000,ENSG00000181773.6$GPR3$chr1$27719148$+,0.4
chr19:489600-491800,ENSG00000181781.5$ODF3L2$chr19$474983$-,0.49
chr19:8803800-8805600,ENSG00000181786.3$ACTL9$chr19$8809172$-,0.55
chr3:150380000-150381400,ENSG00000181788.3$SIAH2$chr3$150481264$-,0.49
chr3:150383400-150384800,ENSG00000181788.3$SIAH2$chr3$150481264$-,0.48
chr3:150419400-150421200,ENSG00000181788.3$SIAH2$chr3$150481264$-,0.47
chr3:150422200-150423800,ENSG00000181788.3$SIAH2$chr3$150481264$-,0.57
chr3:150582600-150583800,ENSG00000181788.3$SIAH2$chr3$150481264$-,0.42
chr3:128877600-128879200,ENSG00000181789.10$COPG1$chr3$128968449$+,0.4
chr3:128903400-128905800,ENSG00000181789.10$COPG1$chr3$128968449$+,0.57
chr3:129004800-129006000,ENSG00000181789.10$COPG1$chr3$128968449$+,0.51
chr3:129035400-129037400,ENSG00000181789.10$COPG1$chr3$128968449$+,0.5
chr3:129118600-129120000,ENSG00000181789.10$COPG1$chr3$128968449$+,0.53
chr8:143485000-143486800,ENSG00000181790.6$BAI1$chr8$143530791$+,0.49
chr14:21120800-21122600,ENSG00000181803.3$OR6S1$chr14$21109850$-,0.53
chr3:143481600-143483400,ENSG00000181804.10$SLC9A9$chr3$143567373$-,0.58
chr3:143572400-143574800,ENSG00000181804.10$SLC9A9$chr3$143567373$-,0.69
chr3:143675200-143677200,ENSG00000181804.10$SLC9A9$chr3$143567373$-,0.5
chr3:143688800-143689600,ENSG00000181804.10$SLC9A9$chr3$143567373$-,0.54
chr3:143702800-143704600,ENSG00000181804.10$SLC9A9$chr3$143567373$-,0.45
chr1:36688000-36689400,ENSG00000181817.5$LSM10$chr1$36863493$-,0.38
chr1:36727000-36728200,ENSG00000181817.5$LSM10$chr1$36863493$-,0.36
chr1:36772800-36774400,ENSG00000181817.5$LSM10$chr1$36863493$-,0.4
chr1:36913400-36915800,ENSG00000181817.5$LSM10$chr1$36863493$-,0.5
chr1:36916600-36917600,ENSG00000181817.5$LSM10$chr1$36863493$-,0.57
chr1:36988600-36991000,ENSG00000181817.5$LSM10$chr1$36863493$-,0.38
chr4:37816600-37819000,ENSG00000181826.5$RELL1$chr4$37687998$-,0.42
chr4:37826200-37827600,ENSG00000181826.5$RELL1$chr4$37687998$-,0.4
chr15:56460000-56461600,ENSG00000181827.10$RFX7$chr15$56535483$-,0.42
chr15:56462400-56464200,ENSG00000181827.10$RFX7$chr15$56535483$-,0.42
chr15:56482200-56483000,ENSG00000181827.10$RFX7$chr15$56535483$-,0.57
chr15:56483200-56485600,ENSG00000181827.10$RFX7$chr15$56535483$-,0.58
chr11:45793600-45795600,ENSG00000181830.7$SLC35C1$chr11$45825623$+,0.41
chr3:114003600-114006000,ENSG00000181847.7$TIGIT$chr3$113995760$+,0.51
chr12:56372800-56373600,ENSG00000181852.13$RNF41$chr12$56615717$-,0.35
chr12:56527000-56528200,ENSG00000181852.13$RNF41$chr12$56615717$-,0.5
chr12:56543800-56545600,ENSG00000181852.13$RNF41$chr12$56615717$-,0.47
chr12:56596000-56597400,ENSG00000181852.13$RNF41$chr12$56615717$-,0.77
chr12:56618600-56620200,ENSG00000181852.13$RNF41$chr12$56615717$-,0.59
chr12:56659200-56660400,ENSG00000181852.13$RNF41$chr12$56615717$-,0.68
chr12:56661200-56662800,ENSG00000181852.13$RNF41$chr12$56615717$-,0.67
chr12:56708000-56709000,ENSG00000181852.13$RNF41$chr12$56615717$-,0.59
chr12:56710400-56711600,ENSG00000181852.13$RNF41$chr12$56615717$-,0.56
chr12:56726000-56727200,ENSG00000181852.13$RNF41$chr12$56615717$-,0.48
chr12:56754800-56756400,ENSG00000181852.13$RNF41$chr12$56615717$-,0.44
chr17:7143000-7145000,ENSG00000181856.10$SLC2A4$chr17$7184986$+,0.49
chr17:7146600-7148200,ENSG00000181856.10$SLC2A4$chr17$7184986$+,0.47
chr17:7156200-7158200,ENSG00000181856.10$SLC2A4$chr17$7184986$+,0.67
chr5:121298400-121300200,ENSG00000181867.1$FTMT$chr5$121187650$+,0.42
chr1:228372800-228374800,ENSG00000181873.8$IBA57$chr1$228353516$+,0.69
chr17:7143000-7145000,ENSG00000181885.14$CLDN7$chr17$7167302$-,0.39
chr17:7146600-7148200,ENSG00000181885.14$CLDN7$chr17$7167302$-,0.42
chr17:7156200-7158200,ENSG00000181885.14$CLDN7$chr17$7167302$-,0.43
chr19:58511200-58513600,ENSG00000181894.10$ZNF329$chr19$58666477$-,0.56
chr19:58659600-58659800,ENSG00000181894.10$ZNF329$chr19$58666477$-,0.71
chr19:58738400-58739600,ENSG00000181894.10$ZNF329$chr19$58666477$-,0.45
chr19:58788200-58789600,ENSG00000181894.10$ZNF329$chr19$58666477$-,0.37
chr19:58791000-58793400,ENSG00000181894.10$ZNF329$chr19$58666477$-,0.55
chr19:58815000-58816200,ENSG00000181894.10$ZNF329$chr19$58666477$-,0.48
chr19:58836000-58838000,ENSG00000181894.10$ZNF329$chr19$58666477$-,0.47
chr19:19680800-19682600,ENSG00000181896.7$ZNF101$chr19$19779605$+,0.38
chr19:19715600-19715800,ENSG00000181896.7$ZNF101$chr19$19779605$+,0.37
chr19:19720800-19722000,ENSG00000181896.7$ZNF101$chr19$19779605$+,0.44
chr19:19745200-19746600,ENSG00000181896.7$ZNF101$chr19$19779605$+,0.36
chr19:19840800-19843200,ENSG00000181896.7$ZNF101$chr19$19779605$+,0.5
chr19:19913400-19914600,ENSG00000181896.7$ZNF101$chr19$19779605$+,0.38
chr5:133968600-133971000,ENSG00000181904.8$C5orf24$chr5$134181370$+,0.43
chr5:134148400-134150600,ENSG00000181904.8$C5orf24$chr5$134181370$+,0.65
chr5:134208800-134209800,ENSG00000181904.8$C5orf24$chr5$134181370$+,0.6
chr11:64070600-64072000,ENSG00000181908.4$AP003774.4$chr11$64216546$+,0.41
chr11:64074000-64076000,ENSG00000181908.4$AP003774.4$chr11$64216546$+,0.44
chr11:64257000-64259000,ENSG00000181908.4$AP003774.4$chr11$64216546$+,0.5
chr10:64507800-64510000,ENSG00000181915.3$ADO$chr10$64564516$+,0.62
chr10:64525400-64527400,ENSG00000181915.3$ADO$chr10$64564516$+,0.68
chr11:73491000-73492200,ENSG00000181924.6$COA4$chr11$73588033$-,0.36
chr11:73497400-73498800,ENSG00000181924.6$COA4$chr11$73588033$-,0.51
chr11:73499600-73501000,ENSG00000181924.6$COA4$chr11$73588033$-,0.6
chr11:73679000-73679600,ENSG00000181924.6$COA4$chr11$73588033$-,0.38
chr11:73701800-73703600,ENSG00000181924.6$COA4$chr11$73588033$-,0.47
chr11:73800600-73803000,ENSG00000181924.6$COA4$chr11$73588033$-,0.44
chr12:49437000-49439000,ENSG00000181929.7$PRKAG1$chr12$49412980$-,0.81
chr12:49462400-49463400,ENSG00000181929.7$PRKAG1$chr12$49412980$-,0.48
chr12:49504600-49506400,ENSG00000181929.7$PRKAG1$chr12$49412980$-,0.51
chr16:58370400-58372800,ENSG00000181938.9$GINS3$chr16$58328984$+,0.37
chr11:4415000-4416600,ENSG00000181963.5$OR52K2$chr11$4470525$+,0.39
chr1:203745000-203746200,ENSG00000182004.8$SNRPE$chr1$203830731$+,0.4
chr1:203763200-203764600,ENSG00000182004.8$SNRPE$chr1$203830731$+,0.41
chr1:203784800-203786000,ENSG00000182004.8$SNRPE$chr1$203830731$+,0.53
chr1:203889400-203890400,ENSG00000182004.8$SNRPE$chr1$203830731$+,0.41
chr10:63965600-63967600,ENSG00000182010.6$RTKN2$chr10$64028466$-,0.38
chr10:64062000-64063400,ENSG00000182010.6$RTKN2$chr10$64028466$-,0.47
chr17:72978400-72980200,ENSG00000182040.4$USH1G$chr17$72919351$-,0.49
chr17:73044200-73046200,ENSG00000182040.4$USH1G$chr17$72919351$-,0.43
chr17:73104200-73105600,ENSG00000182040.4$USH1G$chr17$72919351$-,0.39
chr17:73179400-73181000,ENSG00000182040.4$USH1G$chr17$72919351$-,0.37
chr15:90681400-90683600,ENSG00000182054.5$IDH2$chr15$90645736$-,0.54
chr19:1056800-1059200,ENSG00000182087.8$TMEM259$chr19$1021117$-,0.53
chr19:923200-925600,ENSG00000182087.8$TMEM259$chr19$1021117$-,0.46
chr21:40662800-40664200,ENSG00000182093.10$WRB$chr21$40752170$+,0.44
chr21:40679600-40681600,ENSG00000182093.10$WRB$chr21$40752170$+,0.52
chr21:40722000-40723400,ENSG00000182093.10$WRB$chr21$40752170$+,0.59
chr21:40748800-40750400,ENSG00000182093.10$WRB$chr21$40752170$+,0.46
chr16:10945200-10947200,ENSG00000182108.5$DEXI$chr16$11036317$-,0.53
chr16:11065200-11067600,ENSG00000182108.5$DEXI$chr16$11036317$-,0.56
chr15:34515800-34516600,ENSG00000182117.4$NOP10$chr15$34635378$-,0.39
chr15:34517800-34520200,ENSG00000182117.4$NOP10$chr15$34635378$-,0.45
chr15:34577000-34578200,ENSG00000182117.4$NOP10$chr15$34635378$-,0.42
chr15:34689600-34691200,ENSG00000182117.4$NOP10$chr15$34635378$-,0.48
chr15:34710600-34711200,ENSG00000182117.4$NOP10$chr15$34635378$-,0.43
chr15:34804600-34806400,ENSG00000182117.4$NOP10$chr15$34635378$-,0.38
chr15:34806600-34808800,ENSG00000182117.4$NOP10$chr15$34635378$-,0.37
chr1:151733400-151735400,ENSG00000182134.11$TDRKH$chr1$151763892$-,0.56
chr1:151736200-151737800,ENSG00000182134.11$TDRKH$chr1$151763892$-,0.64
chr1:151847000-151848800,ENSG00000182134.11$TDRKH$chr1$151763892$-,0.43
chr1:151882600-151883800,ENSG00000182134.11$TDRKH$chr1$151763892$-,0.38
chr19:21541000-21541600,ENSG00000182141.5$ZNF708$chr19$21512227$-,0.72
chr19:21542400-21544200,ENSG00000182141.5$ZNF708$chr19$21512227$-,0.63
chr19:21578800-21579800,ENSG00000182141.5$ZNF708$chr19$21512227$-,0.55
chr19:21656800-21659000,ENSG00000182141.5$ZNF708$chr19$21512227$-,0.47
chr16:71822600-71823800,ENSG00000182149.16$IST1$chr16$71879899$+,0.43
chr16:71918600-71920000,ENSG00000182149.16$IST1$chr16$71879899$+,0.56
chr16:71927600-71928200,ENSG00000182149.16$IST1$chr16$71879899$+,0.55
chr16:71989800-71991200,ENSG00000182149.16$IST1$chr16$71879899$+,0.46
chr9:98653000-98654000,ENSG00000182150.11$ERCC6L2$chr9$98637983$+,0.57
chr9:98654600-98654800,ENSG00000182150.11$ERCC6L2$chr9$98637983$+,0.61
chr9:98655400-98656600,ENSG00000182150.11$ERCC6L2$chr9$98637983$+,0.59
chr7:137588000-137590400,ENSG00000182158.10$CREB3L2$chr7$137686813$-,0.38
chrX:1573200-1575200,ENSG00000182162.5$P2RY8$chrX$1656000$-,0.45
chrX:1575600-1576600,ENSG00000182162.5$P2RY8$chrX$1656000$-,0.4
chrX:1629000-1631400,ENSG00000182162.5$P2RY8$chrX$1656000$-,0.46
chrX:1677600-1678200,ENSG00000182162.5$P2RY8$chrX$1656000$-,0.6
chrX:1699200-1700600,ENSG00000182162.5$P2RY8$chrX$1656000$-,0.57
chrX:1701000-1703000,ENSG00000182162.5$P2RY8$chrX$1656000$-,0.62
chrX:1704600-1707000,ENSG00000182162.5$P2RY8$chrX$1656000$-,0.59
chr17:73431000-73433000,ENSG00000182173.8$TSEN54$chr17$73512141$+,0.37
chr17:73577400-73579000,ENSG00000182173.8$TSEN54$chr17$73512141$+,0.36
chr3:49891600-49893800,ENSG00000182179.6$UBA7$chr3$49851379$-,0.66
chr3:49894400-49896800,ENSG00000182179.6$UBA7$chr3$49851379$-,0.67
chr3:49997200-49999000,ENSG00000182179.6$UBA7$chr3$49851379$-,0.46
chr1:52995000-52996200,ENSG00000182183.10$FAM159A$chr1$53099016$+,0.36
chr1:53003200-53005600,ENSG00000182183.10$FAM159A$chr1$53099016$+,0.46
chr1:53010400-53011200,ENSG00000182183.10$FAM159A$chr1$53099016$+,0.37
chr1:53013000-53013600,ENSG00000182183.10$FAM159A$chr1$53099016$+,0.38
chr1:53164200-53165200,ENSG00000182183.10$FAM159A$chr1$53099016$+,0.44
chr1:53190600-53192000,ENSG00000182183.10$FAM159A$chr1$53099016$+,0.38
chr1:53193000-53195200,ENSG00000182183.10$FAM159A$chr1$53099016$+,0.37
chr14:68142000-68142800,ENSG00000182185.14$RAD51B$chr14$68286496$+,0.36
chr14:68162400-68164400,ENSG00000182185.14$RAD51B$chr14$68286496$+,0.37
chr14:68280200-68282600,ENSG00000182185.14$RAD51B$chr14$68286496$+,0.45
chr14:68363600-68364400,ENSG00000182185.14$RAD51B$chr14$68286496$+,0.35
chr12:123310200-123312600,ENSG00000182196.9$ARL6IP4$chr12$123464607$+,0.39
chr12:123317800-123319400,ENSG00000182196.9$ARL6IP4$chr12$123464607$+,0.49
chr12:123457400-123458800,ENSG00000182196.9$ARL6IP4$chr12$123464607$+,0.6
chr12:57462800-57464600,ENSG00000182199.6$SHMT2$chr12$57623110$+,0.38
chr12:57472600-57475000,ENSG00000182199.6$SHMT2$chr12$57623110$+,0.41
chr12:57478200-57480600,ENSG00000182199.6$SHMT2$chr12$57623110$+,0.35
chr12:57853800-57855800,ENSG00000182199.6$SHMT2$chr12$57623110$+,0.37
chrX:40438200-40439800,ENSG00000182220.9$ATP6AP2$chrX$40440146$+,0.35
chrX:40440800-40443200,ENSG00000182220.9$ATP6AP2$chrX$40440146$+,0.41
chrX:40506200-40508000,ENSG00000182220.9$ATP6AP2$chrX$40440146$+,0.44
chr17:7819000-7820800,ENSG00000182224.7$CYB5D1$chr17$7761064$+,0.5
chr17:7854400-7855600,ENSG00000182224.7$CYB5D1$chr17$7761064$+,0.35
chr5:175470000-175471400,ENSG00000182230.7$FAM153B$chr5$175487692$+,0.4
chr5:175475400-175477400,ENSG00000182230.7$FAM153B$chr5$175487692$+,0.51
chrX:153437400-153437800,ENSG00000182242.7$TEX28P1$chrX$153482755$-,0.37
chrX:153505400-153505800,ENSG00000182242.7$TEX28P1$chrX$153482755$-,0.45
chrX:153514000-153514800,ENSG00000182242.7$TEX28P1$chrX$153482755$-,0.39
chr15:99618800-99620400,ENSG00000182253.10$SYNM$chr15$99638420$+,0.52
chr19:49215400-49217000,ENSG00000182264.4$IZUMO1$chr19$49250166$-,0.43
chr19:49224200-49226200,ENSG00000182264.4$IZUMO1$chr19$49250166$-,0.51
chr19:49262400-49264800,ENSG00000182264.4$IZUMO1$chr19$49250166$-,0.57
chr17:28655600-28655800,ENSG00000182271.8$TMIGD1$chr17$28661077$-,0.45
chr11:319000-321400,ENSG00000182272.7$B4GALNT4$chr11$369796$+,0.48
chr11:507400-509400,ENSG00000182272.7$B4GALNT4$chr11$369796$+,0.36
chr11:517200-519400,ENSG00000182272.7$B4GALNT4$chr11$369796$+,0.35
chrX:15781800-15782400,ENSG00000182287.9$AP1S2$chrX$15873054$-,0.39
chrX:15815200-15817600,ENSG00000182287.9$AP1S2$chrX$15873054$-,0.59
chrX:15836400-15836800,ENSG00000182287.9$AP1S2$chrX$15873054$-,0.59
chr8:146176600-146177400,ENSG00000182307.8$C8orf33$chr8$146277764$+,0.52
chr19:6808400-6810800,ENSG00000182315.4$MBD3L3$chr19$7058651$-,0.38
chr19:6925200-6927200,ENSG00000182315.4$MBD3L3$chr19$7058651$-,0.36
chr19:6945600-6946000,ENSG00000182315.4$MBD3L3$chr19$7058651$-,0.38
chr19:6947200-6948800,ENSG00000182315.4$MBD3L3$chr19$7058651$-,0.48
chr19:7004400-7004800,ENSG00000182315.4$MBD3L3$chr19$7058651$-,0.5
chr19:7012800-7014600,ENSG00000182315.4$MBD3L3$chr19$7058651$-,0.56
chr19:7067600-7069400,ENSG00000182315.4$MBD3L3$chr19$7058651$-,0.62
chr19:7070200-7071600,ENSG00000182315.4$MBD3L3$chr19$7058651$-,0.48
chr19:7088800-7089600,ENSG00000182315.4$MBD3L3$chr19$7058651$-,0.53
chr19:7098200-7098800,ENSG00000182315.4$MBD3L3$chr19$7058651$-,0.48
chr19:58738400-58739600,ENSG00000182318.5$ZSCAN22$chr19$58838385$+,0.46
chr19:58788200-58789600,ENSG00000182318.5$ZSCAN22$chr19$58838385$+,0.39
chr19:58791000-58793400,ENSG00000182318.5$ZSCAN22$chr19$58838385$+,0.44
chr19:58815000-58816200,ENSG00000182318.5$ZSCAN22$chr19$58838385$+,0.45
chr19:58836000-58838000,ENSG00000182318.5$ZSCAN22$chr19$58838385$+,0.38
chr19:58872400-58873400,ENSG00000182318.5$ZSCAN22$chr19$58838385$+,0.52
chr19:58892800-58895200,ENSG00000182318.5$ZSCAN22$chr19$58838385$+,0.49
chr19:58895600-58897800,ENSG00000182318.5$ZSCAN22$chr19$58838385$+,0.51
chr19:58910800-58912800,ENSG00000182318.5$ZSCAN22$chr19$58838385$+,0.49
chr19:58917600-58919200,ENSG00000182318.5$ZSCAN22$chr19$58838385$+,0.47
chr19:58920800-58922000,ENSG00000182318.5$ZSCAN22$chr19$58838385$+,0.48
chr19:58952200-58953400,ENSG00000182318.5$ZSCAN22$chr19$58838385$+,0.38
chr19:58961800-58962800,ENSG00000182318.5$ZSCAN22$chr19$58838385$+,0.36
chr19:58987800-58989800,ENSG00000182318.5$ZSCAN22$chr19$58838385$+,0.36
chr19:59000000-59001000,ENSG00000182318.5$ZSCAN22$chr19$58838385$+,0.4
chr19:48906000-48907600,ENSG00000182324.5$KCNJ14$chr19$48958766$+,0.36
chr19:48949800-48952200,ENSG00000182324.5$KCNJ14$chr19$48958766$+,0.43
chr8:145704000-145706200,ENSG00000182325.6$FBXL6$chr8$145583036$-,0.35
chr17:4698600-4699400,ENSG00000182327.7$GLTPD2$chr17$4692254$+,0.42
chr17:4700000-4701800,ENSG00000182327.7$GLTPD2$chr17$4692254$+,0.37
chr10:90319000-90321200,ENSG00000182333.10$LIPF$chr10$90424198$+,0.52
chr10:90343200-90344600,ENSG00000182333.10$LIPF$chr10$90424198$+,0.6
chr10:90569200-90571200,ENSG00000182333.10$LIPF$chr10$90424198$+,0.46
chr10:90579800-90582000,ENSG00000182333.10$LIPF$chr10$90424198$+,0.44
chr11:105954800-105955800,ENSG00000182359.10$KBTBD3$chr11$105948492$-,0.82
chr21:47669800-47671400,ENSG00000182362.9$YBEY$chr21$47706251$+,0.56
chr21:47745200-47746800,ENSG00000182362.9$YBEY$chr21$47706251$+,0.56
chr21:47950800-47953200,ENSG00000182362.9$YBEY$chr21$47706251$+,0.44
chr12:57462800-57464600,ENSG00000182379.9$NXPH4$chr12$57610578$+,0.36
chr19:39611600-39614000,ENSG00000182393.2$IFNL1$chr19$39786965$+,0.39
chr19:39614200-39616400,ENSG00000182393.2$IFNL1$chr19$39786965$+,0.5
chr19:39748600-39750400,ENSG00000182393.2$IFNL1$chr19$39786965$+,0.5
chr19:39879200-39881200,ENSG00000182393.2$IFNL1$chr19$39786965$+,0.42
chr19:39885800-39886200,ENSG00000182393.2$IFNL1$chr19$39786965$+,0.48
chr19:39934000-39935800,ENSG00000182393.2$IFNL1$chr19$39786965$+,0.46
chr19:39969200-39971400,ENSG00000182393.2$IFNL1$chr19$39786965$+,0.37
chr19:39972000-39974400,ENSG00000182393.2$IFNL1$chr19$39786965$+,0.37
chr14:39573200-39575000,ENSG00000182400.10$TRAPPC6B$chr14$39639736$-,0.61
chr14:39576200-39578000,ENSG00000182400.10$TRAPPC6B$chr14$39639736$-,0.65
chr14:39582400-39583200,ENSG00000182400.10$TRAPPC6B$chr14$39639736$-,0.6
chr14:39629200-39630600,ENSG00000182400.10$TRAPPC6B$chr14$39639736$-,0.66
chr14:39642600-39644200,ENSG00000182400.10$TRAPPC6B$chr14$39639736$-,0.61
chr14:39676600-39677400,ENSG00000182400.10$TRAPPC6B$chr14$39639736$-,0.45
chr14:39733800-39735600,ENSG00000182400.10$TRAPPC6B$chr14$39639736$-,0.48
chr15:34310000-34312400,ENSG00000182405.4$PGBD4$chr15$34394274$+,0.42
chr15:34328600-34330400,ENSG00000182405.4$PGBD4$chr15$34394274$+,0.45
chr15:34331600-34333800,ENSG00000182405.4$PGBD4$chr15$34394274$+,0.55
chr15:34515800-34516600,ENSG00000182405.4$PGBD4$chr15$34394274$+,0.4
chr15:34517800-34520200,ENSG00000182405.4$PGBD4$chr15$34394274$+,0.38
chr11:64070600-64072000,ENSG00000182450.8$KCNK4$chr11$64058774$+,0.41
chr11:64074000-64076000,ENSG00000182450.8$KCNK4$chr11$64058774$+,0.36
chr20:51613000-51615200,ENSG00000182463.11$TSHZ2$chr20$51588946$+,0.49
chr20:51650800-51652400,ENSG00000182463.11$TSHZ2$chr20$51588946$+,0.45
chr20:51677400-51679800,ENSG00000182463.11$TSHZ2$chr20$51588946$+,0.35
chr20:51761600-51763800,ENSG00000182463.11$TSHZ2$chr20$51588946$+,0.38
chr19:39069200-39071600,ENSG00000182472.4$CAPN12$chr19$39260544$-,0.36
chr19:39110600-39113000,ENSG00000182472.4$CAPN12$chr19$39260544$-,0.4
chr19:39137600-39138600,ENSG00000182472.4$CAPN12$chr19$39260544$-,0.37
chr19:39322400-39324200,ENSG00000182472.4$CAPN12$chr19$39260544$-,0.47
chr19:39343400-39345600,ENSG00000182472.4$CAPN12$chr19$39260544$-,0.51
chr19:39391000-39392800,ENSG00000182472.4$CAPN12$chr19$39260544$-,0.35
chr19:39418600-39420800,ENSG00000182472.4$CAPN12$chr19$39260544$-,0.42
chr19:39431800-39433800,ENSG00000182472.4$CAPN12$chr19$39260544$-,0.38
chr17:74059200-74061000,ENSG00000182473.16$EXOC7$chr17$74117657$-,0.44
chr17:74095800-74096000,ENSG00000182473.16$EXOC7$chr17$74117657$-,0.65
chr17:74097200-74099000,ENSG00000182473.16$EXOC7$chr17$74117657$-,0.68
chr17:74251200-74253200,ENSG00000182473.16$EXOC7$chr17$74117657$-,0.36
chr17:65987800-65989000,ENSG00000182481.4$KPNA2$chr17$66031635$+,0.57
chr17:66015000-66016200,ENSG00000182481.4$KPNA2$chr17$66031635$+,0.63
chr17:66096400-66097600,ENSG00000182481.4$KPNA2$chr17$66031635$+,0.38
chr17:66106800-66107200,ENSG00000182481.4$KPNA2$chr17$66031635$+,0.38
chrX:100302200-100302600,ENSG00000182489.7$XKRX$chrX$100184422$-,0.47
chr12:121828200-121830600,ENSG00000182500.7$ORAI1$chr12$122064455$+,0.38
chr12:121933200-121935200,ENSG00000182500.7$ORAI1$chr12$122064455$+,0.39
chr12:121975600-121978000,ENSG00000182500.7$ORAI1$chr12$122064455$+,0.49
chr12:121989200-121991400,ENSG00000182500.7$ORAI1$chr12$122064455$+,0.52
chr12:122194200-122196200,ENSG00000182500.7$ORAI1$chr12$122064455$+,0.36
chr3:101396200-101397600,ENSG00000182504.6$CEP97$chr3$101442769$+,0.45
chr3:101409200-101410800,ENSG00000182504.6$CEP97$chr3$101442769$+,0.56
chr3:101413600-101415800,ENSG00000182504.6$CEP97$chr3$101442769$+,0.6
chr3:101463400-101464000,ENSG00000182504.6$CEP97$chr3$101442769$+,0.58
chr3:101495800-101497800,ENSG00000182504.6$CEP97$chr3$101442769$+,0.49
chr3:101518600-101520600,ENSG00000182504.6$CEP97$chr3$101442769$+,0.35
chr15:91443600-91445600,ENSG00000182511.7$FES$chr15$91426925$+,0.42
chrX:55025000-55026200,ENSG00000182518.9$FAM104B$chrX$55187743$-,0.41
chr22:31555000-31556200,ENSG00000182541.13$LIMK2$chr22$31608225$+,0.57
chr22:31707600-31708400,ENSG00000182541.13$LIMK2$chr22$31608225$+,0.37
chr22:31708600-31711000,ENSG00000182541.13$LIMK2$chr22$31608225$+,0.37
chr12:53660800-53662000,ENSG00000182544.8$MFSD5$chr12$53645035$+,0.49
chr12:53688200-53689200,ENSG00000182544.8$MFSD5$chr12$53645035$+,0.4
chr12:53712400-53714800,ENSG00000182544.8$MFSD5$chr12$53645035$+,0.39
chr12:53737200-53739000,ENSG00000182544.8$MFSD5$chr12$53645035$+,0.38
chr12:53772000-53773600,ENSG00000182544.8$MFSD5$chr12$53645035$+,0.36
chr14:20929600-20931600,ENSG00000182545.6$RNASE10$chr14$20973696$+,0.36
chr14:20998800-20999600,ENSG00000182545.6$RNASE10$chr14$20973696$+,0.67
chr14:21055600-21056800,ENSG00000182545.6$RNASE10$chr14$20973696$+,0.4
chr2:3382200-3383200,ENSG00000182551.9$ADI1$chr2$3523507$-,0.41
chr2:3384200-3386600,ENSG00000182551.9$ADI1$chr2$3523507$-,0.5
chr2:3395400-3396600,ENSG00000182551.9$ADI1$chr2$3523507$-,0.52
chr2:3606600-3608200,ENSG00000182551.9$ADI1$chr2$3523507$-,0.62
chr4:184423000-184424800,ENSG00000182552.10$RWDD4$chr4$184580378$-,0.48
chr4:184431600-184433200,ENSG00000182552.10$RWDD4$chr4$184580378$-,0.36
chr4:184487000-184488200,ENSG00000182552.10$RWDD4$chr4$184580378$-,0.51
chr17:4155600-4157200,ENSG00000182557.3$SPNS3$chr17$4336983$+,0.41
chr17:4269800-4271000,ENSG00000182557.3$SPNS3$chr17$4336983$+,0.57
chr17:4315400-4317200,ENSG00000182557.3$SPNS3$chr17$4336983$+,0.6
chr17:4323800-4325600,ENSG00000182557.3$SPNS3$chr17$4336983$+,0.69
chr3:18499000-18500400,ENSG00000182568.12$SATB1$chr3$18487080$-,0.6
chr6:27719000-27720200,ENSG00000182572.2$HIST1H3I$chr6$27840099$-,0.35
chr6:27759000-27759600,ENSG00000182572.2$HIST1H3I$chr6$27840099$-,0.53
chr6:27776400-27777800,ENSG00000182572.2$HIST1H3I$chr6$27840099$-,0.61
chr6:27792800-27794600,ENSG00000182572.2$HIST1H3I$chr6$27840099$-,0.69
chr6:27796400-27798400,ENSG00000182572.2$HIST1H3I$chr6$27840099$-,0.64
chr3:184261200-184262600,ENSG00000182580.2$EPHB3$chr3$184279572$+,0.37
chr3:184271000-184271800,ENSG00000182580.2$EPHB3$chr3$184279572$+,0.48
chr20:31989600-31990800,ENSG00000182584.4$ACTL10$chr20$32254304$+,0.4
chr20:32076000-32078000,ENSG00000182584.4$ACTL10$chr20$32254304$+,0.36
chr20:32083400-32085400,ENSG00000182584.4$ACTL10$chr20$32254304$+,0.42
chr20:32176400-32178600,ENSG00000182584.4$ACTL10$chr20$32254304$+,0.55
chr20:32220400-32222400,ENSG00000182584.4$ACTL10$chr20$32254304$+,0.7
chr20:32249600-32251800,ENSG00000182584.4$ACTL10$chr20$32254304$+,0.49
chr20:32305800-32307600,ENSG00000182584.4$ACTL10$chr20$32254304$+,0.54
chr20:32318200-32320400,ENSG00000182584.4$ACTL10$chr20$32254304$+,0.52
chr20:32502000-32504400,ENSG00000182584.4$ACTL10$chr20$32254304$+,0.39
chr4:75263000-75263800,ENSG00000182585.5$EPGN$chr4$75174190$+,0.38
chr3:42001200-42002800,ENSG00000182606.10$TRAK1$chr3$42055294$+,0.57
chr3:42004000-42005000,ENSG00000182606.10$TRAK1$chr3$42055294$+,0.61
chr6:27655800-27657600,ENSG00000182611.3$HIST1H2AJ$chr6$27782607$-,0.35
chr6:27719000-27720200,ENSG00000182611.3$HIST1H2AJ$chr6$27782607$-,0.54
chr6:27759000-27759600,ENSG00000182611.3$HIST1H2AJ$chr6$27782607$-,0.59
chr6:27776400-27777800,ENSG00000182611.3$HIST1H2AJ$chr6$27782607$-,0.64
chr6:27792800-27794600,ENSG00000182611.3$HIST1H2AJ$chr6$27782607$-,0.59
chr6:27796400-27798400,ENSG00000182611.3$HIST1H2AJ$chr6$27782607$-,0.66
chr5:180634600-180635800,ENSG00000182613.1$OR2V2$chr5$180581943$+,0.7
chr5:180671400-180673000,ENSG00000182613.1$OR2V2$chr5$180581943$+,0.47
chr5:180689200-180691400,ENSG00000182613.1$OR2V2$chr5$180581943$+,0.42
chr20:8053000-8055000,ENSG00000182621.12$PLCB1$chr20$8112824$+,0.56
chr17:57179400-57180400,ENSG00000182628.8$SKA2$chr17$57232630$-,0.48
chr17:57181200-57183400,ENSG00000182628.8$SKA2$chr17$57232630$-,0.52
chr17:57222800-57223400,ENSG00000182628.8$SKA2$chr17$57232630$-,0.61
chr17:57297000-57297800,ENSG00000182628.8$SKA2$chr17$57232630$-,0.57
chr17:57298800-57299600,ENSG00000182628.8$SKA2$chr17$57232630$-,0.45
chr11:123982400-123983200,ENSG00000182634.7$OR10G7$chr11$123909717$-,0.39
chrX:52949000-52949800,ENSG00000182646.12$FAM156A$chrX$53024651$-,0.5
chrX:52962400-52963600,ENSG00000182646.12$FAM156A$chrX$53024651$-,0.51
chrX:52964800-52965000,ENSG00000182646.12$FAM156A$chrX$53024651$-,0.58
chrX:53017800-53019800,ENSG00000182646.12$FAM156A$chrX$53024651$-,0.67
chrX:53108800-53111000,ENSG00000182646.12$FAM156A$chrX$53024651$-,0.46
chrX:53122200-53122800,ENSG00000182646.12$FAM156A$chrX$53024651$-,0.58
chrX:53124000-53125800,ENSG00000182646.12$FAM156A$chrX$53024651$-,0.57
chr21:38356800-38359200,ENSG00000182670.9$TTC3$chr21$38445526$+,0.51
chr21:38373400-38374600,ENSG00000182670.9$TTC3$chr21$38445526$+,0.56
chr21:38381000-38383400,ENSG00000182670.9$TTC3$chr21$38445526$+,0.6
chr21:38442200-38444600,ENSG00000182670.9$TTC3$chr21$38445526$+,0.36
chr21:38593800-38594200,ENSG00000182670.9$TTC3$chr21$38445526$+,0.35
chr16:2186000-2187000,ENSG00000182685.3$BRICD5$chr16$2261951$-,0.38
chr16:2254400-2255800,ENSG00000182685.3$BRICD5$chr16$2261951$-,0.38
chr17:73877400-73879600,ENSG00000182687.3$GALR2$chr17$74070875$+,0.35
chr17:73899000-73900400,ENSG00000182687.3$GALR2$chr17$74070875$+,0.41
chr17:74059200-74061000,ENSG00000182687.3$GALR2$chr17$74070875$+,0.51
chr17:74095800-74096000,ENSG00000182687.3$GALR2$chr17$74070875$+,0.62
chr17:74097200-74099000,ENSG00000182687.3$GALR2$chr17$74070875$+,0.54
chr5:139485600-139486800,ENSG00000182700.3$IGIP$chr5$139505521$+,0.62
chrX:154146000-154147400,ENSG00000182712.11$CMC4$chrX$154299637$-,0.44
chrX:154207600-154209800,ENSG00000182712.11$CMC4$chrX$154299637$-,0.39
chrX:154256000-154258200,ENSG00000182712.11$CMC4$chrX$154299637$-,0.53
chrX:154284200-154286400,ENSG00000182712.11$CMC4$chrX$154299637$-,0.62
chrX:154421200-154423400,ENSG00000182712.11$CMC4$chrX$154299637$-,0.38
chr6:137113800-137115400,ENSG00000182747.4$SLC35D3$chr6$137243402$+,0.47
chr6:137141000-137143200,ENSG00000182747.4$SLC35D3$chr6$137243402$+,0.57
chr6:137391200-137392400,ENSG00000182747.4$SLC35D3$chr6$137243402$+,0.41
chr6:137428800-137429000,ENSG00000182747.4$SLC35D3$chr6$137243402$+,0.36
chr1:26184400-26186000,ENSG00000182749.5$PAQR7$chr1$26197744$-,0.4
chr8:144363600-144365600,ENSG00000182759.3$MAFA$chr8$144512576$-,0.39
chr8:144448200-144450600,ENSG00000182759.3$MAFA$chr8$144512576$-,0.45
chr15:90681400-90683600,ENSG00000182768.7$NGRN$chr15$90808891$+,0.48
chr15:90777800-90778600,ENSG00000182768.7$NGRN$chr15$90808891$+,0.56
chr15:90894600-90897000,ENSG00000182768.7$NGRN$chr15$90808891$+,0.42
chr15:90972200-90974200,ENSG00000182768.7$NGRN$chr15$90808891$+,0.37
chr11:66112600-66114800,ENSG00000182791.3$CCDC87$chr11$66360554$-,0.36
chr11:66153400-66154600,ENSG00000182791.3$CCDC87$chr11$66360554$-,0.4
chr11:66276200-66278200,ENSG00000182791.3$CCDC87$chr11$66360554$-,0.54
chr11:66278600-66280200,ENSG00000182791.3$CCDC87$chr11$66360554$-,0.51
chr11:66345200-66347400,ENSG00000182791.3$CCDC87$chr11$66360554$-,0.7
chr11:66430200-66431800,ENSG00000182791.3$CCDC87$chr11$66360554$-,0.48
chr6:52746200-52748200,ENSG00000182793.6$GSTA5$chr6$52710893$-,0.48
chr1:207224600-207226000,ENSG00000182795.12$C1orf116$chr1$207206101$-,0.44
chr16:67850200-67851000,ENSG00000182810.5$DDX28$chr16$68057770$-,0.39
chr16:67881600-67884000,ENSG00000182810.5$DDX28$chr16$68057770$-,0.35
chr16:67884400-67886200,ENSG00000182810.5$DDX28$chr16$68057770$-,0.41
chr16:67926200-67926800,ENSG00000182810.5$DDX28$chr16$68057770$-,0.44
chr16:67970800-67972200,ENSG00000182810.5$DDX28$chr16$68057770$-,0.52
chr16:68003000-68005000,ENSG00000182810.5$DDX28$chr16$68057770$-,0.44
chr16:68054800-68056200,ENSG00000182810.5$DDX28$chr16$68057770$-,0.39
chr1:226247200-226249400,ENSG00000182827.8$ACBD3$chr1$226374431$-,0.5
chr1:226258400-226258800,ENSG00000182827.8$ACBD3$chr1$226374431$-,0.42
chr1:226259600-226260800,ENSG00000182827.8$ACBD3$chr1$226374431$-,0.43
chr1:226345200-226346600,ENSG00000182827.8$ACBD3$chr1$226374431$-,0.66
chr1:226519200-226521600,ENSG00000182827.8$ACBD3$chr1$226374431$-,0.46
chr16:9232200-9234400,ENSG00000182831.7$C16orf72$chr16$9185505$+,0.57
chr8:144285800-144286800,ENSG00000182851.2$GPIHBP1$chr8$144295068$+,0.4
chr17:4693800-4694800,ENSG00000182853.7$VMO1$chr17$4689728$-,0.53
chr17:4698600-4699400,ENSG00000182853.7$VMO1$chr17$4689728$-,0.42
chr17:4700000-4701800,ENSG00000182853.7$VMO1$chr17$4689728$-,0.47
chr15:102261600-102263800,ENSG00000182854.5$OR4F15$chr15$102358366$+,0.41
chr15:102264600-102266200,ENSG00000182854.5$OR4F15$chr15$102358366$+,0.47
chr15:102502400-102503600,ENSG00000182854.5$OR4F15$chr15$102358366$+,0.4
chr22:50265200-50267600,ENSG00000182858.9$ALG12$chr22$50312106$-,0.48
chr22:50414800-50416400,ENSG00000182858.9$ALG12$chr22$50312106$-,0.48
chr22:50465600-50467200,ENSG00000182858.9$ALG12$chr22$50312106$-,0.45
chr1:32704200-32706400,ENSG00000182866.12$LCK$chr1$32716840$+,0.5
chr1:32755000-32757200,ENSG00000182866.12$LCK$chr1$32716840$+,0.48
chr1:32810400-32812800,ENSG00000182866.12$LCK$chr1$32716840$+,0.4
chr1:32837200-32838800,ENSG00000182866.12$LCK$chr1$32716840$+,0.39
chrX:47049000-47050200,ENSG00000182872.11$RBM10$chrX$47004268$+,0.59
chr4:465800-467000,ENSG00000182903.11$ZNF721$chr4$492945$-,0.57
chr4:468000-469000,ENSG00000182903.11$ZNF721$chr4$492945$-,0.48
chr4:476600-477800,ENSG00000182903.11$ZNF721$chr4$492945$-,0.61
chr4:501400-503600,ENSG00000182903.11$ZNF721$chr4$492945$-,0.55
chr19:54895000-54896000,ENSG00000182909.5$LENG9$chr19$54974894$-,0.45
chrX:102563800-102565400,ENSG00000182916.7$TCEAL7$chrX$102585124$+,0.35
chr11:93377600-93379400,ENSG00000182919.10$C11orf54$chr11$93474757$+,0.45
chr11:93515800-93517000,ENSG00000182919.10$C11orf54$chr11$93474757$+,0.5
chr11:126171800-126173400,ENSG00000182934.7$SRPR$chr11$126139039$-,0.49
chr22:29784800-29786200,ENSG00000182944.13$EWSR1$chr22$29663998$+,0.48
chr6:26472600-26473800,ENSG00000182952.4$HMGN4$chr6$26538633$+,0.47
chr6:26531400-26533200,ENSG00000182952.4$HMGN4$chr6$26538633$+,0.5
chr6:26607600-26608800,ENSG00000182952.4$HMGN4$chr6$26538633$+,0.47
chr6:26613400-26615600,ENSG00000182952.4$HMGN4$chr6$26538633$+,0.45
chr6:26660400-26662000,ENSG00000182952.4$HMGN4$chr6$26538633$+,0.4
chr13:24461000-24462800,ENSG00000182957.11$SPATA13$chr13$24553944$+,0.4
chr3:32591600-32594000,ENSG00000182973.14$CNOT10$chr3$32726637$+,0.36
chr3:32613000-32615000,ENSG00000182973.14$CNOT10$chr3$32726637$+,0.46
chr15:22428400-22430600,ENSG00000182974.2$OR4M2$chr15$22368478$+,0.53
chr14:105865400-105867200,ENSG00000182979.13$MTA1$chr14$105886159$+,0.5
chr3:42921200-42923600,ENSG00000182983.10$ZNF662$chr3$42947223$+,0.56
chr3:42975800-42978200,ENSG00000182983.10$ZNF662$chr3$42947223$+,0.45
chr3:43002800-43004000,ENSG00000182983.10$ZNF662$chr3$42947223$+,0.36
chr3:43005200-43007600,ENSG00000182983.10$ZNF662$chr3$42947223$+,0.4
chr19:53235600-53237600,ENSG00000182986.8$ZNF320$chr19$53400946$-,0.37
chr19:53238400-53240000,ENSG00000182986.8$ZNF320$chr19$53400946$-,0.36
chr19:53323600-53324200,ENSG00000182986.8$ZNF320$chr19$53400946$-,0.47
chr19:53466800-53467800,ENSG00000182986.8$ZNF320$chr19$53400946$-,0.49
chr12:14904400-14905600,ENSG00000182993.3$C12orf60$chr12$14956506$+,0.6
chr12:14918000-14918400,ENSG00000182993.3$C12orf60$chr12$14956506$+,0.51
chr12:14924400-14926800,ENSG00000182993.3$C12orf60$chr12$14956506$+,0.53
chr12:14962800-14965000,ENSG00000182993.3$C12orf60$chr12$14956506$+,0.48
chr12:15097400-15097800,ENSG00000182993.3$C12orf60$chr12$14956506$+,0.49
chr17:7819000-7820800,ENSG00000183011.9$LSMD1$chr17$7788556$-,0.6
chr17:7854400-7855600,ENSG00000183011.9$LSMD1$chr17$7788556$-,0.39
chr19:7597600-7599000,ENSG00000183019.3$C19orf59$chr19$7741514$+,0.37
chr19:7600800-7602600,ENSG00000183019.3$C19orf59$chr19$7741514$+,0.35
chr19:7746200-7748600,ENSG00000183019.3$C19orf59$chr19$7741514$+,0.52
chr19:7815400-7817200,ENSG00000183019.3$C19orf59$chr19$7741514$+,0.42
chr19:7871400-7873600,ENSG00000183019.3$C19orf59$chr19$7741514$+,0.42
chr17:2855200-2856600,ENSG00000183024.3$OR1G1$chr17$3030875$-,0.4
chr17:2942200-2943800,ENSG00000183024.3$OR1G1$chr17$3030875$-,0.49
chr17:2951200-2951800,ENSG00000183024.3$OR1G1$chr17$3030875$-,0.45
chr17:2952800-2953600,ENSG00000183024.3$OR1G1$chr17$3030875$-,0.47
chr17:3125200-3126600,ENSG00000183024.3$OR1G1$chr17$3030875$-,0.47
chr17:72978400-72980200,ENSG00000183034.8$OTOP2$chr17$72920370$+,0.39
chr17:73044200-73046200,ENSG00000183034.8$OTOP2$chr17$72920370$+,0.43
chr17:73104200-73105600,ENSG00000183034.8$OTOP2$chr17$72920370$+,0.37
chr22:20315400-20317000,ENSG00000183038.9$GGTLC3$chr22$20368028$-,0.35
chr16:8716400-8718800,ENSG00000183044.7$ABAT$chr16$8768422$+,0.57
chr16:8888800-8891000,ENSG00000183044.7$ABAT$chr16$8768422$+,0.44
chr17:79474600-79476800,ENSG00000183048.7$SLC25A10$chr17$79670404$+,0.39
chr17:79667400-79669600,ENSG00000183048.7$SLC25A10$chr17$79670404$+,0.41
chr10:12172200-12173800,ENSG00000183049.8$CAMK1D$chr10$12391481$+,0.36
chr10:12451000-12453000,ENSG00000183049.8$CAMK1D$chr10$12391481$+,0.51
chr22:42417400-42419600,ENSG00000183066.10$WBP2NL$chr22$42394729$+,0.63
chr22:42426200-42428600,ENSG00000183066.10$WBP2NL$chr22$42394729$+,0.59
chr22:42484600-42486000,ENSG00000183066.10$WBP2NL$chr22$42394729$+,0.5
chr22:42487400-42489200,ENSG00000183066.10$WBP2NL$chr22$42394729$+,0.49
chr22:42620600-42621000,ENSG00000183066.10$WBP2NL$chr22$42394729$+,0.36
chr22:42621600-42622600,ENSG00000183066.10$WBP2NL$chr22$42394729$+,0.36
chr22:42628000-42628400,ENSG00000183066.10$WBP2NL$chr22$42394729$+,0.39
chr22:42629200-42631600,ENSG00000183066.10$WBP2NL$chr22$42394729$+,0.38
chr22:42631800-42633800,ENSG00000183066.10$WBP2NL$chr22$42394729$+,0.47
chr22:42635600-42637800,ENSG00000183066.10$WBP2NL$chr22$42394729$+,0.35
chr22:42650000-42651400,ENSG00000183066.10$WBP2NL$chr22$42394729$+,0.38
chr5:149025000-149027400,ENSG00000183111.7$ARHGEF37$chr5$148931510$+,0.55
chr1:248579400-248581800,ENSG00000183130.2$OR2T11$chr1$248790491$-,0.45
chr1:248643600-248644200,ENSG00000183130.2$OR2T11$chr1$248790491$-,0.47
chr1:248644800-248646800,ENSG00000183130.2$OR2T11$chr1$248790491$-,0.41
chr6:109275800-109277800,ENSG00000183137.10$CEP57L1$chr6$109416313$+,0.45
chr21:38356800-38359200,ENSG00000183145.4$RIPPLY3$chr21$38378450$+,0.45
chr21:38373400-38374600,ENSG00000183145.4$RIPPLY3$chr21$38378450$+,0.46
chr21:38381000-38383400,ENSG00000183145.4$RIPPLY3$chr21$38378450$+,0.41
chr12:12716000-12718400,ENSG00000183150.3$GPR19$chr12$12849141$-,0.36
chr12:12763200-12764600,ENSG00000183150.3$GPR19$chr12$12849141$-,0.4
chr12:12842000-12843800,ENSG00000183150.3$GPR19$chr12$12849141$-,0.58
chr12:12863400-12863800,ENSG00000183150.3$GPR19$chr12$12849141$-,0.55
chr17:38522600-38523800,ENSG00000183153.5$GJD3$chr17$38520067$-,0.57
chr8:37606000-37608200,ENSG00000183154.1$RP11-863K10.7$chr8$37594944$-,0.63
chr8:37619200-37619600,ENSG00000183154.1$RP11-863K10.7$chr8$37594944$-,0.68
chr8:37705800-37706800,ENSG00000183154.1$RP11-863K10.7$chr8$37594944$-,0.52
chr8:37707400-37709200,ENSG00000183154.1$RP11-863K10.7$chr8$37594944$-,0.53
chr1:202753000-202754200,ENSG00000183155.4$RABIF$chr1$202858263$-,0.42
chr1:202777800-202779800,ENSG00000183155.4$RABIF$chr1$202858263$-,0.47
chr1:202855600-202857400,ENSG00000183155.4$RABIF$chr1$202858263$-,0.39
chr1:202907200-202908800,ENSG00000183155.4$RABIF$chr1$202858263$-,0.73
chr1:202981800-202983000,ENSG00000183155.4$RABIF$chr1$202858263$-,0.39
chr11:22642400-22643600,ENSG00000183161.3$FANCF$chr11$22647387$-,0.68
chr22:42417400-42419600,ENSG00000183172.8$SMDT1$chr22$42475695$+,0.52
chr22:42426200-42428600,ENSG00000183172.8$SMDT1$chr22$42475695$+,0.59
chr22:42484600-42486000,ENSG00000183172.8$SMDT1$chr22$42475695$+,0.63
chr22:42487400-42489200,ENSG00000183172.8$SMDT1$chr22$42475695$+,0.56
chr22:42564600-42566000,ENSG00000183172.8$SMDT1$chr22$42475695$+,0.53
chr22:42618000-42620400,ENSG00000183172.8$SMDT1$chr22$42475695$+,0.37
chr22:42620600-42621000,ENSG00000183172.8$SMDT1$chr22$42475695$+,0.43
chr22:42621600-42622600,ENSG00000183172.8$SMDT1$chr22$42475695$+,0.43
chr22:42628000-42628400,ENSG00000183172.8$SMDT1$chr22$42475695$+,0.44
chr22:42629200-42631600,ENSG00000183172.8$SMDT1$chr22$42475695$+,0.45
chr22:42631800-42633800,ENSG00000183172.8$SMDT1$chr22$42475695$+,0.47
chr22:42635600-42637800,ENSG00000183172.8$SMDT1$chr22$42475695$+,0.45
chr22:42650000-42651400,ENSG00000183172.8$SMDT1$chr22$42475695$+,0.42
chr19:344200-346000,ENSG00000183186.6$C2CD4C$chr19$409139$-,0.45
chr19:489600-491800,ENSG00000183186.6$C2CD4C$chr19$409139$-,0.4
chr16:75498600-75499600,ENSG00000183196.4$CHST6$chr16$75529282$-,0.44
chr16:75583400-75585200,ENSG00000183196.4$CHST6$chr16$75529282$-,0.41
chr19:49402400-49403400,ENSG00000183207.8$RUVBL2$chr19$49496705$+,0.43
chr19:49404400-49406600,ENSG00000183207.8$RUVBL2$chr19$49496705$+,0.46
chr15:90681400-90683600,ENSG00000183208.8$GDPGP1$chr15$90777040$+,0.46
chr15:90894600-90897000,ENSG00000183208.8$GDPGP1$chr15$90777040$+,0.35
chr10:69494800-69496000,ENSG00000183230.12$CTNNA3$chr10$69455927$-,0.5
chr10:69521200-69523400,ENSG00000183230.12$CTNNA3$chr10$69455927$-,0.39
chr19:7871400-7873600,ENSG00000183248.7$CTD-3193O13.9$chr19$7939326$-,0.38
chr5:176851000-176853200,ENSG00000183258.7$DDX41$chr5$176944470$-,0.35
chr5:176978600-176980600,ENSG00000183258.7$DDX41$chr5$176944470$-,0.52
chr5:177018400-177019200,ENSG00000183258.7$DDX41$chr5$176944470$-,0.37
chr5:177025000-177026800,ENSG00000183258.7$DDX41$chr5$176944470$-,0.37
chr5:177027800-177030000,ENSG00000183258.7$DDX41$chr5$176944470$-,0.37
chr2:87296800-87298400,ENSG00000183281.10$PLGLB1$chr2$87248975$-,0.37
chr12:51594600-51595200,ENSG00000183283.11$DAZAP2$chr12$51632076$+,0.44
chr12:51609400-51611000,ENSG00000183283.11$DAZAP2$chr12$51632076$+,0.5
chr12:51612400-51614200,ENSG00000183283.11$DAZAP2$chr12$51632076$+,0.61
chr1:87298200-87299800,ENSG00000183291.11$SEP15$chr1$87380107$-,0.54
chr1:87368000-87369200,ENSG00000183291.11$SEP15$chr1$87380107$-,0.65
chr1:87436600-87438800,ENSG00000183291.11$SEP15$chr1$87380107$-,0.5
chr22:17564400-17565800,ENSG00000183307.3$CECR6$chr22$17602257$-,0.45
chr22:17640800-17641600,ENSG00000183307.3$CECR6$chr22$17602257$-,0.44
chr8:144624000-144624800,ENSG00000183309.7$ZNF623$chr8$144718183$+,0.46
chr8:144700400-144701600,ENSG00000183309.7$ZNF623$chr8$144718183$+,0.7
chr8:144704600-144706000,ENSG00000183309.7$ZNF623$chr8$144718183$+,0.68
chr8:144767200-144769000,ENSG00000183309.7$ZNF623$chr8$144718183$+,0.52
chr8:144845600-144847000,ENSG00000183309.7$ZNF623$chr8$144718183$+,0.36
chr17:8833000-8835400,ENSG00000183318.7$SPDYE4$chr17$8661877$-,0.44
chr17:8894800-8895800,ENSG00000183318.7$SPDYE4$chr17$8661877$-,0.41
chr17:8901000-8901800,ENSG00000183318.7$SPDYE4$chr17$8661877$-,0.42
chr5:68512000-68513400,ENSG00000183323.8$CCDC125$chr5$68628636$-,0.4
chr5:68514400-68516600,ENSG00000183323.8$CCDC125$chr5$68628636$-,0.4
chr15:73740000-73741800,ENSG00000183324.6$C15orf60$chr15$73735499$+,0.38
chrX:39880200-39882200,ENSG00000183337.12$BCOR$chrX$40036582$-,0.35
chrX:39985600-39987000,ENSG00000183337.12$BCOR$chrX$40036582$-,0.5
chrX:40060400-40062800,ENSG00000183337.12$BCOR$chrX$40036582$-,0.59
chr11:95982000-95983400,ENSG00000183340.5$JRKL$chr11$96123153$+,0.42
chr11:95983600-95984600,ENSG00000183340.5$JRKL$chr11$96123153$+,0.43
chr11:96076400-96077600,ENSG00000183340.5$JRKL$chr11$96123153$+,0.65
chr1:89790600-89791600,ENSG00000183347.13$GBP6$chr1$89829617$+,0.38
chr1:89798200-89799000,ENSG00000183347.13$GBP6$chr1$89829617$+,0.41
chr1:89819200-89821400,ENSG00000183347.13$GBP6$chr1$89829617$+,0.47
chr9:5999400-6001800,ENSG00000183354.7$KIAA2026$chr9$6007901$-,0.45
chr9:6016000-6017200,ENSG00000183354.7$KIAA2026$chr9$6007901$-,0.55
chr9:6023800-6025400,ENSG00000183354.7$KIAA2026$chr9$6007901$-,0.63
chr9:6062800-6063800,ENSG00000183354.7$KIAA2026$chr9$6007901$-,0.55
chr9:6068200-6070200,ENSG00000183354.7$KIAA2026$chr9$6007901$-,0.55
chr1:38453200-38455000,ENSG00000183386.5$FHL3$chr1$38471278$-,0.61
chr12:102511800-102513400,ENSG00000183395.4$PMCH$chr12$102591623$-,0.35
chr3:48645000-48646400,ENSG00000183396.3$TMEM89$chr3$48659288$-,0.41
chr3:48647200-48649000,ENSG00000183396.3$TMEM89$chr3$48659288$-,0.44
chr16:14997200-14997800,ENSG00000183426.11$NPIPA1$chr16$15016659$+,0.46
chr1:38453200-38455000,ENSG00000183431.7$SF3A3$chr1$38456593$-,0.4
chr4:166034400-166035400,ENSG00000183439.5$TRIM61$chr4$165898820$-,0.39
chr7:132350400-132352800,ENSG00000183470.5$AC009365.3$chr7$132333553$+,0.44
chr15:101114600-101115600,ENSG00000183475.8$ASB7$chr15$101142739$+,0.6
chr15:78246200-78248200,ENSG00000183476.8$SH2D7$chr15$78370150$+,0.39
chr15:78251000-78253400,ENSG00000183476.8$SH2D7$chr15$78370150$+,0.38
chr15:78393600-78394600,ENSG00000183476.8$SH2D7$chr15$78370150$+,0.7
chr15:78442400-78444600,ENSG00000183476.8$SH2D7$chr15$78370150$+,0.38
chr15:78514800-78516800,ENSG00000183476.8$SH2D7$chr15$78370150$+,0.54
chrX:152598400-152599800,ENSG00000183479.8$TREX2$chrX$152736045$-,0.38
chrX:152865400-152867800,ENSG00000183479.8$TREX2$chrX$152736045$-,0.42
chrX:152879800-152881000,ENSG00000183479.8$TREX2$chrX$152736045$-,0.42
chrX:152932800-152935200,ENSG00000183479.8$TREX2$chrX$152736045$-,0.45
chrX:152984200-152986600,ENSG00000183479.8$TREX2$chrX$152736045$-,0.45
chrX:152987200-152989200,ENSG00000183479.8$TREX2$chrX$152736045$-,0.42
chr14:105452400-105454600,ENSG00000183484.7$GPR132$chr14$105531782$-,0.47
chr14:105560200-105562000,ENSG00000183484.7$GPR132$chr14$105531782$-,0.53
chr21:42664600-42665400,ENSG00000183486.8$MX2$chr21$42733870$+,0.68
chr21:42790200-42792200,ENSG00000183486.8$MX2$chr21$42733870$+,0.56
chr12:132411800-132413200,ENSG00000183495.9$EP400$chr12$132434508$+,0.57
chr12:132674800-132676800,ENSG00000183495.9$EP400$chr12$132434508$+,0.37
chr1:117958400-117960600,ENSG00000183508.4$FAM46C$chr1$118148556$+,0.45
chr1:118161200-118162000,ENSG00000183508.4$FAM46C$chr1$118148556$+,0.52
chr1:118191600-118192600,ENSG00000183508.4$FAM46C$chr1$118148556$+,0.49
chr2:99290200-99292000,ENSG00000183513.4$COA5$chr2$99224978$-,0.45
chr2:99296000-99297200,ENSG00000183513.4$COA5$chr2$99224978$-,0.45
chr1:38453200-38455000,ENSG00000183520.7$UTP11L$chr1$38474930$+,0.57
chr21:40567800-40570000,ENSG00000183527.7$PSMG1$chr21$40555777$-,0.69
chr21:40662800-40664200,ENSG00000183527.7$PSMG1$chr21$40555777$-,0.47
chr21:40679600-40681600,ENSG00000183527.7$PSMG1$chr21$40555777$-,0.45
chr22:31886800-31888800,ENSG00000183530.9$PRR14L$chr22$32146126$-,0.36
chr22:32060400-32062200,ENSG00000183530.9$PRR14L$chr22$32146126$-,0.57
chr22:32072200-32073400,ENSG00000183530.9$PRR14L$chr22$32146126$-,0.65
chr22:32143200-32145400,ENSG00000183530.9$PRR14L$chr22$32146126$-,0.36
chr22:32338000-32340000,ENSG00000183530.9$PRR14L$chr22$32146126$-,0.42
chr22:32365400-32367600,ENSG00000183530.9$PRR14L$chr22$32146126$-,0.37
chr1:149582400-149583800,ENSG00000183558.5$HIST2H2AA3$chr1$149814478$-,0.41
chr1:149601200-149603400,ENSG00000183558.5$HIST2H2AA3$chr1$149814478$-,0.41
chr1:149663800-149666000,ENSG00000183558.5$HIST2H2AA3$chr1$149814478$-,0.42
chr1:149711400-149712600,ENSG00000183558.5$HIST2H2AA3$chr1$149814478$-,0.46
chr1:149785600-149786000,ENSG00000183558.5$HIST2H2AA3$chr1$149814478$-,0.68
chr1:149860400-149862200,ENSG00000183558.5$HIST2H2AA3$chr1$149814478$-,0.58
chr1:149870200-149871200,ENSG00000183558.5$HIST2H2AA3$chr1$149814478$-,0.5
chr1:149871600-149872600,ENSG00000183558.5$HIST2H2AA3$chr1$149814478$-,0.5
chr1:150040200-150042600,ENSG00000183558.5$HIST2H2AA3$chr1$149814478$-,0.41
chr10:124466000-124468200,ENSG00000183559.7$C10orf120$chr10$124459338$-,0.65
chr11:3013600-3015000,ENSG00000183562.2$AC131971.1$chr11$3011093$+,0.64
chr22:43045800-43046600,ENSG00000183569.13$SERHL2$chr22$42949623$+,0.52
chr21:47015000-47017400,ENSG00000183570.12$PCBP3$chr21$47063608$+,0.5
chr21:47026800-47029000,ENSG00000183570.12$PCBP3$chr21$47063608$+,0.5
chr14:99906800-99909000,ENSG00000183576.8$SETD3$chr14$99947216$-,0.54
chr22:19825000-19825600,ENSG00000183597.11$TANGO2$chr22$20004537$+,0.36
chr22:20006600-20008800,ENSG00000183597.11$TANGO2$chr22$20004537$+,0.57
chr22:20059200-20061000,ENSG00000183597.11$TANGO2$chr22$20004537$+,0.53
chr1:149582400-149583800,ENSG00000183598.3$HIST2H3D$chr1$149785236$-,0.48
chr1:149584800-149585200,ENSG00000183598.3$HIST2H3D$chr1$149785236$-,0.35
chr1:149601200-149603400,ENSG00000183598.3$HIST2H3D$chr1$149785236$-,0.39
chr1:149606800-149607000,ENSG00000183598.3$HIST2H3D$chr1$149785236$-,0.37
chr1:149663800-149666000,ENSG00000183598.3$HIST2H3D$chr1$149785236$-,0.4
chr1:149711400-149712600,ENSG00000183598.3$HIST2H3D$chr1$149785236$-,0.51
chr1:149860400-149862200,ENSG00000183598.3$HIST2H3D$chr1$149785236$-,0.5
chr1:149870200-149871200,ENSG00000183598.3$HIST2H3D$chr1$149785236$-,0.44
chr1:149871600-149872600,ENSG00000183598.3$HIST2H3D$chr1$149785236$-,0.45
chr10:120807000-120808600,ENSG00000183605.12$SFXN4$chr10$120925179$-,0.45
chr10:120820600-120822200,ENSG00000183605.12$SFXN4$chr10$120925179$-,0.46
chr10:120938400-120940000,ENSG00000183605.12$SFXN4$chr10$120925179$-,0.61
chr10:120965200-120966400,ENSG00000183605.12$SFXN4$chr10$120925179$-,0.56
chr2:69170400-69172200,ENSG00000183607.5$GKN2$chr2$69180102$-,0.71
chr1:32478000-32479400,ENSG00000183615.5$FAM167B$chr1$32712834$+,0.42
chr1:32500200-32501400,ENSG00000183615.5$FAM167B$chr1$32712834$+,0.39
chr1:32601600-32602600,ENSG00000183615.5$FAM167B$chr1$32712834$+,0.39
chr1:32704200-32706400,ENSG00000183615.5$FAM167B$chr1$32712834$+,0.7
chr1:32755000-32757200,ENSG00000183615.5$FAM167B$chr1$32712834$+,0.51
chr1:32810400-32812800,ENSG00000183615.5$FAM167B$chr1$32712834$+,0.36
chr1:32837200-32838800,ENSG00000183615.5$FAM167B$chr1$32712834$+,0.35
chr3:129004800-129006000,ENSG00000183624.9$HMCES$chr3$128997671$+,0.38
chr3:46194800-46197200,ENSG00000183625.10$CCR3$chr3$46205096$+,0.54
chr22:18841000-18842600,ENSG00000183628.8$DGCR6$chr22$18893541$+,0.43
chr22:18868400-18869200,ENSG00000183628.8$DGCR6$chr22$18893541$+,0.52
chr22:18879800-18880600,ENSG00000183628.8$DGCR6$chr22$18893541$+,0.57
chr19:57999400-58000800,ENSG00000183647.6$ZNF530$chr19$58111253$+,0.48
chr19:58037800-58038600,ENSG00000183647.6$ZNF530$chr19$58111253$+,0.47
chr19:58039400-58040600,ENSG00000183647.6$ZNF530$chr19$58111253$+,0.57
chr19:58088800-58089800,ENSG00000183647.6$ZNF530$chr19$58111253$+,0.57
chr19:58090200-58091400,ENSG00000183647.6$ZNF530$chr19$58111253$+,0.62
chr19:58143400-58144400,ENSG00000183647.6$ZNF530$chr19$58111253$+,0.6
chr19:58145200-58147000,ENSG00000183647.6$ZNF530$chr19$58111253$+,0.52
chr19:58174600-58177000,ENSG00000183647.6$ZNF530$chr19$58111253$+,0.54
chr19:58237000-58238400,ENSG00000183647.6$ZNF530$chr19$58111253$+,0.38
chr19:58257400-58258200,ENSG00000183647.6$ZNF530$chr19$58111253$+,0.41
chr14:92434200-92436200,ENSG00000183648.5$NDUFB1$chr14$92588261$-,0.36
chr14:92507200-92508200,ENSG00000183648.5$NDUFB1$chr14$92588261$-,0.44
chr15:86273200-86274200,ENSG00000183655.11$KLHL25$chr15$86338261$-,0.53
chr15:86334800-86337200,ENSG00000183655.11$KLHL25$chr15$86338261$-,0.42
chr15:86474400-86475800,ENSG00000183655.11$KLHL25$chr15$86338261$-,0.4
chr8:125310400-125312800,ENSG00000183665.4$TRMT12$chr8$125463048$+,0.39
chr8:125360800-125363000,ENSG00000183665.4$TRMT12$chr8$125463048$+,0.38
chr8:125363200-125365600,ENSG00000183665.4$TRMT12$chr8$125463048$+,0.42
chr8:125385400-125386200,ENSG00000183665.4$TRMT12$chr8$125463048$+,0.58
chr8:125495400-125497400,ENSG00000183665.4$TRMT12$chr8$125463048$+,0.74
chr1:40025400-40026400,ENSG00000183682.7$BMP8A$chr1$39957318$+,0.4
chr1:40071200-40072200,ENSG00000183682.7$BMP8A$chr1$39957318$+,0.38
chr17:79933800-79935800,ENSG00000183684.6$ALYREF$chr17$79849462$-,0.47
chr17:80006800-80009200,ENSG00000183684.6$ALYREF$chr17$79849462$-,0.4
chr17:80024000-80025600,ENSG00000183684.6$ALYREF$chr17$79849462$-,0.35
chrX:44182200-44183400,ENSG00000183690.12$EFHC2$chrX$44202918$-,0.48
chrX:44221200-44222200,ENSG00000183690.12$EFHC2$chrX$44202918$-,0.59
chr11:19137400-19139000,ENSG00000183695.2$MRGPRX2$chr11$19082228$-,0.45
chr11:19149200-19150400,ENSG00000183695.2$MRGPRX2$chr11$19082228$-,0.38
chr7:48018800-48020200,ENSG00000183696.9$UPP1$chr7$48128225$+,0.4
chr7:48140600-48143000,ENSG00000183696.9$UPP1$chr7$48128225$+,0.43
chr15:22428400-22430600,ENSG00000183706.4$OR4N4$chr15$22382382$+,0.68
chr19:39748600-39750400,ENSG00000183709.7$IFNL2$chr19$39759154$+,0.41
chr5:180634600-180635800,ENSG00000183718.4$TRIM52$chr5$180688119$-,0.47
chr5:180671400-180673000,ENSG00000183718.4$TRIM52$chr5$180688119$-,0.58
chr13:40229000-40229600,ENSG00000183722.7$LHFP$chr13$40177665$-,0.38
chr16:66636400-66638000,ENSG00000183723.8$CMTM4$chr16$66730610$-,0.54
chr16:66785600-66787200,ENSG00000183723.8$CMTM4$chr16$66730610$-,0.55
chr1:25574600-25575600,ENSG00000183726.6$TMEM50A$chr1$25664408$+,0.36
chr1:25585600-25588000,ENSG00000183726.6$TMEM50A$chr1$25664408$+,0.47
chr1:25686800-25689000,ENSG00000183726.6$TMEM50A$chr1$25664408$+,0.63
chr1:25753800-25756200,ENSG00000183726.6$TMEM50A$chr1$25664408$+,0.38
chr1:25816200-25816800,ENSG00000183726.6$TMEM50A$chr1$25664408$+,0.37
chr8:53743000-53745000,ENSG00000183729.3$NPBWR1$chr8$53850991$+,0.43
chr8:53766200-53768000,ENSG00000183729.3$NPBWR1$chr8$53850991$+,0.42
chr11:2422600-2424400,ENSG00000183734.4$ASCL2$chr11$2292182$-,0.36
chr12:64793000-64794600,ENSG00000183735.5$TBK1$chr12$64845660$+,0.66
chr12:64839600-64841200,ENSG00000183735.5$TBK1$chr12$64845660$+,0.72
chr12:64887600-64889800,ENSG00000183735.5$TBK1$chr12$64845660$+,0.7
chr12:64999200-65000200,ENSG00000183735.5$TBK1$chr12$64845660$+,0.35
chr22:39188600-39189600,ENSG00000183741.7$CBX6$chr22$39268319$-,0.48
chr22:39190200-39191000,ENSG00000183741.7$CBX6$chr22$39268319$-,0.45
chr22:39384400-39386400,ENSG00000183741.7$CBX6$chr22$39268319$-,0.35
chr22:39397800-39400000,ENSG00000183741.7$CBX6$chr22$39268319$-,0.36
chr16:1904400-1906400,ENSG00000183751.10$TBL3$chr16$2022038$+,0.44
chr16:2008200-2009600,ENSG00000183751.10$TBL3$chr16$2022038$+,0.49
chr16:2060200-2062400,ENSG00000183751.10$TBL3$chr16$2022038$+,0.69
chr16:2069000-2071200,ENSG00000183751.10$TBL3$chr16$2022038$+,0.64
chr16:2098600-2099800,ENSG00000183751.10$TBL3$chr16$2022038$+,0.52
chr16:2186000-2187000,ENSG00000183751.10$TBL3$chr16$2022038$+,0.43
chr19:39431800-39433800,ENSG00000183760.6$PAPL$chr19$39574553$+,0.39
chr19:39440000-39441600,ENSG00000183760.6$PAPL$chr19$39574553$+,0.43
chr19:39611600-39614000,ENSG00000183760.6$PAPL$chr19$39574553$+,0.63
chr19:39614200-39616400,ENSG00000183760.6$PAPL$chr19$39574553$+,0.55
chr3:49891600-49893800,ENSG00000183763.4$TRAIP$chr3$49894007$-,0.36
chr3:49989600-49991200,ENSG00000183763.4$TRAIP$chr3$49894007$-,0.48
chr3:49997200-49999000,ENSG00000183763.4$TRAIP$chr3$49894007$-,0.53
chr22:29138600-29141000,ENSG00000183765.16$CHEK2$chr22$29138410$-,0.36
chr22:29167000-29169200,ENSG00000183765.16$CHEK2$chr22$29138410$-,0.64
chr3:138632200-138634200,ENSG00000183770.5$FOXL2$chr3$138665982$-,0.45
chr3:138679000-138680800,ENSG00000183770.5$FOXL2$chr3$138665982$-,0.62
chr22:21268800-21271200,ENSG00000183773.11$AIFM3$chr22$21319396$+,0.43
chr5:143521000-143523000,ENSG00000183775.6$KCTD16$chr5$143550396$+,0.62
chr5:143556800-143557800,ENSG00000183775.6$KCTD16$chr5$143550396$+,0.72
chr5:143562200-143563400,ENSG00000183775.6$KCTD16$chr5$143550396$+,0.74
chr9:116400-118800,ENSG00000183784.5$C9orf66$chr9$215893$-,0.54
chr9:98000-98800,ENSG00000183784.5$C9orf66$chr9$215893$-,0.43
chr22:18484400-18486800,ENSG00000183785.10$TUBA8$chr22$18593097$+,0.36
chr22:18557600-18560000,ENSG00000183785.10$TUBA8$chr22$18593097$+,0.35
chr8:94717600-94720000,ENSG00000183808.7$RBM12B$chr8$94753245$-,0.73
chr8:94765800-94767000,ENSG00000183808.7$RBM12B$chr8$94753245$-,0.83
chr8:94767600-94769200,ENSG00000183808.7$RBM12B$chr8$94753245$-,0.67
chr3:32988800-32990800,ENSG00000183813.6$CCR4$chr3$32993066$+,0.63
chr3:32995400-32996600,ENSG00000183813.6$CCR4$chr3$32993066$+,0.66
chr3:33004800-33006400,ENSG00000183813.6$CCR4$chr3$32993066$+,0.75
chr3:33028600-33029400,ENSG00000183813.6$CCR4$chr3$32993066$+,0.58
chr3:33036600-33037000,ENSG00000183813.6$CCR4$chr3$32993066$+,0.59
chr3:33037400-33039000,ENSG00000183813.6$CCR4$chr3$32993066$+,0.56
chr3:33039800-33041800,ENSG00000183813.6$CCR4$chr3$32993066$+,0.6
chr3:33054200-33055000,ENSG00000183813.6$CCR4$chr3$32993066$+,0.64
chr3:33081400-33082400,ENSG00000183813.6$CCR4$chr3$32993066$+,0.51
chr3:33126600-33128400,ENSG00000183813.6$CCR4$chr3$32993066$+,0.39
chr1:226519200-226521600,ENSG00000183814.11$LIN9$chr1$226497570$-,0.73
chr1:226596000-226596800,ENSG00000183814.11$LIN9$chr1$226497570$-,0.35
chr6:38576000-38576200,ENSG00000183826.12$BTBD9$chr6$38607924$-,0.67
chr6:38665400-38667000,ENSG00000183826.12$BTBD9$chr6$38607924$-,0.58
chr6:38668000-38670400,ENSG00000183826.12$BTBD9$chr6$38607924$-,0.68
chr6:38671000-38672400,ENSG00000183826.12$BTBD9$chr6$38607924$-,0.64
chr14:105560200-105562000,ENSG00000183828.10$NUDT14$chr14$105647660$-,0.48
chr14:105767400-105769600,ENSG00000183828.10$NUDT14$chr14$105647660$-,0.39
chr14:105817800-105819400,ENSG00000183828.10$NUDT14$chr14$105647660$-,0.4
chr1:173682800-173684000,ENSG00000183831.6$ANKRD45$chr1$173639001$-,0.56
chr1:173737400-173739400,ENSG00000183831.6$ANKRD45$chr1$173639001$-,0.35
chr3:119277600-119279400,ENSG00000183833.12$MAATS1$chr3$119421869$+,0.48
chr3:119280400-119282000,ENSG00000183833.12$MAATS1$chr3$119421869$+,0.38
chr3:119539800-119540800,ENSG00000183833.12$MAATS1$chr3$119421869$+,0.38
chr3:119566200-119567400,ENSG00000183833.12$MAATS1$chr3$119421869$+,0.52
chr21:42664600-42665400,ENSG00000183844.12$FAM3B$chr21$42676139$+,0.77
chr1:156415400-156416400,ENSG00000183856.6$IQGAP3$chr1$156542396$-,0.42
chr1:156425000-156426600,ENSG00000183856.6$IQGAP3$chr1$156542396$-,0.36
chr1:156427000-156428600,ENSG00000183856.6$IQGAP3$chr1$156542396$-,0.4
chr1:156568600-156570800,ENSG00000183856.6$IQGAP3$chr1$156542396$-,0.63
chr1:156571600-156573200,ENSG00000183856.6$IQGAP3$chr1$156542396$-,0.58
chr1:156699000-156701200,ENSG00000183856.6$IQGAP3$chr1$156542396$-,0.36
chr22:41696200-41697800,ENSG00000183864.4$TOB2$chr22$41843027$-,0.36
chr22:41801400-41803000,ENSG00000183864.4$TOB2$chr22$41843027$-,0.77
chr22:41844600-41845800,ENSG00000183864.4$TOB2$chr22$41843027$-,0.39
chr22:41862000-41864200,ENSG00000183864.4$TOB2$chr22$41843027$-,0.66
chr22:41940600-41942200,ENSG00000183864.4$TOB2$chr22$41843027$-,0.48
chr22:41983200-41985200,ENSG00000183864.4$TOB2$chr22$41843027$-,0.45
chr2:20170000-20172400,ENSG00000183891.5$TTC32$chr2$20101747$-,0.42
chr2:20190200-20191600,ENSG00000183891.5$TTC32$chr2$20101747$-,0.36
chr17:7592200-7594200,ENSG00000183914.10$DNAH2$chr17$7620672$+,0.39
chrX:123433800-123435400,ENSG00000183918.10$SH2D1A$chrX$123480194$+,0.6
chrX:123471800-123473800,ENSG00000183918.10$SH2D1A$chrX$123480194$+,0.77
chr16:22172800-22174600,ENSG00000183921.5$SDR42E2$chr16$22177618$+,0.49
chr1:149785600-149786000,ENSG00000183941.8$HIST2H4A$chr1$149804221$+,0.4
chrX:3501600-3503000,ENSG00000183943.5$PRKX$chrX$3631649$-,0.36
chrX:3655800-3657400,ENSG00000183943.5$PRKX$chrX$3631649$-,0.71
chrX:3665600-3667000,ENSG00000183943.5$PRKX$chrX$3631649$-,0.53
chr16:1904400-1906400,ENSG00000183971.5$NPW$chr16$2059927$+,0.47
chr16:2008200-2009600,ENSG00000183971.5$NPW$chr16$2059927$+,0.51
chr16:2020000-2021600,ENSG00000183971.5$NPW$chr16$2059927$+,0.53
chr16:2060200-2062400,ENSG00000183971.5$NPW$chr16$2059927$+,0.36
chr16:2069000-2071200,ENSG00000183971.5$NPW$chr16$2059927$+,0.72
chr16:2098600-2099800,ENSG00000183971.5$NPW$chr16$2059927$+,0.56
chr16:2186000-2187000,ENSG00000183971.5$NPW$chr16$2059927$+,0.51
chr16:2254400-2255800,ENSG00000183971.5$NPW$chr16$2059927$+,0.49
chr3:19986200-19988000,ENSG00000183977.9$PP2D1$chr3$20053822$-,0.54
chr3:20023200-20024200,ENSG00000183977.9$PP2D1$chr3$20053822$-,0.62
chr3:20101000-20103400,ENSG00000183977.9$PP2D1$chr3$20053822$-,0.52
chr3:20120800-20123200,ENSG00000183977.9$PP2D1$chr3$20053822$-,0.51
chr3:20201000-20203000,ENSG00000183977.9$PP2D1$chr3$20053822$-,0.38
chr17:40924000-40925400,ENSG00000183978.7$COA3$chr17$40950722$-,0.42
chr17:40926000-40928400,ENSG00000183978.7$COA3$chr17$40950722$-,0.4
chr17:40976200-40977600,ENSG00000183978.7$COA3$chr17$40950722$-,0.39
chr1:32478000-32479400,ENSG00000184007.13$PTP4A2$chr1$32410457$-,0.45
chr17:79474600-79476800,ENSG00000184009.5$ACTG1$chr17$79490873$-,0.49
chr11:9299800-9300000,ENSG00000184014.3$DENND5A$chr11$9286937$-,0.5
chr1:248579400-248581800,ENSG00000184022.2$OR2T10$chr1$248757100$-,0.35
chr1:248643600-248644200,ENSG00000184022.2$OR2T10$chr1$248757100$-,0.38
chr1:248644800-248646800,ENSG00000184022.2$OR2T10$chr1$248757100$-,0.4
chr12:122687000-122688000,ENSG00000184047.11$DIABLO$chr12$122712081$-,0.54
chr12:122721800-122722000,ENSG00000184047.11$DIABLO$chr12$122712081$-,0.66
chr12:122724600-122725400,ENSG00000184047.11$DIABLO$chr12$122712081$-,0.72
chr12:122748400-122750200,ENSG00000184047.11$DIABLO$chr12$122712081$-,0.56
chr12:122751800-122752600,ENSG00000184047.11$DIABLO$chr12$122712081$-,0.5
chr15:91443600-91445600,ENSG00000184056.10$VPS33B$chr15$91565833$-,0.46
chr15:91473600-91475400,ENSG00000184056.10$VPS33B$chr15$91565833$-,0.53
chr15:91479000-91480600,ENSG00000184056.10$VPS33B$chr15$91565833$-,0.45
chr15:91538400-91539800,ENSG00000184056.10$VPS33B$chr15$91565833$-,0.62
chr15:91566400-91568400,ENSG00000184056.10$VPS33B$chr15$91565833$-,0.38
chr22:19476000-19477600,ENSG00000184058.8$TBX1$chr22$19744226$+,0.35
chr22:19763200-19764600,ENSG00000184058.8$TBX1$chr22$19744226$+,0.61
chr22:19825000-19825600,ENSG00000184058.8$TBX1$chr22$19744226$+,0.39
chr17:29107000-29108400,ENSG00000184060.6$ADAP2$chr17$29233362$+,0.4
chr17:29333200-29335400,ENSG00000184060.6$ADAP2$chr17$29233362$+,0.5
chr17:29419400-29421600,ENSG00000184060.6$ADAP2$chr17$29233362$+,0.39
chr22:29985800-29987000,ENSG00000184076.10$UQCR10$chr22$30163358$+,0.35
chr22:29992200-29993200,ENSG00000184076.10$UQCR10$chr22$30163358$+,0.35
chr22:30004400-30005800,ENSG00000184076.10$UQCR10$chr22$30163358$+,0.44
chr22:29784800-29786200,ENSG00000184117.7$NIPSNAP1$chr22$29977326$-,0.38
chr22:29985800-29987000,ENSG00000184117.7$NIPSNAP1$chr22$29977326$-,0.64
chr22:29992200-29993200,ENSG00000184117.7$NIPSNAP1$chr22$29977326$-,0.75
chr22:30004400-30005800,ENSG00000184117.7$NIPSNAP1$chr22$29977326$-,0.57
chr11:71814400-71815800,ENSG00000184154.8$LRTOMT$chr11$71791382$+,0.54
chr11:71821000-71823000,ENSG00000184154.8$LRTOMT$chr11$71791382$+,0.55
chr11:71824000-71826200,ENSG00000184154.8$LRTOMT$chr11$71791382$+,0.59
chr19:19247600-19249000,ENSG00000184162.10$NR2C2AP$chr19$19314233$-,0.42
chr19:19249400-19251600,ENSG00000184162.10$NR2C2AP$chr19$19314233$-,0.49
chr19:19304200-19306600,ENSG00000184162.10$NR2C2AP$chr19$19314233$-,0.68
chr19:19494600-19496000,ENSG00000184162.10$NR2C2AP$chr19$19314233$-,0.4
chr22:50265200-50267600,ENSG00000184164.10$CRELD2$chr22$50311815$+,0.53
chr22:50414800-50416400,ENSG00000184164.10$CRELD2$chr22$50311815$+,0.53
chr22:50465600-50467200,ENSG00000184164.10$CRELD2$chr22$50311815$+,0.46
chr17:2845200-2845600,ENSG00000184166.1$OR1D2$chr17$2996290$-,0.38
chr17:2855200-2856600,ENSG00000184166.1$OR1D2$chr17$2996290$-,0.41
chr17:2942200-2943800,ENSG00000184166.1$OR1D2$chr17$2996290$-,0.49
chr17:2951200-2951800,ENSG00000184166.1$OR1D2$chr17$2996290$-,0.53
chr17:2952800-2953600,ENSG00000184166.1$OR1D2$chr17$2996290$-,0.49
chr17:3125200-3126600,ENSG00000184166.1$OR1D2$chr17$2996290$-,0.5
chr2:238833800-238835600,ENSG00000184182.14$UBE2F$chr2$238875469$+,0.44
chr2:238860800-238861000,ENSG00000184182.14$UBE2F$chr2$238875469$+,0.6
chr2:238980000-238980200,ENSG00000184182.14$UBE2F$chr2$238875469$+,0.43
chr3:195153000-195153800,ENSG00000184203.3$PPP1R2$chr3$195270209$-,0.36
chr3:195176400-195177400,ENSG00000184203.3$PPP1R2$chr3$195270209$-,0.39
chr3:195335400-195337800,ENSG00000184203.3$PPP1R2$chr3$195270209$-,0.5
chr3:195340400-195342600,ENSG00000184203.3$PPP1R2$chr3$195270209$-,0.39
chr3:195359400-195361600,ENSG00000184203.3$PPP1R2$chr3$195270209$-,0.42
chr3:195383000-195384400,ENSG00000184203.3$PPP1R2$chr3$195270209$-,0.36
chrX:52949000-52949800,ENSG00000184205.10$TSPYL2$chrX$53111549$+,0.58
chrX:52962400-52963600,ENSG00000184205.10$TSPYL2$chrX$53111549$+,0.5
chrX:52964800-52965000,ENSG00000184205.10$TSPYL2$chrX$53111549$+,0.62
chrX:53017800-53019800,ENSG00000184205.10$TSPYL2$chrX$53111549$+,0.58
chrX:53025000-53026800,ENSG00000184205.10$TSPYL2$chrX$53111549$+,0.51
chrX:53122200-53122800,ENSG00000184205.10$TSPYL2$chrX$53111549$+,0.57
chrX:53124000-53125800,ENSG00000184205.10$TSPYL2$chrX$53111549$+,0.49
chrX:53255000-53257200,ENSG00000184205.10$TSPYL2$chrX$53111549$+,0.57
chr16:2069000-2071200,ENSG00000184207.8$PGP$chr16$2264808$-,0.35
chr16:2098600-2099800,ENSG00000184207.8$PGP$chr16$2264808$-,0.39
chr16:2186000-2187000,ENSG00000184207.8$PGP$chr16$2264808$-,0.46
chr16:2254400-2255800,ENSG00000184207.8$PGP$chr16$2264808$-,0.54
chr16:2390400-2392400,ENSG00000184207.8$PGP$chr16$2264808$-,0.37
chr22:41940600-41942200,ENSG00000184208.10$C22orf46$chr22$42084943$+,0.38
chr22:41983200-41985200,ENSG00000184208.10$C22orf46$chr22$42084943$+,0.39
chr22:42044200-42044800,ENSG00000184208.10$C22orf46$chr22$42084943$+,0.48
chr22:42075600-42078000,ENSG00000184208.10$C22orf46$chr22$42084943$+,0.46
chr22:42078800-42081000,ENSG00000184208.10$C22orf46$chr22$42084943$+,0.51
chr22:42194800-42196200,ENSG00000184208.10$C22orf46$chr22$42084943$+,0.39
chr12:123850400-123852000,ENSG00000184209.14$SNRNP35$chr12$123942188$+,0.42
chr12:123921400-123922800,ENSG00000184209.14$SNRNP35$chr12$123942188$+,0.67
chr12:124084200-124086000,ENSG00000184209.14$SNRNP35$chr12$123942188$+,0.43
chrX:153318600-153319200,ENSG00000184216.7$IRAK1$chrX$153285431$-,0.52
chrX:153352400-153353800,ENSG00000184216.7$IRAK1$chrX$153285431$-,0.46
chrX:153363400-153365200,ENSG00000184216.7$IRAK1$chrX$153285431$-,0.44
chrX:153437400-153437800,ENSG00000184216.7$IRAK1$chrX$153285431$-,0.36
chr3:99539200-99541600,ENSG00000184220.6$CMSS1$chr3$99536678$+,0.46
chr11:67156600-67158800,ENSG00000184224.3$C11orf72$chr11$67374177$-,0.38
chr11:67375000-67377200,ENSG00000184224.3$C11orf72$chr11$67374177$-,0.35
chr11:67498000-67500400,ENSG00000184224.3$C11orf72$chr11$67374177$-,0.5
chr11:67573600-67575400,ENSG00000184224.3$C11orf72$chr11$67374177$-,0.41
chr1:149601200-149603400,ENSG00000184260.4$HIST2H2AC$chr1$149858525$+,0.35
chr1:149663800-149666000,ENSG00000184260.4$HIST2H2AC$chr1$149858525$+,0.35
chr1:149711400-149712600,ENSG00000184260.4$HIST2H2AC$chr1$149858525$+,0.54
chr1:149785600-149786000,ENSG00000184260.4$HIST2H2AC$chr1$149858525$+,0.43
chr1:149860400-149862200,ENSG00000184260.4$HIST2H2AC$chr1$149858525$+,0.59
chr1:149870200-149871200,ENSG00000184260.4$HIST2H2AC$chr1$149858525$+,0.69
chr1:149871600-149872600,ENSG00000184260.4$HIST2H2AC$chr1$149858525$+,0.65
chr1:150040200-150042600,ENSG00000184260.4$HIST2H2AC$chr1$149858525$+,0.35
chr1:149601200-149603400,ENSG00000184270.3$HIST2H2AB$chr1$149859466$-,0.44
chr1:149663800-149666000,ENSG00000184270.3$HIST2H2AB$chr1$149859466$-,0.4
chr1:149711400-149712600,ENSG00000184270.3$HIST2H2AB$chr1$149859466$-,0.49
chr1:149785600-149786000,ENSG00000184270.3$HIST2H2AB$chr1$149859466$-,0.47
chr1:149860400-149862200,ENSG00000184270.3$HIST2H2AB$chr1$149859466$-,0.45
chr1:149870200-149871200,ENSG00000184270.3$HIST2H2AB$chr1$149859466$-,0.7
chr1:149871600-149872600,ENSG00000184270.3$HIST2H2AB$chr1$149859466$-,0.65
chr12:51557600-51558000,ENSG00000184271.11$POU6F1$chr12$51611477$-,0.48
chr12:51594600-51595200,ENSG00000184271.11$POU6F1$chr12$51611477$-,0.62
chr12:51612400-51614200,ENSG00000184271.11$POU6F1$chr12$51611477$-,0.38
chr15:102162000-102163200,ENSG00000184277.8$TM2D3$chr15$102192594$-,0.5
chr15:102261600-102263800,ENSG00000184277.8$TM2D3$chr15$102192594$-,0.6
chr15:102264600-102266200,ENSG00000184277.8$TM2D3$chr15$102192594$-,0.51
chr12:10041400-10042200,ENSG00000184293.3$CLECL1$chr12$9885895$-,0.49
chr12:9757800-9759600,ENSG00000184293.3$CLECL1$chr12$9885895$-,0.54
chr12:9759800-9761200,ENSG00000184293.3$CLECL1$chr12$9885895$-,0.49
chr12:9762400-9764200,ENSG00000184293.3$CLECL1$chr12$9885895$-,0.44
chr12:9772000-9773600,ENSG00000184293.3$CLECL1$chr12$9885895$-,0.47
chr12:9779200-9780000,ENSG00000184293.3$CLECL1$chr12$9885895$-,0.47
chr12:9790000-9792400,ENSG00000184293.3$CLECL1$chr12$9885895$-,0.46
chr12:9812000-9813200,ENSG00000184293.3$CLECL1$chr12$9885895$-,0.5
chr12:9843400-9845800,ENSG00000184293.3$CLECL1$chr12$9885895$-,0.79
chr12:9931400-9932800,ENSG00000184293.3$CLECL1$chr12$9885895$-,0.62
chr3:113667400-113669000,ENSG00000184307.9$ZDHHC23$chr3$113666748$+,0.38
chr1:153379200-153380400,ENSG00000184330.7$S100A7A$chr1$153389000$+,0.62
chr3:51843400-51843800,ENSG00000184345.4$IQCF2$chr3$51895645$+,0.43
chr3:51857000-51858200,ENSG00000184345.4$IQCF2$chr3$51895645$+,0.65
chr6:27655800-27657600,ENSG00000184348.2$HIST1H2AK$chr6$27806117$-,0.46
chr6:27660200-27661800,ENSG00000184348.2$HIST1H2AK$chr6$27806117$-,0.46
chr6:27719000-27720200,ENSG00000184348.2$HIST1H2AK$chr6$27806117$-,0.45
chr6:27759000-27759600,ENSG00000184348.2$HIST1H2AK$chr6$27806117$-,0.58
chr6:27776400-27777800,ENSG00000184348.2$HIST1H2AK$chr6$27806117$-,0.64
chr6:27792800-27794600,ENSG00000184348.2$HIST1H2AK$chr6$27806117$-,0.64
chr6:27796400-27798400,ENSG00000184348.2$HIST1H2AK$chr6$27806117$-,0.66
chr6:27759000-27759600,ENSG00000184357.3$HIST1H1B$chr6$27835359$-,0.41
chr6:27776400-27777800,ENSG00000184357.3$HIST1H1B$chr6$27835359$-,0.47
chr6:27792800-27794600,ENSG00000184357.3$HIST1H1B$chr6$27835359$-,0.54
chr6:27796400-27798400,ENSG00000184357.3$HIST1H1B$chr6$27835359$-,0.62
chr17:43135600-43138000,ENSG00000184361.8$SPATA32$chr17$43339479$-,0.38
chr17:43218400-43219600,ENSG00000184361.8$SPATA32$chr17$43339479$-,0.41
chr17:43232200-43234000,ENSG00000184361.8$SPATA32$chr17$43339479$-,0.61
chr17:43429600-43431200,ENSG00000184361.8$SPATA32$chr17$43339479$-,0.61
chr11:367200-369200,ENSG00000184363.5$PKP3$chr11$392614$+,0.36
chr3:169480200-169482000,ENSG00000184378.2$ACTRT3$chr3$169487683$-,0.63
chr3:169482800-169483600,ENSG00000184378.2$ACTRT3$chr3$169487683$-,0.66
chr3:169495200-169496000,ENSG00000184378.2$ACTRT3$chr3$169487683$-,0.63
chr11:95982000-95983400,ENSG00000184384.9$MAML2$chr11$96076344$-,0.41
chr21:43602800-43605000,ENSG00000184385.2$C21orf128$chr21$43528644$-,0.64
chr20:60559000-60561000,ENSG00000184402.10$SS18L1$chr20$60718822$+,0.42
chr20:60561400-60562800,ENSG00000184402.10$SS18L1$chr20$60718822$+,0.43
chr8:144285800-144286800,ENSG00000184428.8$TOP1MT$chr8$144442149$-,0.43
chr8:144363600-144365600,ENSG00000184428.8$TOP1MT$chr8$144442149$-,0.5
chr8:144448200-144450600,ENSG00000184428.8$TOP1MT$chr8$144442149$-,0.71
chr3:139062000-139062800,ENSG00000184432.5$COPB2$chr3$139108574$-,0.5
chr22:21268800-21271200,ENSG00000184436.7$THAP7$chr22$21356485$-,0.43
chr22:21357400-21359400,ENSG00000184436.7$THAP7$chr22$21356485$-,0.42
chr12:122933000-122935400,ENSG00000184445.7$KNTC1$chr12$123011793$+,0.49
chr12:122954400-122956800,ENSG00000184445.7$KNTC1$chr12$123011793$+,0.56
chr12:122985600-122988000,ENSG00000184445.7$KNTC1$chr12$123011793$+,0.69
chr17:40809600-40811400,ENSG00000184451.5$CCR10$chr17$40835935$-,0.4
chr22:32869200-32870600,ENSG00000184459.4$BPIFC$chr22$32860471$-,0.48
chr6:170149400-170151000,ENSG00000184465.11$WDR27$chr6$170102159$-,0.63
chr6:170152400-170154600,ENSG00000184465.11$WDR27$chr6$170102159$-,0.61
chr22:20004600-20006200,ENSG00000184470.15$TXNRD2$chr22$19929341$-,0.35
chr22:20006600-20008800,ENSG00000184470.15$TXNRD2$chr22$19929341$-,0.38
chrX:70275400-70275600,ENSG00000184481.12$FOXO4$chrX$70316047$+,0.48
chrX:70275800-70276000,ENSG00000184481.12$FOXO4$chrX$70316047$+,0.47
chrX:70285800-70287400,ENSG00000184481.12$FOXO4$chrX$70316047$+,0.64
chrX:70336800-70338000,ENSG00000184481.12$FOXO4$chrX$70316047$+,0.5
chrX:70392800-70394400,ENSG00000184481.12$FOXO4$chrX$70316047$+,0.4
chrX:70410400-70411600,ENSG00000184481.12$FOXO4$chrX$70316047$+,0.43
chrX:70475000-70477000,ENSG00000184481.12$FOXO4$chrX$70316047$+,0.37
chrX:70502200-70503000,ENSG00000184481.12$FOXO4$chrX$70316047$+,0.46
chr6:99328200-99329200,ENSG00000184486.7$POU3F2$chr6$99282580$+,0.38
chr3:93693000-93695400,ENSG00000184500.10$PROS1$chr3$93692910$-,0.44
chr3:93698200-93699000,ENSG00000184500.10$PROS1$chr3$93692910$-,0.54
chr3:93722400-93724800,ENSG00000184500.10$PROS1$chr3$93692910$-,0.39
chr17:39842600-39844600,ENSG00000184502.3$GAST$chr17$39868578$+,0.46
chr17:39856800-39859000,ENSG00000184502.3$GAST$chr17$39868578$+,0.72
chr15:34515800-34516600,ENSG00000184507.11$NUTM1$chr15$34635516$+,0.45
chr15:34517800-34520200,ENSG00000184507.11$NUTM1$chr15$34635516$+,0.48
chr15:34577000-34578200,ENSG00000184507.11$NUTM1$chr15$34635516$+,0.45
chr15:34689600-34691200,ENSG00000184507.11$NUTM1$chr15$34635516$+,0.43
chr15:34710600-34711200,ENSG00000184507.11$NUTM1$chr15$34635516$+,0.4
chr15:34804600-34806400,ENSG00000184507.11$NUTM1$chr15$34635516$+,0.37
chr15:91443600-91445600,ENSG00000184508.6$HDDC3$chr15$91475799$-,0.53
chr15:91479000-91480600,ENSG00000184508.6$HDDC3$chr15$91475799$-,0.65
chr15:91538400-91539800,ENSG00000184508.6$HDDC3$chr15$91475799$-,0.45
chr15:91566400-91568400,ENSG00000184508.6$HDDC3$chr15$91475799$-,0.48
chr16:75171200-75173600,ENSG00000184517.7$ZFP1$chr16$75182390$+,0.72
chr11:798000-800000,ENSG00000184524.5$CEND1$chr11$790123$-,0.47
chr6:127815000-127816200,ENSG00000184530.8$C6orf58$chr6$127840600$+,0.42
chr11:1604800-1607000,ENSG00000184545.6$DUSP8$chr11$1593150$-,0.43
chr11:1640400-1641400,ENSG00000184545.6$DUSP8$chr11$1593150$-,0.46
chr11:1649600-1651400,ENSG00000184545.6$DUSP8$chr11$1593150$-,0.53
chr17:76296200-76298600,ENSG00000184557.3$SOCS3$chr17$76356158$-,0.54
chr17:7337800-7338800,ENSG00000184560.3$C17orf74$chr17$7328934$+,0.36
chr11:33823000-33824800,ENSG00000184566.2$AC132216.1$chr11$33902189$+,0.39
chr22:25197400-25199800,ENSG00000184571.9$PIWIL3$chr22$25170687$-,0.36
chr12:6580400-6582400,ENSG00000184574.5$LPAR5$chr12$6745613$-,0.43
chr12:6600400-6602000,ENSG00000184574.5$LPAR5$chr12$6745613$-,0.48
chr12:6716600-6718800,ENSG00000184574.5$LPAR5$chr12$6745613$-,0.56
chr12:6769800-6771800,ENSG00000184574.5$LPAR5$chr12$6745613$-,0.63
chr12:6834000-6835400,ENSG00000184574.5$LPAR5$chr12$6745613$-,0.39
chr12:6862800-6864400,ENSG00000184574.5$LPAR5$chr12$6745613$-,0.36
chr12:64793000-64794600,ENSG00000184575.7$XPOT$chr12$64798130$+,0.47
chr12:64839600-64841200,ENSG00000184575.7$XPOT$chr12$64798130$+,0.64
chr12:64843800-64845400,ENSG00000184575.7$XPOT$chr12$64798130$+,0.57
chr12:64887600-64889800,ENSG00000184575.7$XPOT$chr12$64798130$+,0.37
chr5:138690000-138690600,ENSG00000184584.8$TMEM173$chr5$138862520$-,0.35
chr5:138737000-138739200,ENSG00000184584.8$TMEM173$chr5$138862520$-,0.42
chr5:138765200-138766400,ENSG00000184584.8$TMEM173$chr5$138862520$-,0.46
chr5:138785800-138787200,ENSG00000184584.8$TMEM173$chr5$138862520$-,0.52
chr5:138922400-138924200,ENSG00000184584.8$TMEM173$chr5$138862520$-,0.58
chr5:138939200-138940600,ENSG00000184584.8$TMEM173$chr5$138862520$-,0.55
chr5:138989400-138989800,ENSG00000184584.8$TMEM173$chr5$138862520$-,0.45
chr1:113209800-113210000,ENSG00000184599.9$FAM19A3$chr1$113263041$+,0.49
chr1:113210800-113212000,ENSG00000184599.9$FAM19A3$chr1$113263041$+,0.58
chr1:113312000-113314400,ENSG00000184599.9$FAM19A3$chr1$113263041$+,0.48
chr1:113406400-113407600,ENSG00000184599.9$FAM19A3$chr1$113263041$+,0.38
chr16:11632600-11634400,ENSG00000184602.5$SNN$chr16$11762270$+,0.52
chr16:11681000-11683200,ENSG00000184602.5$SNN$chr16$11762270$+,0.61
chr8:11140800-11141400,ENSG00000184608.4$C8orf12$chr8$11225911$+,0.37
chr12:45207600-45209200,ENSG00000184613.6$NELL2$chr12$45315631$-,0.54
chr12:45213000-45215400,ENSG00000184613.6$NELL2$chr12$45315631$-,0.42
chr12:45215800-45217800,ENSG00000184613.6$NELL2$chr12$45315631$-,0.53
chr17:8074400-8076800,ENSG00000184619.3$KRBA2$chr17$8280029$-,0.42
chr17:8077200-8079400,ENSG00000184619.3$KRBA2$chr17$8280029$-,0.36
chr17:8080000-8081600,ENSG00000184619.3$KRBA2$chr17$8280029$-,0.4
chr17:8102400-8103600,ENSG00000184619.3$KRBA2$chr17$8280029$-,0.37
chr17:8103800-8105400,ENSG00000184619.3$KRBA2$chr17$8280029$-,0.4
chr17:8153000-8155200,ENSG00000184619.3$KRBA2$chr17$8280029$-,0.37
chr17:8190400-8191600,ENSG00000184619.3$KRBA2$chr17$8280029$-,0.42
chr17:8337800-8338800,ENSG00000184619.3$KRBA2$chr17$8280029$-,0.46
chr17:8354800-8357000,ENSG00000184619.3$KRBA2$chr17$8280029$-,0.44
chrX:70098800-70099600,ENSG00000184634.11$MED12$chrX$70338406$+,0.35
chrX:70275400-70275600,ENSG00000184634.11$MED12$chrX$70338406$+,0.47
chrX:70275800-70276000,ENSG00000184634.11$MED12$chrX$70338406$+,0.47
chrX:70285800-70287400,ENSG00000184634.11$MED12$chrX$70338406$+,0.49
chrX:70392800-70394400,ENSG00000184634.11$MED12$chrX$70338406$+,0.51
chrX:70410400-70411600,ENSG00000184634.11$MED12$chrX$70338406$+,0.62
chrX:70475000-70477000,ENSG00000184634.11$MED12$chrX$70338406$+,0.36
chrX:70502200-70503000,ENSG00000184634.11$MED12$chrX$70338406$+,0.38
chr19:20147600-20149600,ENSG00000184635.9$ZNF93$chr19$20011722$+,0.35
chr9:70487400-70489800,ENSG00000184659.4$FOXD4L4$chr9$70429731$-,0.35
chr22:24370800-24372600,ENSG00000184674.8$GSTT1$chr22$24384680$-,0.6
chr22:24373600-24375400,ENSG00000184674.8$GSTT1$chr22$24384680$-,0.54
chrX:63426400-63428800,ENSG00000184675.5$AMER1$chrX$63425624$-,0.35
chr1:149584800-149585200,ENSG00000184678.8$HIST2H2BE$chr1$149858232$-,0.35
chr1:149601200-149603400,ENSG00000184678.8$HIST2H2BE$chr1$149858232$-,0.36
chr1:149606800-149607000,ENSG00000184678.8$HIST2H2BE$chr1$149858232$-,0.37
chr1:149663800-149666000,ENSG00000184678.8$HIST2H2BE$chr1$149858232$-,0.36
chr1:149711400-149712600,ENSG00000184678.8$HIST2H2BE$chr1$149858232$-,0.6
chr1:149785600-149786000,ENSG00000184678.8$HIST2H2BE$chr1$149858232$-,0.49
chr1:149860400-149862200,ENSG00000184678.8$HIST2H2BE$chr1$149858232$-,0.62
chr1:149870200-149871200,ENSG00000184678.8$HIST2H2BE$chr1$149858232$-,0.69
chr1:149871600-149872600,ENSG00000184678.8$HIST2H2BE$chr1$149858232$-,0.68
chr1:150040200-150042600,ENSG00000184678.8$HIST2H2BE$chr1$149858232$-,0.41
chr22:31879400-31881600,ENSG00000184708.13$EIF4ENIF1$chr22$31892094$-,0.54
chr22:31883000-31885000,ENSG00000184708.13$EIF4ENIF1$chr22$31892094$-,0.55
chr22:31886800-31888800,ENSG00000184708.13$EIF4ENIF1$chr22$31892094$-,0.58
chr22:31904200-31905800,ENSG00000184708.13$EIF4ENIF1$chr22$31892094$-,0.58
chr9:140100600-140102600,ENSG00000184709.7$LRRC26$chr9$140064503$-,0.37
chr10:90319000-90321200,ENSG00000184719.7$RNLS$chr10$90344287$-,0.71
chr10:90518400-90520000,ENSG00000184719.7$RNLS$chr10$90344287$-,0.4
chr16:28223000-28225200,ENSG00000184730.6$APOBR$chr16$28505970$+,0.37
chr16:28559600-28561200,ENSG00000184730.6$APOBR$chr16$28505970$+,0.54
chr16:28563800-28565200,ENSG00000184730.6$APOBR$chr16$28505970$+,0.51
chr16:28572600-28575000,ENSG00000184730.6$APOBR$chr16$28505970$+,0.49
chr11:63419600-63421600,ENSG00000184743.8$ATL3$chr11$63439393$-,0.64
chr11:63446400-63448600,ENSG00000184743.8$ATL3$chr11$63439393$-,0.55
chr12:95370200-95372400,ENSG00000184752.8$NDUFA12$chr12$95397546$-,0.75
chr12:95428400-95430200,ENSG00000184752.8$NDUFA12$chr12$95397546$-,0.78
chr12:95434200-95435200,ENSG00000184752.8$NDUFA12$chr12$95397546$-,0.66
chr12:95467400-95469000,ENSG00000184752.8$NDUFA12$chr12$95397546$-,0.55
chr1:202777800-202779800,ENSG00000184774.6$RP11-480I12.4$chr1$202789394$+,0.36
chrX:134137400-134139000,ENSG00000184785.4$SMIM10$chrX$134124968$+,0.48
chrX:134164000-134166000,ENSG00000184785.4$SMIM10$chrX$134124968$+,0.41
chrX:134166800-134168400,ENSG00000184785.4$SMIM10$chrX$134124968$+,0.4
chr21:46002800-46004400,ENSG00000184787.14$UBE2G2$chr21$46221934$-,0.38
chr21:46073000-46075400,ENSG00000184787.14$UBE2G2$chr21$46221934$-,0.38
chr22:30984800-30987200,ENSG00000184792.11$OSBP2$chr22$31089769$+,0.5
chr22:31064400-31065000,ENSG00000184792.11$OSBP2$chr22$31089769$+,0.64
chr17:1179200-1180000,ENSG00000184811.3$TUSC5$chr17$1182957$+,0.69
chr6:26988200-26989200,ENSG00000184825.4$HIST1H2AH$chr6$27114861$+,0.51
chr6:27045400-27047200,ENSG00000184825.4$HIST1H2AH$chr6$27114861$+,0.59
chr6:27059200-27060800,ENSG00000184825.4$HIST1H2AH$chr6$27114861$+,0.55
chr6:27088200-27089400,ENSG00000184825.4$HIST1H2AH$chr6$27114861$+,0.54
chr6:27115400-27117800,ENSG00000184825.4$HIST1H2AH$chr6$27114861$+,0.35
chr6:27143400-27145000,ENSG00000184825.4$HIST1H2AH$chr6$27114861$+,0.6
chr6:27154800-27155800,ENSG00000184825.4$HIST1H2AH$chr6$27114861$+,0.52
chr6:27156600-27158400,ENSG00000184825.4$HIST1H2AH$chr6$27114861$+,0.47
chr6:27172800-27175200,ENSG00000184825.4$HIST1H2AH$chr6$27114861$+,0.54
chr6:27205000-27207000,ENSG00000184825.4$HIST1H2AH$chr6$27114861$+,0.5
chr6:27228000-27229600,ENSG00000184825.4$HIST1H2AH$chr6$27114861$+,0.55
chr6:27247400-27249400,ENSG00000184825.4$HIST1H2AH$chr6$27114861$+,0.44
chr6:27279200-27281000,ENSG00000184825.4$HIST1H2AH$chr6$27114861$+,0.37
chrX:23684000-23685600,ENSG00000184831.9$APOO$chrX$23926057$-,0.36
chrX:23753800-23754400,ENSG00000184831.9$APOO$chrX$23926057$-,0.39
chrX:23757600-23757800,ENSG00000184831.9$APOO$chrX$23926057$-,0.37
chrX:23758400-23760600,ENSG00000184831.9$APOO$chrX$23926057$-,0.55
chrX:23761400-23762800,ENSG00000184831.9$APOO$chrX$23926057$-,0.5
chrX:23763000-23765000,ENSG00000184831.9$APOO$chrX$23926057$-,0.39
chrX:23948400-23950800,ENSG00000184831.9$APOO$chrX$23926057$-,0.48
chrX:24004400-24004600,ENSG00000184831.9$APOO$chrX$23926057$-,0.4
chrX:24028000-24029000,ENSG00000184831.9$APOO$chrX$23926057$-,0.52
chrX:24031800-24034200,ENSG00000184831.9$APOO$chrX$23926057$-,0.49
chrX:24044400-24045400,ENSG00000184831.9$APOO$chrX$23926057$-,0.4
chr5:176978600-176980600,ENSG00000184840.7$TMED9$chr5$177019159$+,0.56
chr5:177025000-177026800,ENSG00000184840.7$TMED9$chr5$177019159$+,0.58
chr5:177027800-177030000,ENSG00000184840.7$TMED9$chr5$177019159$+,0.67
chr5:177095400-177095800,ENSG00000184840.7$TMED9$chr5$177019159$+,0.54
chr5:177273200-177274000,ENSG00000184840.7$TMED9$chr5$177019159$+,0.36
chr5:174914000-174915400,ENSG00000184845.3$DRD1$chr5$174871211$-,0.36
chr5:174915600-174917800,ENSG00000184845.3$DRD1$chr5$174871211$-,0.35
chr16:8716400-8718800,ENSG00000184857.7$TMEM186$chr16$8891505$-,0.48
chr16:82225800-82227600,ENSG00000184860.5$SDR42E1$chr16$82045093$-,0.35
chr7:155434200-155436400,ENSG00000184863.6$RBM33$chr7$155437145$+,0.36
chr17:34898600-34900000,ENSG00000184886.3$PIGW$chr17$34890847$+,0.41
chr14:105560200-105562000,ENSG00000184887.9$BTBD6$chr14$105714827$+,0.41
chr14:105767400-105769600,ENSG00000184887.9$BTBD6$chr14$105714827$+,0.63
chr14:105817800-105819400,ENSG00000184887.9$BTBD6$chr14$105714827$+,0.46
chr14:105865400-105867200,ENSG00000184887.9$BTBD6$chr14$105714827$+,0.49
chr3:128903400-128905800,ENSG00000184897.4$H1FX$chr3$129035120$-,0.37
chr3:129004800-129006000,ENSG00000184897.4$H1FX$chr3$129035120$-,0.62
chr2:152045000-152046400,ENSG00000184898.6$RBM43$chr2$152118393$-,0.61
chr2:152264800-152266400,ENSG00000184898.6$RBM43$chr2$152118393$-,0.43
chr21:46002800-46004400,ENSG00000184900.11$SUMO3$chr21$46238694$-,0.37
chr14:105560200-105562000,ENSG00000184916.4$JAG2$chr14$105635161$-,0.46
chr14:105767400-105769600,ENSG00000184916.4$JAG2$chr14$105635161$-,0.41
chr17:43129800-43130800,ENSG00000184922.9$FMNL1$chr17$43298811$+,0.36
chr17:43218400-43219600,ENSG00000184922.9$FMNL1$chr17$43298811$+,0.37
chr17:43232200-43234000,ENSG00000184922.9$FMNL1$chr17$43298811$+,0.51
chr17:43429600-43431200,ENSG00000184922.9$FMNL1$chr17$43298811$+,0.42
chr10:88959800-88961000,ENSG00000184923.8$NUTM2A$chr10$88985205$+,0.43
chr2:24863000-24863600,ENSG00000184924.5$PTRHD1$chr2$25016251$-,0.44
chr2:24894800-24896200,ENSG00000184924.5$PTRHD1$chr2$25016251$-,0.45
chr2:25192000-25194000,ENSG00000184924.5$PTRHD1$chr2$25016251$-,0.41
chr16:68328600-68329200,ENSG00000184939.11$ZFP90$chr16$68563993$+,0.38
chr16:68458600-68461000,ENSG00000184939.11$ZFP90$chr16$68563993$+,0.42
chr16:68467800-68470200,ENSG00000184939.11$ZFP90$chr16$68563993$+,0.39
chr16:68554200-68555400,ENSG00000184939.11$ZFP90$chr16$68563993$+,0.61
chr16:68572200-68573000,ENSG00000184939.11$ZFP90$chr16$68563993$+,0.64
chr16:68573800-68574600,ENSG00000184939.11$ZFP90$chr16$68563993$+,0.5
chr16:68582600-68584000,ENSG00000184939.11$ZFP90$chr16$68563993$+,0.57
chr2:241594800-241596800,ENSG00000184945.9$AQP12A$chr2$241631262$+,0.58
chr22:38893800-38896000,ENSG00000184949.11$FAM227A$chr22$39052634$-,0.39
chr22:38926600-38929000,ENSG00000184949.11$FAM227A$chr22$39052634$-,0.37
chr22:39048800-39050000,ENSG00000184949.11$FAM227A$chr22$39052634$-,0.61
chr22:39051200-39052000,ENSG00000184949.11$FAM227A$chr22$39052634$-,0.38
chr22:39053400-39054800,ENSG00000184949.11$FAM227A$chr22$39052634$-,0.35
chr22:39140600-39143000,ENSG00000184949.11$FAM227A$chr22$39052634$-,0.57
chr22:39188600-39189600,ENSG00000184949.11$FAM227A$chr22$39052634$-,0.55
chr22:39190200-39191000,ENSG00000184949.11$FAM227A$chr22$39052634$-,0.45
chr12:132569800-132571800,ENSG00000184967.2$NOC4L$chr12$132628993$+,0.57
chr12:132674800-132676800,ENSG00000184967.2$NOC4L$chr12$132628993$+,0.51
chr12:132706200-132707000,ENSG00000184967.2$NOC4L$chr12$132628993$+,0.52
chr22:18484400-18486800,ENSG00000184979.9$USP18$chr22$18632666$+,0.64
chr22:18557600-18560000,ENSG00000184979.9$USP18$chr22$18632666$+,0.61
chr22:18841000-18842600,ENSG00000184979.9$USP18$chr22$18632666$+,0.43
chr22:18879800-18880600,ENSG00000184979.9$USP18$chr22$18632666$+,0.4
chr22:42417400-42419600,ENSG00000184983.5$NDUFA6$chr22$42486959$-,0.52
chr22:42426200-42428600,ENSG00000184983.5$NDUFA6$chr22$42486959$-,0.52
chr22:42564600-42566000,ENSG00000184983.5$NDUFA6$chr22$42486959$-,0.55
chr22:42618000-42620400,ENSG00000184983.5$NDUFA6$chr22$42486959$-,0.38
chr22:42620600-42621000,ENSG00000184983.5$NDUFA6$chr22$42486959$-,0.41
chr22:42621600-42622600,ENSG00000184983.5$NDUFA6$chr22$42486959$-,0.38
chr22:42628000-42628400,ENSG00000184983.5$NDUFA6$chr22$42486959$-,0.49
chr22:42629200-42631600,ENSG00000184983.5$NDUFA6$chr22$42486959$-,0.48
chr22:42631800-42633800,ENSG00000184983.5$NDUFA6$chr22$42486959$-,0.45
chr22:42635600-42637800,ENSG00000184983.5$NDUFA6$chr22$42486959$-,0.45
chr22:42650000-42651400,ENSG00000184983.5$NDUFA6$chr22$42486959$-,0.45
chr17:41114400-41116000,ENSG00000184988.4$TMEM106A$chr17$41363854$+,0.43
chr17:41149000-41150400,ENSG00000184988.4$TMEM106A$chr17$41363854$+,0.37
chr17:41391800-41393000,ENSG00000184988.4$TMEM106A$chr17$41363854$+,0.73
chr17:41466800-41467600,ENSG00000184988.4$TMEM106A$chr17$41363854$+,0.54
chr14:105003000-105005000,ENSG00000184990.8$SIVA1$chr14$105219437$+,0.44
chr14:105115800-105118000,ENSG00000184990.8$SIVA1$chr14$105219437$+,0.59
chr14:105279600-105282000,ENSG00000184990.8$SIVA1$chr14$105219437$+,0.5
chr14:105283200-105285200,ENSG00000184990.8$SIVA1$chr14$105219437$+,0.49
chr12:125399600-125402000,ENSG00000184992.10$BRI3BP$chr12$125478246$+,0.47
chr12:125424400-125426800,ENSG00000184992.10$BRI3BP$chr12$125478246$+,0.49
chr12:125471400-125473200,ENSG00000184992.10$BRI3BP$chr12$125478246$+,0.58
chr12:125473400-125474600,ENSG00000184992.10$BRI3BP$chr12$125478246$+,0.56
chr9:21503600-21504400,ENSG00000184995.6$IFNE$chr9$21482312$-,0.69
chr10:75918400-75919400,ENSG00000185009.8$AP3M1$chr10$75910821$-,0.7
chrX:154117000-154117800,ENSG00000185010.9$F8$chrX$154255215$-,0.42
chrX:154118600-154120000,ENSG00000185010.9$F8$chrX$154255215$-,0.44
chrX:154146000-154147400,ENSG00000185010.9$F8$chrX$154255215$-,0.51
chrX:154207600-154209800,ENSG00000185010.9$F8$chrX$154255215$-,0.52
chrX:154284200-154286400,ENSG00000185010.9$F8$chrX$154255215$-,0.51
chr2:18742400-18743800,ENSG00000185013.12$NT5C1B$chr2$18770838$-,0.43
chr8:86018000-86019000,ENSG00000185015.3$CA13$chr8$86132816$+,0.44
chr8:86020000-86021800,ENSG00000185015.3$CA13$chr8$86132816$+,0.51
chr8:86090200-86092600,ENSG00000185015.3$CA13$chr8$86132816$+,0.52
chr8:86156200-86157600,ENSG00000185015.3$CA13$chr8$86132816$+,0.64
chr20:3182800-3184200,ENSG00000185019.12$UBOX5$chr20$3140842$-,0.51
chr20:3185200-3186000,ENSG00000185019.12$UBOX5$chr20$3140842$-,0.54
chr20:3188600-3189600,ENSG00000185019.12$UBOX5$chr20$3140842$-,0.54
chr20:3191000-3192800,ENSG00000185019.12$UBOX5$chr20$3140842$-,0.65
chr20:3198800-3199800,ENSG00000185019.12$UBOX5$chr20$3140842$-,0.54
chr22:38453800-38454600,ENSG00000185022.7$MAFF$chr22$38597889$+,0.38
chr22:38577800-38579400,ENSG00000185022.7$MAFF$chr22$38597889$+,0.67
chr14:105767400-105769600,ENSG00000185024.11$BRF1$chr14$105781926$-,0.57
chr14:105817800-105819400,ENSG00000185024.11$BRF1$chr14$105781926$-,0.47
chr14:105865400-105867200,ENSG00000185024.11$BRF1$chr14$105781926$-,0.48
chr15:90681400-90683600,ENSG00000185043.6$CIB1$chr15$90777279$-,0.54
chr15:90894600-90897000,ENSG00000185043.6$CIB1$chr15$90777279$-,0.48
chr15:90972200-90974200,ENSG00000185043.6$CIB1$chr15$90777279$-,0.35
chr11:62359600-62362000,ENSG00000185085.2$INTS5$chr11$62420774$-,0.48
chr11:62386400-62388800,ENSG00000185085.2$INTS5$chr11$62420774$-,0.47
chr11:62418200-62420200,ENSG00000185085.2$INTS5$chr11$62420774$-,0.37
chr11:62429600-62432000,ENSG00000185085.2$INTS5$chr11$62420774$-,0.59
chr11:62443600-62446000,ENSG00000185085.2$INTS5$chr11$62420774$-,0.63
chr11:62446800-62449200,ENSG00000185085.2$INTS5$chr11$62420774$-,0.6
chr11:62461600-62463400,ENSG00000185085.2$INTS5$chr11$62420774$-,0.55
chr11:62486400-62488600,ENSG00000185085.2$INTS5$chr11$62420774$-,0.51
chr11:62522000-62524400,ENSG00000185085.2$INTS5$chr11$62420774$-,0.38
chr11:62527800-62529000,ENSG00000185085.2$INTS5$chr11$62420774$-,0.38
chr11:62536800-62538200,ENSG00000185085.2$INTS5$chr11$62420774$-,0.42
chr11:62553200-62554600,ENSG00000185085.2$INTS5$chr11$62420774$-,0.36
chr11:62596400-62598600,ENSG00000185085.2$INTS5$chr11$62420774$-,0.36
chr11:250400-251800,ENSG00000185101.8$ANO9$chr11$442011$-,0.35
chr11:319000-321400,ENSG00000185101.8$ANO9$chr11$442011$-,0.43
chr11:367200-369200,ENSG00000185101.8$ANO9$chr11$442011$-,0.5
chr11:507400-509400,ENSG00000185101.8$ANO9$chr11$442011$-,0.62
chr11:517200-519400,ENSG00000185101.8$ANO9$chr11$442011$-,0.63
chr1:51338800-51340400,ENSG00000185104.15$FAF1$chr1$51425935$-,0.37
chr1:51395200-51396800,ENSG00000185104.15$FAF1$chr1$51425935$-,0.45
chr1:51423200-51425000,ENSG00000185104.15$FAF1$chr1$51425935$-,0.38
chr1:51432200-51434000,ENSG00000185104.15$FAF1$chr1$51425935$-,0.52
chr17:79933800-79935800,ENSG00000185105.4$MYADML2$chr17$79905109$-,0.39
chr3:194303200-194304800,ENSG00000185112.4$FAM43A$chr3$194406622$+,0.51
chr3:194352400-194353600,ENSG00000185112.4$FAM43A$chr3$194406622$+,0.52
chr3:194374400-194376400,ENSG00000185112.4$FAM43A$chr3$194406622$+,0.6
chr8:145264000-145266400,ENSG00000185122.6$HSF1$chr8$145515280$+,0.36
chr8:145704000-145706200,ENSG00000185122.6$HSF1$chr8$145515280$+,0.37
chr6:170149400-170151000,ENSG00000185127.5$C6orf120$chr6$170102233$+,0.62
chr6:170152400-170154600,ENSG00000185127.5$C6orf120$chr6$170102233$+,0.62
chr5:139682800-139684600,ENSG00000185129.4$PURA$chr5$139487362$+,0.39
chr6:27655800-27657600,ENSG00000185130.4$HIST1H2BL$chr6$27775709$-,0.44
chr6:27660200-27661800,ENSG00000185130.4$HIST1H2BL$chr6$27775709$-,0.45
chr6:27719000-27720200,ENSG00000185130.4$HIST1H2BL$chr6$27775709$-,0.65
chr6:27759000-27759600,ENSG00000185130.4$HIST1H2BL$chr6$27775709$-,0.53
chr6:27792800-27794600,ENSG00000185130.4$HIST1H2BL$chr6$27775709$-,0.66
chr6:27796400-27798400,ENSG00000185130.4$HIST1H2BL$chr6$27775709$-,0.72
chr1:226345200-226346600,ENSG00000185155.7$MIXL1$chr1$226411319$+,0.36
chr1:226375000-226375600,ENSG00000185155.7$MIXL1$chr1$226411319$+,0.44
chr17:30185800-30187600,ENSG00000185158.8$LRRC37B$chr17$30334891$+,0.48
chr17:30276400-30277000,ENSG00000185158.8$LRRC37B$chr17$30334891$+,0.55
chr17:30409800-30411200,ENSG00000185158.8$LRRC37B$chr17$30334891$+,0.46
chr17:30455000-30456800,ENSG00000185158.8$LRRC37B$chr17$30334891$+,0.49
chr17:30463200-30464600,ENSG00000185158.8$LRRC37B$chr17$30334891$+,0.58
chr17:30474000-30476400,ENSG00000185158.8$LRRC37B$chr17$30334891$+,0.38
chr12:132411800-132413200,ENSG00000185163.5$DDX51$chr12$132628880$-,0.35
chr12:132569800-132571800,ENSG00000185163.5$DDX51$chr12$132628880$-,0.57
chr12:132674800-132676800,ENSG00000185163.5$DDX51$chr12$132628880$-,0.54
chr12:132706200-132707000,ENSG00000185163.5$DDX51$chr12$132628880$-,0.47
chr2:241594800-241596800,ENSG00000185176.8$AQP12B$chr2$241622323$-,0.62
chr11:250400-251800,ENSG00000185187.8$SIGIRR$chr11$417455$-,0.36
chr11:319000-321400,ENSG00000185187.8$SIGIRR$chr11$417455$-,0.41
chr11:367200-369200,ENSG00000185187.8$SIGIRR$chr11$417455$-,0.47
chr11:507400-509400,ENSG00000185187.8$SIGIRR$chr11$417455$-,0.53
chr11:517200-519400,ENSG00000185187.8$SIGIRR$chr11$417455$-,0.55
chr8:144767200-144769000,ENSG00000185189.11$NRBP2$chr8$144924200$-,0.35
chr8:144845600-144847000,ENSG00000185189.11$NRBP2$chr8$144924200$-,0.41
chr11:250400-251800,ENSG00000185201.12$IFITM2$chr11$307631$+,0.45
chr11:319000-321400,ENSG00000185201.12$IFITM2$chr11$307631$+,0.49
chr11:367200-369200,ENSG00000185201.12$IFITM2$chr11$307631$+,0.55
chr3:44552600-44554000,ENSG00000185219.11$ZNF445$chr3$44519162$-,0.39
chr3:44667200-44669600,ENSG00000185219.11$ZNF445$chr3$44519162$-,0.47
chr3:44688800-44690000,ENSG00000185219.11$ZNF445$chr3$44519162$-,0.36
chr1:249153800-249154800,ENSG00000185220.7$PGBD2$chr1$249200395$+,0.57
chr19:8383400-8385600,ENSG00000185236.7$RAB11B$chr19$8454865$+,0.64
chr19:8442200-8443400,ENSG00000185236.7$RAB11B$chr19$8454865$+,0.63
chr19:8675600-8678000,ENSG00000185236.7$RAB11B$chr19$8454865$+,0.37
chr11:20410000-20412200,ENSG00000185238.8$PRMT3$chr11$20409076$+,0.37
chr11:20418200-20419200,ENSG00000185238.8$PRMT3$chr11$20409076$+,0.66
chr11:20472400-20474000,ENSG00000185238.8$PRMT3$chr11$20409076$+,0.58
chr14:45400000-45402200,ENSG00000185246.13$PRPF39$chr14$45553302$+,0.39
chr6:109760000-109761400,ENSG00000185250.11$PPIL6$chr6$109762374$-,0.44
chr6:109795400-109795600,ENSG00000185250.11$PPIL6$chr6$109762374$-,0.52
chr6:109911200-109912400,ENSG00000185250.11$PPIL6$chr6$109762374$-,0.44
chr22:20508000-20508600,ENSG00000185252.13$ZNF74$chr22$20748405$+,0.43
chr22:20812800-20814800,ENSG00000185252.13$ZNF74$chr22$20748405$+,0.55
chr22:20828800-20831200,ENSG00000185252.13$ZNF74$chr22$20748405$+,0.45
chr22:20860800-20861800,ENSG00000185252.13$ZNF74$chr22$20748405$+,0.39
chrX:153505400-153505800,ENSG00000185254.8$TEX28$chrX$153523796$-,0.43
chrX:153514000-153514800,ENSG00000185254.8$TEX28$chrX$153523796$-,0.52
chr5:93860800-93863000,ENSG00000185261.9$KIAA0825$chr5$93954309$-,0.52
chr5:93916200-93916400,ENSG00000185261.9$KIAA0825$chr5$93954309$-,0.56
chr5:93916600-93918400,ENSG00000185261.9$KIAA0825$chr5$93954309$-,0.65
chr5:93946600-93947400,ENSG00000185261.9$KIAA0825$chr5$93954309$-,0.67
chr5:93967200-93968800,ENSG00000185261.9$KIAA0825$chr5$93954309$-,0.66
chr5:93970400-93972000,ENSG00000185261.9$KIAA0825$chr5$93954309$-,0.74
chr5:93977800-93978000,ENSG00000185261.9$KIAA0825$chr5$93954309$-,0.73
chr17:74251200-74253200,ENSG00000185262.7$UBALD2$chr17$74261283$+,0.7
chr10:14854000-14855400,ENSG00000185267.5$CDNF$chr10$14880574$-,0.75
chr10:14957400-14958400,ENSG00000185267.5$CDNF$chr10$14880574$-,0.5
chr10:14983000-14985400,ENSG00000185267.5$CDNF$chr10$14880574$-,0.46
chr10:14996600-14998200,ENSG00000185267.5$CDNF$chr10$14880574$-,0.42
chr10:15008800-15010000,ENSG00000185267.5$CDNF$chr10$14880574$-,0.35
chr21:15625400-15627000,ENSG00000185272.9$RBM11$chr21$15588451$+,0.72
chr21:15750400-15750800,ENSG00000185272.9$RBM11$chr21$15588451$+,0.5
chr1:173682800-173684000,ENSG00000185278.10$ZBTB37$chr1$173837220$+,0.39
chrX:1455800-1456600,ENSG00000185291.6$IL3RA$chrX$1455509$+,0.39
chrX:1573200-1575200,ENSG00000185291.6$IL3RA$chrX$1455509$+,0.38
chr17:79474600-79476800,ENSG00000185298.8$CCDC137$chr17$79633394$+,0.6
chr17:79667400-79669600,ENSG00000185298.8$CCDC137$chr17$79633394$+,0.55
chr10:81306600-81309000,ENSG00000185303.11$SFTPA2$chr10$81320153$-,0.39
chr12:64793000-64794600,ENSG00000185306.8$C12orf56$chr12$64784972$-,0.61
chr12:64839600-64841200,ENSG00000185306.8$C12orf56$chr12$64784972$-,0.58
chr12:64843800-64845400,ENSG00000185306.8$C12orf56$chr12$64784972$-,0.56
chr12:64887600-64889800,ENSG00000185306.8$C12orf56$chr12$64784972$-,0.46
chr16:89721400-89723800,ENSG00000185324.17$CDK10$chr16$89747145$+,0.36
chr16:89725000-89727400,ENSG00000185324.17$CDK10$chr16$89747145$+,0.35
chr16:89752000-89753000,ENSG00000185324.17$CDK10$chr16$89747145$+,0.53
chr16:11437600-11439000,ENSG00000185338.4$SOCS1$chr16$11350036$-,0.51
chr22:30984800-30987200,ENSG00000185339.4$TCN2$chr22$31002825$+,0.45
chr22:29661200-29663400,ENSG00000185340.11$GAS2L1$chr22$29702572$+,0.41
chr12:124084200-124086000,ENSG00000185344.9$ATP6V0A2$chr12$124196865$+,0.47
chr12:124116400-124117800,ENSG00000185344.9$ATP6V0A2$chr12$124196865$+,0.53
chr12:124118800-124120800,ENSG00000185344.9$ATP6V0A2$chr12$124196865$+,0.52
chr12:124155000-124155800,ENSG00000185344.9$ATP6V0A2$chr12$124196865$+,0.59
chr12:124156200-124158600,ENSG00000185344.9$ATP6V0A2$chr12$124196865$+,0.6
chr6:163154200-163155200,ENSG00000185345.14$PARK2$chr6$163148803$-,0.74
chr6:163248600-163249800,ENSG00000185345.14$PARK2$chr6$163148803$-,0.45
chr6:163250400-163250600,ENSG00000185345.14$PARK2$chr6$163148803$-,0.46
chr14:105817800-105819400,ENSG00000185347.13$C14orf80$chr14$105956192$+,0.41
chr14:105865400-105867200,ENSG00000185347.13$C14orf80$chr14$105956192$+,0.5
chr17:79667400-79669600,ENSG00000185359.8$HGS$chr17$79650356$+,0.55
chr19:4469800-4471400,ENSG00000185361.4$TNFAIP8L1$chr19$4639530$+,0.42
chr19:4663800-4665400,ENSG00000185361.4$TNFAIP8L1$chr19$4639530$+,0.74
chr19:4724800-4726000,ENSG00000185361.4$TNFAIP8L1$chr19$4639530$+,0.45
chr19:4732600-4733400,ENSG00000185361.4$TNFAIP8L1$chr19$4639530$+,0.5
chr17:33466200-33468600,ENSG00000185379.16$RAD51D$chr17$33448541$-,0.37
chr22:50763200-50765600,ENSG00000185386.10$MAPK11$chr22$50709196$-,0.52
chr22:50766000-50767000,ENSG00000185386.10$MAPK11$chr22$50709196$-,0.61
chr22:50779400-50781600,ENSG00000185386.10$MAPK11$chr22$50709196$-,0.54
chr2:231215200-231216200,ENSG00000185404.12$SP140L$chr2$231191899$+,0.52
chr2:231298800-231300600,ENSG00000185404.12$SP140L$chr2$231191899$+,0.47
chr2:231315600-231317400,ENSG00000185404.12$SP140L$chr2$231191899$+,0.35
chr15:102162000-102163200,ENSG00000185418.11$TARSL2$chr15$102264807$-,0.4
chr15:102193200-102195200,ENSG00000185418.11$TARSL2$chr15$102264807$-,0.49
chr15:102261600-102263800,ENSG00000185418.11$TARSL2$chr15$102264807$-,0.4
chr1:246645400-246647400,ENSG00000185420.14$SMYD3$chr1$246670614$-,0.67
chr1:246660600-246661600,ENSG00000185420.14$SMYD3$chr1$246670614$-,0.6
chr1:246886200-246887400,ENSG00000185420.14$SMYD3$chr1$246670614$-,0.46
chr21:40662800-40664200,ENSG00000185437.9$SH3BGR$chr21$40817781$+,0.37
chr21:40679600-40681600,ENSG00000185437.9$SH3BGR$chr21$40817781$+,0.35
chr21:40722000-40723400,ENSG00000185437.9$SH3BGR$chr21$40817781$+,0.46
chr21:40748800-40750400,ENSG00000185437.9$SH3BGR$chr21$40817781$+,0.52
chr21:40751000-40752000,ENSG00000185437.9$SH3BGR$chr21$40817781$+,0.6
chr21:40752800-40754800,ENSG00000185437.9$SH3BGR$chr21$40817781$+,0.52
chr15:93506400-93508000,ENSG00000185442.8$FAM174B$chr15$93353114$-,0.49
chr19:48671000-48673200,ENSG00000185453.8$C19orf68$chr19$48673949$+,0.39
chr19:48674600-48675600,ENSG00000185453.8$C19orf68$chr19$48673949$+,0.39
chr19:48705200-48707000,ENSG00000185453.8$C19orf68$chr19$48673949$+,0.64
chr19:48865400-48866800,ENSG00000185453.8$C19orf68$chr19$48673949$+,0.39
chr19:48867200-48869200,ENSG00000185453.8$C19orf68$chr19$48673949$+,0.45
chr11:62418200-62420200,ENSG00000185475.4$TMEM179B$chr11$62554887$+,0.36
chr11:62429600-62432000,ENSG00000185475.4$TMEM179B$chr11$62554887$+,0.36
chr11:62443600-62446000,ENSG00000185475.4$TMEM179B$chr11$62554887$+,0.42
chr11:62446800-62449200,ENSG00000185475.4$TMEM179B$chr11$62554887$+,0.51
chr11:62461600-62463400,ENSG00000185475.4$TMEM179B$chr11$62554887$+,0.46
chr11:62486400-62488600,ENSG00000185475.4$TMEM179B$chr11$62554887$+,0.55
chr11:62522000-62524400,ENSG00000185475.4$TMEM179B$chr11$62554887$+,0.58
chr11:62527800-62529000,ENSG00000185475.4$TMEM179B$chr11$62554887$+,0.55
chr11:62536800-62538200,ENSG00000185475.4$TMEM179B$chr11$62554887$+,0.49
chr11:62596400-62598600,ENSG00000185475.4$TMEM179B$chr11$62554887$+,0.56
chr4:90354600-90356000,ENSG00000185477.4$GPRIN3$chr4$90229161$-,0.4
chr12:102455800-102457600,ENSG00000185480.7$PARPBP$chr12$102513956$+,0.53
chr1:154954000-154955800,ENSG00000185499.12$MUC1$chr1$155162707$-,0.36
chr1:155113000-155114000,ENSG00000185499.12$MUC1$chr1$155162707$-,0.49
chr1:155144000-155145200,ENSG00000185499.12$MUC1$chr1$155162707$-,0.51
chr1:155184000-155186000,ENSG00000185499.12$MUC1$chr1$155162707$-,0.56
chr1:155197800-155198800,ENSG00000185499.12$MUC1$chr1$155162707$-,0.45
chr1:155214600-155216600,ENSG00000185499.12$MUC1$chr1$155162707$-,0.43
chr1:155229200-155231400,ENSG00000185499.12$MUC1$chr1$155162707$-,0.51
chr1:155232000-155233200,ENSG00000185499.12$MUC1$chr1$155162707$-,0.46
chr1:155245400-155247200,ENSG00000185499.12$MUC1$chr1$155162707$-,0.43
chr1:155247600-155250000,ENSG00000185499.12$MUC1$chr1$155162707$-,0.42
chr17:79474600-79476800,ENSG00000185504.12$C17orf70$chr17$79520987$-,0.54
chr17:79667400-79669600,ENSG00000185504.12$C17orf70$chr17$79520987$-,0.5
chr11:367200-369200,ENSG00000185507.15$IRF7$chr11$615999$-,0.35
chr11:507400-509400,ENSG00000185507.15$IRF7$chr11$615999$-,0.47
chr11:517200-519400,ENSG00000185507.15$IRF7$chr11$615999$-,0.47
chr20:42141400-42142600,ENSG00000185513.10$L3MBTL1$chr20$42136320$+,0.46
chrX:154146000-154147400,ENSG00000185515.10$BRCC3$chrX$154299695$+,0.41
chrX:154207600-154209800,ENSG00000185515.10$BRCC3$chrX$154299695$+,0.39
chrX:154256000-154258200,ENSG00000185515.10$BRCC3$chrX$154299695$+,0.53
chrX:154284200-154286400,ENSG00000185515.10$BRCC3$chrX$154299695$+,0.64
chrX:154421200-154423400,ENSG00000185515.10$BRCC3$chrX$154299695$+,0.35
chr15:91566400-91568400,ENSG00000185518.7$SV2B$chr15$91643180$+,0.42
chr11:319000-321400,ENSG00000185522.4$C11orf35$chr11$560779$-,0.35
chr11:507400-509400,ENSG00000185522.4$C11orf35$chr11$560779$-,0.37
chr11:517200-519400,ENSG00000185522.4$C11orf35$chr11$560779$-,0.53
chr1:212910400-212912800,ENSG00000185523.6$C1orf227$chr1$213020991$-,0.56
chr1:212916400-212918800,ENSG00000185523.6$C1orf227$chr1$213020991$-,0.44
chr1:212946400-212948800,ENSG00000185523.6$C1orf227$chr1$213020991$-,0.39
chr17:79474600-79476800,ENSG00000185527.7$PDE6G$chr17$79630142$-,0.42
chr17:79667400-79669600,ENSG00000185527.7$PDE6G$chr17$79630142$-,0.44
chr17:1588200-1590400,ENSG00000185561.8$TLCD2$chr17$1613732$-,0.58
chr17:1621000-1622800,ENSG00000185561.8$TLCD2$chr17$1613732$-,0.63
chr14:105452400-105454600,ENSG00000185567.6$AHNAK2$chr14$105444694$-,0.4
chr12:53643400-53645400,ENSG00000185591.5$SP1$chr12$53773960$+,0.44
chr12:53660800-53662000,ENSG00000185591.5$SP1$chr12$53773960$+,0.37
chr12:53688200-53689200,ENSG00000185591.5$SP1$chr12$53773960$+,0.46
chr12:53712400-53714800,ENSG00000185591.5$SP1$chr12$53773960$+,0.53
chr12:53737200-53739000,ENSG00000185591.5$SP1$chr12$53773960$+,0.58
chr12:53746200-53747600,ENSG00000185591.5$SP1$chr12$53773960$+,0.59
chr12:53833400-53835000,ENSG00000185591.5$SP1$chr12$53773960$+,0.46
chr12:53844600-53845800,ENSG00000185591.5$SP1$chr12$53773960$+,0.51
chr3:49891600-49893800,ENSG00000185614.4$FAM212A$chr3$49840687$+,0.52
chr3:49894400-49896800,ENSG00000185614.4$FAM212A$chr3$49840687$+,0.59
chr3:49997200-49999000,ENSG00000185614.4$FAM212A$chr3$49840687$+,0.4
chr16:283400-284400,ENSG00000185615.11$PDIA2$chr16$333152$+,0.35
chr16:285600-286800,ENSG00000185615.11$PDIA2$chr16$333152$+,0.37
chr4:465800-467000,ENSG00000185619.13$PCGF3$chr4$699537$+,0.36
chr4:501400-503600,ENSG00000185619.13$PCGF3$chr4$699537$+,0.38
chr4:762600-764600,ENSG00000185619.13$PCGF3$chr4$699537$+,0.61
chr4:792000-794200,ENSG00000185619.13$PCGF3$chr4$699537$+,0.54
chr4:911400-911600,ENSG00000185619.13$PCGF3$chr4$699537$+,0.4
chr3:197594800-197596200,ENSG00000185621.7$LMLN$chr3$197687071$+,0.52
chr3:197840000-197842000,ENSG00000185621.7$LMLN$chr3$197687071$+,0.36
chr17:79667400-79669600,ENSG00000185624.10$P4HB$chr17$79818570$-,0.54
chr17:79933800-79935800,ENSG00000185624.10$P4HB$chr17$79818570$-,0.43
chr17:80006800-80009200,ENSG00000185624.10$P4HB$chr17$79818570$-,0.38
chr17:80024000-80025600,ENSG00000185624.10$P4HB$chr17$79818570$-,0.37
chr11:250400-251800,ENSG00000185627.13$PSMD13$chr11$236546$+,0.61
chr11:319000-321400,ENSG00000185627.13$PSMD13$chr11$236546$+,0.49
chr11:367200-369200,ENSG00000185627.13$PSMD13$chr11$236546$+,0.43
chr1:164525800-164528000,ENSG00000185630.14$PBX1$chr1$164524821$+,0.54
chr12:57462800-57464600,ENSG00000185633.6$NDUFA4L2$chr12$57634498$-,0.42
chr12:57469800-57472000,ENSG00000185633.6$NDUFA4L2$chr12$57634498$-,0.4
chr12:57472600-57475000,ENSG00000185633.6$NDUFA4L2$chr12$57634498$-,0.44
chr12:57478200-57480600,ENSG00000185633.6$NDUFA4L2$chr12$57634498$-,0.48
chr12:57748000-57748200,ENSG00000185633.6$NDUFA4L2$chr12$57634498$-,0.42
chr21:40679600-40681600,ENSG00000185658.9$BRWD1$chr21$40693485$-,0.48
chr12:56198000-56199600,ENSG00000185664.10$PMEL$chr12$56367101$-,0.35
chr12:56212400-56214400,ENSG00000185664.10$PMEL$chr12$56367101$-,0.39
chr12:56292600-56293400,ENSG00000185664.10$PMEL$chr12$56367101$-,0.47
chr12:56358600-56360400,ENSG00000185664.10$PMEL$chr12$56367101$-,0.6
chr12:56372800-56373600,ENSG00000185664.10$PMEL$chr12$56367101$-,0.63
chr12:56433800-56435200,ENSG00000185664.10$PMEL$chr12$56367101$-,0.52
chr12:56527000-56528200,ENSG00000185664.10$PMEL$chr12$56367101$-,0.35
chr12:56612800-56615000,ENSG00000185664.10$PMEL$chr12$56367101$-,0.35
chr12:56616200-56618200,ENSG00000185664.10$PMEL$chr12$56367101$-,0.36
chr16:88517200-88519400,ENSG00000185669.5$SNAI3$chr16$88752901$-,0.37
chr16:88635000-88636200,ENSG00000185669.5$SNAI3$chr16$88752901$-,0.4
chr11:62359600-62362000,ENSG00000185670.7$ZBTB3$chr11$62521660$-,0.38
chr11:62386400-62388800,ENSG00000185670.7$ZBTB3$chr11$62521660$-,0.44
chr11:62418200-62420200,ENSG00000185670.7$ZBTB3$chr11$62521660$-,0.45
chr11:62429600-62432000,ENSG00000185670.7$ZBTB3$chr11$62521660$-,0.45
chr11:62443600-62446000,ENSG00000185670.7$ZBTB3$chr11$62521660$-,0.37
chr11:62446800-62449200,ENSG00000185670.7$ZBTB3$chr11$62521660$-,0.5
chr11:62461600-62463400,ENSG00000185670.7$ZBTB3$chr11$62521660$-,0.48
chr11:62486400-62488600,ENSG00000185670.7$ZBTB3$chr11$62521660$-,0.6
chr11:62527800-62529000,ENSG00000185670.7$ZBTB3$chr11$62521660$-,0.71
chr11:62536800-62538200,ENSG00000185670.7$ZBTB3$chr11$62521660$-,0.61
chr11:62553200-62554600,ENSG00000185670.7$ZBTB3$chr11$62521660$-,0.61
chr11:62596400-62598600,ENSG00000185670.7$ZBTB3$chr11$62521660$-,0.49
chr12:132411800-132413200,ENSG00000185684.8$EP400NL$chr12$132568828$+,0.41
chr12:132674800-132676800,ENSG00000185684.8$EP400NL$chr12$132568828$+,0.42
chr22:22929200-22929800,ENSG00000185686.13$PRAME$chr22$22901768$-,0.61
chr22:22936400-22937200,ENSG00000185686.13$PRAME$chr22$22901768$-,0.64
chr8:67528600-67529400,ENSG00000185697.12$MYBL1$chr8$67526482$-,0.5
chr8:67585800-67587800,ENSG00000185697.12$MYBL1$chr8$67526482$-,0.6
chr8:67594800-67595600,ENSG00000185697.12$MYBL1$chr8$67526482$-,0.4
chr8:67601000-67603000,ENSG00000185697.12$MYBL1$chr8$67526482$-,0.38
chr8:67622800-67624600,ENSG00000185697.12$MYBL1$chr8$67526482$-,0.46
chr22:31707600-31708400,ENSG00000185721.7$DRG1$chr22$31795509$+,0.39
chr22:31708600-31711000,ENSG00000185721.7$DRG1$chr22$31795509$+,0.52
chr22:31879400-31881600,ENSG00000185721.7$DRG1$chr22$31795509$+,0.36
chr22:31883000-31885000,ENSG00000185721.7$DRG1$chr22$31795509$+,0.39
chr22:31886800-31888800,ENSG00000185721.7$DRG1$chr22$31795509$+,0.43
chr22:31904200-31905800,ENSG00000185721.7$DRG1$chr22$31795509$+,0.39
chr17:4155600-4157200,ENSG00000185722.12$ANKFY1$chr17$4167274$-,0.6
chr17:4269800-4271000,ENSG00000185722.12$ANKFY1$chr17$4167274$-,0.43
chr17:4315400-4317200,ENSG00000185722.12$ANKFY1$chr17$4167274$-,0.38
chr17:4323800-4325600,ENSG00000185722.12$ANKFY1$chr17$4167274$-,0.41
chr8:144285800-144286800,ENSG00000185730.3$ZNF696$chr8$144371846$+,0.56
chr8:144363600-144365600,ENSG00000185730.3$ZNF696$chr8$144371846$+,0.62
chr8:144448200-144450600,ENSG00000185730.3$ZNF696$chr8$144371846$+,0.48
chr16:4302000-4303400,ENSG00000185739.9$SRL$chr16$4292081$-,0.58
chr10:91011800-91013000,ENSG00000185745.8$IFIT1$chr10$91152303$+,0.44
chr10:91053400-91053800,ENSG00000185745.8$IFIT1$chr10$91152303$+,0.42
chr10:91170200-91171800,ENSG00000185745.8$IFIT1$chr10$91152303$+,0.73
chr10:91172000-91174000,ENSG00000185745.8$IFIT1$chr10$91152303$+,0.67
chrX:40438200-40439800,ENSG00000185753.8$CXorf38$chrX$40506819$-,0.54
chrX:40440800-40443200,ENSG00000185753.8$CXorf38$chrX$40506819$-,0.53
chr6:73326000-73327000,ENSG00000185760.11$KCNQ5$chr6$73331520$+,0.69
chr19:1593400-1594800,ENSG00000185761.6$ADAMTSL5$chr19$1513603$-,0.38
chr19:1606200-1607600,ENSG00000185761.6$ADAMTSL5$chr19$1513603$-,0.46
chr15:79103800-79106200,ENSG00000185787.10$MORF4L1$chr15$79102829$+,0.38
chr19:56092600-56094400,ENSG00000185792.5$NLRP9$chr19$56249768$-,0.39
chr3:196160000-196161400,ENSG00000185798.6$WDR53$chr3$196295545$-,0.41
chr3:196196000-196197000,ENSG00000185798.6$WDR53$chr3$196295545$-,0.37
chr3:196220000-196220600,ENSG00000185798.6$WDR53$chr3$196295545$-,0.38
chr3:196221200-196222800,ENSG00000185798.6$WDR53$chr3$196295545$-,0.41
chr3:196353600-196355400,ENSG00000185798.6$WDR53$chr3$196295545$-,0.44
chr3:196439800-196441800,ENSG00000185798.6$WDR53$chr3$196295545$-,0.46
chr3:196465600-196466800,ENSG00000185798.6$WDR53$chr3$196295545$-,0.39
chr3:196483800-196486200,ENSG00000185798.6$WDR53$chr3$196295545$-,0.39
chr3:196486600-196486800,ENSG00000185798.6$WDR53$chr3$196295545$-,0.42
chr19:46183600-46185600,ENSG00000185800.7$DMWD$chr19$46296060$-,0.36
chr19:46196600-46199000,ENSG00000185800.7$DMWD$chr19$46296060$-,0.47
chr19:46406600-46407200,ENSG00000185800.7$DMWD$chr19$46296060$-,0.35
chr21:38356800-38359200,ENSG00000185808.9$PIGP$chr21$38445470$-,0.53
chr21:38373400-38374600,ENSG00000185808.9$PIGP$chr21$38445470$-,0.64
chr21:38381000-38383400,ENSG00000185808.9$PIGP$chr21$38445470$-,0.57
chr21:38593800-38594200,ENSG00000185808.9$PIGP$chr21$38445470$-,0.42
chr7:50181800-50184000,ENSG00000185811.12$IKZF1$chr7$50343720$+,0.35
chr7:50279800-50281200,ENSG00000185811.12$IKZF1$chr7$50343720$+,0.56
chr7:50289800-50290000,ENSG00000185811.12$IKZF1$chr7$50343720$+,0.58
chr7:50291400-50293000,ENSG00000185811.12$IKZF1$chr7$50343720$+,0.55
chr7:50298000-50298400,ENSG00000185811.12$IKZF1$chr7$50343720$+,0.61
chr7:50323400-50325800,ENSG00000185811.12$IKZF1$chr7$50343720$+,0.64
chr7:50442000-50442400,ENSG00000185811.12$IKZF1$chr7$50343720$+,0.42
chr7:50454600-50455400,ENSG00000185811.12$IKZF1$chr7$50343720$+,0.36
chr7:50456800-50458400,ENSG00000185811.12$IKZF1$chr7$50343720$+,0.38
chr17:79933800-79935800,ENSG00000185813.6$PCYT2$chr17$79869340$-,0.59
chr17:80006800-80009200,ENSG00000185813.6$PCYT2$chr17$79869340$-,0.45
chr17:80024000-80025600,ENSG00000185813.6$PCYT2$chr17$79869340$-,0.36
chrX:152865400-152867800,ENSG00000185825.11$BCAP31$chrX$152990152$-,0.39
chrX:152868200-152870200,ENSG00000185825.11$BCAP31$chrX$152990152$-,0.41
chrX:152879800-152881000,ENSG00000185825.11$BCAP31$chrX$152990152$-,0.37
chrX:152932800-152935200,ENSG00000185825.11$BCAP31$chrX$152990152$-,0.42
chrX:152984200-152986600,ENSG00000185825.11$BCAP31$chrX$152990152$-,0.55
chrX:152987200-152989200,ENSG00000185825.11$BCAP31$chrX$152990152$-,0.37
chr17:44579200-44579400,ENSG00000185829.11$ARL17A$chr17$44657088$-,0.39
chr17:44579800-44580200,ENSG00000185829.11$ARL17A$chr17$44657088$-,0.46
chr22:19763200-19764600,ENSG00000185838.9$GNB1L$chr22$19842462$-,0.57
chr22:19825000-19825600,ENSG00000185838.9$GNB1L$chr22$19842462$-,0.53
chr22:20004600-20006200,ENSG00000185838.9$GNB1L$chr22$19842462$-,0.35
chr22:20006600-20008800,ENSG00000185838.9$GNB1L$chr22$19842462$-,0.37
chr16:21672000-21673800,ENSG00000185864.12$NPIPB4$chr16$21892148$-,0.35
chr16:21719600-21720400,ENSG00000185864.12$NPIPB4$chr16$21892148$-,0.39
chr16:21738600-21739800,ENSG00000185864.12$NPIPB4$chr16$21892148$-,0.39
chr16:21830200-21831600,ENSG00000185864.12$NPIPB4$chr16$21892148$-,0.55
chr16:21958000-21960000,ENSG00000185864.12$NPIPB4$chr16$21892148$-,0.51
chr19:37261400-37263000,ENSG00000185869.9$ZNF829$chr19$37407193$-,0.42
chr19:37264000-37264800,ENSG00000185869.9$ZNF829$chr19$37407193$-,0.47
chr19:37327600-37328800,ENSG00000185869.9$ZNF829$chr19$37407193$-,0.48
chr19:37339000-37340600,ENSG00000185869.9$ZNF829$chr19$37407193$-,0.46
chr19:37342400-37344000,ENSG00000185869.9$ZNF829$chr19$37407193$-,0.53
chr19:37404400-37406600,ENSG00000185869.9$ZNF829$chr19$37407193$-,0.36
chr19:37407800-37409800,ENSG00000185869.9$ZNF829$chr19$37407193$-,0.43
chr19:37463000-37463800,ENSG00000185869.9$ZNF829$chr19$37407193$-,0.61
chr19:37464400-37465800,ENSG00000185869.9$ZNF829$chr19$37407193$-,0.54
chr19:37567800-37568800,ENSG00000185869.9$ZNF829$chr19$37407193$-,0.36
chr10:25257800-25259800,ENSG00000185875.8$THNSL1$chr10$25305587$+,0.71
chr10:25270000-25271800,ENSG00000185875.8$THNSL1$chr10$25305587$+,0.67
chr15:44736000-44736400,ENSG00000185880.8$TRIM69$chr15$45021186$+,0.37
chr15:44749000-44751000,ENSG00000185880.8$TRIM69$chr15$45021186$+,0.37
chr15:44760600-44761600,ENSG00000185880.8$TRIM69$chr15$45021186$+,0.36
chr15:44826600-44828200,ENSG00000185880.8$TRIM69$chr15$45021186$+,0.45
chr15:44885400-44886200,ENSG00000185880.8$TRIM69$chr15$45021186$+,0.39
chr15:44889600-44892000,ENSG00000185880.8$TRIM69$chr15$45021186$+,0.37
chr15:44943600-44944800,ENSG00000185880.8$TRIM69$chr15$45021186$+,0.5
chr15:44948200-44950200,ENSG00000185880.8$TRIM69$chr15$45021186$+,0.5
chr15:44982000-44983600,ENSG00000185880.8$TRIM69$chr15$45021186$+,0.49
chr16:2595000-2597400,ENSG00000185883.6$ATP6V0C$chr16$2563871$+,0.58
chr16:2706000-2707800,ENSG00000185883.6$ATP6V0C$chr16$2563871$+,0.52
chr16:2771400-2773800,ENSG00000185883.6$ATP6V0C$chr16$2563871$+,0.4
chr16:2800400-2802200,ENSG00000185883.6$ATP6V0C$chr16$2563871$+,0.39
chr11:250400-251800,ENSG00000185885.11$IFITM1$chr11$313506$+,0.49
chr11:319000-321400,ENSG00000185885.11$IFITM1$chr11$313506$+,0.57
chr11:367200-369200,ENSG00000185885.11$IFITM1$chr11$313506$+,0.53
chr1:227973200-227975600,ENSG00000185888.5$PRSS38$chr1$228003394$+,0.35
chr1:227995800-227997000,ENSG00000185888.5$PRSS38$chr1$228003394$+,0.51
chr13:113763600-113765800,ENSG00000185896.9$LAMP1$chr13$113951556$+,0.47
chr13:113945600-113947800,ENSG00000185896.9$LAMP1$chr13$113951556$+,0.66
chr13:114047200-114049200,ENSG00000185896.9$LAMP1$chr13$113951556$+,0.48
chr19:35823400-35825000,ENSG00000185897.6$FFAR3$chr19$35849362$+,0.57
chr19:35842600-35845000,ENSG00000185897.6$FFAR3$chr19$35849362$+,0.58
chr19:35945400-35947200,ENSG00000185897.6$FFAR3$chr19$35849362$+,0.41
chr7:143001800-143003200,ENSG00000185899.1$TAS2R60$chr7$143140546$+,0.38
chr7:143042000-143044000,ENSG00000185899.1$TAS2R60$chr7$143140546$+,0.54
chr8:42909200-42910800,ENSG00000185900.5$POMK$chr8$42948658$+,0.49
chr8:42917600-42919400,ENSG00000185900.5$POMK$chr8$42948658$+,0.58
chr8:42922000-42922800,ENSG00000185900.5$POMK$chr8$42948658$+,0.6
chr8:42994000-42995000,ENSG00000185900.5$POMK$chr8$42948658$+,0.53
chr8:43021200-43023600,ENSG00000185900.5$POMK$chr8$42948658$+,0.44
chr16:29800200-29801600,ENSG00000185905.3$C16orf54$chr16$29757327$-,0.48
chr16:29874800-29877000,ENSG00000185905.3$C16orf54$chr16$29757327$-,0.36
chr3:49140000-49141600,ENSG00000185909.10$KLHDC8B$chr3$49209044$+,0.39
chr3:49158400-49159800,ENSG00000185909.10$KLHDC8B$chr3$49209044$+,0.51
chr3:49204000-49205800,ENSG00000185909.10$KLHDC8B$chr3$49209044$+,0.64
chr3:49207200-49208800,ENSG00000185909.10$KLHDC8B$chr3$49209044$+,0.42
chr21:37399000-37401400,ENSG00000185917.9$SETD4$chr21$37451687$-,0.61
chr21:37424800-37427000,ENSG00000185917.9$SETD4$chr21$37451687$-,0.73
chr21:37506000-37507800,ENSG00000185917.9$SETD4$chr21$37451687$-,0.58
chr21:37513400-37515400,ENSG00000185917.9$SETD4$chr21$37451687$-,0.51
chr21:37525200-37526200,ENSG00000185917.9$SETD4$chr21$37451687$-,0.57
chr21:37527200-37529600,ENSG00000185917.9$SETD4$chr21$37451687$-,0.6
chr17:1793400-1795200,ENSG00000185924.6$RTN4RL1$chr17$1928639$-,0.41
chr17:1951200-1953000,ENSG00000185924.6$RTN4RL1$chr17$1928639$-,0.45
chr17:2048600-2050800,ENSG00000185924.6$RTN4RL1$chr17$1928639$-,0.38
chr16:29669600-29671400,ENSG00000185928.7$PAGR1$chr16$29827285$+,0.47
chr16:29800200-29801600,ENSG00000185928.7$PAGR1$chr16$29827285$+,0.58
chr16:29874800-29877000,ENSG00000185928.7$PAGR1$chr16$29827285$+,0.5
chr16:29938000-29939800,ENSG00000185928.7$PAGR1$chr16$29827285$+,0.45
chr16:29972000-29973000,ENSG00000185928.7$PAGR1$chr16$29827285$+,0.37
chr10:105126800-105127600,ENSG00000185933.6$CALHM1$chr10$105218645$-,0.38
chr11:1604800-1607000,ENSG00000185940.9$KRTAP5-5$chr11$1651033$+,0.5
chr11:1640400-1641400,ENSG00000185940.9$KRTAP5-5$chr11$1651033$+,0.72
chrX:101770600-101772800,ENSG00000185945.9$NXF2B$chrX$101726732$-,0.41
chr16:31722400-31724600,ENSG00000185947.10$ZNF267$chr16$31885079$+,0.38
chr16:31895000-31896000,ENSG00000185947.10$ZNF267$chr16$31885079$+,0.64
chr16:31962600-31964000,ENSG00000185947.10$ZNF267$chr16$31885079$+,0.4
chr12:50793800-50794200,ENSG00000185958.5$FAM186A$chr12$50790405$-,0.48
chr9:95433200-95434400,ENSG00000185963.9$BICD2$chr9$95527094$-,0.52
chr9:95551800-95554000,ENSG00000185963.9$BICD2$chr9$95527094$-,0.63
chr9:95632000-95634400,ENSG00000185963.9$BICD2$chr9$95527094$-,0.39
chr9:95640400-95641200,ENSG00000185963.9$BICD2$chr9$95527094$-,0.47
chr9:95760800-95761000,ENSG00000185963.9$BICD2$chr9$95527094$-,0.42
chr9:95781800-95784200,ENSG00000185963.9$BICD2$chr9$95527094$-,0.37
chrX:154842800-154843400,ENSG00000185973.6$TMLHE$chrX$154899605$-,0.42
chrX:154861400-154863000,ENSG00000185973.6$TMLHE$chrX$154899605$-,0.44
chrX:154683200-154683600,ENSG00000185978.4$H2AFB3$chrX$154689596$-,0.58
chr20:269000-270800,ENSG00000185982.6$DEFB128$chr20$170322$-,0.37
chr20:325600-328000,ENSG00000185982.6$DEFB128$chr20$170322$-,0.41
chr20:329000-330600,ENSG00000185982.6$DEFB128$chr20$170322$-,0.42
chr13:114921800-114924200,ENSG00000185989.9$RASA3$chr13$114898086$-,0.6
chr13:114958800-114961200,ENSG00000185989.9$RASA3$chr13$114898086$-,0.41
chr13:115009600-115011200,ENSG00000185989.9$RASA3$chr13$114898086$-,0.36
chr13:115098600-115101000,ENSG00000185989.9$RASA3$chr13$114898086$-,0.35
chrX:154683200-154683600,ENSG00000185990.6$F8A3$chrX$154688276$-,0.53
chr3:197456400-197458000,ENSG00000186001.8$LRCH3$chr3$197518097$+,0.45
chr3:197594800-197596200,ENSG00000186001.8$LRCH3$chr3$197518097$+,0.58
chr1:205375400-205377600,ENSG00000186007.5$LEMD1$chr1$205425082$-,0.51
chr19:19494600-19496000,ENSG00000186010.14$NDUFA13$chr19$19626545$+,0.39
chr19:19680800-19682600,ENSG00000186010.14$NDUFA13$chr19$19626545$+,0.62
chr19:19692000-19693800,ENSG00000186010.14$NDUFA13$chr19$19626545$+,0.42
chr19:19715600-19715800,ENSG00000186010.14$NDUFA13$chr19$19626545$+,0.35
chr19:19745200-19746600,ENSG00000186010.14$NDUFA13$chr19$19626545$+,0.36
chr19:36867600-36869400,ENSG00000186017.10$ZNF566$chr19$36980804$-,0.56
chr19:36907200-36909000,ENSG00000186017.10$ZNF566$chr19$36980804$-,0.54
chr19:37017400-37018800,ENSG00000186017.10$ZNF566$chr19$36980804$-,0.69
chr19:37020000-37021200,ENSG00000186017.10$ZNF566$chr19$36980804$-,0.64
chr19:37062600-37063800,ENSG00000186017.10$ZNF566$chr19$36980804$-,0.58
chr19:37065000-37066800,ENSG00000186017.10$ZNF566$chr19$36980804$-,0.44
chr19:37093800-37095600,ENSG00000186017.10$ZNF566$chr19$36980804$-,0.49
chr19:37096800-37099000,ENSG00000186017.10$ZNF566$chr19$36980804$-,0.51
chr19:37155600-37157200,ENSG00000186017.10$ZNF566$chr19$36980804$-,0.41
chr19:37158400-37160800,ENSG00000186017.10$ZNF566$chr19$36980804$-,0.35
chr19:37175800-37177800,ENSG00000186017.10$ZNF566$chr19$36980804$-,0.4
chr19:37017400-37018800,ENSG00000186020.8$ZNF529$chr19$37096178$-,0.39
chr19:37020000-37021200,ENSG00000186020.8$ZNF529$chr19$37096178$-,0.44
chr19:37062600-37063800,ENSG00000186020.8$ZNF529$chr19$37096178$-,0.42
chr19:37065000-37066800,ENSG00000186020.8$ZNF529$chr19$37096178$-,0.49
chr19:37093800-37095600,ENSG00000186020.8$ZNF529$chr19$37096178$-,0.42
chr19:37096800-37099000,ENSG00000186020.8$ZNF529$chr19$37096178$-,0.38
chr19:37155600-37157200,ENSG00000186020.8$ZNF529$chr19$37096178$-,0.64
chr19:37158400-37160800,ENSG00000186020.8$ZNF529$chr19$37096178$-,0.55
chr19:37175800-37177800,ENSG00000186020.8$ZNF529$chr19$37096178$-,0.47
chr19:44404400-44405800,ENSG00000186026.6$ZNF284$chr19$44576297$+,0.43
chr19:44436800-44439000,ENSG00000186026.6$ZNF284$chr19$44576297$+,0.42
chr19:44455800-44457000,ENSG00000186026.6$ZNF284$chr19$44576297$+,0.48
chr19:44487400-44488200,ENSG00000186026.6$ZNF284$chr19$44576297$+,0.59
chr19:44489000-44490400,ENSG00000186026.6$ZNF284$chr19$44576297$+,0.55
chr19:44505400-44506600,ENSG00000186026.6$ZNF284$chr19$44576297$+,0.48
chr19:44507800-44509800,ENSG00000186026.6$ZNF284$chr19$44576297$+,0.51
chr19:44530000-44531400,ENSG00000186026.6$ZNF284$chr19$44576297$+,0.66
chr19:44615600-44617000,ENSG00000186026.6$ZNF284$chr19$44576297$+,0.52
chr19:44618200-44620000,ENSG00000186026.6$ZNF284$chr19$44576297$+,0.53
chr19:44643200-44645400,ENSG00000186026.6$ZNF284$chr19$44576297$+,0.59
chr19:44646400-44648000,ENSG00000186026.6$ZNF284$chr19$44576297$+,0.62
chr19:44717400-44719600,ENSG00000186026.6$ZNF284$chr19$44576297$+,0.45
chr3:183736200-183737400,ENSG00000186038.5$HTR3E$chr3$183814852$+,0.37
chr3:183850200-183852000,ENSG00000186038.5$HTR3E$chr3$183814852$+,0.45
chr12:52998400-52999400,ENSG00000186049.4$KRT73$chr12$53012343$-,0.45
chr12:53035000-53036400,ENSG00000186049.4$KRT73$chr12$53012343$-,0.46
chr12:53037600-53038000,ENSG00000186049.4$KRT73$chr12$53012343$-,0.49
chr9:108454600-108456400,ENSG00000186051.4$TAL2$chr9$108424738$+,0.43
chr1:222789000-222791000,ENSG00000186063.8$AIDA$chr1$222886552$-,0.42
chr1:222792400-222794400,ENSG00000186063.8$AIDA$chr1$222886552$-,0.36
chr1:222894800-222895400,ENSG00000186063.8$AIDA$chr1$222886552$-,0.56
chr1:222986400-222988400,ENSG00000186063.8$AIDA$chr1$222886552$-,0.44
chr17:38166000-38168000,ENSG00000186075.8$ZPBP2$chr17$38024417$+,0.36
chr3:183736200-183737400,ENSG00000186090.6$HTR3D$chr3$183749332$+,0.48
chr3:121263000-121264400,ENSG00000186103.3$ARGFX$chr3$121289551$+,0.46
chr19:3493800-3495400,ENSG00000186111.4$PIP5K1C$chr19$3700477$-,0.35
chr19:3627000-3628000,ENSG00000186111.4$PIP5K1C$chr19$3700477$-,0.45
chr9:125597000-125598600,ENSG00000186130.4$ZBTB6$chr9$125675609$-,0.44
chr9:125701400-125703200,ENSG00000186130.4$ZBTB6$chr9$125675609$-,0.65
chr12:11261000-11263400,ENSG00000186136.1$TAS2R42$chr12$11339543$-,0.36
chr12:11316200-11317200,ENSG00000186136.1$TAS2R42$chr12$11339543$-,0.46
chr1:145465800-145467400,ENSG00000186141.4$POLR3C$chr1$145611025$-,0.35
chr1:145505800-145507000,ENSG00000186141.4$POLR3C$chr1$145611025$-,0.45
chr1:145508400-145509600,ENSG00000186141.4$POLR3C$chr1$145611025$-,0.42
chr1:145514600-145515600,ENSG00000186141.4$POLR3C$chr1$145611025$-,0.51
chr1:145517000-145519000,ENSG00000186141.4$POLR3C$chr1$145611025$-,0.5
chr1:145607800-145610200,ENSG00000186141.4$POLR3C$chr1$145611025$-,0.37
chr1:145615400-145615800,ENSG00000186141.4$POLR3C$chr1$145611025$-,0.69
chr1:145646000-145646600,ENSG00000186141.4$POLR3C$chr1$145611025$-,0.58
chr1:145660400-145661600,ENSG00000186141.4$POLR3C$chr1$145611025$-,0.7
chr2:27357600-27358800,ENSG00000186143.6$C2orf53$chr2$27362278$-,0.55
chr1:47526800-47527000,ENSG00000186160.4$CYP4Z1$chr1$47533160$+,0.76
chr11:118800600-118802800,ENSG00000186166.4$CCDC84$chr11$118868852$+,0.39
chr11:118866600-118868200,ENSG00000186166.4$CCDC84$chr11$118868852$+,0.43
chr11:118928400-118929400,ENSG00000186166.4$CCDC84$chr11$118868852$+,0.54
chr11:118939000-118941400,ENSG00000186166.4$CCDC84$chr11$118868852$+,0.48
chr11:118970200-118972000,ENSG00000186166.4$CCDC84$chr11$118868852$+,0.38
chr11:118990000-118992200,ENSG00000186166.4$CCDC84$chr11$118868852$+,0.37
chr11:118800600-118802800,ENSG00000186174.8$BCL9L$chr11$118796317$-,0.46
chr11:118866600-118868200,ENSG00000186174.8$BCL9L$chr11$118796317$-,0.39
chr11:118928400-118929400,ENSG00000186174.8$BCL9L$chr11$118796317$-,0.35
chr11:118939000-118941400,ENSG00000186174.8$BCL9L$chr11$118796317$-,0.36
chr11:118970200-118972000,ENSG00000186174.8$BCL9L$chr11$118796317$-,0.35
chr11:118993000-118994400,ENSG00000186174.8$BCL9L$chr11$118796317$-,0.35
chr13:28025400-28027400,ENSG00000186184.11$POLR1D$chr13$28194903$+,0.4
chr13:28133600-28134600,ENSG00000186184.11$POLR1D$chr13$28194903$+,0.57
chr13:28135400-28137400,ENSG00000186184.11$POLR1D$chr13$28194903$+,0.55
chr13:28157000-28159200,ENSG00000186184.11$POLR1D$chr13$28194903$+,0.65
chr13:28202800-28203600,ENSG00000186184.11$POLR1D$chr13$28194903$+,0.75
chr17:43129800-43130800,ENSG00000186185.9$KIF18B$chr17$43025082$-,0.49
chr17:43135600-43138000,ENSG00000186185.9$KIF18B$chr17$43025082$-,0.42
chr16:75016200-75018400,ENSG00000186187.7$ZNRF1$chr16$75032928$+,0.54
chr16:75171200-75173600,ENSG00000186187.7$ZNRF1$chr16$75032928$+,0.36
chr1:236556200-236558600,ENSG00000186197.8$EDARADD$chr1$236511562$+,0.46
chr19:15739200-15741000,ENSG00000186204.10$CYP4F12$chr19$15783567$+,0.45
chr4:6575200-6576600,ENSG00000186222.3$BLOC1S4$chr4$6717842$+,0.35
chr4:6640200-6642000,ENSG00000186222.3$BLOC1S4$chr4$6717842$+,0.48
chr4:6711800-6713600,ENSG00000186222.3$BLOC1S4$chr4$6717842$+,0.67
chr4:6830400-6832600,ENSG00000186222.3$BLOC1S4$chr4$6717842$+,0.41
chr19:57789400-57791400,ENSG00000186230.6$ZNF749$chr19$57946697$+,0.45
chr19:57861600-57862200,ENSG00000186230.6$ZNF749$chr19$57946697$+,0.46
chr19:57872200-57874400,ENSG00000186230.6$ZNF749$chr19$57946697$+,0.45
chr19:57900000-57901200,ENSG00000186230.6$ZNF749$chr19$57946697$+,0.48
chr19:57921400-57922400,ENSG00000186230.6$ZNF749$chr19$57946697$+,0.63
chr19:57999400-58000800,ENSG00000186230.6$ZNF749$chr19$57946697$+,0.54
chr19:58037800-58038600,ENSG00000186230.6$ZNF749$chr19$57946697$+,0.42
chr19:58039400-58040600,ENSG00000186230.6$ZNF749$chr19$57946697$+,0.38
chr19:58088800-58089800,ENSG00000186230.6$ZNF749$chr19$57946697$+,0.48
chr19:58090200-58091400,ENSG00000186230.6$ZNF749$chr19$57946697$+,0.42
chr19:58110200-58111200,ENSG00000186230.6$ZNF749$chr19$57946697$+,0.4
chr6:97332800-97333800,ENSG00000186231.12$KLHL32$chr6$97372605$+,0.55
chr6:97343000-97345200,ENSG00000186231.12$KLHL32$chr6$97372605$+,0.61
chr6:97394600-97396200,ENSG00000186231.12$KLHL32$chr6$97372605$+,0.79
chr2:238980000-238980200,ENSG00000186235.6$AC016757.3$chr2$239140318$-,0.36
chr2:238995000-238997000,ENSG00000186235.6$AC016757.3$chr2$239140318$-,0.41
chr2:239112600-239114000,ENSG00000186235.6$AC016757.3$chr2$239140318$-,0.55
chr2:239227800-239228800,ENSG00000186235.6$AC016757.3$chr2$239140318$-,0.54
chr3:112154200-112154800,ENSG00000186265.5$BTLA$chr3$112218408$-,0.59
chr3:112155400-112157000,ENSG00000186265.5$BTLA$chr3$112218408$-,0.52
chr3:112232600-112234200,ENSG00000186265.5$BTLA$chr3$112218408$-,0.58
chr3:112261200-112262800,ENSG00000186265.5$BTLA$chr3$112218408$-,0.49
chr19:57861600-57862200,ENSG00000186272.8$ZNF17$chr19$57922531$+,0.49
chr19:57872200-57874400,ENSG00000186272.8$ZNF17$chr19$57922531$+,0.54
chr19:57900000-57901200,ENSG00000186272.8$ZNF17$chr19$57922531$+,0.57
chr19:57944600-57946400,ENSG00000186272.8$ZNF17$chr19$57922531$+,0.58
chr19:57999400-58000800,ENSG00000186272.8$ZNF17$chr19$57922531$+,0.51
chr19:58037800-58038600,ENSG00000186272.8$ZNF17$chr19$57922531$+,0.35
chr19:58039400-58040600,ENSG00000186272.8$ZNF17$chr19$57922531$+,0.47
chr1:146374800-146376600,ENSG00000186275.7$NBPF12$chr1$146373546$+,0.35
chr1:146501000-146503000,ENSG00000186275.7$NBPF12$chr1$146373546$+,0.54
chr1:146503800-146504600,ENSG00000186275.7$NBPF12$chr1$146373546$+,0.48
chr1:146541800-146542400,ENSG00000186275.7$NBPF12$chr1$146373546$+,0.42
chr11:94821000-94823200,ENSG00000186280.5$KDM4D$chr11$94706845$+,0.41
chr2:96654800-96657200,ENSG00000186281.8$GPAT2$chr2$96705199$-,0.38
chr12:111210000-111211600,ENSG00000186298.7$PPP1CC$chr12$111180744$-,0.37
chr19:2740000-2740800,ENSG00000186300.7$ZNF555$chr19$2841433$+,0.45
chr19:2783400-2785400,ENSG00000186300.7$ZNF555$chr19$2841433$+,0.51
chr19:2820400-2822600,ENSG00000186300.7$ZNF555$chr19$2841433$+,0.63
chr19:2842000-2843800,ENSG00000186300.7$ZNF555$chr19$2841433$+,0.42
chr19:2848600-2850800,ENSG00000186300.7$ZNF555$chr19$2841433$+,0.63
chr19:3024200-3026400,ENSG00000186300.7$ZNF555$chr19$2841433$+,0.38
chr19:3075000-3077000,ENSG00000186300.7$ZNF555$chr19$2841433$+,0.35
chr11:117197400-117198400,ENSG00000186318.12$BACE1$chr11$117186975$-,0.53
chr19:32948800-32951000,ENSG00000186326.3$RGS9BP$chr19$33166313$+,0.36
chr19:33063600-33065000,ENSG00000186326.3$RGS9BP$chr19$33166313$+,0.41
chr19:33071000-33071600,ENSG00000186326.3$RGS9BP$chr19$33166313$+,0.42
chr19:33090400-33091200,ENSG00000186326.3$RGS9BP$chr19$33166313$+,0.52
chr19:33291400-33292600,ENSG00000186326.3$RGS9BP$chr19$33166313$+,0.37
chr5:150629800-150632200,ENSG00000186334.5$SLC36A3$chr5$150683327$-,0.52
chr4:186239000-186241000,ENSG00000186352.4$ANKRD37$chr4$186317175$+,0.45
chr4:186260600-186262800,ENSG00000186352.4$ANKRD37$chr4$186317175$+,0.55
chr4:186263200-186264000,ENSG00000186352.4$ANKRD37$chr4$186317175$+,0.65
chr4:186393200-186394000,ENSG00000186352.4$ANKRD37$chr4$186317175$+,0.57
chr1:145505800-145507000,ENSG00000186364.7$NUDT17$chr1$145589439$-,0.5
chr1:145508400-145509600,ENSG00000186364.7$NUDT17$chr1$145589439$-,0.53
chr1:145514600-145515600,ENSG00000186364.7$NUDT17$chr1$145589439$-,0.49
chr1:145517000-145519000,ENSG00000186364.7$NUDT17$chr1$145589439$-,0.48
chr1:145607800-145610200,ENSG00000186364.7$NUDT17$chr1$145589439$-,0.58
chr1:145615400-145615800,ENSG00000186364.7$NUDT17$chr1$145589439$-,0.58
chr1:145646000-145646600,ENSG00000186364.7$NUDT17$chr1$145589439$-,0.43
chr1:145660400-145661600,ENSG00000186364.7$NUDT17$chr1$145589439$-,0.45
chrX:134319800-134320200,ENSG00000186376.10$ZNF75D$chrX$134478012$-,0.45
chrX:134460800-134463000,ENSG00000186376.10$ZNF75D$chrX$134478012$-,0.5
chrX:134652200-134654400,ENSG00000186376.10$ZNF75D$chrX$134478012$-,0.36
chr1:47526800-47527000,ENSG00000186377.6$CYP4X1$chr1$47427036$+,0.39
chr17:38766400-38767200,ENSG00000186393.5$KRT26$chr17$38928414$-,0.37
chr17:38805000-38806400,ENSG00000186393.5$KRT26$chr17$38928414$-,0.45
chr17:38815800-38816800,ENSG00000186393.5$KRT26$chr17$38928414$-,0.55
chr1:158615600-158617400,ENSG00000186400.3$OR10X1$chr1$158549689$-,0.51
chr1:42772200-42773200,ENSG00000186409.10$CCDC30$chr1$42929001$+,0.38
chr1:42773600-42774400,ENSG00000186409.10$CCDC30$chr1$42929001$+,0.39
chr1:42923000-42924800,ENSG00000186409.10$CCDC30$chr1$42929001$+,0.73
chrX:118531600-118533200,ENSG00000186416.8$NKRF$chrX$118739858$-,0.39
chrX:118600800-118602400,ENSG00000186416.8$NKRF$chrX$118739858$-,0.4
chrX:118603600-118605000,ENSG00000186416.8$NKRF$chrX$118739858$-,0.41
chrX:118615000-118617400,ENSG00000186416.8$NKRF$chrX$118739858$-,0.45
chrX:118622600-118623800,ENSG00000186416.8$NKRF$chrX$118739858$-,0.43
chrX:118696800-118698800,ENSG00000186416.8$NKRF$chrX$118739858$-,0.58
chrX:118706600-118708000,ENSG00000186416.8$NKRF$chrX$118739858$-,0.62
chrX:118709200-118711400,ENSG00000186416.8$NKRF$chrX$118739858$-,0.56
chrX:118740600-118741600,ENSG00000186416.8$NKRF$chrX$118739858$-,0.41
chrX:118783800-118785400,ENSG00000186416.8$NKRF$chrX$118739858$-,0.58
chrX:118860600-118861800,ENSG00000186416.8$NKRF$chrX$118739858$-,0.41
chrX:118926400-118927800,ENSG00000186416.8$NKRF$chrX$118739858$-,0.44
chrX:118955000-118956800,ENSG00000186416.8$NKRF$chrX$118739858$-,0.49
chr3:160267200-160268400,ENSG00000186432.4$KPNA4$chr3$160283376$-,0.51
chr3:160410600-160411200,ENSG00000186432.4$KPNA4$chr3$160283376$-,0.5
chr3:44667200-44669600,ENSG00000186446.7$ZNF501$chr3$44771088$+,0.53
chr3:44688800-44690000,ENSG00000186446.7$ZNF501$chr3$44771088$+,0.53
chr3:44690600-44691800,ENSG00000186446.7$ZNF501$chr3$44771088$+,0.52
chr3:44727200-44728000,ENSG00000186446.7$ZNF501$chr3$44771088$+,0.6
chr3:44753400-44754200,ENSG00000186446.7$ZNF501$chr3$44771088$+,0.54
chr3:44796800-44798000,ENSG00000186446.7$ZNF501$chr3$44771088$+,0.6
chr3:44801600-44802600,ENSG00000186446.7$ZNF501$chr3$44771088$+,0.62
chr3:44667200-44669600,ENSG00000186448.10$ZNF197$chr3$44626380$+,0.4
chr20:269000-270800,ENSG00000186458.4$DEFB132$chr20$238377$+,0.57
chr20:325600-328000,ENSG00000186458.4$DEFB132$chr20$238377$+,0.42
chr20:329000-330600,ENSG00000186458.4$DEFB132$chr20$238377$+,0.36
chr20:386400-388400,ENSG00000186458.4$DEFB132$chr20$238377$+,0.37
chr14:52246600-52248600,ENSG00000186469.4$GNG2$chr14$52292913$+,0.62
chr14:52408000-52408800,ENSG00000186469.4$GNG2$chr14$52292913$+,0.36
chr14:52427000-52427200,ENSG00000186469.4$GNG2$chr14$52292913$+,0.36
chr6:26235600-26237400,ENSG00000186470.9$BTN3A2$chr6$26365387$+,0.36
chr6:26314000-26314600,ENSG00000186470.9$BTN3A2$chr6$26365387$+,0.55
chr6:26400800-26402200,ENSG00000186470.9$BTN3A2$chr6$26365387$+,0.51
chr7:155136200-155138600,ENSG00000186480.8$INSIG1$chr7$155089486$+,0.5
chr18:32857600-32858800,ENSG00000186496.6$ZNF396$chr18$32957301$-,0.38
chr18:32867800-32869800,ENSG00000186496.6$ZNF396$chr18$32957301$-,0.36
chr18:32873200-32874000,ENSG00000186496.6$ZNF396$chr18$32957301$-,0.46
chr18:32994600-32996800,ENSG00000186496.6$ZNF396$chr18$32957301$-,0.58
chr1:27559200-27561000,ENSG00000186501.10$TMEM222$chr1$27648651$+,0.53
chr1:160959600-160961400,ENSG00000186517.9$ARHGAP30$chr1$161039760$-,0.47
chr1:160991400-160992800,ENSG00000186517.9$ARHGAP30$chr1$161039760$-,0.44
chr1:161025800-161028200,ENSG00000186517.9$ARHGAP30$chr1$161039760$-,0.54
chr1:161103600-161105200,ENSG00000186517.9$ARHGAP30$chr1$161039760$-,0.44
chr1:161124400-161126000,ENSG00000186517.9$ARHGAP30$chr1$161039760$-,0.44
chr1:161127400-161129000,ENSG00000186517.9$ARHGAP30$chr1$161039760$-,0.42
chr1:161178600-161180800,ENSG00000186517.9$ARHGAP30$chr1$161039760$-,0.37
chr2:110395000-110397000,ENSG00000186522.10$SEPT10$chr2$110371783$-,0.35
chr8:12066800-12067200,ENSG00000186523.10$FAM86B1$chr8$12051642$-,0.78
chr19:15739200-15741000,ENSG00000186529.10$CYP4F3$chr19$15751707$+,0.67
chr17:1588200-1590400,ENSG00000186532.7$SMYD4$chr17$1733928$-,0.35
chr17:1621000-1622800,ENSG00000186532.7$SMYD4$chr17$1733928$-,0.43
chr17:1793400-1795200,ENSG00000186532.7$SMYD4$chr17$1733928$-,0.52
chr17:1951200-1953000,ENSG00000186532.7$SMYD4$chr17$1733928$-,0.35
chr1:47889400-47891000,ENSG00000186564.5$FOXD2$chr1$47901689$+,0.36
chr17:42502200-42503800,ENSG00000186566.7$GPATCH8$chr17$42580798$-,0.42
chr17:42568000-42569200,ENSG00000186566.7$GPATCH8$chr17$42580798$-,0.63
chr17:42631800-42634000,ENSG00000186566.7$GPATCH8$chr17$42580798$-,0.61
chr19:45156400-45158600,ENSG00000186567.8$CEACAM19$chr19$45165545$+,0.44
chr22:29784800-29786200,ENSG00000186575.13$NF2$chr22$29999545$+,0.43
chr22:29985800-29987000,ENSG00000186575.13$NF2$chr22$29999545$+,0.64
chr22:29992200-29993200,ENSG00000186575.13$NF2$chr22$29999545$+,0.78
chr22:30004400-30005800,ENSG00000186575.13$NF2$chr22$29999545$+,0.55
chr6:34121600-34123600,ENSG00000186577.7$C6orf1$chr6$34217247$-,0.63
chr6:34130000-34132200,ENSG00000186577.7$C6orf1$chr6$34217247$-,0.55
chr6:34157400-34158800,ENSG00000186577.7$C6orf1$chr6$34217247$-,0.6
chr6:34432800-34435000,ENSG00000186577.7$C6orf1$chr6$34217247$-,0.35
chr8:145063000-145064000,ENSG00000186583.7$SPATC1$chr8$145086582$+,0.35
chr7:129689400-129690600,ENSG00000186591.7$UBE2H$chr7$129592789$-,0.45
chr7:129708400-129709800,ENSG00000186591.7$UBE2H$chr7$129592789$-,0.37
chr6:149888400-149890200,ENSG00000186625.9$KATNA1$chr6$149970108$-,0.53
chr6:149963600-149965400,ENSG00000186625.9$KATNA1$chr6$149970108$-,0.72
chr6:150007200-150008800,ENSG00000186625.9$KATNA1$chr6$149970108$-,0.62
chr6:150017400-150019200,ENSG00000186625.9$KATNA1$chr6$149970108$-,0.61
chr6:150065200-150067200,ENSG00000186625.9$KATNA1$chr6$149970108$-,0.45
chr15:83417800-83418800,ENSG00000186628.8$FSD2$chr15$83474822$-,0.41
chr11:72204000-72206400,ENSG00000186635.10$ARAP1$chr11$72504644$-,0.36
chr9:34171400-34173200,ENSG00000186638.11$KIF24$chr9$34329198$-,0.46
chr9:34206000-34207600,ENSG00000186638.11$KIF24$chr9$34329198$-,0.41
chr9:34211000-34212000,ENSG00000186638.11$KIF24$chr9$34329198$-,0.37
chr14:24474800-24475800,ENSG00000186648.10$LRRC16B$chr14$24521206$+,0.53
chr14:24564200-24566400,ENSG00000186648.10$LRRC16B$chr14$24521206$+,0.56
chr14:24582400-24582800,ENSG00000186648.10$LRRC16B$chr14$24521206$+,0.38
chr11:57103600-57104600,ENSG00000186652.5$PRG2$chr11$57158130$-,0.53
chr22:44905000-44906000,ENSG00000186654.16$PRR5$chr22$45064593$+,0.38
chr11:58306600-58307600,ENSG00000186660.14$ZFP91$chr11$58346584$+,0.71
chr17:65861000-65862200,ENSG00000186665.8$C17orf58$chr17$65989765$-,0.38
chr17:65862800-65864800,ENSG00000186665.8$C17orf58$chr17$65989765$-,0.44
chr17:65987800-65989000,ENSG00000186665.8$C17orf58$chr17$65989765$-,0.39
chr17:66015000-66016200,ENSG00000186665.8$C17orf58$chr17$65989765$-,0.6
chr17:66098800-66101200,ENSG00000186665.8$C17orf58$chr17$65989765$-,0.35
chr17:66102200-66104200,ENSG00000186665.8$C17orf58$chr17$65989765$-,0.4
chr12:50101200-50103200,ENSG00000186666.4$BCDIN3D$chr12$50236912$-,0.43
chr12:50222200-50223800,ENSG00000186666.4$BCDIN3D$chr12$50236912$-,0.62
chr12:50240600-50241400,ENSG00000186666.4$BCDIN3D$chr12$50236912$-,0.56
chr12:50407000-50408600,ENSG00000186666.4$BCDIN3D$chr12$50236912$-,0.45
chr5:130352400-130353400,ENSG00000186687.11$LYRM7$chr5$130506503$+,0.49
chr5:130399800-130402200,ENSG00000186687.11$LYRM7$chr5$130506503$+,0.53
chr5:130439000-130440800,ENSG00000186687.11$LYRM7$chr5$130506503$+,0.52
chr5:130445200-130446200,ENSG00000186687.11$LYRM7$chr5$130506503$+,0.66
chr5:130473200-130475400,ENSG00000186687.11$LYRM7$chr5$130506503$+,0.67
chr5:130491000-130492800,ENSG00000186687.11$LYRM7$chr5$130506503$+,0.69
chr5:130501200-130502400,ENSG00000186687.11$LYRM7$chr5$130506503$+,0.68
chr5:130509600-130510400,ENSG00000186687.11$LYRM7$chr5$130506503$+,0.64
chr5:130645400-130645600,ENSG00000186687.11$LYRM7$chr5$130506503$+,0.38
chr11:32814000-32815000,ENSG00000186714.8$CCDC73$chr11$32816204$-,0.43
chr11:32850000-32851000,ENSG00000186714.8$CCDC73$chr11$32816204$-,0.43
chr17:79474600-79476800,ENSG00000186765.7$FSCN2$chr17$79495422$+,0.38
chr4:329200-330800,ENSG00000186777.7$ZNF732$chr4$299110$-,0.39
chrX:57004400-57005200,ENSG00000186787.7$SPIN2B$chrX$57147980$-,0.43
chrX:57011400-57013000,ENSG00000186787.7$SPIN2B$chrX$57147980$-,0.48
chrX:57022400-57023600,ENSG00000186787.7$SPIN2B$chrX$57147980$-,0.43
chrX:57311400-57313200,ENSG00000186787.7$SPIN2B$chrX$57147980$-,0.37
chr1:47889400-47891000,ENSG00000186790.4$FOXE3$chr1$47881744$+,0.71
chr9:21141200-21142800,ENSG00000186803.3$IFNA10$chr9$21207142$-,0.4
chr9:21144400-21145800,ENSG00000186803.3$IFNA10$chr9$21207142$-,0.4
chr9:21162800-21163600,ENSG00000186803.3$IFNA10$chr9$21207142$-,0.41
chr9:21182800-21184000,ENSG00000186803.3$IFNA10$chr9$21207142$-,0.57
chr9:21236000-21236800,ENSG00000186803.3$IFNA10$chr9$21207142$-,0.52
chrX:70870000-70870600,ENSG00000186810.7$CXCR3$chrX$70838367$-,0.66
chrX:70872000-70872400,ENSG00000186810.7$CXCR3$chrX$70838367$-,0.59
chr18:32811000-32812400,ENSG00000186812.8$ZNF397$chr18$32820994$+,0.63
chr18:32857600-32858800,ENSG00000186812.8$ZNF397$chr18$32820994$+,0.66
chr18:32867800-32869800,ENSG00000186812.8$ZNF397$chr18$32820994$+,0.53
chr18:32870800-32872800,ENSG00000186812.8$ZNF397$chr18$32820994$+,0.48
chr18:32873200-32874000,ENSG00000186812.8$ZNF397$chr18$32820994$+,0.45
chr18:32811000-32812400,ENSG00000186814.8$ZSCAN30$chr18$32870196$-,0.49
chr18:32821800-32824200,ENSG00000186814.8$ZSCAN30$chr18$32870196$-,0.6
chr18:32857600-32858800,ENSG00000186814.8$ZSCAN30$chr18$32870196$-,0.63
chr18:32867800-32869800,ENSG00000186814.8$ZSCAN30$chr18$32870196$-,0.36
chr18:32873200-32874000,ENSG00000186814.8$ZSCAN30$chr18$32870196$-,0.5
chr18:32994600-32996800,ENSG00000186814.8$ZSCAN30$chr18$32870196$-,0.42
chr12:113540600-113542800,ENSG00000186815.8$TPCN1$chr12$113658855$+,0.47
chr12:113547200-113548800,ENSG00000186815.8$TPCN1$chr12$113658855$+,0.54
chr12:113624000-113626400,ENSG00000186815.8$TPCN1$chr12$113658855$+,0.71
chr1:1038400-1040800,ENSG00000186827.6$TNFRSF4$chr1$1149518$-,0.37
chr1:1049600-1051200,ENSG00000186827.6$TNFRSF4$chr1$1149518$-,0.37
chr1:1052200-1054600,ENSG00000186827.6$TNFRSF4$chr1$1149518$-,0.39
chr17:43129800-43130800,ENSG00000186834.2$HEXIM1$chr17$43224684$+,0.45
chr17:43135600-43138000,ENSG00000186834.2$HEXIM1$chr17$43224684$+,0.43
chr17:43218400-43219600,ENSG00000186834.2$HEXIM1$chr17$43224684$+,0.7
chr17:43232200-43234000,ENSG00000186834.2$HEXIM1$chr17$43224684$+,0.63
chr19:39934000-39935800,ENSG00000186838.9$SELV$chr19$40005753$+,0.37
chr19:39969200-39971400,ENSG00000186838.9$SELV$chr19$40005753$+,0.49
chr19:39972000-39974400,ENSG00000186838.9$SELV$chr19$40005753$+,0.5
chr19:40028000-40029800,ENSG00000186838.9$SELV$chr19$40005753$+,0.44
chr2:84876400-84878800,ENSG00000186854.6$TRABD2A$chr2$85134132$-,0.35
chr2:84950600-84951800,ENSG00000186854.6$TRABD2A$chr2$85134132$-,0.41
chr2:84987200-84987800,ENSG00000186854.6$TRABD2A$chr2$85134132$-,0.4
chr2:84994000-84995200,ENSG00000186854.6$TRABD2A$chr2$85134132$-,0.4
chr2:85004600-85006000,ENSG00000186854.6$TRABD2A$chr2$85134132$-,0.43
chr2:85006200-85007800,ENSG00000186854.6$TRABD2A$chr2$85134132$-,0.44
chr2:85130400-85132200,ENSG00000186854.6$TRABD2A$chr2$85134132$-,0.58
chr17:39494400-39494600,ENSG00000186860.3$KRTAP17-1$chr17$39471947$-,0.49
chr10:102666800-102668600,ENSG00000186862.13$PDZD7$chr10$102790890$-,0.51
chr10:102702600-102704600,ENSG00000186862.13$PDZD7$chr10$102790890$-,0.36
chr10:102744200-102746600,ENSG00000186862.13$PDZD7$chr10$102790890$-,0.56
chr10:102905200-102907600,ENSG00000186862.13$PDZD7$chr10$102790890$-,0.43
chr21:46651600-46653000,ENSG00000186866.12$POFUT2$chr21$46707813$-,0.48
chr17:43950200-43952200,ENSG00000186868.11$MAPT$chr17$43971748$+,0.6
chrX:71388400-71389200,ENSG00000186871.5$ERCC6L$chrX$71458897$-,0.5
chrX:71400000-71401000,ENSG00000186871.5$ERCC6L$chrX$71458897$-,0.57
chr1:1038400-1040800,ENSG00000186891.9$TNFRSF18$chr1$1142071$-,0.46
chr1:1049600-1051200,ENSG00000186891.9$TNFRSF18$chr1$1142071$-,0.38
chr1:1052200-1054600,ENSG00000186891.9$TNFRSF18$chr1$1142071$-,0.48
chr1:1311200-1313400,ENSG00000186891.9$TNFRSF18$chr1$1142071$-,0.36
chr12:49715000-49716600,ENSG00000186897.3$C1QL4$chr12$49730971$-,0.7
chr11:57103600-57104600,ENSG00000186907.3$RTN4RL2$chr11$57228022$+,0.37
chr11:57298800-57300400,ENSG00000186907.3$RTN4RL2$chr11$57228022$+,0.45
chr11:57445000-57445800,ENSG00000186907.3$RTN4RL2$chr11$57228022$+,0.36
chr12:77197600-77198200,ENSG00000186908.10$ZDHHC17$chr12$77157368$+,0.53
chrX:69508800-69509600,ENSG00000186912.5$P2RY4$chrX$69479654$-,0.47
chr17:73877400-73879600,ENSG00000186919.8$ZACN$chr17$74068042$+,0.35
chr17:73899000-73900400,ENSG00000186919.8$ZACN$chr17$74068042$+,0.35
chr17:74059200-74061000,ENSG00000186919.8$ZACN$chr17$74068042$+,0.56
chr17:74095800-74096000,ENSG00000186919.8$ZACN$chr17$74068042$+,0.51
chr17:74097200-74099000,ENSG00000186919.8$ZACN$chr17$74068042$+,0.51
chr22:46615400-46617400,ENSG00000186951.12$PPARA$chr22$46546424$+,0.43
chr22:46662200-46663400,ENSG00000186951.12$PPARA$chr22$46546424$+,0.41
chr5:110061800-110062600,ENSG00000186952.10$TMEM232$chr5$110074657$-,0.63
chr22:44208800-44210400,ENSG00000186976.10$EFCAB6$chr22$44208217$-,0.35
chr22:44286400-44288400,ENSG00000186976.10$EFCAB6$chr22$44208217$-,0.53
chr22:44340000-44342200,ENSG00000186976.10$EFCAB6$chr22$44208217$-,0.47
chr19:8383400-8385600,ENSG00000186994.7$KANK3$chr19$8408146$-,0.54
chr19:8442200-8443400,ENSG00000186994.7$KANK3$chr19$8408146$-,0.61
chr22:29661200-29663400,ENSG00000186998.11$EMID1$chr22$29601840$+,0.35
chr1:25541800-25544000,ENSG00000187010.14$RHD$chr1$25598884$+,0.46
chr1:25574600-25575600,ENSG00000187010.14$RHD$chr1$25598884$+,0.5
chr1:25585600-25588000,ENSG00000187010.14$RHD$chr1$25598884$+,0.44
chr1:25845400-25847600,ENSG00000187010.14$RHD$chr1$25598884$+,0.4
chr1:6426200-6426600,ENSG00000187017.10$ESPN$chr1$6484848$+,0.54
chr1:6451400-6453600,ENSG00000187017.10$ESPN$chr1$6484848$+,0.64
chr1:6454200-6455800,ENSG00000187017.10$ESPN$chr1$6484848$+,0.63
chr9:130478400-130480200,ENSG00000187024.9$PTRH1$chr9$130487152$-,0.46
chr3:169482800-169483600,ENSG00000187033.5$SAMD7$chr3$169629360$+,0.38
chr11:61130400-61132000,ENSG00000187049.5$TMEM216$chr11$61159159$+,0.67
chr11:61151200-61153600,ENSG00000187049.5$TMEM216$chr11$61159159$+,0.72
chr11:61191000-61191200,ENSG00000187049.5$TMEM216$chr11$61159159$+,0.61
chr14:74319200-74320600,ENSG00000187097.8$ENTPD5$chr14$74486102$-,0.39
chr14:74414800-74416400,ENSG00000187097.8$ENTPD5$chr14$74486102$-,0.56
chr14:74484400-74485000,ENSG00000187097.8$ENTPD5$chr14$74486102$-,0.38
chr14:74552400-74553800,ENSG00000187097.8$ENTPD5$chr14$74486102$-,0.54
chr12:76337200-76339600,ENSG00000187109.9$NAP1L1$chr12$76478813$-,0.36
chr3:28212600-28214800,ENSG00000187118.8$CMC1$chr3$28283075$+,0.56
chr3:28274000-28274400,ENSG00000187118.8$CMC1$chr3$28283075$+,0.71
chr3:28275800-28277400,ENSG00000187118.8$CMC1$chr3$28283075$+,0.67
chr3:28327800-28329000,ENSG00000187118.8$CMC1$chr3$28283075$+,0.67
chr3:28359200-28359600,ENSG00000187118.8$CMC1$chr3$28283075$+,0.51
chr3:28391200-28393000,ENSG00000187118.8$CMC1$chr3$28283075$+,0.39
chr3:28393600-28393800,ENSG00000187118.8$CMC1$chr3$28283075$+,0.45
chr10:4856400-4857800,ENSG00000187134.8$AKR1C1$chr10$4934796$+,0.43
chr10:4875600-4877400,ENSG00000187134.8$AKR1C1$chr10$4934796$+,0.6
chr10:4877600-4879000,ENSG00000187134.8$AKR1C1$chr10$4934796$+,0.63
chr10:4943600-4946000,ENSG00000187134.8$AKR1C1$chr10$4934796$+,0.64
chr19:30077200-30079200,ENSG00000187135.7$VSTM2B$chr19$30017406$+,0.38
chr1:63831400-63833200,ENSG00000187140.4$FOXD3$chr1$63788730$+,0.46
chr1:63834000-63835200,ENSG00000187140.4$FOXD3$chr1$63788730$+,0.41
chr1:63840600-63842200,ENSG00000187140.4$FOXD3$chr1$63788730$+,0.37
chr1:63843000-63843200,ENSG00000187140.4$FOXD3$chr1$63788730$+,0.38
chr1:16765400-16767200,ENSG00000187144.7$SPATA21$chr1$16763919$-,0.45
chr1:16823400-16825400,ENSG00000187144.7$SPATA21$chr1$16763919$-,0.38
chr12:48511600-48513000,ENSG00000187166.1$H1FNT$chr12$48722763$+,0.35
chr12:48574800-48577000,ENSG00000187166.1$H1FNT$chr12$48722763$+,0.4
chr12:48679400-48681200,ENSG00000187166.1$H1FNT$chr12$48722763$+,0.61
chr12:48689600-48692000,ENSG00000187166.1$H1FNT$chr12$48722763$+,0.56
chr12:48745200-48746800,ENSG00000187166.1$H1FNT$chr12$48722763$+,0.61
chr21:46081000-46082600,ENSG00000187175.5$KRTAP12-1$chr21$46102078$-,0.55
chr9:34609800-34611600,ENSG00000187186.10$RP11-195F19.5$chr9$34666109$-,0.47
chr9:34612600-34615000,ENSG00000187186.10$RP11-195F19.5$chr9$34666109$-,0.52
chr9:34618000-34620000,ENSG00000187186.10$RP11-195F19.5$chr9$34666109$-,0.57
chr9:34638200-34639400,ENSG00000187186.10$RP11-195F19.5$chr9$34666109$-,0.42
chr9:34809400-34811600,ENSG00000187186.10$RP11-195F19.5$chr9$34666109$-,0.4
chr19:40372200-40373000,ENSG00000187187.9$ZNF546$chr19$40490041$+,0.49
chr19:40469400-40470200,ENSG00000187187.9$ZNF546$chr19$40490041$+,0.62
chr19:40503400-40505400,ENSG00000187187.9$ZNF546$chr19$40490041$+,0.71
chr19:40562600-40563600,ENSG00000187187.9$ZNF546$chr19$40490041$+,0.62
chr19:40597400-40597800,ENSG00000187187.9$ZNF546$chr19$40490041$+,0.54
chr6:116457000-116459000,ENSG00000187189.9$TSPYL4$chr6$116575261$-,0.43
chr16:56554200-56555000,ENSG00000187193.8$MT1X$chr16$56716336$+,0.35
chr16:56634200-56636200,ENSG00000187193.8$MT1X$chr16$56716336$+,0.54
chr16:56676400-56678800,ENSG00000187193.8$MT1X$chr16$56716336$+,0.66
chr16:56735200-56737200,ENSG00000187193.8$MT1X$chr16$56716336$+,0.74
chr9:79010000-79011400,ENSG00000187210.8$GCNT1$chr9$79034752$+,0.5
chr9:79055400-79057400,ENSG00000187210.8$GCNT1$chr9$79034752$+,0.51
chr9:79062200-79064200,ENSG00000187210.8$GCNT1$chr9$79034752$+,0.44
chr9:132551800-132553200,ENSG00000187239.12$FNBP1$chr9$132805473$-,0.38
chr9:132730200-132732600,ENSG00000187239.12$FNBP1$chr9$132805473$-,0.49
chr9:132733800-132735800,ENSG00000187239.12$FNBP1$chr9$132805473$-,0.46
chr9:132738400-132738800,ENSG00000187239.12$FNBP1$chr9$132805473$-,0.49
chr9:132817000-132818600,ENSG00000187239.12$FNBP1$chr9$132805473$-,0.55
chr9:132869000-132871200,ENSG00000187239.12$FNBP1$chr9$132805473$-,0.53
chr11:102906000-102908000,ENSG00000187240.9$DYNC2H1$chr11$102980160$+,0.48
chr11:102937800-102938800,ENSG00000187240.9$DYNC2H1$chr11$102980160$+,0.68
chr11:102939800-102942200,ENSG00000187240.9$DYNC2H1$chr11$102980160$+,0.72
chr11:103196200-103198000,ENSG00000187240.9$DYNC2H1$chr11$102980160$+,0.35
chr7:77333800-77334400,ENSG00000187257.10$RSBN1L$chr7$77325760$+,0.66
chr7:77445800-77446000,ENSG00000187257.10$RSBN1L$chr7$77325760$+,0.37
chr7:77471600-77473600,ENSG00000187257.10$RSBN1L$chr7$77325760$+,0.54
chr7:77474400-77476800,ENSG00000187257.10$RSBN1L$chr7$77325760$+,0.52
chr7:150921600-150923600,ENSG00000187260.11$WDR86$chr7$151107813$-,0.4
chr7:150925000-150926200,ENSG00000187260.11$WDR86$chr7$151107813$-,0.36
chr7:150927800-150929200,ENSG00000187260.11$WDR86$chr7$151107813$-,0.37
chr7:151095400-151095600,ENSG00000187260.11$WDR86$chr7$151107813$-,0.64
chr7:151146000-151147000,ENSG00000187260.11$WDR86$chr7$151107813$-,0.6
chr7:151217200-151218600,ENSG00000187260.11$WDR86$chr7$151107813$-,0.4
chr7:151329800-151331400,ENSG00000187260.11$WDR86$chr7$151107813$-,0.35
chr19:11497000-11498800,ENSG00000187266.9$EPOR$chr19$11495018$-,0.49
chrX:13010800-13013000,ENSG00000187268.7$FAM9C$chrX$13062801$-,0.66
chrX:13148000-13150400,ENSG00000187268.7$FAM9C$chrX$13062801$-,0.44
chrX:13167400-13168400,ENSG00000187268.7$FAM9C$chrX$13062801$-,0.52
chr3:9883400-9885000,ENSG00000187288.6$CIDEC$chr3$9921938$-,0.59
chr3:9885800-9887200,ENSG00000187288.6$CIDEC$chr3$9921938$-,0.61
chr3:9892800-9895000,ENSG00000187288.6$CIDEC$chr3$9921938$-,0.57
chr3:9930000-9932200,ENSG00000187288.6$CIDEC$chr3$9921938$-,0.59
chr3:9972400-9974600,ENSG00000187288.6$CIDEC$chr3$9921938$-,0.47
chrX:77146000-77147400,ENSG00000187325.4$TAF9B$chrX$77395203$-,0.35
chrX:77357200-77359200,ENSG00000187325.4$TAF9B$chrX$77395203$-,0.52
chrX:77387800-77390000,ENSG00000187325.4$TAF9B$chrX$77395203$-,0.47
chrX:77412200-77414400,ENSG00000187325.4$TAF9B$chrX$77395203$-,0.59
chr5:140464400-140465800,ENSG00000187372.9$PCDHB13$chr5$140593509$+,0.39
chr5:140701000-140701200,ENSG00000187372.9$PCDHB13$chr5$140593509$+,0.37
chr15:41402600-41403000,ENSG00000187446.7$CHP1$chr15$41523037$+,0.4
chr15:41405200-41407600,ENSG00000187446.7$CHP1$chr15$41523037$+,0.44
chr15:41409200-41409800,ENSG00000187446.7$CHP1$chr15$41523037$+,0.48
chr15:41452600-41454800,ENSG00000187446.7$CHP1$chr15$41523037$+,0.52
chr15:41622400-41624200,ENSG00000187446.7$CHP1$chr15$41523037$+,0.5
chr15:41625600-41627400,ENSG00000187446.7$CHP1$chr15$41523037$+,0.4
chr6:13572400-13574400,ENSG00000187461.5$AL583828.1$chr6$13486415$-,0.46
chr6:13575400-13577600,ENSG00000187461.5$AL583828.1$chr6$13486415$-,0.4
chr19:52179200-52181400,ENSG00000187474.4$FPR3$chr19$52298416$+,0.38
chr19:52207800-52209800,ENSG00000187474.4$FPR3$chr19$52298416$+,0.44
chr19:52405600-52407600,ENSG00000187474.4$FPR3$chr19$52298416$+,0.36
chr19:52431200-52432400,ENSG00000187474.4$FPR3$chr19$52298416$+,0.39
chr6:26088200-26090400,ENSG00000187475.4$HIST1H1T$chr6$26108364$-,0.35
chr6:26115200-26117000,ENSG00000187475.4$HIST1H1T$chr6$26108364$-,0.56
chr11:17305400-17305800,ENSG00000187486.5$KCNJ11$chr11$17410878$-,0.4
chr11:17375200-17376800,ENSG00000187486.5$KCNJ11$chr11$17410878$-,0.59
chr2:232379600-232381400,ENSG00000187514.10$PTMA$chr2$232571605$+,0.41
chr2:232418200-232420600,ENSG00000187514.10$PTMA$chr2$232571605$+,0.4
chr2:232421800-232422800,ENSG00000187514.10$PTMA$chr2$232571605$+,0.46
chr2:232542000-232543000,ENSG00000187514.10$PTMA$chr2$232571605$+,0.66
chr2:232643200-232645600,ENSG00000187514.10$PTMA$chr2$232571605$+,0.59
chr10:14646800-14649200,ENSG00000187522.9$HSPA14$chr10$14880163$+,0.45
chr10:14854000-14855400,ENSG00000187522.9$HSPA14$chr10$14880163$+,0.71
chr10:14957400-14958400,ENSG00000187522.9$HSPA14$chr10$14880163$+,0.51
chr10:14983000-14985400,ENSG00000187522.9$HSPA14$chr10$14880163$+,0.5
chr10:14996600-14998200,ENSG00000187522.9$HSPA14$chr10$14880163$+,0.5
chr16:1462000-1464400,ENSG00000187535.9$IFT140$chr16$1662111$-,0.37
chr16:1612600-1613200,ENSG00000187535.9$IFT140$chr16$1662111$-,0.61
chr16:1753200-1755400,ENSG00000187535.9$IFT140$chr16$1662111$-,0.45
chr16:1904400-1906400,ENSG00000187535.9$IFT140$chr16$1662111$-,0.35
chr10:94697400-94699400,ENSG00000187553.5$CYP26C1$chr10$94821021$+,0.36
chr10:94874600-94876600,ENSG00000187553.5$CYP26C1$chr10$94821021$+,0.46
chr1:223295600-223297600,ENSG00000187554.7$TLR5$chr1$223316624$-,0.66
chr19:13857600-13858400,ENSG00000187556.6$NANOS3$chr19$13972877$+,0.48
chr19:13884200-13885200,ENSG00000187556.6$NANOS3$chr19$13972877$+,0.49
chr19:14013600-14015000,ENSG00000187556.6$NANOS3$chr19$13972877$+,0.61
chr19:14015200-14017400,ENSG00000187556.6$NANOS3$chr19$13972877$+,0.55
chr19:14037000-14039400,ENSG00000187556.6$NANOS3$chr19$13972877$+,0.45
chr19:14062200-14063200,ENSG00000187556.6$NANOS3$chr19$13972877$+,0.43
chr19:14064200-14065800,ENSG00000187556.6$NANOS3$chr19$13972877$+,0.44
chr6:18115000-18116600,ENSG00000187566.3$NHLRC1$chr6$18122851$-,0.75
chr1:1038400-1040800,ENSG00000187583.6$PLEKHN1$chr1$901877$+,0.4
chr1:1052200-1054600,ENSG00000187583.6$PLEKHN1$chr1$901877$+,0.37
chr1:712400-713800,ENSG00000187583.6$PLEKHN1$chr1$901877$+,0.39
chr1:714800-716200,ENSG00000187583.6$PLEKHN1$chr1$901877$+,0.4
chr1:760200-762000,ENSG00000187583.6$PLEKHN1$chr1$901877$+,0.37
chr1:870200-872600,ENSG00000187583.6$PLEKHN1$chr1$901877$+,0.67
chr1:910000-912200,ENSG00000187583.6$PLEKHN1$chr1$901877$+,0.6
chr1:946600-948600,ENSG00000187583.6$PLEKHN1$chr1$901877$+,0.58
chr17:40075800-40077200,ENSG00000187595.10$ZNF385C$chr17$40217383$-,0.37
chr17:40085000-40086400,ENSG00000187595.10$ZNF385C$chr17$40217383$-,0.35
chr17:40116200-40118200,ENSG00000187595.10$ZNF385C$chr17$40217383$-,0.45
chr17:40170000-40172400,ENSG00000187595.10$ZNF385C$chr17$40217383$-,0.49
chr17:40300200-40302600,ENSG00000187595.10$ZNF385C$chr17$40217383$-,0.43
chr17:40373600-40374800,ENSG00000187595.10$ZNF385C$chr17$40217383$-,0.36
chr17:40382000-40383800,ENSG00000187595.10$ZNF385C$chr17$40217383$-,0.35
chr2:46704000-46706000,ENSG00000187600.8$TMEM247$chr2$46656329$+,0.63
chrX:55382600-55384600,ENSG00000187601.3$MAGEH1$chrX$55478538$+,0.48
chrX:55421800-55424000,ENSG00000187601.3$MAGEH1$chrX$55478538$+,0.61
chrX:55512800-55515000,ENSG00000187601.3$MAGEH1$chrX$55478538$+,0.71
chr2:74151400-74153600,ENSG00000187605.11$TET3$chr2$74229840$+,0.54
chr2:74171200-74172800,ENSG00000187605.11$TET3$chr2$74229840$+,0.49
chr2:74346400-74347400,ENSG00000187605.11$TET3$chr2$74229840$+,0.43
chr2:74394600-74395400,ENSG00000187605.11$TET3$chr2$74229840$+,0.39
chr17:15465200-15466400,ENSG00000187607.11$ZNF286A$chr17$15602891$+,0.44
chr17:15467000-15468000,ENSG00000187607.11$ZNF286A$chr17$15602891$+,0.46
chr17:15496400-15497000,ENSG00000187607.11$ZNF286A$chr17$15602891$+,0.47
chr17:15585400-15587400,ENSG00000187607.11$ZNF286A$chr17$15602891$+,0.52
chr17:15789000-15791000,ENSG00000187607.11$ZNF286A$chr17$15602891$+,0.45
chr1:1038400-1040800,ENSG00000187608.5$ISG15$chr1$948803$+,0.45
chr1:1049600-1051200,ENSG00000187608.5$ISG15$chr1$948803$+,0.4
chr1:1052200-1054600,ENSG00000187608.5$ISG15$chr1$948803$+,0.41
chr1:870200-872600,ENSG00000187608.5$ISG15$chr1$948803$+,0.46
chr1:910000-912200,ENSG00000187608.5$ISG15$chr1$948803$+,0.63
chr9:140314800-140316800,ENSG00000187609.11$EXD3$chr9$140317714$-,0.42
chr9:140428600-140430200,ENSG00000187609.11$EXD3$chr9$140317714$-,0.36
chr9:140447000-140448200,ENSG00000187609.11$EXD3$chr9$140317714$-,0.39
chr6:28220200-28222600,ENSG00000187626.7$ZKSCAN4$chr6$28227011$-,0.48
chr14:24423400-24425400,ENSG00000187630.10$DHRS4L2$chr14$24439148$+,0.76
chr14:24474800-24475800,ENSG00000187630.10$DHRS4L2$chr14$24439148$+,0.62
chr14:24564200-24566400,ENSG00000187630.10$DHRS4L2$chr14$24439148$+,0.47
chr14:24582400-24582800,ENSG00000187630.10$DHRS4L2$chr14$24439148$+,0.49
chr14:24603400-24604800,ENSG00000187630.10$DHRS4L2$chr14$24439148$+,0.4
chr14:24628800-24630600,ENSG00000187630.10$DHRS4L2$chr14$24439148$+,0.35
chr14:24682800-24684600,ENSG00000187630.10$DHRS4L2$chr14$24439148$+,0.35
chr1:870200-872600,ENSG00000187634.6$SAMD11$chr1$860260$+,0.55
chr1:910000-912200,ENSG00000187642.5$C1orf170$chr1$917497$-,0.51
chr19:5720800-5721600,ENSG00000187650.3$VMAC$chr19$5904869$+,0.35
chr19:5788200-5790400,ENSG00000187650.3$VMAC$chr19$5904869$+,0.54
chr19:5794000-5795000,ENSG00000187650.3$VMAC$chr19$5904869$+,0.55
chr5:157077600-157080000,ENSG00000187658.6$C5orf52$chr5$157098561$+,0.51
chr13:31737000-31738600,ENSG00000187676.7$B3GALTL$chr13$31774073$+,0.52
chrX:48657600-48659600,ENSG00000187682.1$ERAS$chrX$48687283$+,0.37
chrX:48660600-48662800,ENSG00000187682.1$ERAS$chrX$48687283$+,0.45
chrX:48706800-48708400,ENSG00000187682.1$ERAS$chrX$48687283$+,0.35
chrX:48749200-48751000,ENSG00000187682.1$ERAS$chrX$48687283$+,0.36
chrX:48752000-48754400,ENSG00000187682.1$ERAS$chrX$48687283$+,0.38
chr17:16213600-16215400,ENSG00000187688.10$TRPV2$chr17$16318856$+,0.47
chr17:16356000-16357600,ENSG00000187688.10$TRPV2$chr17$16318856$+,0.62
chr17:16422800-16425000,ENSG00000187688.10$TRPV2$chr17$16318856$+,0.54
chr17:16472400-16473600,ENSG00000187688.10$TRPV2$chr17$16318856$+,0.48
chr17:16492800-16493400,ENSG00000187688.10$TRPV2$chr17$16318856$+,0.37
chr17:16554800-16557200,ENSG00000187688.10$TRPV2$chr17$16318856$+,0.46
chr17:16557400-16558200,ENSG00000187688.10$TRPV2$chr17$16318856$+,0.51
chr4:71551600-71553400,ENSG00000187689.5$AMTN$chr4$71384257$+,0.39
chr2:190739200-190741400,ENSG00000187699.6$C2orf88$chr2$190744335$+,0.51
chr9:140100600-140102600,ENSG00000187713.5$TMEM203$chr9$140100090$-,0.41
chr9:140150800-140152800,ENSG00000187713.5$TMEM203$chr9$140100090$-,0.49
chr9:140314800-140316800,ENSG00000187713.5$TMEM203$chr9$140100090$-,0.37
chr8:54921800-54923200,ENSG00000187735.8$TCEA1$chr8$54935089$-,0.6
chr8:55014400-55015400,ENSG00000187735.8$TCEA1$chr8$54935089$-,0.46
chr8:55046600-55047600,ENSG00000187735.8$TCEA1$chr8$54935089$-,0.38
chr2:220070400-220071000,ENSG00000187736.8$NHEJ1$chr2$220025587$-,0.46
chr16:89721400-89723800,ENSG00000187741.10$FANCA$chr16$89883065$-,0.35
chr16:89815800-89816600,ENSG00000187741.10$FANCA$chr16$89883065$-,0.38
chr9:91849000-91850800,ENSG00000187742.10$SECISBP2$chr9$91933421$+,0.57
chr9:91923600-91925200,ENSG00000187742.10$SECISBP2$chr9$91933421$+,0.55
chr9:91958400-91959000,ENSG00000187742.10$SECISBP2$chr9$91933421$+,0.52
chr9:91958400-91959000,ENSG00000187764.7$SEMA4D$chr9$92113045$-,0.35
chr9:92155000-92155400,ENSG00000187764.7$SEMA4D$chr9$92113045$-,0.5
chr21:46002800-46004400,ENSG00000187766.1$KRTAP10-8$chr21$46031996$+,0.57
chr21:46073000-46075400,ENSG00000187766.1$KRTAP10-8$chr21$46031996$+,0.5
chr21:46081000-46082600,ENSG00000187766.1$KRTAP10-8$chr21$46031996$+,0.54
chr6:105305400-105307000,ENSG00000187772.6$LIN28B$chr6$105404923$+,0.43
chr6:105308000-105309000,ENSG00000187772.6$LIN28B$chr6$105404923$+,0.43
chr12:49715000-49716600,ENSG00000187778.9$MCRS1$chr12$49961936$-,0.35
chr12:50014200-50016400,ENSG00000187778.9$MCRS1$chr12$49961936$-,0.7
chr14:45550800-45553000,ENSG00000187790.6$FANCM$chr14$45605143$+,0.7
chr14:45723000-45725000,ENSG00000187790.6$FANCM$chr14$45605143$+,0.44
chr22:24046400-24048400,ENSG00000187792.3$ZNF70$chr22$24093279$-,0.45
chr22:24200400-24202800,ENSG00000187792.3$ZNF70$chr22$24093279$-,0.35
chr9:139278600-139280800,ENSG00000187796.9$CARD9$chr9$139268133$-,0.59
chr1:156805000-156807400,ENSG00000187800.9$PEAR1$chr1$156863490$+,0.59
chr1:157016000-157017600,ENSG00000187800.9$PEAR1$chr1$156863490$+,0.37
chr1:40720800-40722800,ENSG00000187801.10$ZFP69B$chr1$40915774$+,0.39
chr1:40837600-40839400,ENSG00000187801.10$ZFP69B$chr1$40915774$+,0.39
chr1:40902800-40904600,ENSG00000187801.10$ZFP69B$chr1$40915774$+,0.74
chr1:40943600-40946000,ENSG00000187801.10$ZFP69B$chr1$40915774$+,0.6
chr1:40973200-40974000,ENSG00000187801.10$ZFP69B$chr1$40915774$+,0.56
chr1:40975000-40976200,ENSG00000187801.10$ZFP69B$chr1$40915774$+,0.54
chr1:40996200-40996800,ENSG00000187801.10$ZFP69B$chr1$40915774$+,0.56
chr1:41039000-41039200,ENSG00000187801.10$ZFP69B$chr1$40915774$+,0.38
chrX:118696800-118698800,ENSG00000187808.3$SOWAHD$chrX$118892576$+,0.38
chrX:118709200-118711400,ENSG00000187808.3$SOWAHD$chrX$118892576$+,0.39
chrX:118740600-118741600,ENSG00000187808.3$SOWAHD$chrX$118892576$+,0.48
chrX:118783800-118785400,ENSG00000187808.3$SOWAHD$chrX$118892576$+,0.42
chrX:118860600-118861800,ENSG00000187808.3$SOWAHD$chrX$118892576$+,0.54
chrX:118926400-118927800,ENSG00000187808.3$SOWAHD$chrX$118892576$+,0.62
chrX:118955000-118956800,ENSG00000187808.3$SOWAHD$chrX$118892576$+,0.45
chrX:118984600-118986200,ENSG00000187808.3$SOWAHD$chrX$118892576$+,0.52
chrX:119002200-119004400,ENSG00000187808.3$SOWAHD$chrX$118892576$+,0.53
chrX:119013600-119015400,ENSG00000187808.3$SOWAHD$chrX$118892576$+,0.43
chrX:119074600-119076800,ENSG00000187808.3$SOWAHD$chrX$118892576$+,0.44
chrX:119077800-119078800,ENSG00000187808.3$SOWAHD$chrX$118892576$+,0.42
chr1:40696800-40698800,ENSG00000187815.5$ZFP69$chr1$40942887$+,0.36
chr1:40837600-40839400,ENSG00000187815.5$ZFP69$chr1$40942887$+,0.41
chr1:40902800-40904600,ENSG00000187815.5$ZFP69$chr1$40942887$+,0.63
chr1:40914200-40915400,ENSG00000187815.5$ZFP69$chr1$40942887$+,0.61
chr1:40916400-40918200,ENSG00000187815.5$ZFP69$chr1$40942887$+,0.62
chr1:40973200-40974000,ENSG00000187815.5$ZFP69$chr1$40942887$+,0.57
chr1:40975000-40976200,ENSG00000187815.5$ZFP69$chr1$40942887$+,0.66
chr1:40996200-40996800,ENSG00000187815.5$ZFP69$chr1$40942887$+,0.59
chr1:41039000-41039200,ENSG00000187815.5$ZFP69$chr1$40942887$+,0.41
chr1:41134200-41135400,ENSG00000187815.5$ZFP69$chr1$40942887$+,0.38
chr1:41155400-41156800,ENSG00000187815.5$ZFP69$chr1$40942887$+,0.36
chr4:185925000-185927000,ENSG00000187821.4$HELT$chr4$185939995$+,0.49
chr17:10631200-10633000,ENSG00000187824.4$TMEM220$chr17$10633633$-,0.36
chr2:73961800-73963800,ENSG00000187833.7$C2orf78$chr2$74011316$+,0.36
chr2:73964800-73965600,ENSG00000187833.7$C2orf78$chr2$74011316$+,0.35
chr2:74007200-74008600,ENSG00000187833.7$C2orf78$chr2$74011316$+,0.63
chr2:74051000-74053000,ENSG00000187833.7$C2orf78$chr2$74011316$+,0.42
chr2:74053800-74056000,ENSG00000187833.7$C2orf78$chr2$74011316$+,0.51
chr6:25946400-25947800,ENSG00000187837.2$HIST1H1C$chr6$26056699$-,0.37
chr6:26042400-26044600,ENSG00000187837.2$HIST1H1C$chr6$26056699$-,0.65
chr6:26085800-26087600,ENSG00000187837.2$HIST1H1C$chr6$26056699$-,0.66
chr6:26088200-26090400,ENSG00000187837.2$HIST1H1C$chr6$26056699$-,0.52
chr6:26115200-26117000,ENSG00000187837.2$HIST1H1C$chr6$26056699$-,0.5
chr6:26180200-26182000,ENSG00000187837.2$HIST1H1C$chr6$26056699$-,0.35
chr17:7298400-7300000,ENSG00000187838.12$TMEM256-PLSCR3$chr17$7307416$-,0.5
chr17:7337800-7338800,ENSG00000187838.12$TMEM256-PLSCR3$chr17$7307416$-,0.52
chr17:7356800-7358800,ENSG00000187838.12$TMEM256-PLSCR3$chr17$7307416$-,0.44
chr17:7359400-7361600,ENSG00000187838.12$TMEM256-PLSCR3$chr17$7307416$-,0.4
chr12:108077600-108079200,ENSG00000187855.5$ASCL4$chr12$108168162$+,0.38
chr12:108080200-108082000,ENSG00000187855.5$ASCL4$chr12$108168162$+,0.37
chr12:108155400-108156200,ENSG00000187855.5$ASCL4$chr12$108168162$+,0.54
chr22:30753400-30755600,ENSG00000187860.6$CCDC157$chr22$30752624$+,0.41
chr9:71546000-71547400,ENSG00000187866.6$FAM122A$chr9$71394964$+,0.38
chr19:14013600-14015000,ENSG00000187867.4$PALM3$chr19$14169971$-,0.36
chr19:14199000-14200800,ENSG00000187867.4$PALM3$chr19$14169971$-,0.69
chr19:14202200-14203800,ENSG00000187867.4$PALM3$chr19$14169971$-,0.6
chr19:14384800-14386800,ENSG00000187867.4$PALM3$chr19$14169971$-,0.36
chr19:55919200-55920600,ENSG00000187902.7$SHISA7$chr19$55954230$-,0.44
chr22:21357400-21359400,ENSG00000187905.6$AC002472.13$chr22$21400249$+,0.5
chr10:124271800-124273400,ENSG00000187908.11$DMBT1$chr10$124320181$+,0.63
chr19:14682800-14683600,ENSG00000187912.7$CLEC17A$chr19$14693896$+,0.49
chr2:197648000-197649200,ENSG00000187944.2$C2orf66$chr2$197675000$-,0.52
chr2:197650800-197651000,ENSG00000187944.2$C2orf66$chr2$197675000$-,0.5
chr2:197664600-197665400,ENSG00000187944.2$C2orf66$chr2$197675000$-,0.61
chr2:197792400-197793400,ENSG00000187944.2$C2orf66$chr2$197675000$-,0.39
chr2:197795800-197797600,ENSG00000187944.2$C2orf66$chr2$197675000$-,0.36
chr2:197799800-197800800,ENSG00000187944.2$C2orf66$chr2$197675000$-,0.37
chr15:30942200-30944600,ENSG00000187951.6$ARHGAP11B$chr15$30916697$+,0.7
chr15:30988400-30989200,ENSG00000187951.6$ARHGAP11B$chr15$30916697$+,0.47
chr8:145704000-145706200,ENSG00000187954.8$CYHR1$chr8$145691060$-,0.5
chr1:1038400-1040800,ENSG00000187961.9$KLHL17$chr1$895967$+,0.44
chr1:1049600-1051200,ENSG00000187961.9$KLHL17$chr1$895967$+,0.37
chr1:1052200-1054600,ENSG00000187961.9$KLHL17$chr1$895967$+,0.4
chr1:870200-872600,ENSG00000187961.9$KLHL17$chr1$895967$+,0.66
chr1:910000-912200,ENSG00000187961.9$KLHL17$chr1$895967$+,0.61
chr1:946600-948600,ENSG00000187961.9$KLHL17$chr1$895967$+,0.53
chrX:73571000-73572200,ENSG00000187969.4$ZCCHC13$chrX$73524025$+,0.35
chr6:28169800-28170800,ENSG00000187987.5$ZSCAN23$chr6$28411279$-,0.37
chr6:28270800-28272400,ENSG00000187987.5$ZSCAN23$chr6$28411279$-,0.45
chr6:28301000-28303400,ENSG00000187987.5$ZSCAN23$chr6$28411279$-,0.5
chr6:28304400-28306800,ENSG00000187987.5$ZSCAN23$chr6$28411279$-,0.52
chr6:28357200-28357400,ENSG00000187987.5$ZSCAN23$chr6$28411279$-,0.59
chr6:28368000-28369400,ENSG00000187987.5$ZSCAN23$chr6$28411279$-,0.55
chr6:28414200-28415600,ENSG00000187987.5$ZSCAN23$chr6$28411279$-,0.53
chr6:28492800-28494600,ENSG00000187987.5$ZSCAN23$chr6$28411279$-,0.51
chr6:28502000-28504400,ENSG00000187987.5$ZSCAN23$chr6$28411279$-,0.37
chr6:28649400-28651400,ENSG00000187987.5$ZSCAN23$chr6$28411279$-,0.35
chr6:26042400-26044600,ENSG00000187990.4$HIST1H2BG$chr6$26216872$-,0.36
chr6:26057200-26058800,ENSG00000187990.4$HIST1H2BG$chr6$26216872$-,0.38
chr6:26085800-26087600,ENSG00000187990.4$HIST1H2BG$chr6$26216872$-,0.4
chr6:26088200-26090400,ENSG00000187990.4$HIST1H2BG$chr6$26216872$-,0.43
chr6:26115200-26117000,ENSG00000187990.4$HIST1H2BG$chr6$26216872$-,0.42
chr6:26180200-26182000,ENSG00000187990.4$HIST1H2BG$chr6$26216872$-,0.57
chr6:26235600-26237400,ENSG00000187990.4$HIST1H2BG$chr6$26216872$-,0.63
chr6:26239800-26241000,ENSG00000187990.4$HIST1H2BG$chr6$26216872$-,0.65
chr6:26314000-26314600,ENSG00000187990.4$HIST1H2BG$chr6$26216872$-,0.44
chr19:39137600-39138600,ENSG00000187994.9$RINL$chr19$39368919$-,0.37
chr19:39259400-39261200,ENSG00000187994.9$RINL$chr19$39368919$-,0.43
chr19:39322400-39324200,ENSG00000187994.9$RINL$chr19$39368919$-,0.44
chr19:39343400-39345600,ENSG00000187994.9$RINL$chr19$39368919$-,0.6
chr19:39391000-39392800,ENSG00000187994.9$RINL$chr19$39368919$-,0.55
chr19:39418600-39420800,ENSG00000187994.9$RINL$chr19$39368919$-,0.55
chr19:39431800-39433800,ENSG00000187994.9$RINL$chr19$39368919$-,0.56
chr19:39440000-39441600,ENSG00000187994.9$RINL$chr19$39368919$-,0.42
chr2:38860800-38863000,ENSG00000188010.8$MORN2$chr2$39103103$+,0.38
chr2:38952400-38953800,ENSG00000188010.8$MORN2$chr2$39103103$+,0.38
chr2:38979000-38979800,ENSG00000188010.8$MORN2$chr2$39103103$+,0.47
chr2:38980800-38982400,ENSG00000188010.8$MORN2$chr2$39103103$+,0.49
chr2:39005800-39007000,ENSG00000188010.8$MORN2$chr2$39103103$+,0.64
chr2:242638800-242640800,ENSG00000188011.5$CXXC11$chr2$242811752$+,0.39
chr2:242642200-242644200,ENSG00000188011.5$CXXC11$chr2$242811752$+,0.35
chr2:242697600-242699200,ENSG00000188011.5$CXXC11$chr2$242811752$+,0.35
chr2:242881000-242882600,ENSG00000188011.5$CXXC11$chr2$242811752$+,0.44
chrX:56509400-56511000,ENSG00000188021.7$UBQLN2$chrX$56590026$+,0.46
chrX:56764400-56766600,ENSG00000188021.7$UBQLN2$chrX$56590026$+,0.39
chr19:14013600-14015000,ENSG00000188032.5$C19orf67$chr19$14196687$-,0.35
chr19:14199000-14200800,ENSG00000188032.5$C19orf67$chr19$14196687$-,0.43
chr19:14202200-14203800,ENSG00000188032.5$C19orf67$chr19$14196687$-,0.45
chr19:14285800-14286800,ENSG00000188032.5$C19orf67$chr19$14196687$-,0.38
chr19:14306000-14308200,ENSG00000188032.5$C19orf67$chr19$14196687$-,0.4
chr19:14347600-14349000,ENSG00000188032.5$C19orf67$chr19$14196687$-,0.35
chr19:12596000-12597000,ENSG00000188033.5$ZNF490$chr19$12750912$-,0.37
chr19:12662800-12664800,ENSG00000188033.5$ZNF490$chr19$12750912$-,0.52
chr19:12713800-12715600,ENSG00000188033.5$ZNF490$chr19$12750912$-,0.53
chr19:12745800-12747400,ENSG00000188033.5$ZNF490$chr19$12750912$-,0.41
chr19:12778000-12779600,ENSG00000188033.5$ZNF490$chr19$12750912$-,0.65
chr19:12790200-12791800,ENSG00000188033.5$ZNF490$chr19$12750912$-,0.42
chr19:12805200-12807200,ENSG00000188033.5$ZNF490$chr19$12750912$-,0.54
chr19:12848800-12850600,ENSG00000188033.5$ZNF490$chr19$12750912$-,0.68
chr19:12886800-12888600,ENSG00000188033.5$ZNF490$chr19$12750912$-,0.59
chr19:12910200-12912200,ENSG00000188033.5$ZNF490$chr19$12750912$-,0.5
chr19:12912800-12914400,ENSG00000188033.5$ZNF490$chr19$12750912$-,0.51
chr19:12916000-12917600,ENSG00000188033.5$ZNF490$chr19$12750912$-,0.44
chr19:12935600-12937200,ENSG00000188033.5$ZNF490$chr19$12750912$-,0.37
chr7:143001800-143003200,ENSG00000188037.6$CLCN1$chr7$143013219$+,0.35
chr16:67926200-67926800,ENSG00000188038.3$NRN1L$chr16$67918708$+,0.4
chr2:235204800-235205800,ENSG00000188042.5$ARL4C$chr2$235405697$-,0.35
chr2:235339000-235340400,ENSG00000188042.5$ARL4C$chr2$235405697$-,0.57
chr19:17443000-17445200,ENSG00000188051.6$TMEM221$chr19$17559376$-,0.43
chr19:17445400-17447400,ENSG00000188051.6$TMEM221$chr19$17559376$-,0.38
chr19:17520200-17521200,ENSG00000188051.6$TMEM221$chr19$17559376$-,0.58
chr19:17531400-17532000,ENSG00000188051.6$TMEM221$chr19$17559376$-,0.57
chr1:28924600-28926600,ENSG00000188060.6$RAB42$chr1$28918712$+,0.43
chr11:250400-251800,ENSG00000188076.2$SCGB1C1$chr11$193080$+,0.53
chr3:46944400-46946200,ENSG00000188086.8$PRSS45$chr3$46854048$-,0.42
chr11:6687600-6689800,ENSG00000188124.2$OR2AG2$chr11$6790286$-,0.51
chr11:6701600-6703800,ENSG00000188124.2$OR2AG2$chr11$6790286$-,0.44
chr11:6723400-6725600,ENSG00000188124.2$OR2AG2$chr11$6790286$-,0.5
chr11:6737800-6738600,ENSG00000188124.2$OR2AG2$chr11$6790286$-,0.62
chr22:50763200-50765600,ENSG00000188130.9$MAPK12$chr22$50700254$-,0.43
chr22:50766000-50767000,ENSG00000188130.9$MAPK12$chr22$50700254$-,0.38
chr9:99735600-99737000,ENSG00000188152.8$NUTM2G$chr9$99690592$+,0.35
chr21:46002800-46004400,ENSG00000188155.8$KRTAP10-6$chr21$46012386$-,0.66
chr21:46073000-46075400,ENSG00000188155.8$KRTAP10-6$chr21$46012386$-,0.49
chr21:46081000-46082600,ENSG00000188155.8$KRTAP10-6$chr21$46012386$-,0.38
chr1:1038400-1040800,ENSG00000188157.9$AGRN$chr1$955503$+,0.55
chr1:1049600-1051200,ENSG00000188157.9$AGRN$chr1$955503$+,0.41
chr1:1052200-1054600,ENSG00000188157.9$AGRN$chr1$955503$+,0.42
chr1:910000-912200,ENSG00000188157.9$AGRN$chr1$955503$+,0.57
chr1:946600-948600,ENSG00000188157.9$AGRN$chr1$955503$+,0.57
chr9:140150800-140152800,ENSG00000188163.6$FAM166A$chr9$140142222$-,0.4
chr3:32988800-32990800,ENSG00000188167.4$TMPPE$chr3$33138293$-,0.42
chr3:32995400-32996600,ENSG00000188167.4$TMPPE$chr3$33138293$-,0.38
chr3:33004800-33006400,ENSG00000188167.4$TMPPE$chr3$33138293$-,0.41
chr3:33028600-33029400,ENSG00000188167.4$TMPPE$chr3$33138293$-,0.44
chr3:33036600-33037000,ENSG00000188167.4$TMPPE$chr3$33138293$-,0.48
chr3:33037400-33039000,ENSG00000188167.4$TMPPE$chr3$33138293$-,0.45
chr3:33039800-33041800,ENSG00000188167.4$TMPPE$chr3$33138293$-,0.48
chr3:33054200-33055000,ENSG00000188167.4$TMPPE$chr3$33138293$-,0.48
chr3:33081400-33082400,ENSG00000188167.4$TMPPE$chr3$33138293$-,0.6
chr3:33126600-33128400,ENSG00000188167.4$TMPPE$chr3$33138293$-,0.57
chr19:20746800-20747800,ENSG00000188171.10$ZNF626$chr19$20844402$-,0.51
chr19:20959600-20962000,ENSG00000188171.10$ZNF626$chr19$20844402$-,0.49
chr7:92794400-92795800,ENSG00000188175.5$HEPACAM2$chr7$92855837$-,0.51
chr7:92859800-92861000,ENSG00000188175.5$HEPACAM2$chr7$92855837$-,0.57
chr2:112829000-112830400,ENSG00000188177.9$ZC3H6$chr2$113033171$+,0.4
chr2:112924200-112925200,ENSG00000188177.9$ZC3H6$chr2$113033171$+,0.4
chr2:112949200-112950600,ENSG00000188177.9$ZC3H6$chr2$113033171$+,0.35
chr2:113013000-113014600,ENSG00000188177.9$ZC3H6$chr2$113033171$+,0.6
chr2:113038000-113038600,ENSG00000188177.9$ZC3H6$chr2$113033171$+,0.53
chr2:113039600-113041800,ENSG00000188177.9$ZC3H6$chr2$113033171$+,0.62
chr2:113050400-113050600,ENSG00000188177.9$ZC3H6$chr2$113033171$+,0.63
chr2:113187800-113188400,ENSG00000188177.9$ZC3H6$chr2$113033171$+,0.43
chr2:113237200-113238800,ENSG00000188177.9$ZC3H6$chr2$113033171$+,0.39
chr2:113298200-113299400,ENSG00000188177.9$ZC3H6$chr2$113033171$+,0.4
chr7:99646000-99647000,ENSG00000188186.6$LAMTOR4$chr7$99746530$+,0.56
chr7:99679400-99681800,ENSG00000188186.6$LAMTOR4$chr7$99746530$+,0.5
chr7:99699600-99702000,ENSG00000188186.6$LAMTOR4$chr7$99746530$+,0.52
chr7:99715200-99716400,ENSG00000188186.6$LAMTOR4$chr7$99746530$+,0.51
chr7:99721800-99724000,ENSG00000188186.6$LAMTOR4$chr7$99746530$+,0.54
chr7:99725600-99727600,ENSG00000188186.6$LAMTOR4$chr7$99746530$+,0.67
chr7:99735200-99736800,ENSG00000188186.6$LAMTOR4$chr7$99746530$+,0.68
chr7:764200-766400,ENSG00000188191.10$PRKAR1B$chr7$767287$-,0.41
chr11:17305400-17305800,ENSG00000188211.4$NCR3LG1$chr11$17373273$+,0.55
chr11:17375200-17376800,ENSG00000188211.4$NCR3LG1$chr11$17373273$+,0.55
chr16:20818600-20820400,ENSG00000188215.5$DCUN1D3$chr16$20911706$-,0.48
chr16:21034600-21036200,ENSG00000188215.5$DCUN1D3$chr16$20911706$-,0.43
chr19:36104000-36105200,ENSG00000188223.9$AC002398.9$chr19$36236579$+,0.35
chr19:36192400-36193400,ENSG00000188223.9$AC002398.9$chr19$36236579$+,0.49
chr19:36239800-36242000,ENSG00000188223.9$AC002398.9$chr19$36236579$+,0.45
chr19:36369000-36371400,ENSG00000188223.9$AC002398.9$chr19$36236579$+,0.4
chr19:36372800-36373800,ENSG00000188223.9$AC002398.9$chr19$36236579$+,0.4
chr19:37956200-37957600,ENSG00000188227.8$ZNF793$chr19$37997841$+,0.64
chr19:37958400-37959800,ENSG00000188227.8$ZNF793$chr19$37997841$+,0.66
chr19:38084200-38085000,ENSG00000188227.8$ZNF793$chr19$37997841$+,0.47
chr19:38086200-38088400,ENSG00000188227.8$ZNF793$chr19$37997841$+,0.37
chr9:140100600-140102600,ENSG00000188229.5$TUBB4B$chr9$140135665$+,0.55
chr9:140150800-140152800,ENSG00000188229.5$TUBB4B$chr9$140135665$+,0.6
chr5:463600-466000,ENSG00000188242.4$CTD-2228K2.5$chr5$473213$-,0.57
chr5:610000-612000,ENSG00000188242.4$CTD-2228K2.5$chr5$473213$-,0.59
chr13:76112200-76114400,ENSG00000188243.8$COMMD6$chr13$76123575$-,0.66
chr13:76210800-76213000,ENSG00000188243.8$COMMD6$chr13$76123575$-,0.43
chr22:50414800-50416400,ENSG00000188263.6$IL17REL$chr22$50451088$-,0.53
chr22:50465600-50467200,ENSG00000188263.6$IL17REL$chr22$50451088$-,0.74
chr15:78797800-78799400,ENSG00000188266.9$HYKK$chr15$78799906$+,0.37
chr15:78831800-78832400,ENSG00000188266.9$HYKK$chr15$78799906$+,0.37
chr15:41047800-41050200,ENSG00000188277.8$C15orf62$chr15$41062159$+,0.41
chr15:41097800-41099200,ENSG00000188277.8$C15orf62$chr15$41062159$+,0.38
chr19:37567800-37568800,ENSG00000188283.7$ZNF383$chr19$37708828$+,0.43
chr19:37570000-37571800,ENSG00000188283.7$ZNF383$chr19$37708828$+,0.38
chr19:37662000-37663200,ENSG00000188283.7$ZNF383$chr19$37708828$+,0.56
chr19:37699000-37701000,ENSG00000188283.7$ZNF383$chr19$37708828$+,0.61
chr19:37823400-37825200,ENSG00000188283.7$ZNF383$chr19$37708828$+,0.35
chr19:37826000-37827400,ENSG00000188283.7$ZNF383$chr19$37708828$+,0.57
chr1:1038400-1040800,ENSG00000188290.6$HES4$chr1$935552$-,0.37
chr1:763800-766000,ENSG00000188290.6$HES4$chr1$935552$-,0.37
chr1:870200-872600,ENSG00000188290.6$HES4$chr1$935552$-,0.47
chr1:910000-912200,ENSG00000188290.6$HES4$chr1$935552$-,0.63
chr1:946600-948600,ENSG00000188290.6$HES4$chr1$935552$-,0.65
chr1:247240000-247241400,ENSG00000188295.10$ZNF669$chr1$247267674$-,0.64
chr1:247265200-247267000,ENSG00000188295.10$ZNF669$chr1$247267674$-,0.38
chr1:247288800-247289400,ENSG00000188295.10$ZNF669$chr1$247267674$-,0.71
chr1:247290800-247292200,ENSG00000188295.10$ZNF669$chr1$247267674$-,0.74
chr19:2506400-2508800,ENSG00000188305.4$C19orf35$chr19$2282181$-,0.36
chr10:118606600-118608600,ENSG00000188316.9$ENO4$chr10$118609023$+,0.37
chr19:9421000-9421400,ENSG00000188321.9$ZNF559$chr19$9434448$+,0.57
chr19:9435200-9437000,ENSG00000188321.9$ZNF559$chr19$9434448$+,0.44
chr19:9518200-9519000,ENSG00000188321.9$ZNF559$chr19$9434448$+,0.35
chr19:9543400-9545400,ENSG00000188321.9$ZNF559$chr19$9434448$+,0.39
chr16:28223000-28225200,ENSG00000188322.4$SBK1$chr16$28303840$+,0.43
chr16:28559600-28561200,ENSG00000188322.4$SBK1$chr16$28303840$+,0.36
chr1:158615600-158617400,ENSG00000188340.1$OR6N2$chr1$158747425$-,0.38
chr13:45692200-45694000,ENSG00000188342.7$GTF2F2$chr13$45694650$+,0.46
chr13:45830800-45833200,ENSG00000188342.7$GTF2F2$chr13$45694650$+,0.36
chr8:94717600-94720000,ENSG00000188343.8$FAM92A1$chr8$94710789$+,0.58
chr9:20623800-20625600,ENSG00000188352.8$FOCAD$chr9$20658308$+,0.44
chr9:20668600-20668800,ENSG00000188352.8$FOCAD$chr9$20658308$+,0.57
chr9:20682800-20683600,ENSG00000188352.8$FOCAD$chr9$20658308$+,0.49
chr9:20725400-20726800,ENSG00000188352.8$FOCAD$chr9$20658308$+,0.4
chr19:42722000-42724400,ENSG00000188368.5$PRR19$chr19$42806250$+,0.48
chr19:42771400-42772600,ENSG00000188368.5$PRR19$chr19$42806250$+,0.56
chr19:42799600-42801200,ENSG00000188368.5$PRR19$chr19$42806250$+,0.62
chr19:42890800-42892200,ENSG00000188368.5$PRR19$chr19$42806250$+,0.49
chr19:42899000-42901200,ENSG00000188368.5$PRR19$chr19$42806250$+,0.54
chr7:75807200-75808400,ENSG00000188372.10$ZP3$chr7$76026835$+,0.38
chr7:75948200-75949800,ENSG00000188372.10$ZP3$chr7$76026835$+,0.5
chr7:75989000-75990800,ENSG00000188372.10$ZP3$chr7$76026835$+,0.55
chr7:76073200-76075400,ENSG00000188372.10$ZP3$chr7$76026835$+,0.65
chr7:76179400-76180200,ENSG00000188372.10$ZP3$chr7$76026835$+,0.43
chr7:76181200-76182000,ENSG00000188372.10$ZP3$chr7$76026835$+,0.41
chr7:76257200-76257600,ENSG00000188372.10$ZP3$chr7$76026835$+,0.36
chr10:85896800-85899000,ENSG00000188373.4$C10orf99$chr10$85933494$+,0.37
chr10:85950000-85952000,ENSG00000188373.4$C10orf99$chr10$85933494$+,0.41
chr12:31810800-31812000,ENSG00000188375.3$H3F3C$chr12$31945175$-,0.42
chr12:31812800-31814200,ENSG00000188375.3$H3F3C$chr12$31945175$-,0.39
chr12:31814600-31815400,ENSG00000188375.3$H3F3C$chr12$31945175$-,0.49
chr12:31834800-31836000,ENSG00000188375.3$H3F3C$chr12$31945175$-,0.45
chr12:31876200-31878400,ENSG00000188375.3$H3F3C$chr12$31945175$-,0.48
chr12:31879000-31881200,ENSG00000188375.3$H3F3C$chr12$31945175$-,0.51
chr12:31949200-31951400,ENSG00000188375.3$H3F3C$chr12$31945175$-,0.77
chr12:31973600-31975000,ENSG00000188375.3$H3F3C$chr12$31945175$-,0.53
chr12:31979600-31981800,ENSG00000188375.3$H3F3C$chr12$31945175$-,0.53
chr12:32032600-32033800,ENSG00000188375.3$H3F3C$chr12$31945175$-,0.42
chr12:32038800-32040200,ENSG00000188375.3$H3F3C$chr12$31945175$-,0.45
chr12:32213200-32214000,ENSG00000188375.3$H3F3C$chr12$31945175$-,0.41
chr9:21335600-21337000,ENSG00000188379.5$IFNA2$chr9$21385396$-,0.56
chr9:21357000-21359000,ENSG00000188379.5$IFNA2$chr9$21385396$-,0.47
chr2:242638800-242640800,ENSG00000188389.6$PDCD1$chr2$242801060$-,0.4
chr2:242642200-242644200,ENSG00000188389.6$PDCD1$chr2$242801060$-,0.46
chr2:242697600-242699200,ENSG00000188389.6$PDCD1$chr2$242801060$-,0.39
chr2:242881000-242882600,ENSG00000188389.6$PDCD1$chr2$242801060$-,0.4
chr1:45204200-45205000,ENSG00000188396.2$TCTEX1D4$chr1$45272957$-,0.44
chr1:45211400-45212600,ENSG00000188396.2$TCTEX1D4$chr1$45272957$-,0.4
chr1:45239600-45240800,ENSG00000188396.2$TCTEX1D4$chr1$45272957$-,0.5
chr1:45264000-45265800,ENSG00000188396.2$TCTEX1D4$chr1$45272957$-,0.62
chr1:45450000-45451600,ENSG00000188396.2$TCTEX1D4$chr1$45272957$-,0.37
chr1:169534200-169536000,ENSG00000188404.4$SELL$chr1$169680839$-,0.37
chr1:169608600-169609200,ENSG00000188404.4$SELL$chr1$169680839$-,0.42
chr1:169639600-169642000,ENSG00000188404.4$SELL$chr1$169680839$-,0.55
chr1:169764600-169766200,ENSG00000188404.4$SELL$chr1$169680839$-,0.48
chr1:169842200-169844600,ENSG00000188404.4$SELL$chr1$169680839$-,0.39
chr19:46406600-46407200,ENSG00000188425.2$NANOS2$chr19$46418036$-,0.59
chr6:8035600-8037800,ENSG00000188428.12$BLOC1S5$chr6$8064647$-,0.66
chr6:8102800-8104000,ENSG00000188428.12$BLOC1S5$chr6$8064647$-,0.71
chr11:118800600-118802800,ENSG00000188486.3$H2AFX$chr11$118966177$-,0.39
chr11:118866600-118868200,ENSG00000188486.3$H2AFX$chr11$118966177$-,0.4
chr11:118928400-118929400,ENSG00000188486.3$H2AFX$chr11$118966177$-,0.58
chr11:118939000-118941400,ENSG00000188486.3$H2AFX$chr11$118966177$-,0.6
chr11:118970200-118972000,ENSG00000188486.3$H2AFX$chr11$118966177$-,0.65
chr11:118990000-118992200,ENSG00000188486.3$H2AFX$chr11$118966177$-,0.59
chr11:118993000-118994400,ENSG00000188486.3$H2AFX$chr11$118966177$-,0.48
chr11:119047800-119050000,ENSG00000188486.3$H2AFX$chr11$118966177$-,0.51
chr11:119074600-119076800,ENSG00000188486.3$H2AFX$chr11$118966177$-,0.47
chr11:119096800-119098200,ENSG00000188486.3$H2AFX$chr11$118966177$-,0.47
chr19:41054200-41056200,ENSG00000188493.10$C19orf54$chr19$41257458$-,0.35
chr19:41253600-41256000,ENSG00000188493.10$C19orf54$chr19$41257458$-,0.54
chr19:41276000-41277400,ENSG00000188493.10$C19orf54$chr19$41257458$-,0.63
chr19:41302000-41304400,ENSG00000188493.10$C19orf54$chr19$41257458$-,0.57
chr19:41405400-41406800,ENSG00000188493.10$C19orf54$chr19$41257458$-,0.45
chr19:41413400-41415600,ENSG00000188493.10$C19orf54$chr19$41257458$-,0.45
chr19:39440000-39441600,ENSG00000188505.4$NCCRP1$chr19$39687601$+,0.4
chr19:39611600-39614000,ENSG00000188505.4$NCCRP1$chr19$39687601$+,0.47
chr19:39614200-39616400,ENSG00000188505.4$NCCRP1$chr19$39687601$+,0.57
chr19:39748600-39750400,ENSG00000188505.4$NCCRP1$chr19$39687601$+,0.49
chr19:39879200-39881200,ENSG00000188505.4$NCCRP1$chr19$39687601$+,0.35
chr19:39934000-39935800,ENSG00000188505.4$NCCRP1$chr19$39687601$+,0.37
chr19:35842600-35845000,ENSG00000188508.6$KRTDAP$chr19$35986460$-,0.41
chr19:35848200-35850000,ENSG00000188508.6$KRTDAP$chr19$35986460$-,0.46
chr19:35945400-35947200,ENSG00000188508.6$KRTDAP$chr19$35986460$-,0.58
chr17:18682800-18684200,ENSG00000188522.10$FAM83G$chr17$18908117$-,0.35
chr17:18757400-18759200,ENSG00000188522.10$FAM83G$chr17$18908117$-,0.41
chr17:18759400-18761600,ENSG00000188522.10$FAM83G$chr17$18908117$-,0.39
chr17:18926200-18928600,ENSG00000188522.10$FAM83G$chr17$18908117$-,0.55
chr1:24067800-24069400,ENSG00000188529.10$SRSF10$chr1$24307417$-,0.42
chr1:24115200-24117400,ENSG00000188529.10$SRSF10$chr1$24307417$-,0.45
chr1:24149600-24151400,ENSG00000188529.10$SRSF10$chr1$24307417$-,0.35
chr16:204200-205400,ENSG00000188536.8$HBA2$chr16$222846$+,0.41
chr2:241594800-241596800,ENSG00000188542.5$DUSP28$chr2$241499471$+,0.44
chr17:41114400-41116000,ENSG00000188554.9$NBR1$chr17$41322498$+,0.47
chr17:41149000-41150400,ENSG00000188554.9$NBR1$chr17$41322498$+,0.36
chr17:41362000-41363800,ENSG00000188554.9$NBR1$chr17$41322498$+,0.55
chr17:41391800-41393000,ENSG00000188554.9$NBR1$chr17$41322498$+,0.52
chr17:41466800-41467600,ENSG00000188554.9$NBR1$chr17$41322498$+,0.36
chr1:248579400-248581800,ENSG00000188558.4$OR2G6$chr1$248684916$+,0.42
chr1:248643600-248644200,ENSG00000188558.4$OR2G6$chr1$248684916$+,0.6
chr1:248644800-248646800,ENSG00000188558.4$OR2G6$chr1$248684916$+,0.52
chr20:20583000-20585400,ENSG00000188559.9$RALGAPA2$chr20$20693131$-,0.38
chr9:140100600-140102600,ENSG00000188566.7$NDOR1$chr9$140100147$+,0.4
chr9:140150800-140152800,ENSG00000188566.7$NDOR1$chr9$140100147$+,0.49
chr9:140314800-140316800,ENSG00000188566.7$NDOR1$chr9$140100147$+,0.4
chr17:39208000-39209800,ENSG00000188581.8$KRTAP1-1$chr17$39197713$-,0.66
chr12:96835400-96837600,ENSG00000188596.5$C12orf55$chr12$96883349$+,0.45
chr12:96919600-96920400,ENSG00000188596.5$C12orf55$chr12$96883349$+,0.68
chr12:96964800-96966400,ENSG00000188596.5$C12orf55$chr12$96883349$+,0.57
chr16:28223000-28225200,ENSG00000188603.12$CLN3$chr16$28506896$-,0.35
chr16:28559600-28561200,ENSG00000188603.12$CLN3$chr16$28506896$-,0.54
chr16:28563800-28565200,ENSG00000188603.12$CLN3$chr16$28506896$-,0.51
chr16:28572600-28575000,ENSG00000188603.12$CLN3$chr16$28506896$-,0.57
chr17:73044200-73046200,ENSG00000188612.7$SUMO2$chr17$73179078$-,0.43
chr17:73104200-73105600,ENSG00000188612.7$SUMO2$chr17$73179078$-,0.46
chr17:73172600-73173200,ENSG00000188612.7$SUMO2$chr17$73179078$-,0.53
chr17:73199800-73201200,ENSG00000188612.7$SUMO2$chr17$73179078$-,0.6
chr17:73258600-73260600,ENSG00000188612.7$SUMO2$chr17$73179078$-,0.51
chr17:73282800-73285000,ENSG00000188612.7$SUMO2$chr17$73179078$-,0.49
chr10:120746400-120747200,ENSG00000188613.5$NANOS1$chr10$120789228$+,0.44
chr10:120807000-120808600,ENSG00000188613.5$NANOS1$chr10$120789228$+,0.5
chr10:120820600-120822200,ENSG00000188613.5$NANOS1$chr10$120789228$+,0.44
chr19:9421000-9421400,ENSG00000188629.7$ZNF177$chr19$9435021$+,0.56
chr19:9518200-9519000,ENSG00000188629.7$ZNF177$chr19$9435021$+,0.44
chr19:9543400-9545400,ENSG00000188629.7$ZNF177$chr19$9435021$+,0.55
chr19:9546400-9548600,ENSG00000188629.7$ZNF177$chr19$9435021$+,0.43
chr22:44549400-44551800,ENSG00000188636.3$LDOC1L$chr22$44894178$-,0.35
chr22:44853800-44855000,ENSG00000188636.3$LDOC1L$chr22$44894178$-,0.7
chr22:44856400-44857400,ENSG00000188636.3$LDOC1L$chr22$44894178$-,0.52
chr22:44905000-44906000,ENSG00000188636.3$LDOC1L$chr22$44894178$-,0.63
chr1:98255200-98256200,ENSG00000188641.8$DPYD$chr1$98386605$-,0.4
chr1:98256400-98258400,ENSG00000188641.8$DPYD$chr1$98386605$-,0.37
chr1:98379200-98381200,ENSG00000188641.8$DPYD$chr1$98386605$-,0.59
chr10:97668000-97669800,ENSG00000188649.7$CC2D2B$chr10$97733786$+,0.37
chr10:97802000-97803000,ENSG00000188649.7$CC2D2B$chr10$97733786$+,0.43
chr14:21055600-21056800,ENSG00000188655.6$RNASE9$chr14$21029090$-,0.46
chr14:21082200-21084000,ENSG00000188655.6$RNASE9$chr14$21029090$-,0.36
chr15:82581800-82582200,ENSG00000188659.5$FAM154B$chr15$82555151$+,0.67
chr1:25585600-25588000,ENSG00000188672.12$RHCE$chr1$25756683$-,0.36
chr1:25686800-25689000,ENSG00000188672.12$RHCE$chr1$25756683$-,0.61
chr1:25753800-25756200,ENSG00000188672.12$RHCE$chr1$25756683$-,0.37
chr1:25816200-25816800,ENSG00000188672.12$RHCE$chr1$25756683$-,0.58
chr1:25845400-25847600,ENSG00000188672.12$RHCE$chr1$25756683$-,0.39
chr1:25953600-25954600,ENSG00000188672.12$RHCE$chr1$25756683$-,0.36
chr2:74560800-74562800,ENSG00000188687.11$SLC4A5$chr2$74570541$-,0.5
chr10:127406200-127407400,ENSG00000188690.8$UROS$chr10$127511817$-,0.45
chrX:128864200-128866400,ENSG00000188706.8$ZDHHC9$chrX$128977885$-,0.38
chrX:128896200-128896800,ENSG00000188706.8$ZDHHC9$chrX$128977885$-,0.38
chrX:128941800-128944200,ENSG00000188706.8$ZDHHC9$chrX$128977885$-,0.57
chrX:128959600-128961000,ENSG00000188706.8$ZDHHC9$chrX$128977885$-,0.57
chrX:129040600-129043000,ENSG00000188706.8$ZDHHC9$chrX$128977885$-,0.64
chrX:129070800-129073200,ENSG00000188706.8$ZDHHC9$chrX$128977885$-,0.47
chr5:60476800-60479000,ENSG00000188725.3$SMIM15$chr5$60458301$-,0.62
chr12:121989200-121991400,ENSG00000188735.8$TMEM120B$chr12$122150658$+,0.37
chr12:122194200-122196200,ENSG00000188735.8$TMEM120B$chr12$122150658$+,0.54
chr1:235256200-235257800,ENSG00000188739.10$RBM34$chr1$235324772$-,0.48
chr1:235278200-235278600,ENSG00000188739.10$RBM34$chr1$235324772$-,0.53
chr1:235316800-235318800,ENSG00000188739.10$RBM34$chr1$235324772$-,0.47
chr1:235353400-235354600,ENSG00000188739.10$RBM34$chr1$235324772$-,0.45
chr1:235416400-235417800,ENSG00000188739.10$RBM34$chr1$235324772$-,0.48
chr1:235625200-235626200,ENSG00000188739.10$RBM34$chr1$235324772$-,0.35
chr9:140314800-140316800,ENSG00000188747.4$NOXA1$chr9$140317802$+,0.41
chr9:140428600-140430200,ENSG00000188747.4$NOXA1$chr9$140317802$+,0.36
chr1:114355400-114356400,ENSG00000188761.7$BCL2L15$chr1$114430169$-,0.36
chr1:114378200-114379800,ENSG00000188761.7$BCL2L15$chr1$114430169$-,0.46
chr1:114470200-114471400,ENSG00000188761.7$BCL2L15$chr1$114430169$-,0.56
chr19:38724400-38725000,ENSG00000188766.8$SPRED3$chr19$38879061$+,0.35
chr19:38850400-38852800,ENSG00000188766.8$SPRED3$chr19$38879061$+,0.46
chr19:38853000-38854400,ENSG00000188766.8$SPRED3$chr19$38879061$+,0.45
chr19:38864200-38865400,ENSG00000188766.8$SPRED3$chr19$38879061$+,0.47
chr19:38894400-38896400,ENSG00000188766.8$SPRED3$chr19$38879061$+,0.46
chr19:38919200-38920600,ENSG00000188766.8$SPRED3$chr19$38879061$+,0.35
chr1:26471200-26472600,ENSG00000188782.3$CATSPER4$chr1$26517052$+,0.41
chr19:57751000-57751600,ENSG00000188785.7$ZNF548$chr19$57901218$+,0.48
chr19:57789400-57791400,ENSG00000188785.7$ZNF548$chr19$57901218$+,0.51
chr19:57861600-57862200,ENSG00000188785.7$ZNF548$chr19$57901218$+,0.61
chr19:57872200-57874400,ENSG00000188785.7$ZNF548$chr19$57901218$+,0.66
chr19:57921400-57922400,ENSG00000188785.7$ZNF548$chr19$57901218$+,0.68
chr19:57944600-57946400,ENSG00000188785.7$ZNF548$chr19$57901218$+,0.59
chr19:57999400-58000800,ENSG00000188785.7$ZNF548$chr19$57901218$+,0.49
chr19:58039400-58040600,ENSG00000188785.7$ZNF548$chr19$57901218$+,0.47
chr1:38153600-38155600,ENSG00000188786.9$MTF1$chr1$38325292$-,0.42
chr1:38453200-38455000,ENSG00000188786.9$MTF1$chr1$38325292$-,0.41
chr1:40720800-40722800,ENSG00000188800.5$TMCO2$chr1$40711619$+,0.38
chr1:9555000-9556400,ENSG00000188807.8$TMEM201$chr1$9648932$+,0.41
chr1:9646400-9648800,ENSG00000188807.8$TMEM201$chr1$9648932$+,0.39
chr1:9675000-9677000,ENSG00000188807.8$TMEM201$chr1$9648932$+,0.54
chr13:39669400-39670400,ENSG00000188811.8$NHLRC3$chr13$39612443$+,0.5
chr5:846600-847200,ENSG00000188818.8$ZDHHC11$chr5$851101$-,0.79
chr1:24115200-24117400,ENSG00000188822.6$CNR2$chr1$24285549$-,0.37
chr1:24149600-24151400,ENSG00000188822.6$CNR2$chr1$24285549$-,0.47
chr1:24152400-24153200,ENSG00000188822.6$CNR2$chr1$24285549$-,0.41
chr16:3715000-3717400,ENSG00000188827.6$SLX4$chr16$3661599$-,0.48
chr9:140314800-140316800,ENSG00000188833.5$ENTPD8$chr9$140336268$-,0.39
chr19:12406000-12407000,ENSG00000188868.9$ZNF563$chr19$12444534$-,0.47
chr19:12476000-12477800,ENSG00000188868.9$ZNF563$chr19$12444534$-,0.56
chr19:12509800-12511200,ENSG00000188868.9$ZNF563$chr19$12444534$-,0.58
chr19:12588600-12590800,ENSG00000188868.9$ZNF563$chr19$12444534$-,0.49
chr19:12596000-12597000,ENSG00000188868.9$ZNF563$chr19$12444534$-,0.45
chr19:12662800-12664800,ENSG00000188868.9$ZNF563$chr19$12444534$-,0.36
chr17:73877400-73879600,ENSG00000188878.12$FBF1$chr17$73937221$-,0.48
chr17:73899000-73900400,ENSG00000188878.12$FBF1$chr17$73937221$-,0.64
chr2:96654800-96657200,ENSG00000188886.3$ASTL$chr2$96804175$-,0.43
chr2:96845600-96848000,ENSG00000188886.3$ASTL$chr2$96804175$-,0.44
chr17:38294400-38296000,ENSG00000188895.7$MSL1$chr17$38278551$+,0.48
chr16:11632600-11634400,ENSG00000188897.4$CTD-3088G3.8$chr16$11617444$-,0.39
chr12:40575200-40576200,ENSG00000188906.9$LRRK2$chr12$40590546$+,0.41
chr11:122757600-122758200,ENSG00000188909.4$BSX$chr11$122852428$-,0.38
chr11:122854200-122856000,ENSG00000188909.4$BSX$chr11$122852428$-,0.51
chr11:122893400-122894800,ENSG00000188909.4$BSX$chr11$122852428$-,0.63
chrX:100302200-100302600,ENSG00000188917.10$TRMT2B$chrX$100307105$-,0.57
chrX:100351800-100352600,ENSG00000188917.10$TRMT2B$chrX$100307105$-,0.46
chr9:20940400-20941800,ENSG00000188921.12$PTPLAD2$chr9$21031635$-,0.39
chr9:21001000-21003400,ENSG00000188921.12$PTPLAD2$chr9$21031635$-,0.63
chr9:21038600-21040200,ENSG00000188921.12$PTPLAD2$chr9$21031635$-,0.43
chr9:21091200-21093200,ENSG00000188921.12$PTPLAD2$chr9$21031635$-,0.65
chr9:21100400-21101600,ENSG00000188921.12$PTPLAD2$chr9$21031635$-,0.5
chr9:21141200-21142800,ENSG00000188921.12$PTPLAD2$chr9$21031635$-,0.41
chr9:21144400-21145800,ENSG00000188921.12$PTPLAD2$chr9$21031635$-,0.36
chr9:21162800-21163600,ENSG00000188921.12$PTPLAD2$chr9$21031635$-,0.38
chr1:161178600-161180800,ENSG00000188931.3$C1orf192$chr1$161337664$-,0.35
chr1:161282400-161283800,ENSG00000188931.3$C1orf192$chr1$161337664$-,0.43
chr1:161284800-161287200,ENSG00000188931.3$C1orf192$chr1$161337664$-,0.46
chr1:161355600-161357600,ENSG00000188931.3$C1orf192$chr1$161337664$-,0.65
chr1:161366600-161368800,ENSG00000188931.3$C1orf192$chr1$161337664$-,0.49
chr3:191045000-191046800,ENSG00000188958.5$UTS2B$chr3$191048325$-,0.47
chr1:1038400-1040800,ENSG00000188976.6$NOC2L$chr1$894689$-,0.47
chr1:1049600-1051200,ENSG00000188976.6$NOC2L$chr1$894689$-,0.37
chr1:1052200-1054600,ENSG00000188976.6$NOC2L$chr1$894689$-,0.4
chr1:870200-872600,ENSG00000188976.6$NOC2L$chr1$894689$-,0.63
chr1:910000-912200,ENSG00000188976.6$NOC2L$chr1$894689$-,0.7
chr1:946600-948600,ENSG00000188976.6$NOC2L$chr1$894689$-,0.55
chr9:140100600-140102600,ENSG00000188986.4$NELFB$chr9$140149625$+,0.44
chr9:140150800-140152800,ENSG00000188986.4$NELFB$chr9$140149625$+,0.36
chr6:26042400-26044600,ENSG00000188987.2$HIST1H4D$chr6$26189304$-,0.39
chr6:26085800-26087600,ENSG00000188987.2$HIST1H4D$chr6$26189304$-,0.4
chr6:26088200-26090400,ENSG00000188987.2$HIST1H4D$chr6$26189304$-,0.42
chr6:26115200-26117000,ENSG00000188987.2$HIST1H4D$chr6$26189304$-,0.55
chr6:26180200-26182000,ENSG00000188987.2$HIST1H4D$chr6$26189304$-,0.65
chr6:26235600-26237400,ENSG00000188987.2$HIST1H4D$chr6$26189304$-,0.54
chr6:26239800-26241000,ENSG00000188987.2$HIST1H4D$chr6$26189304$-,0.55
chr6:26314000-26314600,ENSG00000188987.2$HIST1H4D$chr6$26189304$-,0.38
chr21:15589000-15589800,ENSG00000188992.7$LIPI$chr21$15583166$-,0.62
chr21:15625400-15627000,ENSG00000188992.7$LIPI$chr21$15583166$-,0.55
chr6:87905800-87907800,ENSG00000188994.8$ZNF292$chr6$87862551$+,0.65
chr6:87988400-87990400,ENSG00000188994.8$ZNF292$chr6$87862551$+,0.46
chr11:77706200-77707200,ENSG00000188997.3$KCTD21$chr11$77899868$-,0.37
chr11:77805200-77806200,ENSG00000188997.3$KCTD21$chr11$77899868$-,0.52
chr11:77848200-77850200,ENSG00000188997.3$KCTD21$chr11$77899868$-,0.64
chr11:77851200-77852800,ENSG00000188997.3$KCTD21$chr11$77899868$-,0.66
chr19:35984800-35987200,ENSG00000189001.6$SBSN$chr19$36019253$-,0.4
chr6:143762400-143764200,ENSG00000189007.11$ADAT2$chr6$143771810$-,0.6
chr6:143769600-143771200,ENSG00000189007.11$ADAT2$chr6$143771810$-,0.39
chr6:143818600-143820400,ENSG00000189007.11$ADAT2$chr6$143771810$-,0.72
chr6:143848800-143850800,ENSG00000189007.11$ADAT2$chr6$143771810$-,0.46
chr6:143881400-143883800,ENSG00000189007.11$ADAT2$chr6$143771810$-,0.47
chr6:143886600-143889000,ENSG00000189007.11$ADAT2$chr6$143771810$-,0.49
chr6:143895200-143895600,ENSG00000189007.11$ADAT2$chr6$143771810$-,0.49
chr6:143937600-143939600,ENSG00000189007.11$ADAT2$chr6$143771810$-,0.47
chr6:143946200-143947800,ENSG00000189007.11$ADAT2$chr6$143771810$-,0.43
chr6:143949400-143949800,ENSG00000189007.11$ADAT2$chr6$143771810$-,0.43
chr6:143955000-143956600,ENSG00000189007.11$ADAT2$chr6$143771810$-,0.43
chr6:143960200-143961600,ENSG00000189007.11$ADAT2$chr6$143771810$-,0.45
chrX:44790000-44791400,ENSG00000189037.6$DUSP21$chrX$44703249$+,0.39
chr19:37062600-37063800,ENSG00000189042.9$ZNF567$chr19$37178514$+,0.35
chr19:37065000-37066800,ENSG00000189042.9$ZNF567$chr19$37178514$+,0.42
chr19:37093800-37095600,ENSG00000189042.9$ZNF567$chr19$37178514$+,0.42
chr19:37096800-37099000,ENSG00000189042.9$ZNF567$chr19$37178514$+,0.41
chr19:37155600-37157200,ENSG00000189042.9$ZNF567$chr19$37178514$+,0.65
chr19:37158400-37160800,ENSG00000189042.9$ZNF567$chr19$37178514$+,0.59
chr19:37261400-37263000,ENSG00000189042.9$ZNF567$chr19$37178514$+,0.57
chr19:37264000-37264800,ENSG00000189042.9$ZNF567$chr19$37178514$+,0.41
chr19:37327600-37328800,ENSG00000189042.9$ZNF567$chr19$37178514$+,0.37
chr19:37339000-37340600,ENSG00000189042.9$ZNF567$chr19$37178514$+,0.37
chr7:10927800-10929400,ENSG00000189043.5$NDUFA4$chr7$10979883$-,0.63
chr7:11004800-11005800,ENSG00000189043.5$NDUFA4$chr7$10979883$-,0.69
chr7:11012000-11013000,ENSG00000189043.5$NDUFA4$chr7$10979883$-,0.62
chr7:11019800-11021800,ENSG00000189043.5$NDUFA4$chr7$10979883$-,0.75
chr7:11045000-11046800,ENSG00000189043.5$NDUFA4$chr7$10979883$-,0.57
chr12:109489400-109490000,ENSG00000189046.6$ALKBH2$chr12$109531436$-,0.51
chr17:57976000-57977600,ENSG00000189050.10$RNFT1$chr17$58042122$-,0.53
chr17:57985200-57985400,ENSG00000189050.10$RNFT1$chr17$58042122$-,0.64
chr17:58039600-58041200,ENSG00000189050.10$RNFT1$chr17$58042122$-,0.35
chr17:58210000-58212400,ENSG00000189050.10$RNFT1$chr17$58042122$-,0.43
chr17:8278000-8279600,ENSG00000189051.5$RNF222$chr17$8301144$-,0.38
chr11:58908600-58909800,ENSG00000189057.6$FAM111B$chr11$58874658$+,0.38
chr3:195335400-195337800,ENSG00000189058.4$APOD$chr3$195311076$-,0.35
chr22:38243600-38245000,ENSG00000189060.4$H1F0$chr22$38201114$+,0.43
chr12:46130200-46132000,ENSG00000189079.11$ARID2$chr12$46123448$+,0.64
chr12:46197000-46198200,ENSG00000189079.11$ARID2$chr12$46123448$+,0.55
chr12:46284600-46286400,ENSG00000189079.11$ARID2$chr12$46123448$+,0.35
chr16:70412200-70414400,ENSG00000189091.8$SF3B3$chr16$70557691$+,0.42
chr16:70415000-70417000,ENSG00000189091.8$SF3B3$chr16$70557691$+,0.43
chr16:70473600-70476000,ENSG00000189091.8$SF3B3$chr16$70557691$+,0.5
chr16:70486800-70487800,ENSG00000189091.8$SF3B3$chr16$70557691$+,0.55
chr16:70489000-70491200,ENSG00000189091.8$SF3B3$chr16$70557691$+,0.63
chr16:70542200-70543600,ENSG00000189091.8$SF3B3$chr16$70557691$+,0.59
chr16:70574200-70575200,ENSG00000189091.8$SF3B3$chr16$70557691$+,0.51
chr19:45505200-45507000,ENSG00000189114.6$BLOC1S3$chr19$45682003$+,0.43
chr19:45540800-45542200,ENSG00000189114.6$BLOC1S3$chr19$45682003$+,0.57
chr19:45841600-45842800,ENSG00000189114.6$BLOC1S3$chr19$45682003$+,0.47
chr19:45871200-45873400,ENSG00000189114.6$BLOC1S3$chr19$45682003$+,0.37
chr6:28220200-28222600,ENSG00000189134.3$NKAPL$chr6$28227098$+,0.48
chr19:38270800-38272000,ENSG00000189144.9$ZNF573$chr19$38307940$-,0.35
chr4:77070200-77071800,ENSG00000189157.9$FAM47E$chr4$77135193$+,0.52
chr4:77274800-77276800,ENSG00000189157.9$FAM47E$chr4$77135193$+,0.38
chr17:72978400-72980200,ENSG00000189159.11$HN1$chr17$73164376$-,0.35
chr17:73044200-73046200,ENSG00000189159.11$HN1$chr17$73164376$-,0.48
chr17:73104200-73105600,ENSG00000189159.11$HN1$chr17$73164376$-,0.54
chr17:73172600-73173200,ENSG00000189159.11$HN1$chr17$73164376$-,0.62
chr17:73179400-73181000,ENSG00000189159.11$HN1$chr17$73164376$-,0.62
chr17:73199800-73201200,ENSG00000189159.11$HN1$chr17$73164376$-,0.64
chr17:73258600-73260600,ENSG00000189159.11$HN1$chr17$73164376$-,0.5
chr17:73282800-73285000,ENSG00000189159.11$HN1$chr17$73164376$-,0.45
chr19:37699000-37701000,ENSG00000189164.10$ZNF527$chr19$37861963$+,0.48
chr19:37823400-37825200,ENSG00000189164.10$ZNF527$chr19$37861963$+,0.44
chr19:37826000-37827400,ENSG00000189164.10$ZNF527$chr19$37861963$+,0.62
chr19:37956200-37957600,ENSG00000189164.10$ZNF527$chr19$37861963$+,0.56
chr19:37958400-37959800,ENSG00000189164.10$ZNF527$chr19$37861963$+,0.49
chr19:37996000-37997000,ENSG00000189164.10$ZNF527$chr19$37861963$+,0.36
chr13:32808600-32809600,ENSG00000189167.7$ZAR1L$chr13$32889481$-,0.5
chr1:153630200-153631200,ENSG00000189171.9$S100A13$chr1$153606568$-,0.54
chr1:153631800-153634200,ENSG00000189171.9$S100A13$chr1$153606568$-,0.53
chr1:153754600-153755800,ENSG00000189171.9$S100A13$chr1$153606568$-,0.38
chr10:38262800-38265000,ENSG00000189180.11$ZNF33A$chr10$38299578$+,0.72
chr10:38315600-38317800,ENSG00000189180.11$ZNF33A$chr10$38299578$+,0.53
chr10:38382200-38383000,ENSG00000189180.11$ZNF33A$chr10$38299578$+,0.5
chr10:38383800-38386200,ENSG00000189180.11$ZNF33A$chr10$38299578$+,0.46
chr19:53141600-53143000,ENSG00000189190.7$ZNF600$chr19$53290044$-,0.44
chr19:53184200-53185400,ENSG00000189190.7$ZNF600$chr19$53290044$-,0.43
chr19:53194000-53196000,ENSG00000189190.7$ZNF600$chr19$53290044$-,0.41
chr19:53235600-53237600,ENSG00000189190.7$ZNF600$chr19$53290044$-,0.45
chr19:53238400-53240000,ENSG00000189190.7$ZNF600$chr19$53290044$-,0.57
chr19:53323600-53324200,ENSG00000189190.7$ZNF600$chr19$53290044$-,0.7
chr19:53397800-53400200,ENSG00000189190.7$ZNF600$chr19$53290044$-,0.48
chr19:53466800-53467800,ENSG00000189190.7$ZNF600$chr19$53290044$-,0.37
chr1:92481800-92484200,ENSG00000189195.5$BTBD8$chr1$92545862$+,0.62
chr1:92666800-92669200,ENSG00000189195.5$BTBD8$chr1$92545862$+,0.41
chr8:27959400-27960000,ENSG00000189233.7$NUGGC$chr8$27941388$-,0.56
chr6:116457000-116459000,ENSG00000189241.6$TSPYL1$chr6$116601066$-,0.37
chr1:24115200-24117400,ENSG00000189266.7$PNRC2$chr1$24285599$+,0.35
chr1:24149600-24151400,ENSG00000189266.7$PNRC2$chr1$24285599$+,0.46
chr1:24152400-24153200,ENSG00000189266.7$PNRC2$chr1$24285599$+,0.41
chr3:61405800-61406400,ENSG00000189283.5$FHIT$chr3$61237133$-,0.37
chr6:28169800-28170800,ENSG00000189298.9$ZKSCAN3$chr6$28317691$+,0.48
chr6:28220200-28222600,ENSG00000189298.9$ZKSCAN3$chr6$28317691$+,0.6
chr6:28226400-28227800,ENSG00000189298.9$ZKSCAN3$chr6$28317691$+,0.54
chr6:28270800-28272400,ENSG00000189298.9$ZKSCAN3$chr6$28317691$+,0.63
chr6:28301000-28303400,ENSG00000189298.9$ZKSCAN3$chr6$28317691$+,0.55
chr6:28304400-28306800,ENSG00000189298.9$ZKSCAN3$chr6$28317691$+,0.62
chr6:28357200-28357400,ENSG00000189298.9$ZKSCAN3$chr6$28317691$+,0.6
chr6:28368000-28369400,ENSG00000189298.9$ZKSCAN3$chr6$28317691$+,0.55
chr6:28408600-28411000,ENSG00000189298.9$ZKSCAN3$chr6$28317691$+,0.57
chr6:28411200-28412800,ENSG00000189298.9$ZKSCAN3$chr6$28317691$+,0.57
chr6:28414200-28415600,ENSG00000189298.9$ZKSCAN3$chr6$28317691$+,0.54
chrX:55512800-55515000,ENSG00000189299.5$FOXR2$chrX$55649833$+,0.35
chrX:55714400-55715400,ENSG00000189299.5$FOXR2$chrX$55649833$+,0.42
chr22:43045800-43046600,ENSG00000189306.6$RRP7A$chr22$42915808$-,0.43
chr4:83954600-83955400,ENSG00000189308.6$LIN54$chr4$83934079$-,0.62
chr10:126478600-126479800,ENSG00000189319.9$FAM53B$chr10$126432838$-,0.52
chr10:126481200-126482000,ENSG00000189319.9$FAM53B$chr10$126432838$-,0.5
chr10:126491200-126492800,ENSG00000189319.9$FAM53B$chr10$126432838$-,0.45
chr6:36390000-36391000,ENSG00000189325.6$C6orf222$chr6$36304662$-,0.37
chr11:18125200-18127000,ENSG00000189332.4$RP11-113D6.10$chr11$18230685$+,0.39
chr11:18127600-18128800,ENSG00000189332.4$RP11-113D6.10$chr11$18230685$+,0.51
chr11:18136800-18137600,ENSG00000189332.4$RP11-113D6.10$chr11$18230685$+,0.4
chr1:1405000-1407200,ENSG00000189339.7$SLC35E2B$chr1$1624167$-,0.38
chr1:1407600-1410000,ENSG00000189339.7$SLC35E2B$chr1$1624167$-,0.39
chr1:1445600-1447000,ENSG00000189339.7$SLC35E2B$chr1$1624167$-,0.36
chr1:1548200-1550200,ENSG00000189339.7$SLC35E2B$chr1$1624167$-,0.51
chr1:1652000-1653800,ENSG00000189339.7$SLC35E2B$chr1$1624167$-,0.74
chr1:1657600-1659200,ENSG00000189339.7$SLC35E2B$chr1$1624167$-,0.65
chr1:1673200-1675400,ENSG00000189339.7$SLC35E2B$chr1$1624167$-,0.41
chr1:1680000-1681000,ENSG00000189339.7$SLC35E2B$chr1$1624167$-,0.6
chr1:1841000-1843400,ENSG00000189339.7$SLC35E2B$chr1$1624167$-,0.39
chr2:29195200-29196400,ENSG00000189350.8$FAM179A$chr2$29179477$+,0.48
chr2:191358000-191359800,ENSG00000189362.7$TMEM194B$chr2$191399448$-,0.76
chrX:51545200-51546200,ENSG00000189369.7$GSPT2$chrX$51486481$+,0.42
chrX:51546800-51549000,ENSG00000189369.7$GSPT2$chrX$51486481$+,0.45
chr17:18466400-18468200,ENSG00000189375.6$TBC1D28$chr17$18565263$-,0.39
chr17:18586000-18587400,ENSG00000189375.6$TBC1D28$chr17$18565263$-,0.67
chr17:18615200-18616800,ENSG00000189375.6$TBC1D28$chr17$18565263$-,0.52
chr8:124124000-124125800,ENSG00000189376.7$C8orf76$chr8$124253638$-,0.39
chr8:124141200-124143000,ENSG00000189376.7$C8orf76$chr8$124253638$-,0.49
chr8:124160600-124163000,ENSG00000189376.7$C8orf76$chr8$124253638$-,0.64
chr8:124263000-124265200,ENSG00000189376.7$C8orf76$chr8$124253638$-,0.73
chr8:124322000-124324000,ENSG00000189376.7$C8orf76$chr8$124253638$-,0.45
chr8:124324200-124324600,ENSG00000189376.7$C8orf76$chr8$124253638$-,0.54
chr8:124376200-124376800,ENSG00000189376.7$C8orf76$chr8$124253638$-,0.38
chr8:124409000-124410200,ENSG00000189376.7$C8orf76$chr8$124253638$-,0.35
chr13:31035600-31038000,ENSG00000189403.10$HMGB1$chr13$31191734$-,0.4
chr13:31039800-31042200,ENSG00000189403.10$HMGB1$chr13$31191734$-,0.43
chr13:31205000-31206200,ENSG00000189403.10$HMGB1$chr13$31191734$-,0.68
chr13:31340000-31342200,ENSG00000189403.10$HMGB1$chr13$31191734$-,0.4
chr1:1405000-1407200,ENSG00000189409.8$MMP23B$chr1$1567474$+,0.39
chr1:1407600-1410000,ENSG00000189409.8$MMP23B$chr1$1567474$+,0.37
chr1:1445600-1447000,ENSG00000189409.8$MMP23B$chr1$1567474$+,0.47
chr1:1548200-1550200,ENSG00000189409.8$MMP23B$chr1$1567474$+,0.58
chr1:1652000-1653800,ENSG00000189409.8$MMP23B$chr1$1567474$+,0.53
chr1:1657600-1659200,ENSG00000189409.8$MMP23B$chr1$1567474$+,0.52
chr1:1680000-1681000,ENSG00000189409.8$MMP23B$chr1$1567474$+,0.38
chr1:21102600-21103800,ENSG00000189410.7$SH2D5$chr1$21059330$-,0.42
chr10:101963600-101965200,ENSG00000196072.7$BLOC1S2$chr10$102046469$-,0.39
chr10:101986200-101988600,ENSG00000196072.7$BLOC1S2$chr10$102046469$-,0.46
chr10:101989600-101990800,ENSG00000196072.7$BLOC1S2$chr10$102046469$-,0.54
chr20:58516400-58518600,ENSG00000196074.8$SYCP2$chr20$58508710$-,0.64
chr19:23457200-23458800,ENSG00000196081.5$ZNF724P$chr19$23433192$-,0.42
chr3:190142400-190143000,ENSG00000196083.5$IL1RAP$chr3$190231840$+,0.57
chr9:37078800-37079600,ENSG00000196092.8$PAX5$chr9$37034103$-,0.62
chr9:37106400-37108600,ENSG00000196092.8$PAX5$chr9$37034103$-,0.46
chr9:37119200-37120200,ENSG00000196092.8$PAX5$chr9$37034103$-,0.41
chr3:97906400-97908400,ENSG00000196098.2$OR5K4$chr3$98072698$+,0.42
chr19:9250200-9250800,ENSG00000196110.3$ZNF699$chr19$9420514$-,0.35
chr19:9257400-9257800,ENSG00000196110.3$ZNF699$chr19$9420514$-,0.43
chr19:9435200-9437000,ENSG00000196110.3$ZNF699$chr19$9420514$-,0.54
chr19:9518200-9519000,ENSG00000196110.3$ZNF699$chr19$9420514$-,0.39
chr19:9543400-9545400,ENSG00000196110.3$ZNF699$chr19$9420514$-,0.42
chr19:9546400-9548600,ENSG00000196110.3$ZNF699$chr19$9420514$-,0.47
chr9:100338000-100338800,ENSG00000196116.6$TDRD7$chr9$100174232$+,0.41
chr9:99983000-99985200,ENSG00000196116.6$TDRD7$chr9$100174232$+,0.5
chr16:30646200-30648200,ENSG00000196118.7$C16orf93$chr16$30774031$-,0.36
chr16:30711000-30713200,ENSG00000196118.7$C16orf93$chr16$30774031$-,0.54
chr16:30757800-30759600,ENSG00000196118.7$C16orf93$chr16$30774031$-,0.75
chr16:30760000-30762400,ENSG00000196118.7$C16orf93$chr16$30774031$-,0.72
chr16:30816000-30816600,ENSG00000196118.7$C16orf93$chr16$30774031$-,0.57
chr16:67060200-67062600,ENSG00000196123.8$KIAA0895L$chr16$67217943$-,0.37
chr16:67141800-67143400,ENSG00000196123.8$KIAA0895L$chr16$67217943$-,0.55
chr16:67261800-67263600,ENSG00000196123.8$KIAA0895L$chr16$67217943$-,0.59
chr6:32427200-32428600,ENSG00000196126.6$HLA-DRB1$chr6$32557625$-,0.35
chr6:32536000-32536400,ENSG00000196126.6$HLA-DRB1$chr6$32557625$-,0.7
chr6:32587800-32588400,ENSG00000196126.6$HLA-DRB1$chr6$32557625$-,0.62
chr6:32594600-32597000,ENSG00000196126.6$HLA-DRB1$chr6$32557625$-,0.54
chr6:32608800-32610800,ENSG00000196126.6$HLA-DRB1$chr6$32557625$-,0.48
chr19:53756400-53757600,ENSG00000196131.6$VN1R2$chr19$53761545$+,0.49
chr8:145954800-145956800,ENSG00000196150.9$ZNF250$chr8$146127553$-,0.35
chr8:146010200-146012000,ENSG00000196150.9$ZNF250$chr8$146127553$-,0.38
chr8:146079000-146080000,ENSG00000196150.9$ZNF250$chr8$146127553$-,0.48
chr8:146176600-146177400,ENSG00000196150.9$ZNF250$chr8$146127553$-,0.61
chr8:146278400-146280200,ENSG00000196150.9$ZNF250$chr8$146127553$-,0.38
chr9:130006400-130007600,ENSG00000196152.6$ZNF79$chr9$130186661$+,0.38
chr17:39208000-39209800,ENSG00000196156.3$KRTAP4-3$chr17$39324424$-,0.4
chr17:39283200-39283400,ENSG00000196156.3$KRTAP4-3$chr17$39324424$-,0.57
chr4:126234200-126236200,ENSG00000196159.7$FAT4$chr4$126237554$+,0.41
chr17:72283000-72283800,ENSG00000196169.10$KIF19$chr17$72322349$+,0.6
chr17:72489000-72490000,ENSG00000196169.10$KIF19$chr17$72322349$+,0.4
chr1:158615600-158617400,ENSG00000196171.2$OR6K2$chr1$158670486$-,0.53
chr19:23870200-23872000,ENSG00000196172.8$ZNF681$chr19$23941693$-,0.61
chr19:23959400-23961800,ENSG00000196172.8$ZNF681$chr19$23941693$-,0.61
chr19:23975600-23977000,ENSG00000196172.8$ZNF681$chr19$23941693$-,0.63
chr6:25852000-25852800,ENSG00000196176.7$HIST1H4A$chr6$26021907$+,0.36
chr6:25946400-25947800,ENSG00000196176.7$HIST1H4A$chr6$26021907$+,0.42
chr6:26042400-26044600,ENSG00000196176.7$HIST1H4A$chr6$26021907$+,0.69
chr6:26057200-26058800,ENSG00000196176.7$HIST1H4A$chr6$26021907$+,0.65
chr6:26085800-26087600,ENSG00000196176.7$HIST1H4A$chr6$26021907$+,0.57
chr6:26088200-26090400,ENSG00000196176.7$HIST1H4A$chr6$26021907$+,0.55
chr6:26115200-26117000,ENSG00000196176.7$HIST1H4A$chr6$26021907$+,0.49
chr6:26235600-26237400,ENSG00000196176.7$HIST1H4A$chr6$26021907$+,0.38
chr6:26239800-26241000,ENSG00000196176.7$HIST1H4A$chr6$26021907$+,0.39
chr1:36916600-36917600,ENSG00000196182.6$STK40$chr1$36851497$-,0.36
chr1:225973400-225974800,ENSG00000196187.7$TMEM63A$chr1$226070069$-,0.45
chr13:20212600-20214800,ENSG00000196199.9$MPHOSPH8$chr13$20207788$+,0.66
chr13:20282800-20283400,ENSG00000196199.9$MPHOSPH8$chr13$20207788$+,0.49
chr13:20295600-20296000,ENSG00000196199.9$MPHOSPH8$chr13$20207788$+,0.35
chr13:20330200-20332600,ENSG00000196199.9$MPHOSPH8$chr13$20207788$+,0.4
chr13:20357400-20358400,ENSG00000196199.9$MPHOSPH8$chr13$20207788$+,0.37
chr19:52640000-52642400,ENSG00000196214.6$ZNF766$chr19$52772824$+,0.5
chr19:52672800-52674000,ENSG00000196214.6$ZNF766$chr19$52772824$+,0.4
chr19:52675000-52676400,ENSG00000196214.6$ZNF766$chr19$52772824$+,0.41
chr19:52690400-52692600,ENSG00000196214.6$ZNF766$chr19$52772824$+,0.48
chr19:52799000-52800000,ENSG00000196214.6$ZNF766$chr19$52772824$+,0.69
chr19:52801000-52802800,ENSG00000196214.6$ZNF766$chr19$52772824$+,0.57
chr19:52840200-52841600,ENSG00000196214.6$ZNF766$chr19$52772824$+,0.52
chr19:52874000-52875200,ENSG00000196214.6$ZNF766$chr19$52772824$+,0.49
chr19:38864200-38865400,ENSG00000196218.7$RYR1$chr19$38924339$+,0.36
chr19:38894400-38896400,ENSG00000196218.7$RYR1$chr19$38924339$+,0.48
chr19:38919200-38920600,ENSG00000196218.7$RYR1$chr19$38924339$+,0.59
chr3:9291400-9293800,ENSG00000196220.11$SRGAP3$chr3$9404737$-,0.41
chr3:9342400-9344800,ENSG00000196220.11$SRGAP3$chr3$9404737$-,0.53
chr3:9492600-9495000,ENSG00000196220.11$SRGAP3$chr3$9404737$-,0.45
chr11:1640400-1641400,ENSG00000196224.7$KRTAP5-3$chr11$1629693$-,0.45
chr11:1649600-1651400,ENSG00000196224.7$KRTAP5-3$chr11$1629693$-,0.35
chr6:26057200-26058800,ENSG00000196226.2$HIST1H2BB$chr6$26043885$-,0.59
chr6:26085800-26087600,ENSG00000196226.2$HIST1H2BB$chr6$26043885$-,0.66
chr6:26088200-26090400,ENSG00000196226.2$HIST1H2BB$chr6$26043885$-,0.51
chr6:26115200-26117000,ENSG00000196226.2$HIST1H2BB$chr6$26043885$-,0.47
chr20:58516400-58518600,ENSG00000196227.6$FAM217B$chr20$58508819$+,0.65
chr6:30564800-30565600,ENSG00000196230.8$TUBB$chr6$30687978$+,0.37
chr6:30573800-30576000,ENSG00000196230.8$TUBB$chr6$30687978$+,0.36
chr6:30586200-30588000,ENSG00000196230.8$TUBB$chr6$30687978$+,0.43
chr6:30595000-30597000,ENSG00000196230.8$TUBB$chr6$30687978$+,0.4
chr6:30616000-30617800,ENSG00000196230.8$TUBB$chr6$30687978$+,0.45
chr6:30658800-30660400,ENSG00000196230.8$TUBB$chr6$30687978$+,0.54
chr6:30682400-30684800,ENSG00000196230.8$TUBB$chr6$30687978$+,0.63
chr6:30793600-30793800,ENSG00000196230.8$TUBB$chr6$30687978$+,0.41
chr10:98653600-98654200,ENSG00000196233.7$LCOR$chr10$98592017$+,0.47
chr19:39879200-39881200,ENSG00000196235.9$SUPT5H$chr19$39926796$+,0.4
chr19:39885800-39886200,ENSG00000196235.9$SUPT5H$chr19$39926796$+,0.56
chr19:39934000-39935800,ENSG00000196235.9$SUPT5H$chr19$39926796$+,0.67
chr19:39969200-39971400,ENSG00000196235.9$SUPT5H$chr19$39926796$+,0.54
chr19:39972000-39974400,ENSG00000196235.9$SUPT5H$chr19$39926796$+,0.51
chr19:40028000-40029800,ENSG00000196235.9$SUPT5H$chr19$39926796$+,0.44
chr22:41126400-41126600,ENSG00000196236.8$XPNPEP3$chr22$41253081$+,0.4
chr22:41215600-41217600,ENSG00000196236.8$XPNPEP3$chr22$41253081$+,0.6
chr22:41294600-41295600,ENSG00000196236.8$XPNPEP3$chr22$41253081$+,0.64
chr22:41318800-41319400,ENSG00000196236.8$XPNPEP3$chr22$41253081$+,0.43
chr22:41418600-41419800,ENSG00000196236.8$XPNPEP3$chr22$41253081$+,0.41
chr22:41486400-41487200,ENSG00000196236.8$XPNPEP3$chr22$41253081$+,0.35
chr1:248579400-248581800,ENSG00000196240.2$OR2T2$chr1$248616077$+,0.35
chr1:248644800-248646800,ENSG00000196240.2$OR2T2$chr1$248616077$+,0.37
chr7:64023800-64024800,ENSG00000196247.7$ZNF107$chr7$64126511$+,0.4
chr7:64131200-64132000,ENSG00000196247.7$ZNF107$chr7$64126511$+,0.65
chr7:64252400-64254600,ENSG00000196247.7$ZNF107$chr7$64126511$+,0.35
chr7:44622400-44623400,ENSG00000196262.9$PPIA$chr7$44836279$+,0.35
chr7:44787000-44787800,ENSG00000196262.9$PPIA$chr7$44836279$+,0.64
chr7:44826000-44827600,ENSG00000196262.9$PPIA$chr7$44836279$+,0.74
chr7:44961000-44962200,ENSG00000196262.9$PPIA$chr7$44836279$+,0.45
chr19:57049000-57049400,ENSG00000196263.3$ZNF471$chr19$57019212$+,0.53
chr19:57079400-57080200,ENSG00000196263.3$ZNF471$chr19$57019212$+,0.43
chr19:52596400-52598200,ENSG00000196267.8$ZNF836$chr19$52674896$-,0.48
chr19:52640000-52642400,ENSG00000196267.8$ZNF836$chr19$52674896$-,0.47
chr19:52690400-52692600,ENSG00000196267.8$ZNF836$chr19$52674896$-,0.48
chr19:52771800-52772800,ENSG00000196267.8$ZNF836$chr19$52674896$-,0.39
chr19:21512200-21513400,ENSG00000196268.7$ZNF493$chr19$21579921$+,0.46
chr19:21541000-21541600,ENSG00000196268.7$ZNF493$chr19$21579921$+,0.63
chr19:21542400-21544200,ENSG00000196268.7$ZNF493$chr19$21579921$+,0.66
chr19:21656800-21659000,ENSG00000196268.7$ZNF493$chr19$21579921$+,0.5
chr19:21687200-21688400,ENSG00000196268.7$ZNF493$chr19$21579921$+,0.5
chr19:21695800-21697200,ENSG00000196268.7$ZNF493$chr19$21579921$+,0.39
chr7:74307400-74307800,ENSG00000196275.9$GTF2IRD2$chr7$74267847$-,0.4
chr2:201673400-201675800,ENSG00000196290.10$NIF3L1$chr2$201754050$+,0.42
chr16:28855400-28857200,ENSG00000196296.9$ATP2A1$chr16$28889726$+,0.5
chr16:28858400-28860000,ENSG00000196296.9$ATP2A1$chr16$28889726$+,0.35
chr16:28873000-28874400,ENSG00000196296.9$ATP2A1$chr16$28889726$+,0.4
chr9:99638400-99640200,ENSG00000196312.7$HIATL2$chr9$99775862$-,0.38
chr9:99735600-99737000,ENSG00000196312.7$HIATL2$chr9$99775862$-,0.67
chr9:99739400-99741200,ENSG00000196312.7$HIATL2$chr9$99775862$-,0.66
chr9:99752200-99754000,ENSG00000196312.7$HIATL2$chr9$99775862$-,0.7
chr7:72296400-72298200,ENSG00000196313.7$POM121$chr7$72349936$+,0.5
chr7:72393800-72395000,ENSG00000196313.7$POM121$chr7$72349936$+,0.54
chr7:72396200-72398600,ENSG00000196313.7$POM121$chr7$72349936$+,0.48
chr11:130082400-130084200,ENSG00000196323.7$ZBTB44$chr11$130184581$-,0.43
chr11:130209000-130211200,ENSG00000196323.7$ZBTB44$chr11$130184581$-,0.67
chr10:5313600-5315200,ENSG00000196326.6$AKR1CL1$chr10$5244449$-,0.41
chr10:5329800-5330600,ENSG00000196326.6$AKR1CL1$chr10$5244449$-,0.37
chr7:150117400-150118800,ENSG00000196329.6$GIMAP5$chr7$150419341$+,0.41
chr7:150291000-150293400,ENSG00000196329.6$GIMAP5$chr7$150419341$+,0.42
chr7:150306800-150308400,ENSG00000196329.6$GIMAP5$chr7$150419341$+,0.45
chr7:150332600-150335000,ENSG00000196329.6$GIMAP5$chr7$150419341$+,0.4
chr7:150341400-150343800,ENSG00000196329.6$GIMAP5$chr7$150419341$+,0.4
chr7:150411200-150413600,ENSG00000196329.6$GIMAP5$chr7$150419341$+,0.59
chr7:150449000-150449600,ENSG00000196329.6$GIMAP5$chr7$150419341$+,0.66
chr6:27719000-27720200,ENSG00000196331.5$HIST1H2BO$chr6$27861203$+,0.36
chr6:27759000-27759600,ENSG00000196331.5$HIST1H2BO$chr6$27861203$+,0.47
chr6:27776400-27777800,ENSG00000196331.5$HIST1H2BO$chr6$27861203$+,0.54
chr6:27792800-27794600,ENSG00000196331.5$HIST1H2BO$chr6$27861203$+,0.54
chr6:27796400-27798400,ENSG00000196331.5$HIST1H2BO$chr6$27861203$+,0.58
chr4:100425000-100427000,ENSG00000196344.7$ADH7$chr4$100356894$-,0.39
chr3:44552600-44554000,ENSG00000196345.8$ZKSCAN7$chr3$44596685$+,0.48
chr3:44667200-44669600,ENSG00000196345.8$ZKSCAN7$chr3$44596685$+,0.53
chr3:44688800-44690000,ENSG00000196345.8$ZKSCAN7$chr3$44596685$+,0.38
chr3:44690600-44691800,ENSG00000196345.8$ZKSCAN7$chr3$44596685$+,0.45
chr1:207361800-207363800,ENSG00000196352.9$CD55$chr1$207494853$+,0.42
chr1:207449800-207451400,ENSG00000196352.9$CD55$chr1$207494853$+,0.51
chr1:207627200-207629200,ENSG00000196352.9$CD55$chr1$207494853$+,0.49
chr1:207636200-207637600,ENSG00000196352.9$CD55$chr1$207494853$+,0.43
chr1:207638800-207639600,ENSG00000196352.9$CD55$chr1$207494853$+,0.35
chr1:207647200-207647400,ENSG00000196352.9$CD55$chr1$207494853$+,0.36
chr4:38709000-38710600,ENSG00000196355.2$AC021860.1$chr4$38666430$-,0.59
chr4:38731400-38733600,ENSG00000196355.2$AC021860.1$chr4$38666430$-,0.44
chr9:135168200-135170600,ENSG00000196358.6$NTNG2$chr9$135037334$+,0.35
chr19:11544800-11546400,ENSG00000196361.5$ELAVL3$chr19$11591861$-,0.56
chr19:11547000-11549400,ENSG00000196361.5$ELAVL3$chr19$11591861$-,0.58
chr19:11614800-11616800,ENSG00000196361.5$ELAVL3$chr19$11591861$-,0.63
chr19:11617000-11618800,ENSG00000196361.5$ELAVL3$chr19$11591861$-,0.46
chr19:11637000-11639400,ENSG00000196361.5$ELAVL3$chr19$11591861$-,0.45
chr9:136933800-136936200,ENSG00000196363.5$WDR5$chr9$137000487$+,0.46
chr9:137030600-137031800,ENSG00000196363.5$WDR5$chr9$137000487$+,0.59
chr19:5614600-5616600,ENSG00000196365.7$LONP1$chr19$5720583$-,0.36
chr19:5681200-5683600,ENSG00000196365.7$LONP1$chr19$5720583$-,0.62
chr19:5788200-5790400,ENSG00000196365.7$LONP1$chr19$5720583$-,0.48
chr19:5794000-5795000,ENSG00000196365.7$LONP1$chr19$5720583$-,0.52
chr7:98481000-98483000,ENSG00000196367.8$TRRAP$chr7$98475556$+,0.46
chr7:98485800-98486600,ENSG00000196367.8$TRRAP$chr7$98475556$+,0.51
chr11:94224400-94226200,ENSG00000196371.2$FUT4$chr11$94277017$+,0.5
chr10:5709000-5711000,ENSG00000196372.8$ASB13$chr10$5708558$-,0.39
chr10:5743600-5744200,ENSG00000196372.8$ASB13$chr10$5708558$-,0.38
chr10:5744400-5745200,ENSG00000196372.8$ASB13$chr10$5708558$-,0.38
chr6:27655800-27657600,ENSG00000196374.5$HIST1H2BM$chr6$27782822$+,0.36
chr6:27719000-27720200,ENSG00000196374.5$HIST1H2BM$chr6$27782822$+,0.55
chr6:27759000-27759600,ENSG00000196374.5$HIST1H2BM$chr6$27782822$+,0.58
chr6:27776400-27777800,ENSG00000196374.5$HIST1H2BM$chr6$27782822$+,0.65
chr6:27792800-27794600,ENSG00000196374.5$HIST1H2BM$chr6$27782822$+,0.6
chr6:27796400-27798400,ENSG00000196374.5$HIST1H2BM$chr6$27782822$+,0.69
chr8:146010200-146012000,ENSG00000196378.7$ZNF34$chr8$146012730$-,0.37
chr19:38143000-38145400,ENSG00000196381.6$ZNF781$chr19$38183223$-,0.55
chr19:38147400-38149600,ENSG00000196381.6$ZNF781$chr19$38183223$-,0.65
chr19:38268200-38269600,ENSG00000196381.6$ZNF781$chr19$38183223$-,0.44
chr12:133533400-133534600,ENSG00000196387.5$ZNF140$chr12$133656424$+,0.55
chr12:133561800-133562600,ENSG00000196387.5$ZNF140$chr12$133656424$+,0.43
chr12:133563800-133565400,ENSG00000196387.5$ZNF140$chr12$133656424$+,0.37
chr12:133613000-133613600,ENSG00000196387.5$ZNF140$chr12$133656424$+,0.61
chr12:133614600-133615200,ENSG00000196387.5$ZNF140$chr12$133656424$+,0.62
chr12:133707800-133709000,ENSG00000196387.5$ZNF140$chr12$133656424$+,0.57
chr17:4643200-4644600,ENSG00000196388.4$INCA1$chr17$4900905$-,0.35
chr17:4700000-4701800,ENSG00000196388.4$INCA1$chr17$4900905$-,0.35
chr17:4891600-4893600,ENSG00000196388.4$INCA1$chr17$4900905$-,0.61
chr17:4943000-4944000,ENSG00000196388.4$INCA1$chr17$4900905$-,0.6
chr15:90681400-90683600,ENSG00000196391.6$ZNF774$chr15$90895477$+,0.41
chr15:90777800-90778600,ENSG00000196391.6$ZNF774$chr15$90895477$+,0.38
chr15:90972200-90974200,ENSG00000196391.6$ZNF774$chr15$90895477$+,0.61
chr15:91036400-91037800,ENSG00000196391.6$ZNF774$chr15$90895477$+,0.36
chr20:49080400-49082200,ENSG00000196396.5$PTPN1$chr20$49126891$+,0.67
chr20:49100400-49102200,ENSG00000196396.5$PTPN1$chr20$49126891$+,0.65
chr16:2008200-2009600,ENSG00000196408.7$NOXO1$chr16$2034193$-,0.4
chr16:2020000-2021600,ENSG00000196408.7$NOXO1$chr16$2034193$-,0.53
chr16:2060200-2062400,ENSG00000196408.7$NOXO1$chr16$2034193$-,0.48
chr16:2069000-2071200,ENSG00000196408.7$NOXO1$chr16$2034193$-,0.43
chr16:2098600-2099800,ENSG00000196408.7$NOXO1$chr16$2034193$-,0.38
chr7:100448800-100450000,ENSG00000196411.5$EPHB4$chr7$100425121$-,0.47
chr19:53896600-53898400,ENSG00000196417.8$ZNF765$chr19$53893046$+,0.36
chr1:247265200-247267000,ENSG00000196418.8$ZNF124$chr1$247335318$-,0.36
chr1:247267800-247270200,ENSG00000196418.8$ZNF124$chr1$247335318$-,0.38
chr1:247288800-247289400,ENSG00000196418.8$ZNF124$chr1$247335318$-,0.43
chr1:247290800-247292200,ENSG00000196418.8$ZNF124$chr1$247335318$-,0.38
chr22:41940600-41942200,ENSG00000196419.8$XRCC6$chr22$42017123$+,0.5
chr22:41983200-41985200,ENSG00000196419.8$XRCC6$chr22$42017123$+,0.61
chr22:42044200-42044800,ENSG00000196419.8$XRCC6$chr22$42017123$+,0.55
chr22:42075600-42078000,ENSG00000196419.8$XRCC6$chr22$42017123$+,0.47
chr22:42078800-42081000,ENSG00000196419.8$XRCC6$chr22$42017123$+,0.52
chr22:42085400-42087200,ENSG00000196419.8$XRCC6$chr22$42017123$+,0.48
chr1:153379200-153380400,ENSG00000196420.3$S100A5$chr1$153514241$-,0.45
chr1:153630200-153631200,ENSG00000196420.3$S100A5$chr1$153514241$-,0.4
chr1:153631800-153634200,ENSG00000196420.3$S100A5$chr1$153514241$-,0.41
chr9:138372600-138374400,ENSG00000196422.6$PPP1R26$chr9$138370925$+,0.41
chr9:138390400-138392000,ENSG00000196422.6$PPP1R26$chr9$138370925$+,0.44
chr1:108751200-108752800,ENSG00000196427.9$NBPF4$chr1$108786689$-,0.43
chr3:150123400-150125600,ENSG00000196428.8$TSC22D2$chr3$150126122$+,0.37
chrX:1701000-1703000,ENSG00000196433.7$ASMT$chrX$1733894$+,0.35
chr16:74402600-74405000,ENSG00000196436.7$NPIPB15$chr16$74411776$+,0.5
chr19:37823400-37825200,ENSG00000196437.6$ZNF569$chr19$37960177$-,0.4
chr19:37826000-37827400,ENSG00000196437.6$ZNF569$chr19$37960177$-,0.47
chr19:37956200-37957600,ENSG00000196437.6$ZNF569$chr19$37960177$-,0.54
chr19:37996000-37997000,ENSG00000196437.6$ZNF569$chr19$37960177$-,0.67
chr19:38084200-38085000,ENSG00000196437.6$ZNF569$chr19$37960177$-,0.4
chr19:38086200-38088400,ENSG00000196437.6$ZNF569$chr19$37960177$-,0.41
chrX:100604000-100605000,ENSG00000196440.7$ARMCX4$chrX$100673275$+,0.4
chrX:100660200-100662400,ENSG00000196440.7$ARMCX4$chrX$100673275$+,0.45
chr1:38147800-38148800,ENSG00000196449.3$YRDC$chr1$38273857$-,0.36
chr1:38153600-38155600,ENSG00000196449.3$YRDC$chr1$38273857$-,0.47
chr7:149231800-149233000,ENSG00000196453.7$ZNF777$chr7$149158214$-,0.47
chr3:130456200-130457600,ENSG00000196455.3$PIK3R4$chr3$130465673$-,0.74
chr7:150117400-150118800,ENSG00000196456.4$ZNF775$chr7$150065879$+,0.54
chr7:150136800-150138000,ENSG00000196456.4$ZNF775$chr7$150065879$+,0.63
chr7:150266200-150268600,ENSG00000196456.4$ZNF775$chr7$150065879$+,0.37
chr7:150291000-150293400,ENSG00000196456.4$ZNF775$chr7$150065879$+,0.37
chr7:150306800-150308400,ENSG00000196456.4$ZNF775$chr7$150065879$+,0.36
chr7:150332600-150335000,ENSG00000196456.4$ZNF775$chr7$150065879$+,0.36
chr7:150341400-150343800,ENSG00000196456.4$ZNF775$chr7$150065879$+,0.39
chr12:133406000-133407000,ENSG00000196458.6$ZNF605$chr12$133532892$-,0.49
chr12:133462200-133463600,ENSG00000196458.6$ZNF605$chr12$133532892$-,0.47
chr12:133465000-133467400,ENSG00000196458.6$ZNF605$chr12$133532892$-,0.46
chr12:133561800-133562600,ENSG00000196458.6$ZNF605$chr12$133532892$-,0.69
chr12:133563800-133565400,ENSG00000196458.6$ZNF605$chr12$133532892$-,0.71
chr12:133613000-133613600,ENSG00000196458.6$ZNF605$chr12$133532892$-,0.56
chr12:133614600-133615200,ENSG00000196458.6$ZNF605$chr12$133532892$-,0.61
chrX:13671800-13674200,ENSG00000196459.9$TRAPPC2$chrX$13752754$-,0.47
chrX:13702400-13704200,ENSG00000196459.9$TRAPPC2$chrX$13752754$-,0.52
chrX:13705400-13707200,ENSG00000196459.9$TRAPPC2$chrX$13752754$-,0.38
chrX:13757800-13758600,ENSG00000196459.9$TRAPPC2$chrX$13752754$-,0.68
chr2:102102000-102104000,ENSG00000196460.8$RFX8$chr2$102091165$-,0.63
chr2:102167000-102168800,ENSG00000196460.8$RFX8$chr2$102091165$-,0.54
chr12:56358600-56360400,ENSG00000196465.6$MYL6B$chr12$56546040$+,0.37
chr12:56433800-56435200,ENSG00000196465.6$MYL6B$chr12$56546040$+,0.41
chr12:56527000-56528200,ENSG00000196465.6$MYL6B$chr12$56546040$+,0.69
chr12:56596000-56597400,ENSG00000196465.6$MYL6B$chr12$56546040$+,0.54
chr12:56612800-56615000,ENSG00000196465.6$MYL6B$chr12$56546040$+,0.5
chr12:56616200-56618200,ENSG00000196465.6$MYL6B$chr12$56546040$+,0.51
chr12:56618600-56620200,ENSG00000196465.6$MYL6B$chr12$56546040$+,0.5
chr12:56659200-56660400,ENSG00000196465.6$MYL6B$chr12$56546040$+,0.47
chr12:56661200-56662800,ENSG00000196465.6$MYL6B$chr12$56546040$+,0.46
chr12:56708000-56709000,ENSG00000196465.6$MYL6B$chr12$56546040$+,0.4
chr12:56710400-56711600,ENSG00000196465.6$MYL6B$chr12$56546040$+,0.38
chr12:56818000-56820200,ENSG00000196465.6$MYL6B$chr12$56546040$+,0.35
chr19:12476000-12477800,ENSG00000196466.6$ZNF799$chr19$12512085$-,0.36
chr20:269000-270800,ENSG00000196476.7$C20orf96$chr20$271390$-,0.35
chr20:325600-328000,ENSG00000196476.7$C20orf96$chr20$271390$-,0.49
chr20:329000-330600,ENSG00000196476.7$C20orf96$chr20$271390$-,0.5
chr20:386400-388400,ENSG00000196476.7$C20orf96$chr20$271390$-,0.47
chr20:442600-444800,ENSG00000196476.7$C20orf96$chr20$271390$-,0.37
chr14:24564200-24566400,ENSG00000196497.11$IPO4$chr14$24658170$-,0.63
chr14:24582400-24582800,ENSG00000196497.11$IPO4$chr14$24658170$-,0.55
chr14:24603400-24604800,ENSG00000196497.11$IPO4$chr14$24658170$-,0.53
chr14:24628800-24630600,ENSG00000196497.11$IPO4$chr14$24658170$-,0.51
chr14:24682800-24684600,ENSG00000196497.11$IPO4$chr14$24658170$-,0.5
chr14:24685200-24686400,ENSG00000196497.11$IPO4$chr14$24658170$-,0.49
chr14:24712400-24714800,ENSG00000196497.11$IPO4$chr14$24658170$-,0.45
chr14:24715000-24717400,ENSG00000196497.11$IPO4$chr14$24658170$-,0.36
chr14:24738000-24740200,ENSG00000196497.11$IPO4$chr14$24658170$-,0.4
chr14:24758400-24760200,ENSG00000196497.11$IPO4$chr14$24658170$-,0.56
chr14:24769800-24771600,ENSG00000196497.11$IPO4$chr14$24658170$-,0.52
chr16:28559600-28561200,ENSG00000196502.7$SULT1A1$chr16$28634946$-,0.68
chr16:28563800-28565200,ENSG00000196502.7$SULT1A1$chr16$28634946$-,0.61
chr16:28572600-28575000,ENSG00000196502.7$SULT1A1$chr16$28634946$-,0.52
chr16:28855400-28857200,ENSG00000196502.7$SULT1A1$chr16$28634946$-,0.39
chr16:28858400-28860000,ENSG00000196502.7$SULT1A1$chr16$28634946$-,0.4
chr16:28873000-28874400,ENSG00000196502.7$SULT1A1$chr16$28634946$-,0.42
chr4:57214400-57215400,ENSG00000196503.2$ARL9$chr4$57371509$+,0.37
chr4:57410200-57411600,ENSG00000196503.2$ARL9$chr4$57371509$+,0.52
chr2:153539800-153541400,ENSG00000196504.11$PRPF40A$chr2$153574511$-,0.66
chr2:153559600-153561400,ENSG00000196504.11$PRPF40A$chr2$153574511$-,0.77
chrX:102808600-102810800,ENSG00000196507.6$TCEAL3$chrX$102862379$+,0.56
chrX:102885000-102887000,ENSG00000196507.6$TCEAL3$chrX$102862379$+,0.5
chrX:102943000-102944600,ENSG00000196507.6$TCEAL3$chrX$102862379$+,0.42
chr12:110822000-110823600,ENSG00000196510.8$ANAPC7$chr12$110841535$-,0.7
chr12:110867800-110869600,ENSG00000196510.8$ANAPC7$chr12$110841535$-,0.71
chr12:110907200-110909600,ENSG00000196510.8$ANAPC7$chr12$110841535$-,0.43
chr12:110940000-110941800,ENSG00000196510.8$ANAPC7$chr12$110841535$-,0.48
chr7:144467600-144469600,ENSG00000196511.9$TPK1$chr7$144533488$-,0.62
chr7:144496800-144498600,ENSG00000196511.9$TPK1$chr7$144533488$-,0.61
chr12:57061200-57063200,ENSG00000196531.6$NACA$chr12$57125412$-,0.44
chr12:57119600-57121600,ENSG00000196531.6$NACA$chr12$57125412$-,0.67
chr6:25946400-25947800,ENSG00000196532.4$HIST1H3C$chr6$26045639$+,0.36
chr6:26042400-26044600,ENSG00000196532.4$HIST1H3C$chr6$26045639$+,0.35
chr6:26057200-26058800,ENSG00000196532.4$HIST1H3C$chr6$26045639$+,0.64
chr6:26085800-26087600,ENSG00000196532.4$HIST1H3C$chr6$26045639$+,0.61
chr6:26088200-26090400,ENSG00000196532.4$HIST1H3C$chr6$26045639$+,0.48
chr6:26115200-26117000,ENSG00000196532.4$HIST1H3C$chr6$26045639$+,0.53
chr6:26180200-26182000,ENSG00000196532.4$HIST1H3C$chr6$26045639$+,0.42
chr17:27545600-27548000,ENSG00000196535.10$MYO18A$chr17$27507430$-,0.57
chr17:27596000-27597000,ENSG00000196535.10$MYO18A$chr17$27507430$-,0.42
chr17:27598000-27600000,ENSG00000196535.10$MYO18A$chr17$27507430$-,0.37
chr1:248579400-248581800,ENSG00000196539.2$OR2T3$chr1$248636627$+,0.51
chr1:248643600-248644200,ENSG00000196539.2$OR2T3$chr1$248636627$+,0.73
chr1:248644800-248646800,ENSG00000196539.2$OR2T3$chr1$248636627$+,0.61
chr17:7854400-7855600,ENSG00000196544.6$C17orf59$chr17$8093564$-,0.36
chr17:7997400-7998800,ENSG00000196544.6$C17orf59$chr17$8093564$-,0.37
chr17:8074400-8076800,ENSG00000196544.6$C17orf59$chr17$8093564$-,0.53
chr17:8077200-8079400,ENSG00000196544.6$C17orf59$chr17$8093564$-,0.6
chr17:8080000-8081600,ENSG00000196544.6$C17orf59$chr17$8093564$-,0.54
chr17:8098600-8100800,ENSG00000196544.6$C17orf59$chr17$8093564$-,0.65
chr17:8102400-8103600,ENSG00000196544.6$C17orf59$chr17$8093564$-,0.57
chr17:8103800-8105400,ENSG00000196544.6$C17orf59$chr17$8093564$-,0.55
chr17:8153000-8155200,ENSG00000196544.6$C17orf59$chr17$8093564$-,0.4
chr17:8278000-8279600,ENSG00000196544.6$C17orf59$chr17$8093564$-,0.39
chr17:8337800-8338800,ENSG00000196544.6$C17orf59$chr17$8093564$-,0.38
chr15:91473600-91475400,ENSG00000196547.10$MAN2A2$chr15$91445448$+,0.64
chr15:91479000-91480600,ENSG00000196547.10$MAN2A2$chr15$91445448$+,0.6
chr15:91538400-91539800,ENSG00000196547.10$MAN2A2$chr15$91445448$+,0.43
chr15:91566400-91568400,ENSG00000196547.10$MAN2A2$chr15$91445448$+,0.39
chr11:5695200-5696200,ENSG00000196565.8$HBG2$chr11$5667019$-,0.4
chr3:97747200-97749600,ENSG00000196578.4$OR5AC2$chr3$97806017$+,0.43
chr3:97828400-97829800,ENSG00000196578.4$OR5AC2$chr3$97806017$+,0.52
chr7:152107800-152109400,ENSG00000196584.2$XRCC2$chr7$152373250$-,0.38
chr7:152402800-152404200,ENSG00000196584.2$XRCC2$chr7$152373250$-,0.71
chr7:152457600-152459800,ENSG00000196584.2$XRCC2$chr7$152373250$-,0.59
chr22:40934400-40935400,ENSG00000196588.10$MKL1$chr22$41032706$-,0.38
chr22:41126400-41126600,ENSG00000196588.10$MKL1$chr22$41032706$-,0.4
chr22:41215600-41217600,ENSG00000196588.10$MKL1$chr22$41032706$-,0.36
chr9:99638400-99640200,ENSG00000196597.7$ZNF782$chr9$99637905$-,0.38
chr19:9896800-9897800,ENSG00000196605.3$ZNF846$chr19$9903856$-,0.67
chr19:9927200-9929000,ENSG00000196605.3$ZNF846$chr19$9903856$-,0.66
chr19:9929800-9931600,ENSG00000196605.3$ZNF846$chr19$9903856$-,0.63
chr19:9936400-9938000,ENSG00000196605.3$ZNF846$chr19$9903856$-,0.62
chr19:9939400-9941000,ENSG00000196605.3$ZNF846$chr19$9903856$-,0.59
chr19:9971200-9971600,ENSG00000196605.3$ZNF846$chr19$9903856$-,0.52
chrX:54434800-54436200,ENSG00000196632.6$WNK3$chrX$54385075$-,0.4
chr19:12109600-12112000,ENSG00000196646.7$ZNF136$chr19$12273879$+,0.41
chr19:12174600-12175600,ENSG00000196646.7$ZNF136$chr19$12273879$+,0.43
chr19:12176200-12177800,ENSG00000196646.7$ZNF136$chr19$12273879$+,0.37
chr19:12248200-12250400,ENSG00000196646.7$ZNF136$chr19$12273879$+,0.62
chr19:12251200-12252600,ENSG00000196646.7$ZNF136$chr19$12273879$+,0.65
chr19:12265000-12266800,ENSG00000196646.7$ZNF136$chr19$12273879$+,0.64
chr19:12406000-12407000,ENSG00000196646.7$ZNF136$chr19$12273879$+,0.38
chr7:98921800-98923000,ENSG00000196652.7$ZKSCAN5$chr7$99102274$+,0.37
chr7:99007400-99009600,ENSG00000196652.7$ZKSCAN5$chr7$99102274$+,0.42
chr7:99033800-99036000,ENSG00000196652.7$ZKSCAN5$chr7$99102274$+,0.53
chr7:99098400-99099400,ENSG00000196652.7$ZKSCAN5$chr7$99102274$+,0.43
chr7:99147800-99149200,ENSG00000196652.7$ZKSCAN5$chr7$99102274$+,0.55
chr7:99150000-99151600,ENSG00000196652.7$ZKSCAN5$chr7$99102274$+,0.5
chr7:99176800-99177800,ENSG00000196652.7$ZKSCAN5$chr7$99102274$+,0.54
chr7:99212800-99214200,ENSG00000196652.7$ZKSCAN5$chr7$99102274$+,0.45
chr3:44667200-44669600,ENSG00000196653.7$ZNF502$chr3$44754135$+,0.4
chr3:44688800-44690000,ENSG00000196653.7$ZNF502$chr3$44754135$+,0.46
chr3:44690600-44691800,ENSG00000196653.7$ZNF502$chr3$44754135$+,0.49
chr3:44727200-44728000,ENSG00000196653.7$ZNF502$chr3$44754135$+,0.44
chr3:44796800-44798000,ENSG00000196653.7$ZNF502$chr3$44754135$+,0.5
chr3:44801600-44802600,ENSG00000196653.7$ZNF502$chr3$44754135$+,0.48
chr11:118866600-118868200,ENSG00000196655.5$TRAPPC4$chr11$118889142$+,0.53
chr11:118928400-118929400,ENSG00000196655.5$TRAPPC4$chr11$118889142$+,0.52
chr11:118939000-118941400,ENSG00000196655.5$TRAPPC4$chr11$118889142$+,0.44
chr11:118970200-118972000,ENSG00000196655.5$TRAPPC4$chr11$118889142$+,0.46
chr11:118990000-118992200,ENSG00000196655.5$TRAPPC4$chr11$118889142$+,0.39
chr11:118993000-118994400,ENSG00000196655.5$TRAPPC4$chr11$118889142$+,0.4
chr2:178279800-178282000,ENSG00000196659.9$TTC30B$chr2$178417742$-,0.4
chr2:178482200-178483000,ENSG00000196659.9$TTC30B$chr2$178417742$-,0.43
chr2:178484000-178485600,ENSG00000196659.9$TTC30B$chr2$178417742$-,0.54
chr14:102771800-102772800,ENSG00000196663.11$TECPR2$chr14$102829300$+,0.51
chr14:102783800-102785600,ENSG00000196663.11$TECPR2$chr14$102829300$+,0.63
chr14:102988800-102991200,ENSG00000196663.11$TECPR2$chr14$102829300$+,0.51
chr5:180285600-180287400,ENSG00000196670.9$ZFP62$chr5$180288286$-,0.39
chr16:20818600-20820400,ENSG00000196678.9$ERI2$chr16$20911671$-,0.46
chr16:21034600-21036200,ENSG00000196678.9$ERI2$chr16$20911671$-,0.42
chr7:22718000-22718600,ENSG00000196683.6$TOMM7$chr7$22862470$-,0.42
chr10:43115000-43116000,ENSG00000196693.10$ZNF33B$chr10$43133992$-,0.65
chr10:43248000-43249800,ENSG00000196693.10$ZNF33B$chr10$43133992$-,0.5
chr10:43279000-43280400,ENSG00000196693.10$ZNF33B$chr10$43133992$-,0.4
chr10:43857800-43859400,ENSG00000196693.10$ZNF33B$chr10$43133992$-,0.35
chr20:62750600-62752600,ENSG00000196700.3$ZNF512B$chr20$62680113$-,0.47
chr17:66015000-66016200,ENSG00000196704.7$AMZ2$chr17$66243715$+,0.36
chr17:66096400-66097600,ENSG00000196704.7$AMZ2$chr17$66243715$+,0.37
chr17:66098800-66101200,ENSG00000196704.7$AMZ2$chr17$66243715$+,0.38
chr17:66102200-66104200,ENSG00000196704.7$AMZ2$chr17$66243715$+,0.4
chr17:66106800-66107200,ENSG00000196704.7$AMZ2$chr17$66243715$+,0.4
chr17:66168400-66169200,ENSG00000196704.7$AMZ2$chr17$66243715$+,0.38
chr17:66185400-66186600,ENSG00000196704.7$AMZ2$chr17$66243715$+,0.49
chr17:66200200-66201400,ENSG00000196704.7$AMZ2$chr17$66243715$+,0.52
chr17:66280800-66281000,ENSG00000196704.7$AMZ2$chr17$66243715$+,0.62
chr17:66281400-66281600,ENSG00000196704.7$AMZ2$chr17$66243715$+,0.66
chr19:21202800-21203200,ENSG00000196705.4$ZNF431$chr19$21324827$+,0.42
chr19:21212400-21214600,ENSG00000196705.4$ZNF431$chr19$21324827$+,0.44
chr19:21218200-21219800,ENSG00000196705.4$ZNF431$chr19$21324827$+,0.41
chr19:21265600-21268000,ENSG00000196705.4$ZNF431$chr19$21324827$+,0.48
chr17:29333200-29335400,ENSG00000196712.12$NF1$chr17$29421945$+,0.5
chr7:65339200-65341400,ENSG00000196715.5$VKORC1L1$chr7$65338254$+,0.38
chr7:65411400-65413200,ENSG00000196715.5$VKORC1L1$chr7$65338254$+,0.35
chr6:32383000-32384600,ENSG00000196735.7$HLA-DQA1$chr6$32595956$+,0.38
chr6:32427200-32428600,ENSG00000196735.7$HLA-DQA1$chr6$32595956$+,0.49
chr6:32536000-32536400,ENSG00000196735.7$HLA-DQA1$chr6$32595956$+,0.46
chr6:32587800-32588400,ENSG00000196735.7$HLA-DQA1$chr6$32595956$+,0.53
chr6:32608800-32610800,ENSG00000196735.7$HLA-DQA1$chr6$32595956$+,0.68
chrX:47217200-47219400,ENSG00000196741.3$CXorf24$chrX$47342970$+,0.51
chrX:47225000-47227000,ENSG00000196741.3$CXorf24$chrX$47342970$+,0.51
chrX:47243200-47244400,ENSG00000196741.3$CXorf24$chrX$47342970$+,0.52
chrX:47249400-47251000,ENSG00000196741.3$CXorf24$chrX$47342970$+,0.51
chrX:47338000-47339000,ENSG00000196741.3$CXorf24$chrX$47342970$+,0.55
chrX:47381800-47383200,ENSG00000196741.3$CXorf24$chrX$47342970$+,0.6
chrX:47418800-47420400,ENSG00000196741.3$CXorf24$chrX$47342970$+,0.57
chrX:47454400-47456600,ENSG00000196741.3$CXorf24$chrX$47342970$+,0.57
chrX:47478200-47480400,ENSG00000196741.3$CXorf24$chrX$47342970$+,0.45
chrX:47515600-47517800,ENSG00000196741.3$CXorf24$chrX$47342970$+,0.44
chr5:150543800-150545000,ENSG00000196743.4$GM2A$chr5$150591711$+,0.55
chr5:150569800-150572000,ENSG00000196743.4$GM2A$chr5$150591711$+,0.45
chr5:150629800-150632200,ENSG00000196743.4$GM2A$chr5$150591711$+,0.41
chr6:27655800-27657600,ENSG00000196747.3$HIST1H2AI$chr6$27775899$+,0.45
chr6:27660200-27661800,ENSG00000196747.3$HIST1H2AI$chr6$27775899$+,0.49
chr6:27719000-27720200,ENSG00000196747.3$HIST1H2AI$chr6$27775899$+,0.63
chr6:27759000-27759600,ENSG00000196747.3$HIST1H2AI$chr6$27775899$+,0.56
chr6:27792800-27794600,ENSG00000196747.3$HIST1H2AI$chr6$27775899$+,0.66
chr6:27796400-27798400,ENSG00000196747.3$HIST1H2AI$chr6$27775899$+,0.72
chr19:11878400-11880400,ENSG00000196757.3$ZNF700$chr19$12035883$+,0.41
chr19:11907600-11909400,ENSG00000196757.3$ZNF700$chr19$12035883$+,0.4
chr19:11910000-11911400,ENSG00000196757.3$ZNF700$chr19$12035883$+,0.36
chr19:11923000-11924800,ENSG00000196757.3$ZNF700$chr19$12035883$+,0.4
chr19:11925800-11927400,ENSG00000196757.3$ZNF700$chr19$12035883$+,0.46
chr19:11958000-11959600,ENSG00000196757.3$ZNF700$chr19$12035883$+,0.53
chr19:11960200-11962400,ENSG00000196757.3$ZNF700$chr19$12035883$+,0.58
chr19:11997200-11998600,ENSG00000196757.3$ZNF700$chr19$12035883$+,0.69
chr19:12074400-12075800,ENSG00000196757.3$ZNF700$chr19$12035883$+,0.61
chr19:12076200-12078200,ENSG00000196757.3$ZNF700$chr19$12035883$+,0.6
chr19:12109600-12112000,ENSG00000196757.3$ZNF700$chr19$12035883$+,0.37
chr19:12174600-12175600,ENSG00000196757.3$ZNF700$chr19$12035883$+,0.38
chr19:12176200-12177800,ENSG00000196757.3$ZNF700$chr19$12035883$+,0.43
chr3:107672000-107674400,ENSG00000196776.10$CD47$chr3$107809872$-,0.38
chr3:107762400-107764200,ENSG00000196776.10$CD47$chr3$107809872$-,0.59
chr3:107769800-107770600,ENSG00000196776.10$CD47$chr3$107809872$-,0.64
chr3:107774000-107775200,ENSG00000196776.10$CD47$chr3$107809872$-,0.64
chr3:107776000-107777800,ENSG00000196776.10$CD47$chr3$107809872$-,0.7
chr3:107893400-107893600,ENSG00000196776.10$CD47$chr3$107809872$-,0.45
chr3:107934400-107935800,ENSG00000196776.10$CD47$chr3$107809872$-,0.41
chr11:4415000-4416600,ENSG00000196778.2$OR52K1$chr11$4510109$+,0.51
chr6:26988200-26989200,ENSG00000196787.2$HIST1H2AG$chr6$27100832$+,0.44
chr6:27045400-27047200,ENSG00000196787.2$HIST1H2AG$chr6$27100832$+,0.63
chr6:27059200-27060800,ENSG00000196787.2$HIST1H2AG$chr6$27100832$+,0.56
chr6:27088200-27089400,ENSG00000196787.2$HIST1H2AG$chr6$27100832$+,0.69
chr6:27115400-27117800,ENSG00000196787.2$HIST1H2AG$chr6$27100832$+,0.64
chr6:27143400-27145000,ENSG00000196787.2$HIST1H2AG$chr6$27100832$+,0.51
chr6:27154800-27155800,ENSG00000196787.2$HIST1H2AG$chr6$27100832$+,0.54
chr6:27156600-27158400,ENSG00000196787.2$HIST1H2AG$chr6$27100832$+,0.53
chr6:27172800-27175200,ENSG00000196787.2$HIST1H2AG$chr6$27100832$+,0.54
chr6:27205000-27207000,ENSG00000196787.2$HIST1H2AG$chr6$27100832$+,0.46
chr6:27228000-27229600,ENSG00000196787.2$HIST1H2AG$chr6$27100832$+,0.51
chr6:27247400-27249400,ENSG00000196787.2$HIST1H2AG$chr6$27100832$+,0.53
chr6:27279200-27281000,ENSG00000196787.2$HIST1H2AG$chr6$27100832$+,0.38
chr10:43854800-43856000,ENSG00000196793.9$ZNF239$chr10$44070066$-,0.43
chr10:43856200-43857400,ENSG00000196793.9$ZNF239$chr10$44070066$-,0.41
chr10:43857800-43859400,ENSG00000196793.9$ZNF239$chr10$44070066$-,0.41
chr10:43953400-43954800,ENSG00000196793.9$ZNF239$chr10$44070066$-,0.44
chr10:44123200-44124000,ENSG00000196793.9$ZNF239$chr10$44070066$-,0.46
chr10:44143000-44143800,ENSG00000196793.9$ZNF239$chr10$44070066$-,0.4
chr10:44144600-44145800,ENSG00000196793.9$ZNF239$chr10$44070066$-,0.41
chr16:29031800-29034000,ENSG00000196796.4$CTB-134H23.2$chr16$29049923$+,0.38
chr6:28071600-28072200,ENSG00000196812.4$ZSCAN16$chr6$28092338$+,0.52
chr6:28090800-28092000,ENSG00000196812.4$ZSCAN16$chr6$28092338$+,0.35
chr6:28128000-28129400,ENSG00000196812.4$ZSCAN16$chr6$28092338$+,0.62
chr6:28129800-28131200,ENSG00000196812.4$ZSCAN16$chr6$28092338$+,0.6
chr6:28169800-28170800,ENSG00000196812.4$ZSCAN16$chr6$28092338$+,0.38
chr6:28226400-28227800,ENSG00000196812.4$ZSCAN16$chr6$28092338$+,0.39
chr6:34455400-34456600,ENSG00000196821.5$C6orf106$chr6$34664636$-,0.43
chr6:34665200-34667200,ENSG00000196821.5$C6orf106$chr6$34664636$-,0.46
chr6:34671600-34673600,ENSG00000196821.5$C6orf106$chr6$34664636$-,0.63
chr6:34757800-34759200,ENSG00000196821.5$C6orf106$chr6$34664636$-,0.41
chr6:34760800-34762600,ENSG00000196821.5$C6orf106$chr6$34664636$-,0.44
chr19:12509800-12511200,ENSG00000196826.7$ZNF709$chr19$12662288$-,0.36
chr19:12588600-12590800,ENSG00000196826.7$ZNF709$chr19$12662288$-,0.52
chr19:12596000-12597000,ENSG00000196826.7$ZNF709$chr19$12662288$-,0.61
chr19:12713800-12715600,ENSG00000196826.7$ZNF709$chr19$12662288$-,0.65
chr19:12745800-12747400,ENSG00000196826.7$ZNF709$chr19$12662288$-,0.5
chr19:12750400-12752400,ENSG00000196826.7$ZNF709$chr19$12662288$-,0.47
chr19:12778000-12779600,ENSG00000196826.7$ZNF709$chr19$12662288$-,0.39
chr19:12790200-12791800,ENSG00000196826.7$ZNF709$chr19$12662288$-,0.35
chr19:12805200-12807200,ENSG00000196826.7$ZNF709$chr19$12662288$-,0.37
chr14:20812200-20814200,ENSG00000196832.3$OR11G2$chr14$20665495$+,0.43
chr20:43157800-43160200,ENSG00000196839.8$ADA$chr20$43280874$-,0.45
chr20:43495200-43497400,ENSG00000196839.8$ADA$chr20$43280874$-,0.36
chr2:97304400-97305000,ENSG00000196843.11$ARID5A$chr2$97202480$+,0.39
chr11:125493800-125495200,ENSG00000196844.4$PATE2$chr11$125648714$-,0.45
chr11:125501400-125503400,ENSG00000196844.4$PATE2$chr11$125648714$-,0.53
chr11:125519400-125520400,ENSG00000196844.4$PATE2$chr11$125648714$-,0.48
chr11:125755000-125757400,ENSG00000196844.4$PATE2$chr11$125648714$-,0.51
chr11:125771200-125772600,ENSG00000196844.4$PATE2$chr11$125648714$-,0.51
chr11:125808000-125810000,ENSG00000196844.4$PATE2$chr11$125648714$-,0.35
chr12:110867800-110869600,ENSG00000196850.4$PPTC7$chr12$111021125$-,0.35
chr12:110907200-110909600,ENSG00000196850.4$PPTC7$chr12$111021125$-,0.43
chr12:110940000-110941800,ENSG00000196850.4$PPTC7$chr12$111021125$-,0.43
chr12:111210000-111211600,ENSG00000196850.4$PPTC7$chr12$111021125$-,0.36
chr14:58708600-58710800,ENSG00000196860.3$TOMM20L$chr14$58862634$+,0.36
chr14:58735000-58735600,ENSG00000196860.3$TOMM20L$chr14$58862634$+,0.37
chr14:58766800-58769200,ENSG00000196860.3$TOMM20L$chr14$58862634$+,0.39
chr14:58769800-58770800,ENSG00000196860.3$TOMM20L$chr14$58862634$+,0.44
chr14:58885000-58886800,ENSG00000196860.3$TOMM20L$chr14$58862634$+,0.61
chr14:58895400-58897800,ENSG00000196860.3$TOMM20L$chr14$58862634$+,0.43
chr6:26042400-26044600,ENSG00000196866.2$HIST1H2AD$chr6$26199471$-,0.36
chr6:26057200-26058800,ENSG00000196866.2$HIST1H2AD$chr6$26199471$-,0.43
chr6:26088200-26090400,ENSG00000196866.2$HIST1H2AD$chr6$26199471$-,0.39
chr6:26115200-26117000,ENSG00000196866.2$HIST1H2AD$chr6$26199471$-,0.42
chr6:26180200-26182000,ENSG00000196866.2$HIST1H2AD$chr6$26199471$-,0.68
chr6:26235600-26237400,ENSG00000196866.2$HIST1H2AD$chr6$26199471$-,0.55
chr6:26239800-26241000,ENSG00000196866.2$HIST1H2AD$chr6$26199471$-,0.55
chr6:26314000-26314600,ENSG00000196866.2$HIST1H2AD$chr6$26199471$-,0.41
chr19:56916000-56917600,ENSG00000196867.3$ZFP28$chr19$57050317$+,0.35
chr19:57079400-57080200,ENSG00000196867.3$ZFP28$chr19$57050317$+,0.58
chr19:57105400-57106400,ENSG00000196867.3$ZFP28$chr19$57050317$+,0.57
chr19:57107200-57109000,ENSG00000196867.3$ZFP28$chr19$57050317$+,0.52
chr12:51832800-51834600,ENSG00000196876.9$SCN8A$chr12$51984050$+,0.46
chr12:51834800-51837000,ENSG00000196876.9$SCN8A$chr12$51984050$+,0.38
chr12:52062400-52064800,ENSG00000196876.9$SCN8A$chr12$51984050$+,0.49
chr12:52114600-52116200,ENSG00000196876.9$SCN8A$chr12$51984050$+,0.41
chr1:228770800-228771600,ENSG00000196890.3$HIST3H2BB$chr1$228645808$+,0.35
chr1:228869800-228871200,ENSG00000196890.3$HIST3H2BB$chr1$228645808$+,0.43
chr6:117000600-117001800,ENSG00000196911.5$KPNA5$chr6$117002350$+,0.45
chr12:123244400-123244800,ENSG00000196917.4$HCAR1$chr12$123215390$-,0.55
chr12:123310200-123312600,ENSG00000196917.4$HCAR1$chr12$123215390$-,0.49
chr12:123317800-123319400,ENSG00000196917.4$HCAR1$chr12$123215390$-,0.59
chr5:176851000-176853200,ENSG00000196923.9$PDLIM7$chr5$176924607$-,0.35
chr5:176978600-176980600,ENSG00000196923.9$PDLIM7$chr5$176924607$-,0.52
chr5:177018400-177019200,ENSG00000196923.9$PDLIM7$chr5$176924607$-,0.48
chr5:177025000-177026800,ENSG00000196923.9$PDLIM7$chr5$176924607$-,0.47
chr5:177027800-177030000,ENSG00000196923.9$PDLIM7$chr5$176924607$-,0.42
chrX:153544800-153546800,ENSG00000196924.10$FLNA$chrX$153603006$-,0.36
chrX:153548400-153550600,ENSG00000196924.10$FLNA$chrX$153603006$-,0.37
chrX:153561600-153563800,ENSG00000196924.10$FLNA$chrX$153603006$-,0.42
chrX:153640600-153642600,ENSG00000196924.10$FLNA$chrX$153603006$-,0.48
chrX:153655000-153657400,ENSG00000196924.10$FLNA$chrX$153603006$-,0.46
chrX:153663600-153665200,ENSG00000196924.10$FLNA$chrX$153603006$-,0.42
chr12:64174400-64176800,ENSG00000196935.4$SRGAP1$chr12$64238073$+,0.35
chr14:24564200-24566400,ENSG00000196943.8$NOP9$chr14$24769068$+,0.42
chr14:24582400-24582800,ENSG00000196943.8$NOP9$chr14$24769068$+,0.4
chr14:24603400-24604800,ENSG00000196943.8$NOP9$chr14$24769068$+,0.46
chr14:24628800-24630600,ENSG00000196943.8$NOP9$chr14$24769068$+,0.44
chr14:24682800-24684600,ENSG00000196943.8$NOP9$chr14$24769068$+,0.43
chr14:24685200-24686400,ENSG00000196943.8$NOP9$chr14$24769068$+,0.44
chr14:24712400-24714800,ENSG00000196943.8$NOP9$chr14$24769068$+,0.51
chr14:24715000-24717400,ENSG00000196943.8$NOP9$chr14$24769068$+,0.5
chr14:24738000-24740200,ENSG00000196943.8$NOP9$chr14$24769068$+,0.59
chr14:24758400-24760200,ENSG00000196943.8$NOP9$chr14$24769068$+,0.57
chr14:24912400-24913600,ENSG00000196943.8$NOP9$chr14$24769068$+,0.39
chr1:248579400-248581800,ENSG00000196944.3$OR2T4$chr1$248524883$+,0.38
chr12:8183800-8185000,ENSG00000196946.5$ZNF705A$chr12$8290733$+,0.35
chr12:8198600-8199400,ENSG00000196946.5$ZNF705A$chr12$8290733$+,0.36
chr12:8393200-8395400,ENSG00000196946.5$ZNF705A$chr12$8290733$+,0.4
chr12:8396800-8397000,ENSG00000196946.5$ZNF705A$chr12$8290733$+,0.37
chr2:196342000-196344000,ENSG00000196950.9$SLC39A10$chr2$196440701$+,0.54
chr2:196358800-196361200,ENSG00000196950.9$SLC39A10$chr2$196440701$+,0.57
chr2:196420800-196421200,ENSG00000196950.9$SLC39A10$chr2$196440701$+,0.62
chr2:196434000-196435600,ENSG00000196950.9$SLC39A10$chr2$196440701$+,0.59
chr2:196541400-196543400,ENSG00000196950.9$SLC39A10$chr2$196440701$+,0.44
chr11:104782000-104783400,ENSG00000196954.8$CASP4$chr11$104840163$-,0.37
chr11:104803200-104803400,ENSG00000196954.8$CASP4$chr11$104840163$-,0.38
chr11:104897200-104897600,ENSG00000196954.8$CASP4$chr11$104840163$-,0.39
chr11:104897800-104898000,ENSG00000196954.8$CASP4$chr11$104840163$-,0.44
chr19:50267800-50269600,ENSG00000196961.8$AP2A1$chr19$50270225$+,0.38
chr6:26235600-26237400,ENSG00000196966.3$HIST1H3E$chr6$26225383$+,0.47
chr6:26239800-26241000,ENSG00000196966.3$HIST1H3E$chr6$26225383$+,0.4
chr19:37567800-37568800,ENSG00000196967.6$ZNF585A$chr19$37663643$-,0.51
chr19:37570000-37571800,ENSG00000196967.6$ZNF585A$chr19$37663643$-,0.39
chr19:37699000-37701000,ENSG00000196967.6$ZNF585A$chr19$37663643$-,0.61
chr19:37826000-37827400,ENSG00000196967.6$ZNF585A$chr19$37663643$-,0.38
chr10:75487800-75489400,ENSG00000196968.6$FUT11$chr10$75532049$+,0.5
chr10:75504800-75507200,ENSG00000196968.6$FUT11$chr10$75532049$+,0.52
chr2:69661600-69663800,ENSG00000196975.10$ANXA4$chr2$69871557$+,0.35
chr2:69704400-69706600,ENSG00000196975.10$ANXA4$chr2$69871557$+,0.46
chr2:69894200-69896200,ENSG00000196975.10$ANXA4$chr2$69871557$+,0.6
chr2:69906600-69908400,ENSG00000196975.10$ANXA4$chr2$69871557$+,0.58
chr2:69966600-69968600,ENSG00000196975.10$ANXA4$chr2$69871557$+,0.51
chrX:153505400-153505800,ENSG00000196976.5$LAGE3$chrX$153707596$-,0.36
chrX:153514000-153514800,ENSG00000196976.5$LAGE3$chrX$153707596$-,0.39
chrX:153544800-153546800,ENSG00000196976.5$LAGE3$chrX$153707596$-,0.36
chrX:153548400-153550600,ENSG00000196976.5$LAGE3$chrX$153707596$-,0.42
chrX:153561600-153563800,ENSG00000196976.5$LAGE3$chrX$153707596$-,0.4
chrX:153640600-153642600,ENSG00000196976.5$LAGE3$chrX$153707596$-,0.55
chrX:153655000-153657400,ENSG00000196976.5$LAGE3$chrX$153707596$-,0.56
chrX:153663600-153665200,ENSG00000196976.5$LAGE3$chrX$153707596$-,0.57
chr3:122194200-122196600,ENSG00000196981.2$WDR5B$chr3$122134882$-,0.57
chrX:48747400-48749000,ENSG00000196998.11$WDR45$chrX$48958108$-,0.37
chrX:48749200-48751000,ENSG00000196998.11$WDR45$chrX$48958108$-,0.39
chrX:48752000-48754400,ENSG00000196998.11$WDR45$chrX$48958108$-,0.37
chrX:48755800-48757800,ENSG00000196998.11$WDR45$chrX$48958108$-,0.4
chrX:48805600-48806600,ENSG00000196998.11$WDR45$chrX$48958108$-,0.37
chrX:48859400-48860600,ENSG00000196998.11$WDR45$chrX$48958108$-,0.5
chrX:48868800-48870200,ENSG00000196998.11$WDR45$chrX$48958108$-,0.5
chrX:48901200-48902200,ENSG00000196998.11$WDR45$chrX$48958108$-,0.56
chrX:48931600-48933000,ENSG00000196998.11$WDR45$chrX$48958108$-,0.66
chrX:48955600-48957800,ENSG00000196998.11$WDR45$chrX$48958108$-,0.37
chrX:48977800-48979400,ENSG00000196998.11$WDR45$chrX$48958108$-,0.65
chrX:49048400-49050800,ENSG00000196998.11$WDR45$chrX$48958108$-,0.46
chrX:49116400-49117200,ENSG00000196998.11$WDR45$chrX$48958108$-,0.42
chrX:49148000-49150000,ENSG00000196998.11$WDR45$chrX$48958108$-,0.43
chr16:21672000-21673800,ENSG00000197006.9$METTL9$chr16$21608539$+,0.4
chr16:21719600-21720400,ENSG00000197006.9$METTL9$chr16$21608539$+,0.44
chr16:21738600-21739800,ENSG00000197006.9$METTL9$chr16$21608539$+,0.5
chr7:64131200-64132000,ENSG00000197008.5$ZNF138$chr7$64254766$+,0.38
chr7:64337000-64338600,ENSG00000197008.5$ZNF138$chr7$64254766$+,0.47
chr7:64362600-64363400,ENSG00000197008.5$ZNF138$chr7$64254766$+,0.45
chr19:21656800-21659000,ENSG00000197013.5$ZNF429$chr19$21679484$+,0.37
chr19:21687200-21688400,ENSG00000197013.5$ZNF429$chr19$21679484$+,0.5
chr19:21695800-21697200,ENSG00000197013.5$ZNF429$chr19$21679484$+,0.35
chr19:57049000-57049400,ENSG00000197016.7$ZNF470$chr19$57078880$+,0.55
chr19:57105400-57106400,ENSG00000197016.7$ZNF470$chr19$57078880$+,0.69
chr19:57107200-57109000,ENSG00000197016.7$ZNF470$chr19$57078880$+,0.59
chr19:57181600-57183000,ENSG00000197016.7$ZNF470$chr19$57078880$+,0.44
chr19:40820200-40822400,ENSG00000197019.4$SERTAD1$chr19$40931932$-,0.42
chr19:40852600-40853800,ENSG00000197019.4$SERTAD1$chr19$40931932$-,0.58
chr19:40903600-40905800,ENSG00000197019.4$SERTAD1$chr19$40931932$-,0.58
chr19:40951000-40953200,ENSG00000197019.4$SERTAD1$chr19$40931932$-,0.67
chr19:40974400-40975400,ENSG00000197019.4$SERTAD1$chr19$40931932$-,0.45
chr19:41018000-41020000,ENSG00000197019.4$SERTAD1$chr19$40931932$-,0.36
chr19:41054200-41056200,ENSG00000197019.4$SERTAD1$chr19$40931932$-,0.49
chr19:22016400-22018400,ENSG00000197020.6$ZNF100$chr19$21950430$-,0.49
chrX:149009800-149012000,ENSG00000197021.4$CXorf40B$chrX$149107029$-,0.51
chr7:148553000-148554600,ENSG00000197024.4$ZNF398$chr7$148823508$+,0.39
chr7:148582200-148583200,ENSG00000197024.4$ZNF398$chr7$148823508$+,0.41
chr7:148617200-148619200,ENSG00000197024.4$ZNF398$chr7$148823508$+,0.38
chr7:148636200-148637800,ENSG00000197024.4$ZNF398$chr7$148823508$+,0.37
chr7:148638800-148640400,ENSG00000197024.4$ZNF398$chr7$148823508$+,0.4
chr7:148658000-148660200,ENSG00000197024.4$ZNF398$chr7$148823508$+,0.36
chr7:148660400-148662400,ENSG00000197024.4$ZNF398$chr7$148823508$+,0.37
chr7:148662800-148665000,ENSG00000197024.4$ZNF398$chr7$148823508$+,0.39
chr7:148685000-148686200,ENSG00000197024.4$ZNF398$chr7$148823508$+,0.4
chr7:148726400-148727600,ENSG00000197024.4$ZNF398$chr7$148823508$+,0.46
chr7:148825000-148826000,ENSG00000197024.4$ZNF398$chr7$148823508$+,0.39
chr7:148891600-148892400,ENSG00000197024.4$ZNF398$chr7$148823508$+,0.55
chr7:99098400-99099400,ENSG00000197037.6$ZSCAN25$chr7$99214569$+,0.56
chr7:99101400-99102000,ENSG00000197037.6$ZSCAN25$chr7$99214569$+,0.54
chr7:99147800-99149200,ENSG00000197037.6$ZSCAN25$chr7$99214569$+,0.48
chr7:99150000-99151600,ENSG00000197037.6$ZSCAN25$chr7$99214569$+,0.5
chr7:99176800-99177800,ENSG00000197037.6$ZSCAN25$chr7$99214569$+,0.64
chr5:150543800-150545000,ENSG00000197043.9$ANXA6$chr5$150537443$-,0.46
chr5:150569800-150572000,ENSG00000197043.9$ANXA6$chr5$150537443$-,0.52
chr5:150629800-150632200,ENSG00000197043.9$ANXA6$chr5$150537443$-,0.36
chr19:11749400-11750600,ENSG00000197044.6$ZNF441$chr19$11877815$+,0.41
chr19:11850200-11851000,ENSG00000197044.6$ZNF441$chr19$11877815$+,0.55
chr19:11907600-11909400,ENSG00000197044.6$ZNF441$chr19$11877815$+,0.59
chr19:11910000-11911400,ENSG00000197044.6$ZNF441$chr19$11877815$+,0.57
chr19:11923000-11924800,ENSG00000197044.6$ZNF441$chr19$11877815$+,0.56
chr19:11925800-11927400,ENSG00000197044.6$ZNF441$chr19$11877815$+,0.5
chr19:11958000-11959600,ENSG00000197044.6$ZNF441$chr19$11877815$+,0.45
chr19:11960200-11962400,ENSG00000197044.6$ZNF441$chr19$11877815$+,0.45
chr14:54908200-54909800,ENSG00000197045.8$GMFB$chr14$54955914$-,0.55
chr14:54975400-54976200,ENSG00000197045.8$GMFB$chr14$54955914$-,0.57
chr14:54980800-54981400,ENSG00000197045.8$GMFB$chr14$54955914$-,0.69
chr19:37463000-37463800,ENSG00000197050.6$ZNF420$chr19$37498759$+,0.35
chr19:11878400-11880400,ENSG00000197054.7$ZNF763$chr19$12035890$+,0.41
chr19:11907600-11909400,ENSG00000197054.7$ZNF763$chr19$12035890$+,0.4
chr19:11910000-11911400,ENSG00000197054.7$ZNF763$chr19$12035890$+,0.36
chr19:11923000-11924800,ENSG00000197054.7$ZNF763$chr19$12035890$+,0.4
chr19:11925800-11927400,ENSG00000197054.7$ZNF763$chr19$12035890$+,0.46
chr19:11958000-11959600,ENSG00000197054.7$ZNF763$chr19$12035890$+,0.53
chr19:11960200-11962400,ENSG00000197054.7$ZNF763$chr19$12035890$+,0.58
chr19:11997200-11998600,ENSG00000197054.7$ZNF763$chr19$12035890$+,0.69
chr19:12074400-12075800,ENSG00000197054.7$ZNF763$chr19$12035890$+,0.61
chr19:12076200-12078200,ENSG00000197054.7$ZNF763$chr19$12035890$+,0.6
chr19:12109600-12112000,ENSG00000197054.7$ZNF763$chr19$12035890$+,0.37
chr19:12174600-12175600,ENSG00000197054.7$ZNF763$chr19$12035890$+,0.38
chr19:12176200-12177800,ENSG00000197054.7$ZNF763$chr19$12035890$+,0.43
chr1:35488400-35488800,ENSG00000197056.5$ZMYM1$chr1$35525387$+,0.35
chr1:35497600-35498200,ENSG00000197056.5$ZMYM1$chr1$35525387$+,0.45
chr4:36246000-36247800,ENSG00000197057.4$DTHD1$chr4$36283244$+,0.53
chr4:36249200-36249600,ENSG00000197057.4$DTHD1$chr4$36283244$+,0.58
chr4:36250800-36251200,ENSG00000197057.4$DTHD1$chr4$36283244$+,0.59
chr4:36265600-36267200,ENSG00000197057.4$DTHD1$chr4$36283244$+,0.65
chr4:36395600-36397800,ENSG00000197057.4$DTHD1$chr4$36283244$+,0.42
chr6:25946400-25947800,ENSG00000197061.3$HIST1H4C$chr6$26104104$+,0.41
chr6:26042400-26044600,ENSG00000197061.3$HIST1H4C$chr6$26104104$+,0.49
chr6:26057200-26058800,ENSG00000197061.3$HIST1H4C$chr6$26104104$+,0.55
chr6:26085800-26087600,ENSG00000197061.3$HIST1H4C$chr6$26104104$+,0.63
chr6:26088200-26090400,ENSG00000197061.3$HIST1H4C$chr6$26104104$+,0.63
chr6:26115200-26117000,ENSG00000197061.3$HIST1H4C$chr6$26104104$+,0.65
chr6:26180200-26182000,ENSG00000197061.3$HIST1H4C$chr6$26104104$+,0.39
chr17:79933800-79935800,ENSG00000197063.6$MAFG$chr17$79885590$-,0.59
chr17:80006800-80009200,ENSG00000197063.6$MAFG$chr17$79885590$-,0.53
chr17:80024000-80025600,ENSG00000197063.6$MAFG$chr17$79885590$-,0.47
chr9:140447000-140448200,ENSG00000197070.9$ARRDC1$chr9$140500106$+,0.39
chr9:140551400-140553800,ENSG00000197070.9$ARRDC1$chr9$140500106$+,0.41
chr22:25197400-25199800,ENSG00000197077.8$KIAA1671$chr22$25348697$+,0.43
chr6:160349600-160350200,ENSG00000197081.8$IGF2R$chr6$160390131$+,0.48
chr6:160471400-160473000,ENSG00000197081.8$IGF2R$chr6$160390131$+,0.39
chr7:99646000-99647000,ENSG00000197093.6$GAL3ST4$chr7$99766373$-,0.51
chr7:99679400-99681800,ENSG00000197093.6$GAL3ST4$chr7$99766373$-,0.41
chr7:99699600-99702000,ENSG00000197093.6$GAL3ST4$chr7$99766373$-,0.49
chr7:99715200-99716400,ENSG00000197093.6$GAL3ST4$chr7$99766373$-,0.39
chr7:99721800-99724000,ENSG00000197093.6$GAL3ST4$chr7$99766373$-,0.43
chr7:99725600-99727600,ENSG00000197093.6$GAL3ST4$chr7$99766373$-,0.5
chr7:99735200-99736800,ENSG00000197093.6$GAL3ST4$chr7$99766373$-,0.45
chr14:102415400-102417800,ENSG00000197102.6$DYNC1H1$chr14$102430865$+,0.35
chr19:39748600-39750400,ENSG00000197110.4$IFNL3$chr19$39735646$-,0.47
chr12:53660800-53662000,ENSG00000197111.11$PCBP2$chr12$53835525$+,0.37
chr12:53688200-53689200,ENSG00000197111.11$PCBP2$chr12$53835525$+,0.56
chr12:53712400-53714800,ENSG00000197111.11$PCBP2$chr12$53835525$+,0.43
chr12:53737200-53739000,ENSG00000197111.11$PCBP2$chr12$53835525$+,0.52
chr12:53746200-53747600,ENSG00000197111.11$PCBP2$chr12$53835525$+,0.51
chr12:53772000-53773600,ENSG00000197111.11$PCBP2$chr12$53835525$+,0.47
chr20:62153000-62155400,ENSG00000197114.7$ZGPAT$chr20$62338817$+,0.44
chr20:62344800-62347000,ENSG00000197114.7$ZGPAT$chr20$62338817$+,0.64
chr20:62412400-62414400,ENSG00000197114.7$ZGPAT$chr20$62338817$+,0.5
chr14:100783600-100785800,ENSG00000197119.8$SLC25A29$chr14$100772884$-,0.51
chr2:197648000-197649200,ENSG00000197121.10$PGAP1$chr2$197792520$-,0.36
chr2:197650800-197651000,ENSG00000197121.10$PGAP1$chr2$197792520$-,0.45
chr2:197664600-197665400,ENSG00000197121.10$PGAP1$chr2$197792520$-,0.39
chr2:197795800-197797600,ENSG00000197121.10$PGAP1$chr2$197792520$-,0.55
chr2:197799800-197800800,ENSG00000197121.10$PGAP1$chr2$197792520$-,0.6
chr19:20163200-20164200,ENSG00000197124.7$ZNF682$chr19$20150315$-,0.59
chr19:20188000-20188800,ENSG00000197124.7$ZNF682$chr19$20150315$-,0.59
chr19:20278600-20280600,ENSG00000197124.7$ZNF682$chr19$20150315$-,0.51
chr19:57861600-57862200,ENSG00000197128.7$ZNF772$chr19$57988938$-,0.38
chr19:57872200-57874400,ENSG00000197128.7$ZNF772$chr19$57988938$-,0.4
chr19:57900000-57901200,ENSG00000197128.7$ZNF772$chr19$57988938$-,0.38
chr19:57921400-57922400,ENSG00000197128.7$ZNF772$chr19$57988938$-,0.52
chr19:57944600-57946400,ENSG00000197128.7$ZNF772$chr19$57988938$-,0.45
chr19:57999400-58000800,ENSG00000197128.7$ZNF772$chr19$57988938$-,0.59
chr19:58037800-58038600,ENSG00000197128.7$ZNF772$chr19$57988938$-,0.61
chr19:58039400-58040600,ENSG00000197128.7$ZNF772$chr19$57988938$-,0.67
chr19:58088800-58089800,ENSG00000197128.7$ZNF772$chr19$57988938$-,0.42
chr19:58090200-58091400,ENSG00000197128.7$ZNF772$chr19$57988938$-,0.39
chr19:58110200-58111200,ENSG00000197128.7$ZNF772$chr19$57988938$-,0.41
chr19:58143400-58144400,ENSG00000197128.7$ZNF772$chr19$57988938$-,0.37
chr19:58145200-58147000,ENSG00000197128.7$ZNF772$chr19$57988938$-,0.39
chr11:65431400-65433200,ENSG00000197136.4$PCNXL3$chr11$65383244$+,0.57
chr11:65601400-65603400,ENSG00000197136.4$PCNXL3$chr11$65383244$+,0.4
chr10:113944000-113945800,ENSG00000197142.6$ACSL5$chr10$114133776$+,0.4
chr1:89819200-89821400,ENSG00000197147.8$LRRC8B$chr1$89990395$+,0.39
chr1:89916200-89917800,ENSG00000197147.8$LRRC8B$chr1$89990395$+,0.55
chr1:90129800-90130600,ENSG00000197147.8$LRRC8B$chr1$89990395$+,0.47
chr1:90181000-90181600,ENSG00000197147.8$LRRC8B$chr1$89990395$+,0.36
chr1:90207800-90208400,ENSG00000197147.8$LRRC8B$chr1$89990395$+,0.36
chr1:90240400-90241800,ENSG00000197147.8$LRRC8B$chr1$89990395$+,0.41
chr1:90270000-90271000,ENSG00000197147.8$LRRC8B$chr1$89990395$+,0.37
chr7:150627800-150629400,ENSG00000197150.8$ABCB8$chr7$150725510$+,0.36
chr7:150753000-150754600,ENSG00000197150.8$ABCB8$chr7$150725510$+,0.57
chr7:150778000-150780000,ENSG00000197150.8$ABCB8$chr7$150725510$+,0.52
chr7:150921600-150923600,ENSG00000197150.8$ABCB8$chr7$150725510$+,0.39
chr7:150927800-150929200,ENSG00000197150.8$ABCB8$chr7$150725510$+,0.38
chr6:27759000-27759600,ENSG00000197153.3$HIST1H3J$chr6$27860884$-,0.49
chr6:27776400-27777800,ENSG00000197153.3$HIST1H3J$chr6$27860884$-,0.49
chr6:27792800-27794600,ENSG00000197153.3$HIST1H3J$chr6$27860884$-,0.49
chr6:27796400-27798400,ENSG00000197153.3$HIST1H3J$chr6$27860884$-,0.53
chr7:127226000-127228200,ENSG00000197157.6$SND1$chr7$127292234$+,0.52
chr7:127229200-127231600,ENSG00000197157.6$SND1$chr7$127292234$+,0.6
chr16:30438800-30440800,ENSG00000197162.8$ZNF785$chr16$30597092$-,0.35
chr16:30441200-30443000,ENSG00000197162.8$ZNF785$chr16$30597092$-,0.4
chr16:30476600-30478800,ENSG00000197162.8$ZNF785$chr16$30597092$-,0.36
chr16:30492800-30493000,ENSG00000197162.8$ZNF785$chr16$30597092$-,0.37
chr16:30493600-30495600,ENSG00000197162.8$ZNF785$chr16$30597092$-,0.36
chr16:30496200-30498200,ENSG00000197162.8$ZNF785$chr16$30597092$-,0.5
chr16:30505400-30506400,ENSG00000197162.8$ZNF785$chr16$30597092$-,0.41
chr16:30546800-30549200,ENSG00000197162.8$ZNF785$chr16$30597092$-,0.49
chr16:30597800-30599600,ENSG00000197162.8$ZNF785$chr16$30597092$-,0.38
chr16:30618800-30620800,ENSG00000197162.8$ZNF785$chr16$30597092$-,0.66
chr16:30639400-30641000,ENSG00000197162.8$ZNF785$chr16$30597092$-,0.54
chr16:30646200-30648200,ENSG00000197162.8$ZNF785$chr16$30597092$-,0.48
chr16:30711000-30713200,ENSG00000197162.8$ZNF785$chr16$30597092$-,0.47
chr16:28572600-28575000,ENSG00000197165.6$SULT1A2$chr16$28608430$-,0.35
chr17:65220000-65222200,ENSG00000197170.5$PSMD12$chr17$65362743$-,0.49
chr17:65231000-65231400,ENSG00000197170.5$PSMD12$chr17$65362743$-,0.42
chr17:65389600-65389800,ENSG00000197170.5$PSMD12$chr17$65362743$-,0.48
chr17:65421200-65422600,ENSG00000197170.5$PSMD12$chr17$65362743$-,0.49
chr17:65423000-65424600,ENSG00000197170.5$PSMD12$chr17$65362743$-,0.5
chr17:65443400-65443800,ENSG00000197170.5$PSMD12$chr17$65362743$-,0.44
chr20:31139200-31140400,ENSG00000197183.8$C20orf112$chr20$31172876$-,0.53
chr9:140100600-140102600,ENSG00000197191.3$C9orf169$chr9$140119087$+,0.63
chr9:140150800-140152800,ENSG00000197191.3$C9orf169$chr9$140119087$+,0.56
chr9:140314800-140316800,ENSG00000197191.3$C9orf169$chr9$140119087$+,0.44
chr2:68277400-68279400,ENSG00000197223.7$C1D$chr2$68338080$-,0.36
chr2:68290600-68291600,ENSG00000197223.7$C1D$chr2$68338080$-,0.49
chr2:68382000-68384000,ENSG00000197223.7$C1D$chr2$68338080$-,0.38
chr5:179131800-179133400,ENSG00000197226.8$TBC1D9B$chr5$179334859$-,0.35
chr5:179234400-179236000,ENSG00000197226.8$TBC1D9B$chr5$179334859$-,0.38
chr5:179263000-179265400,ENSG00000197226.8$TBC1D9B$chr5$179334859$-,0.48
chr6:27655800-27657600,ENSG00000197238.3$HIST1H4J$chr6$27791884$+,0.39
chr6:27660200-27661800,ENSG00000197238.3$HIST1H4J$chr6$27791884$+,0.38
chr6:27719000-27720200,ENSG00000197238.3$HIST1H4J$chr6$27791884$+,0.54
chr6:27759000-27759600,ENSG00000197238.3$HIST1H4J$chr6$27791884$+,0.59
chr6:27776400-27777800,ENSG00000197238.3$HIST1H4J$chr6$27791884$+,0.7
chr6:27792800-27794600,ENSG00000197238.3$HIST1H4J$chr6$27791884$+,0.39
chr6:27796400-27798400,ENSG00000197238.3$HIST1H4J$chr6$27791884$+,0.6
chr1:26471200-26472600,ENSG00000197245.4$FAM110D$chr1$26485511$+,0.42
chr8:30449600-30450600,ENSG00000197265.4$GTF2E2$chr8$30515768$-,0.6
chr8:30602000-30603600,ENSG00000197265.4$GTF2E2$chr8$30515768$-,0.45
chr16:28559600-28561200,ENSG00000197272.2$IL27$chr16$28523372$-,0.57
chr16:28563800-28565200,ENSG00000197272.2$IL27$chr16$28523372$-,0.57
chr16:28572600-28575000,ENSG00000197272.2$IL27$chr16$28523372$-,0.49
chr6:28071600-28072200,ENSG00000197279.3$ZNF165$chr6$28048753$+,0.71
chr6:28090800-28092000,ENSG00000197279.3$ZNF165$chr6$28048753$+,0.72
chr6:28128000-28129400,ENSG00000197279.3$ZNF165$chr6$28048753$+,0.52
chr6:28129800-28131200,ENSG00000197279.3$ZNF165$chr6$28048753$+,0.5
chr6:28169800-28170800,ENSG00000197279.3$ZNF165$chr6$28048753$+,0.48
chr6:33236600-33238800,ENSG00000197283.8$SYNGAP1$chr6$33387847$+,0.43
chr6:33254800-33256400,ENSG00000197283.8$SYNGAP1$chr6$33387847$+,0.46
chr6:33258000-33260000,ENSG00000197283.8$SYNGAP1$chr6$33387847$+,0.4
chr6:33268000-33270000,ENSG00000197283.8$SYNGAP1$chr6$33387847$+,0.38
chr6:33275200-33277600,ENSG00000197283.8$SYNGAP1$chr6$33387847$+,0.35
chr6:33372800-33374400,ENSG00000197283.8$SYNGAP1$chr6$33387847$+,0.5
chr6:33376800-33378000,ENSG00000197283.8$SYNGAP1$chr6$33387847$+,0.52
chr6:33479200-33481400,ENSG00000197283.8$SYNGAP1$chr6$33387847$+,0.4
chr6:33548000-33549200,ENSG00000197283.8$SYNGAP1$chr6$33387847$+,0.44
chr20:42937000-42939200,ENSG00000197296.5$FITM2$chr20$42939809$-,0.4
chr20:43103000-43104400,ENSG00000197296.5$FITM2$chr20$42939809$-,0.37
chr20:43157800-43160200,ENSG00000197296.5$FITM2$chr20$42939809$-,0.42
chr15:91071600-91072800,ENSG00000197299.6$BLM$chr15$91260558$+,0.43
chr15:91146600-91148200,ENSG00000197299.6$BLM$chr15$91260558$+,0.48
chr15:91156600-91158600,ENSG00000197299.6$BLM$chr15$91260558$+,0.46
chr15:91239800-91241400,ENSG00000197299.6$BLM$chr15$91260558$+,0.73
chr15:91443600-91445600,ENSG00000197299.6$BLM$chr15$91260558$+,0.39
chr15:91473600-91475400,ENSG00000197299.6$BLM$chr15$91260558$+,0.41
chr15:91479000-91480600,ENSG00000197299.6$BLM$chr15$91260558$+,0.42
chr1:115013000-115014000,ENSG00000197323.6$TRIM33$chr1$115053781$-,0.67
chr1:115027600-115030000,ENSG00000197323.6$TRIM33$chr1$115053781$-,0.65
chr1:115124600-115125800,ENSG00000197323.6$TRIM33$chr1$115053781$-,0.57
chr1:115210000-115212400,ENSG00000197323.6$TRIM33$chr1$115053781$-,0.44
chr14:23181400-23183400,ENSG00000197324.4$LRP10$chr14$23340822$+,0.5
chr14:23233600-23235600,ENSG00000197324.4$LRP10$chr14$23340822$+,0.49
chr14:23297400-23299000,ENSG00000197324.4$LRP10$chr14$23340822$+,0.62
chr14:23299600-23301600,ENSG00000197324.4$LRP10$chr14$23340822$+,0.57
chr14:23326400-23328800,ENSG00000197324.4$LRP10$chr14$23340822$+,0.7
chr14:23334400-23336200,ENSG00000197324.4$LRP10$chr14$23340822$+,0.58
chr14:23423200-23425600,ENSG00000197324.4$LRP10$chr14$23340822$+,0.5
chr14:23426600-23427400,ENSG00000197324.4$LRP10$chr14$23340822$+,0.46
chr14:23473600-23475800,ENSG00000197324.4$LRP10$chr14$23340822$+,0.42
chr14:23496800-23499000,ENSG00000197324.4$LRP10$chr14$23340822$+,0.36
chr14:23504400-23505400,ENSG00000197324.4$LRP10$chr14$23340822$+,0.38
chr2:64266000-64268400,ENSG00000197329.7$PELI1$chr2$64371588$-,0.52
chr2:64276600-64277600,ENSG00000197329.7$PELI1$chr2$64371588$-,0.55
chr2:64406200-64408600,ENSG00000197329.7$PELI1$chr2$64371588$-,0.73
chr7:98921800-98923000,ENSG00000197343.6$ZNF655$chr7$99156029$+,0.42
chr7:99033800-99036000,ENSG00000197343.6$ZNF655$chr7$99156029$+,0.36
chr7:99098400-99099400,ENSG00000197343.6$ZNF655$chr7$99156029$+,0.57
chr7:99101400-99102000,ENSG00000197343.6$ZNF655$chr7$99156029$+,0.47
chr7:99147800-99149200,ENSG00000197343.6$ZNF655$chr7$99156029$+,0.55
chr7:99150000-99151600,ENSG00000197343.6$ZNF655$chr7$99156029$+,0.53
chr7:99176800-99177800,ENSG00000197343.6$ZNF655$chr7$99156029$+,0.68
chr7:99212800-99214200,ENSG00000197343.6$ZNF655$chr7$99156029$+,0.55
chr7:148510400-148511200,ENSG00000197362.9$ZNF786$chr7$148787874$-,0.35
chr7:148617200-148619200,ENSG00000197362.9$ZNF786$chr7$148787874$-,0.39
chr7:148636200-148637800,ENSG00000197362.9$ZNF786$chr7$148787874$-,0.42
chr7:148638800-148640400,ENSG00000197362.9$ZNF786$chr7$148787874$-,0.4
chr7:148658000-148660200,ENSG00000197362.9$ZNF786$chr7$148787874$-,0.36
chr7:148660400-148662400,ENSG00000197362.9$ZNF786$chr7$148787874$-,0.43
chr7:148662800-148665000,ENSG00000197362.9$ZNF786$chr7$148787874$-,0.41
chr7:148685000-148686200,ENSG00000197362.9$ZNF786$chr7$148787874$-,0.41
chr7:148726400-148727600,ENSG00000197362.9$ZNF786$chr7$148787874$-,0.52
chr7:148821600-148822800,ENSG00000197362.9$ZNF786$chr7$148787874$-,0.56
chr7:148825000-148826000,ENSG00000197362.9$ZNF786$chr7$148787874$-,0.59
chr7:148891600-148892400,ENSG00000197362.9$ZNF786$chr7$148787874$-,0.48
chr7:148958000-148959000,ENSG00000197362.9$ZNF786$chr7$148787874$-,0.38
chr8:145954800-145956800,ENSG00000197363.5$ZNF517$chr8$146024261$+,0.45
chr8:146010200-146012000,ENSG00000197363.5$ZNF517$chr8$146024261$+,0.68
chr8:146079000-146080000,ENSG00000197363.5$ZNF517$chr8$146024261$+,0.44
chr1:153379200-153380400,ENSG00000197364.6$S100A7L2$chr1$153412425$-,0.58
chr19:23939800-23941000,ENSG00000197372.5$ZNF675$chr19$23870022$-,0.47
chr19:23959400-23961800,ENSG00000197372.5$ZNF675$chr19$23870022$-,0.45
chr19:23975600-23977000,ENSG00000197372.5$ZNF675$chr19$23870022$-,0.43
chr5:131735800-131737000,ENSG00000197375.8$SLC22A5$chr5$131705444$+,0.64
chr5:131741000-131742600,ENSG00000197375.8$SLC22A5$chr5$131705444$+,0.62
chr19:47102400-47103600,ENSG00000197380.6$DACT3$chr19$47164395$-,0.54
chr19:47151000-47152800,ENSG00000197380.6$DACT3$chr19$47164395$-,0.73
chr19:47207400-47208600,ENSG00000197380.6$DACT3$chr19$47164395$-,0.6
chr19:47250000-47252400,ENSG00000197380.6$DACT3$chr19$47164395$-,0.44
chr19:47291600-47293600,ENSG00000197380.6$DACT3$chr19$47164395$-,0.43
chr19:47362000-47363600,ENSG00000197380.6$DACT3$chr19$47164395$-,0.35
chr19:47799200-47800200,ENSG00000197405.3$C5AR1$chr19$47793280$+,0.61
chr6:26042400-26044600,ENSG00000197409.6$HIST1H3D$chr6$26199521$-,0.36
chr6:26057200-26058800,ENSG00000197409.6$HIST1H3D$chr6$26199521$-,0.43
chr6:26088200-26090400,ENSG00000197409.6$HIST1H3D$chr6$26199521$-,0.39
chr6:26115200-26117000,ENSG00000197409.6$HIST1H3D$chr6$26199521$-,0.42
chr6:26180200-26182000,ENSG00000197409.6$HIST1H3D$chr6$26199521$-,0.67
chr6:26235600-26237400,ENSG00000197409.6$HIST1H3D$chr6$26199521$-,0.54
chr6:26239800-26241000,ENSG00000197409.6$HIST1H3D$chr6$26199521$-,0.55
chr6:26314000-26314600,ENSG00000197409.6$HIST1H3D$chr6$26199521$-,0.4
chr8:82486000-82488200,ENSG00000197416.4$FABP12$chr8$82443613$-,0.35
chr17:3586000-3587400,ENSG00000197417.7$SHPK$chr17$3539616$-,0.62
chr17:3671800-3673000,ENSG00000197417.7$SHPK$chr17$3539616$-,0.59
chr17:3690800-3692600,ENSG00000197417.7$SHPK$chr17$3539616$-,0.49
chr17:3749600-3750400,ENSG00000197417.7$SHPK$chr17$3539616$-,0.39
chr1:46127800-46129400,ENSG00000197429.6$IPP$chr1$46216322$-,0.42
chr1:46201200-46201400,ENSG00000197429.6$IPP$chr1$46216322$-,0.67
chr1:46203200-46205200,ENSG00000197429.6$IPP$chr1$46216322$-,0.66
chr1:46206600-46207200,ENSG00000197429.6$IPP$chr1$46216322$-,0.67
chr6:137141000-137143200,ENSG00000197442.8$MAP3K5$chr6$137113656$-,0.67
chr7:142958800-142960400,ENSG00000197448.9$GSTK1$chr7$142941186$+,0.39
chr7:142968400-142968800,ENSG00000197448.9$GSTK1$chr7$142941186$+,0.4
chr5:177410800-177413200,ENSG00000197451.6$HNRNPAB$chr5$177631508$+,0.44
chr5:177489000-177490600,ENSG00000197451.6$HNRNPAB$chr5$177631508$+,0.42
chr5:177558400-177559800,ENSG00000197451.6$HNRNPAB$chr5$177631508$+,0.55
chr5:177581200-177583000,ENSG00000197451.6$HNRNPAB$chr5$177631508$+,0.59
chr20:62211800-62213200,ENSG00000197457.5$STMN3$chr20$62284780$-,0.42
chr20:62344800-62347000,ENSG00000197457.5$STMN3$chr20$62284780$-,0.42
chr6:26057200-26058800,ENSG00000197459.2$HIST1H2BH$chr6$26251879$+,0.4
chr6:26085800-26087600,ENSG00000197459.2$HIST1H2BH$chr6$26251879$+,0.36
chr6:26088200-26090400,ENSG00000197459.2$HIST1H2BH$chr6$26251879$+,0.35
chr6:26115200-26117000,ENSG00000197459.2$HIST1H2BH$chr6$26251879$+,0.4
chr6:26180200-26182000,ENSG00000197459.2$HIST1H2BH$chr6$26251879$+,0.5
chr6:26235600-26237400,ENSG00000197459.2$HIST1H2BH$chr6$26251879$+,0.63
chr6:26239800-26241000,ENSG00000197459.2$HIST1H2BH$chr6$26251879$+,0.66
chr6:26314000-26314600,ENSG00000197459.2$HIST1H2BH$chr6$26251879$+,0.46
chr16:29580000-29581400,ENSG00000197471.7$SPN$chr16$29674300$+,0.47
chr16:29669600-29671400,ENSG00000197471.7$SPN$chr16$29674300$+,0.57
chr19:53607400-53608400,ENSG00000197497.6$ZNF665$chr19$53696639$-,0.44
chr19:53659600-53662000,ENSG00000197497.6$ZNF665$chr19$53696639$-,0.59
chr19:53662600-53663200,ENSG00000197497.6$ZNF665$chr19$53696639$-,0.63
chr19:53698400-53700400,ENSG00000197497.6$ZNF665$chr19$53696639$-,0.48
chr19:53756400-53757600,ENSG00000197497.6$ZNF665$chr19$53696639$-,0.54
chr19:53835600-53836400,ENSG00000197497.6$ZNF665$chr19$53696639$-,0.39
chr6:111278400-111279600,ENSG00000197498.8$RPF2$chr6$111303218$+,0.56
chr6:111280600-111282200,ENSG00000197498.8$RPF2$chr6$111303218$+,0.61
chr14:50157200-50159400,ENSG00000197502.1$AL627171.1$chr14$50311552$-,0.36
chr14:50160400-50162600,ENSG00000197502.1$AL627171.1$chr14$50311552$-,0.36
chr14:50233000-50234200,ENSG00000197502.1$AL627171.1$chr14$50311552$-,0.42
chr14:50319800-50321600,ENSG00000197502.1$AL627171.1$chr14$50311552$-,0.55
chr14:50326600-50328200,ENSG00000197502.1$AL627171.1$chr14$50311552$-,0.57
chr14:50333400-50334400,ENSG00000197502.1$AL627171.1$chr14$50311552$-,0.52
chr14:50357600-50359000,ENSG00000197502.1$AL627171.1$chr14$50311552$-,0.54
chr1:222887400-222889200,ENSG00000197520.6$FAM177B$chr1$222910549$+,0.38
chr1:222894800-222895400,ENSG00000197520.6$FAM177B$chr1$222910549$+,0.41
chr1:1405000-1407200,ENSG00000197530.8$MIB2$chr1$1550795$+,0.45
chr1:1407600-1410000,ENSG00000197530.8$MIB2$chr1$1550795$+,0.4
chr1:1445600-1447000,ENSG00000197530.8$MIB2$chr1$1550795$+,0.58
chr1:1652000-1653800,ENSG00000197530.8$MIB2$chr1$1550795$+,0.5
chr1:1657600-1659200,ENSG00000197530.8$MIB2$chr1$1550795$+,0.51
chr1:1673200-1675400,ENSG00000197530.8$MIB2$chr1$1550795$+,0.46
chr1:1680000-1681000,ENSG00000197530.8$MIB2$chr1$1550795$+,0.51
chr1:158615600-158617400,ENSG00000197532.1$OR6Y1$chr1$158517895$-,0.48
chr15:52785600-52787000,ENSG00000197535.10$MYO5A$chr15$52821247$-,0.63
chr15:52827200-52827800,ENSG00000197535.10$MYO5A$chr15$52821247$-,0.69
chr15:52861400-52862800,ENSG00000197535.10$MYO5A$chr15$52821247$-,0.55
chr15:52887000-52887400,ENSG00000197535.10$MYO5A$chr15$52821247$-,0.49
chr5:131735800-131737000,ENSG00000197536.6$C5orf56$chr5$131746328$+,0.57
chr5:131741000-131742600,ENSG00000197536.6$C5orf56$chr5$131746328$+,0.51
chr5:131856200-131856800,ENSG00000197536.6$C5orf56$chr5$131746328$+,0.39
chr19:489600-491800,ENSG00000197540.3$GZMM$chr19$544034$+,0.46
chr3:11292200-11294400,ENSG00000197548.8$ATG7$chr3$11313995$+,0.62
chr14:71733600-71735400,ENSG00000197555.5$SIPA1L1$chr14$71787166$+,0.64
chr14:71844200-71846200,ENSG00000197555.5$SIPA1L1$chr14$71787166$+,0.65
chr2:178482200-178483000,ENSG00000197557.6$TTC30A$chr2$178483694$-,0.35
chr2:178627200-178629200,ENSG00000197557.6$TTC30A$chr2$178483694$-,0.49
chr2:178645000-178646000,ENSG00000197557.6$TTC30A$chr2$178483694$-,0.42
chr18:59699600-59701800,ENSG00000197563.5$PIGN$chr18$59854351$-,0.47
chr18:59831600-59833600,ENSG00000197563.5$PIGN$chr18$59854351$-,0.6
chr18:59862200-59862800,ENSG00000197563.5$PIGN$chr18$59854351$-,0.53
chr18:59886600-59887800,ENSG00000197563.5$PIGN$chr18$59854351$-,0.54
chr17:16492800-16493400,ENSG00000197566.5$ZNF624$chr17$16557170$-,0.55
chr17:16557400-16558200,ENSG00000197566.5$ZNF624$chr17$16557170$-,0.4
chr1:70678800-70679000,ENSG00000197568.9$HHLA3$chr1$70820488$+,0.37
chr1:70679400-70680400,ENSG00000197568.9$HHLA3$chr1$70820488$+,0.39
chr1:70685200-70687000,ENSG00000197568.9$HHLA3$chr1$70820488$+,0.47
chr1:70875200-70876200,ENSG00000197568.9$HHLA3$chr1$70820488$+,0.62
chr9:32378600-32380200,ENSG00000197579.3$TOPORS$chr9$32552551$-,0.45
chr9:32511000-32512200,ENSG00000197579.3$TOPORS$chr9$32552551$-,0.52
chr9:32526800-32528000,ENSG00000197579.3$TOPORS$chr9$32552551$-,0.52
chr9:32545400-32547600,ENSG00000197579.3$TOPORS$chr9$32552551$-,0.56
chr9:32548400-32550400,ENSG00000197579.3$TOPORS$chr9$32552551$-,0.54
chr9:32573600-32574200,ENSG00000197579.3$TOPORS$chr9$32552551$-,0.52
chr20:25225800-25228200,ENSG00000197586.8$ENTPD6$chr20$25176329$+,0.68
chr20:25326400-25328800,ENSG00000197586.8$ENTPD6$chr20$25176329$+,0.39
chr20:25371800-25372800,ENSG00000197586.8$ENTPD6$chr20$25176329$+,0.42
chr1:46997800-47000000,ENSG00000197587.6$DMBX1$chr1$46972668$+,0.38
chr6:132123800-132125400,ENSG00000197594.7$ENPP1$chr6$132129156$+,0.51
chr11:13688000-13689400,ENSG00000197601.8$FAR1$chr11$13690217$+,0.37
chr10:72146800-72148000,ENSG00000197604.4$AC022532.1$chr10$72194585$+,0.64
chr10:72161400-72163800,ENSG00000197604.4$AC022532.1$chr10$72194585$+,0.54
chr10:72165200-72166800,ENSG00000197604.4$AC022532.1$chr10$72194585$+,0.71
chr19:52488000-52489400,ENSG00000197608.7$ZNF841$chr19$52599018$-,0.39
chr19:52490200-52490800,ENSG00000197608.7$ZNF841$chr19$52599018$-,0.43
chr19:52510200-52510800,ENSG00000197608.7$ZNF841$chr19$52599018$-,0.43
chr19:52549200-52551400,ENSG00000197608.7$ZNF841$chr19$52599018$-,0.44
chr19:52640000-52642400,ENSG00000197608.7$ZNF841$chr19$52599018$-,0.58
chr19:52672800-52674000,ENSG00000197608.7$ZNF841$chr19$52599018$-,0.47
chr19:52675000-52676400,ENSG00000197608.7$ZNF841$chr19$52599018$-,0.4
chr19:52690400-52692600,ENSG00000197608.7$ZNF841$chr19$52599018$-,0.52
chr19:52405600-52407600,ENSG00000197619.9$ZNF615$chr19$52511483$-,0.5
chr19:52431200-52432400,ENSG00000197619.9$ZNF615$chr19$52511483$-,0.56
chr19:52488000-52489400,ENSG00000197619.9$ZNF615$chr19$52511483$-,0.63
chr19:52490200-52490800,ENSG00000197619.9$ZNF615$chr19$52511483$-,0.65
chr19:52549200-52551400,ENSG00000197619.9$ZNF615$chr19$52511483$-,0.64
chr19:52596400-52598200,ENSG00000197619.9$ZNF615$chr19$52511483$-,0.57
chr19:52640000-52642400,ENSG00000197619.9$ZNF615$chr19$52511483$-,0.46
chrX:148568200-148569200,ENSG00000197620.6$CXorf40A$chrX$148621900$+,0.56
chrX:148586600-148588200,ENSG00000197620.6$CXorf40A$chrX$148621900$+,0.4
chrX:148713400-148714400,ENSG00000197620.6$CXorf40A$chrX$148621900$+,0.57
chr1:150894400-150895800,ENSG00000197622.8$CDC42SE1$chr1$151042801$-,0.52
chr1:150899400-150901000,ENSG00000197622.8$CDC42SE1$chr1$151042801$-,0.51
chr1:150996600-150998000,ENSG00000197622.8$CDC42SE1$chr1$151042801$-,0.43
chr1:151015400-151016200,ENSG00000197622.8$CDC42SE1$chr1$151042801$-,0.52
chr1:151018000-151020200,ENSG00000197622.8$CDC42SE1$chr1$151042801$-,0.54
chr1:151097000-151099200,ENSG00000197622.8$CDC42SE1$chr1$151042801$-,0.56
chr1:151119600-151121400,ENSG00000197622.8$CDC42SE1$chr1$151042801$-,0.62
chr1:151162800-151163800,ENSG00000197622.8$CDC42SE1$chr1$151042801$-,0.41
chr2:162911600-162912800,ENSG00000197635.5$DPP4$chr2$162931052$-,0.46
chr19:12174600-12175600,ENSG00000197647.7$ZNF433$chr19$12146556$-,0.35
chr19:12176200-12177800,ENSG00000197647.7$ZNF433$chr19$12146556$-,0.4
chr12:124156200-124158600,ENSG00000197653.10$DNAH10$chr12$124247042$+,0.37
chr12:124195400-124196600,ENSG00000197653.10$DNAH10$chr12$124247042$+,0.4
chr17:36410000-36412200,ENSG00000197681.8$TBC1D3$chr17$36358166$-,0.45
chr9:131200600-131202000,ENSG00000197694.9$SPTAN1$chr9$131314866$+,0.55
chr9:131265200-131266800,ENSG00000197694.9$SPTAN1$chr9$131314866$+,0.51
chr9:131267600-131269800,ENSG00000197694.9$SPTAN1$chr9$131314866$+,0.53
chr9:131273600-131276000,ENSG00000197694.9$SPTAN1$chr9$131314866$+,0.6
chr9:131416200-131418400,ENSG00000197694.9$SPTAN1$chr9$131314866$+,0.53
chr9:131419400-131420200,ENSG00000197694.9$SPTAN1$chr9$131314866$+,0.51
chr9:131550200-131551800,ENSG00000197694.9$SPTAN1$chr9$131314866$+,0.35
chr15:85175000-85176600,ENSG00000197696.5$NMB$chr15$85201794$-,0.54
chr15:85242600-85244600,ENSG00000197696.5$NMB$chr15$85201794$-,0.53
chr6:26042400-26044600,ENSG00000197697.3$HIST1H2BE$chr6$26183958$+,0.39
chr6:26057200-26058800,ENSG00000197697.3$HIST1H2BE$chr6$26183958$+,0.38
chr6:26115200-26117000,ENSG00000197697.3$HIST1H2BE$chr6$26183958$+,0.38
chr6:26180200-26182000,ENSG00000197697.3$HIST1H2BE$chr6$26183958$+,0.52
chr6:26235600-26237400,ENSG00000197697.3$HIST1H2BE$chr6$26183958$+,0.49
chr6:26239800-26241000,ENSG00000197697.3$HIST1H2BE$chr6$26183958$+,0.44
chr4:125600-127000,ENSG00000197701.7$ZNF595$chr4$53179$+,0.53
chr4:36600-37400,ENSG00000197701.7$ZNF595$chr4$53179$+,0.7
chr4:38838800-38840600,ENSG00000197712.7$FAM114A1$chr4$38869298$+,0.42
chr4:38916200-38917800,ENSG00000197712.7$FAM114A1$chr4$38869298$+,0.37
chr2:211036600-211038400,ENSG00000197713.10$RPE$chr2$210867289$+,0.41
chr19:57682400-57684800,ENSG00000197714.4$ZNF460$chr19$57791419$+,0.57
chr19:57703800-57705600,ENSG00000197714.4$ZNF460$chr19$57791419$+,0.53
chr19:57751000-57751600,ENSG00000197714.4$ZNF460$chr19$57791419$+,0.61
chr19:57861600-57862200,ENSG00000197714.4$ZNF460$chr19$57791419$+,0.53
chr19:57872200-57874400,ENSG00000197714.4$ZNF460$chr19$57791419$+,0.47
chr19:57900000-57901200,ENSG00000197714.4$ZNF460$chr19$57791419$+,0.55
chr19:57921400-57922400,ENSG00000197714.4$ZNF460$chr19$57791419$+,0.56
chr19:57944600-57946400,ENSG00000197714.4$ZNF460$chr19$57791419$+,0.53
chr1:207792600-207794800,ENSG00000197721.12$CR1L$chr1$207818458$+,0.66
chr14:78083200-78085600,ENSG00000197734.4$C14orf178$chr14$78227173$+,0.44
chr14:78204400-78206000,ENSG00000197734.4$C14orf178$chr14$78227173$+,0.66
chr14:78206600-78208800,ENSG00000197734.4$C14orf178$chr14$78227173$+,0.57
chr14:78217800-78220200,ENSG00000197734.4$C14orf178$chr14$78227173$+,0.65
chr11:61879400-61880800,ENSG00000197745.1$SCGB1D4$chr11$62066536$-,0.36
chr1:151761200-151763200,ENSG00000197747.4$S100A10$chr1$151966866$-,0.35
chr1:151882600-151883800,ENSG00000197747.4$S100A10$chr1$151966866$-,0.54
chr10:105929600-105931600,ENSG00000197748.8$WDR96$chr10$105992120$-,0.46
chr10:106029200-106029800,ENSG00000197748.8$WDR96$chr10$105992120$-,0.62
chr12:54321000-54322600,ENSG00000197757.7$HOXC6$chr12$54384408$+,0.43
chr3:126421600-126422800,ENSG00000197763.8$TXNRD3$chr3$126373998$-,0.44
chr3:126423400-126425800,ENSG00000197763.8$TXNRD3$chr3$126373998$-,0.45
chr9:140150800-140152800,ENSG00000197768.6$C9orf173$chr9$140145713$+,0.39
chr10:121593400-121594600,ENSG00000197771.8$MCMBP$chr10$121652068$-,0.62
chr10:121633200-121634200,ENSG00000197771.8$MCMBP$chr10$121652068$-,0.67
chr16:1753200-1755400,ENSG00000197774.8$EME2$chr16$1823208$+,0.49
chr16:1904400-1906400,ENSG00000197774.8$EME2$chr16$1823208$+,0.58
chr16:2008200-2009600,ENSG00000197774.8$EME2$chr16$1823208$+,0.36
chr16:2020000-2021600,ENSG00000197774.8$EME2$chr16$1823208$+,0.46
chr14:24423400-24425400,ENSG00000197775.1$DHRS4-AS1$chr14$24407940$+,0.37
chr14:24474800-24475800,ENSG00000197775.1$DHRS4-AS1$chr14$24407940$+,0.35
chr14:50233000-50234200,ENSG00000197776.3$KLHDC1$chr14$50159823$+,0.51
chrX:47478200-47480400,ENSG00000197779.9$ZNF81$chrX$47696301$+,0.39
chrX:47515600-47517800,ENSG00000197779.9$ZNF81$chrX$47696301$+,0.38
chrX:47518800-47519800,ENSG00000197779.9$ZNF81$chrX$47696301$+,0.47
chrX:47878600-47880400,ENSG00000197779.9$ZNF81$chrX$47696301$+,0.36
chr1:109417800-109419200,ENSG00000197780.5$TAF13$chr1$109618624$-,0.35
chr1:109495800-109497200,ENSG00000197780.5$TAF13$chr1$109618624$-,0.44
chr1:109506600-109508000,ENSG00000197780.5$TAF13$chr1$109618624$-,0.5
chr1:109585200-109585800,ENSG00000197780.5$TAF13$chr1$109618624$-,0.68
chr1:109642000-109642800,ENSG00000197780.5$TAF13$chr1$109618624$-,0.57
chr1:109755200-109756200,ENSG00000197780.5$TAF13$chr1$109618624$-,0.49
chr1:109761000-109761800,ENSG00000197780.5$TAF13$chr1$109618624$-,0.56
chr1:109762600-109763400,ENSG00000197780.5$TAF13$chr1$109618624$-,0.36
chr1:109826200-109828600,ENSG00000197780.5$TAF13$chr1$109618624$-,0.38
chr19:40372200-40373000,ENSG00000197782.10$ZNF780A$chr19$40596845$-,0.47
chr19:40503400-40505400,ENSG00000197782.10$ZNF780A$chr19$40596845$-,0.58
chr19:40562600-40563600,ENSG00000197782.10$ZNF780A$chr19$40596845$-,0.75
chr19:40695400-40696600,ENSG00000197782.10$ZNF780A$chr19$40596845$-,0.59
chr1:1311200-1313400,ENSG00000197785.9$ATAD3A$chr1$1447531$+,0.39
chr1:1405000-1407200,ENSG00000197785.9$ATAD3A$chr1$1447531$+,0.57
chr1:1407600-1410000,ENSG00000197785.9$ATAD3A$chr1$1447531$+,0.65
chr1:1548200-1550200,ENSG00000197785.9$ATAD3A$chr1$1447531$+,0.52
chr1:1652000-1653800,ENSG00000197785.9$ATAD3A$chr1$1447531$+,0.47
chr1:1657600-1659200,ENSG00000197785.9$ATAD3A$chr1$1447531$+,0.36
chr1:1673200-1675400,ENSG00000197785.9$ATAD3A$chr1$1447531$+,0.38
chr11:125933200-125934800,ENSG00000197798.4$FAM118B$chr11$126081309$+,0.6
chr11:126135600-126138000,ENSG00000197798.4$FAM118B$chr11$126081309$+,0.57
chr11:126139400-126141600,ENSG00000197798.4$FAM118B$chr11$126081309$+,0.56
chr11:126171800-126173400,ENSG00000197798.4$FAM118B$chr11$126081309$+,0.46
chr19:37062600-37063800,ENSG00000197808.7$ZNF461$chr19$37157755$-,0.45
chr19:37065000-37066800,ENSG00000197808.7$ZNF461$chr19$37157755$-,0.39
chr19:37093800-37095600,ENSG00000197808.7$ZNF461$chr19$37157755$-,0.52
chr19:37096800-37099000,ENSG00000197808.7$ZNF461$chr19$37157755$-,0.48
chr19:37175800-37177800,ENSG00000197808.7$ZNF461$chr19$37157755$-,0.65
chr19:37261400-37263000,ENSG00000197808.7$ZNF461$chr19$37157755$-,0.42
chr19:37264000-37264800,ENSG00000197808.7$ZNF461$chr19$37157755$-,0.4
chr9:99983000-99985200,ENSG00000197816.9$CCDC180$chr9$100000765$+,0.46
chr20:48330800-48332000,ENSG00000197818.7$SLC9A8$chr20$48429250$+,0.45
chr20:48396800-48399000,ENSG00000197818.7$SLC9A8$chr20$48429250$+,0.73
chr12:14904400-14905600,ENSG00000197837.3$HIST4H4$chr12$14924065$-,0.6
chr12:14918000-14918400,ENSG00000197837.3$HIST4H4$chr12$14924065$-,0.62
chr12:14953400-14955800,ENSG00000197837.3$HIST4H4$chr12$14924065$-,0.64
chr12:14957200-14959200,ENSG00000197837.3$HIST4H4$chr12$14924065$-,0.58
chr12:14962800-14965000,ENSG00000197837.3$HIST4H4$chr12$14924065$-,0.59
chr19:35262000-35263400,ENSG00000197841.10$ZNF181$chr19$35225060$+,0.52
chr6:26057200-26058800,ENSG00000197846.3$HIST1H2BF$chr6$26199748$+,0.4
chr6:26085800-26087600,ENSG00000197846.3$HIST1H2BF$chr6$26199748$+,0.37
chr6:26088200-26090400,ENSG00000197846.3$HIST1H2BF$chr6$26199748$+,0.42
chr6:26115200-26117000,ENSG00000197846.3$HIST1H2BF$chr6$26199748$+,0.45
chr6:26180200-26182000,ENSG00000197846.3$HIST1H2BF$chr6$26199748$+,0.67
chr6:26235600-26237400,ENSG00000197846.3$HIST1H2BF$chr6$26199748$+,0.6
chr6:26239800-26241000,ENSG00000197846.3$HIST1H2BF$chr6$26199748$+,0.6
chr6:26314000-26314600,ENSG00000197846.3$HIST1H2BF$chr6$26199748$+,0.43
chr7:96107800-96109600,ENSG00000197851.3$C7orf76$chr7$96132835$-,0.36
chr7:96124600-96125800,ENSG00000197851.3$C7orf76$chr7$96132835$-,0.42
chr1:112124600-112126400,ENSG00000197852.8$FAM212B$chr1$112298446$-,0.39
chr1:112219800-112220400,ENSG00000197852.8$FAM212B$chr1$112298446$-,0.49
chr1:112296200-112298000,ENSG00000197852.8$FAM212B$chr1$112298446$-,0.47
chr19:12248200-12250400,ENSG00000197857.9$ZNF44$chr19$12405702$-,0.38
chr19:12251200-12252600,ENSG00000197857.9$ZNF44$chr19$12405702$-,0.39
chr19:12265000-12266800,ENSG00000197857.9$ZNF44$chr19$12405702$-,0.39
chr19:12444600-12445400,ENSG00000197857.9$ZNF44$chr19$12405702$-,0.42
chr19:12476000-12477800,ENSG00000197857.9$ZNF44$chr19$12405702$-,0.43
chr19:12509800-12511200,ENSG00000197857.9$ZNF44$chr19$12405702$-,0.41
chr19:12662800-12664800,ENSG00000197857.9$ZNF44$chr19$12405702$-,0.36
chr8:145063000-145064000,ENSG00000197858.6$GPAA1$chr8$145137493$+,0.42
chr5:64974200-64974800,ENSG00000197860.5$SGTB$chr5$65018862$-,0.43
chr5:65011000-65011400,ENSG00000197860.5$SGTB$chr5$65018862$-,0.45
chr5:65055800-65057600,ENSG00000197860.5$SGTB$chr5$65018862$-,0.63
chr5:65075200-65076400,ENSG00000197860.5$SGTB$chr5$65018862$-,0.55
chr19:37175800-37177800,ENSG00000197863.4$ZNF790$chr19$37341689$-,0.36
chr19:37261400-37263000,ENSG00000197863.4$ZNF790$chr19$37341689$-,0.43
chr19:37264000-37264800,ENSG00000197863.4$ZNF790$chr19$37341689$-,0.44
chr19:37327600-37328800,ENSG00000197863.4$ZNF790$chr19$37341689$-,0.59
chr19:37404400-37406600,ENSG00000197863.4$ZNF790$chr19$37341689$-,0.54
chr19:37407800-37409800,ENSG00000197863.4$ZNF790$chr19$37341689$-,0.5
chr19:37463000-37463800,ENSG00000197863.4$ZNF790$chr19$37341689$-,0.65
chr19:37464400-37465800,ENSG00000197863.4$ZNF790$chr19$37341689$-,0.59
chr3:23985000-23986400,ENSG00000197885.6$NKIRAS1$chr3$23988082$-,0.41
chr4:69370600-69371200,ENSG00000197888.2$UGT2B17$chr4$69434245$-,0.38
chr10:14854000-14855400,ENSG00000197889.5$MEIG1$chr10$15001438$+,0.37
chr10:14878000-14879400,ENSG00000197889.5$MEIG1$chr10$15001438$+,0.53
chr10:14881400-14882600,ENSG00000197889.5$MEIG1$chr10$15001438$+,0.4
chr10:14957400-14958400,ENSG00000197889.5$MEIG1$chr10$15001438$+,0.46
chr10:14983000-14985400,ENSG00000197889.5$MEIG1$chr10$15001438$+,0.61
chr10:14996600-14998200,ENSG00000197889.5$MEIG1$chr10$15001438$+,0.51
chr10:15008800-15010000,ENSG00000197889.5$MEIG1$chr10$15001438$+,0.54
chr8:29120800-29123000,ENSG00000197892.8$KIF13B$chr8$29120641$-,0.38
chr10:115438000-115439000,ENSG00000197893.9$NRAP$chr10$115423886$-,0.42
chr10:115448000-115449800,ENSG00000197893.9$NRAP$chr10$115423886$-,0.38
chr10:115450400-115452600,ENSG00000197893.9$NRAP$chr10$115423886$-,0.36
chr4:99914800-99916200,ENSG00000197894.6$ADH5$chr4$100009952$-,0.38
chr6:26988200-26989200,ENSG00000197903.6$HIST1H2BK$chr6$27114619$-,0.54
chr6:27045400-27047200,ENSG00000197903.6$HIST1H2BK$chr6$27114619$-,0.56
chr6:27059200-27060800,ENSG00000197903.6$HIST1H2BK$chr6$27114619$-,0.59
chr6:27088200-27089400,ENSG00000197903.6$HIST1H2BK$chr6$27114619$-,0.6
chr6:27115400-27117800,ENSG00000197903.6$HIST1H2BK$chr6$27114619$-,0.37
chr6:27143400-27145000,ENSG00000197903.6$HIST1H2BK$chr6$27114619$-,0.61
chr6:27154800-27155800,ENSG00000197903.6$HIST1H2BK$chr6$27114619$-,0.48
chr6:27156600-27158400,ENSG00000197903.6$HIST1H2BK$chr6$27114619$-,0.45
chr6:27172800-27175200,ENSG00000197903.6$HIST1H2BK$chr6$27114619$-,0.53
chr6:27205000-27207000,ENSG00000197903.6$HIST1H2BK$chr6$27114619$-,0.43
chr6:27228000-27229600,ENSG00000197903.6$HIST1H2BK$chr6$27114619$-,0.46
chr6:27247400-27249400,ENSG00000197903.6$HIST1H2BK$chr6$27114619$-,0.46
chr6:27279200-27281000,ENSG00000197903.6$HIST1H2BK$chr6$27114619$-,0.39
chr16:89494600-89495600,ENSG00000197912.9$SPG7$chr16$89557325$+,0.62
chr16:89725000-89727400,ENSG00000197912.9$SPG7$chr16$89557325$+,0.42
chr16:89795200-89797600,ENSG00000197912.9$SPG7$chr16$89557325$+,0.35
chr6:27655800-27657600,ENSG00000197914.2$HIST1H4K$chr6$27799305$-,0.46
chr6:27660200-27661800,ENSG00000197914.2$HIST1H4K$chr6$27799305$-,0.41
chr6:27719000-27720200,ENSG00000197914.2$HIST1H4K$chr6$27799305$-,0.54
chr6:27759000-27759600,ENSG00000197914.2$HIST1H4K$chr6$27799305$-,0.56
chr6:27776400-27777800,ENSG00000197914.2$HIST1H4K$chr6$27799305$-,0.64
chr6:27792800-27794600,ENSG00000197914.2$HIST1H4K$chr6$27799305$-,0.62
chr6:27796400-27798400,ENSG00000197914.2$HIST1H4K$chr6$27799305$-,0.53
chr1:2518800-2521200,ENSG00000197921.5$HES5$chr1$2461684$-,0.41
chr2:132439200-132439800,ENSG00000197927.8$C2orf27A$chr2$132479948$+,0.37
chr19:53607400-53608400,ENSG00000197928.6$ZNF677$chr19$53758151$-,0.36
chr19:53659600-53662000,ENSG00000197928.6$ZNF677$chr19$53758151$-,0.38
chr19:53662600-53663200,ENSG00000197928.6$ZNF677$chr19$53758151$-,0.39
chr19:53695000-53696200,ENSG00000197928.6$ZNF677$chr19$53758151$-,0.37
chr19:53698400-53700400,ENSG00000197928.6$ZNF677$chr19$53758151$-,0.41
chr19:53756400-53757600,ENSG00000197928.6$ZNF677$chr19$53758151$-,0.45
chr19:53835600-53836400,ENSG00000197928.6$ZNF677$chr19$53758151$-,0.5
chr14:53172400-53173600,ENSG00000197930.8$ERO1L$chr14$53162618$-,0.6
chr14:53229200-53231400,ENSG00000197930.8$ERO1L$chr14$53162618$-,0.39
chrX:154117000-154117800,ENSG00000197932.3$F8A1$chrX$154114635$+,0.44
chrX:154118600-154120000,ENSG00000197932.3$F8A1$chrX$154114635$+,0.53
chrX:154146000-154147400,ENSG00000197932.3$F8A1$chrX$154114635$+,0.36
chr19:11878400-11880400,ENSG00000197933.8$ZNF823$chr19$11849824$-,0.37
chr6:28830200-28831600,ENSG00000197935.6$ZNF311$chr6$28973093$-,0.39
chr6:28832200-28834000,ENSG00000197935.6$ZNF311$chr6$28973093$-,0.41
chr6:28865200-28867200,ENSG00000197935.6$ZNF311$chr6$28973093$-,0.51
chr6:28892200-28893800,ENSG00000197935.6$ZNF311$chr6$28973093$-,0.58
chr6:28906400-28908400,ENSG00000197935.6$ZNF311$chr6$28973093$-,0.51
chr6:28909400-28911600,ENSG00000197935.6$ZNF311$chr6$28973093$-,0.51
chr6:28912000-28913600,ENSG00000197935.6$ZNF311$chr6$28973093$-,0.52
chr6:28950200-28952600,ENSG00000197935.6$ZNF311$chr6$28973093$-,0.56
chr6:28955800-28957800,ENSG00000197935.6$ZNF311$chr6$28973093$-,0.6
chr6:28978200-28980400,ENSG00000197935.6$ZNF311$chr6$28973093$-,0.53
chr19:53607400-53608400,ENSG00000197937.8$ZNF347$chr19$53662328$-,0.5
chr19:53695000-53696200,ENSG00000197937.8$ZNF347$chr19$53662328$-,0.52
chr19:53698400-53700400,ENSG00000197937.8$ZNF347$chr19$53662328$-,0.55
chr3:97906400-97908400,ENSG00000197938.4$OR5H2$chr3$98001732$+,0.43
chr19:57049000-57049400,ENSG00000197951.4$ZNF71$chr19$57106632$+,0.58
chr19:57079400-57080200,ENSG00000197951.4$ZNF71$chr19$57106632$+,0.56
chr19:57107200-57109000,ENSG00000197951.4$ZNF71$chr19$57106632$+,0.37
chr19:57181600-57183000,ENSG00000197951.4$ZNF71$chr19$57106632$+,0.55
chr1:153379200-153380400,ENSG00000197956.5$S100A6$chr1$153508720$-,0.45
chr1:153630200-153631200,ENSG00000197956.5$S100A6$chr1$153508720$-,0.5
chr1:153631800-153634200,ENSG00000197956.5$S100A6$chr1$153508720$-,0.53
chr1:171748400-171750400,ENSG00000197959.9$DNM3$chr1$171810621$+,0.36
chr19:9543400-9545400,ENSG00000197961.7$ZNF121$chr19$9695209$-,0.48
chr19:9546400-9548600,ENSG00000197961.7$ZNF121$chr19$9695209$-,0.39
chr19:9646600-9648800,ENSG00000197961.7$ZNF121$chr19$9695209$-,0.5
chr19:9649600-9651400,ENSG00000197961.7$ZNF121$chr19$9695209$-,0.48
chr19:9730000-9731400,ENSG00000197961.7$ZNF121$chr19$9695209$-,0.49
chr19:9927200-9929000,ENSG00000197961.7$ZNF121$chr19$9695209$-,0.39
chr1:167439400-167439600,ENSG00000197965.7$MPZL1$chr1$167690429$+,0.37
chr18:74855400-74857200,ENSG00000197971.10$MBP$chr18$74845639$-,0.49
chrX:1573200-1575200,ENSG00000197976.6$AKAP17A$chrX$1710486$+,0.42
chrX:1575600-1576600,ENSG00000197976.6$AKAP17A$chrX$1710486$+,0.42
chrX:1629000-1631400,ENSG00000197976.6$AKAP17A$chrX$1710486$+,0.48
chrX:1677600-1678200,ENSG00000197976.6$AKAP17A$chrX$1710486$+,0.57
chrX:1699200-1700600,ENSG00000197976.6$AKAP17A$chrX$1710486$+,0.55
chrX:1701000-1703000,ENSG00000197976.6$AKAP17A$chrX$1710486$+,0.64
chrX:1704600-1707000,ENSG00000197976.6$AKAP17A$chrX$1710486$+,0.69
chrX:1882000-1882600,ENSG00000197976.6$AKAP17A$chrX$1710486$+,0.47
chrX:1884000-1884800,ENSG00000197976.6$AKAP17A$chrX$1710486$+,0.35
chr3:156544800-156546600,ENSG00000197980.7$LEKR1$chr3$156543270$+,0.37
chr1:38147800-38148800,ENSG00000197982.12$C1orf122$chr1$38272651$+,0.35
chr1:38153600-38155600,ENSG00000197982.12$C1orf122$chr1$38272651$+,0.39
chr12:10113000-10115400,ENSG00000197992.2$CLEC9A$chr12$10183276$+,0.4
chr12:10306600-10307400,ENSG00000197992.2$CLEC9A$chr12$10183276$+,0.36
chr7:142550800-142551800,ENSG00000197993.3$KEL$chr7$142659768$-,0.39
chr12:44094800-44095800,ENSG00000198001.9$IRAK4$chr12$44152747$+,0.65
chr12:44200800-44202600,ENSG00000198001.9$IRAK4$chr12$44152747$+,0.56
chr19:11497000-11498800,ENSG00000198003.7$CCDC151$chr19$11546603$-,0.57
chr19:11614800-11616800,ENSG00000198003.7$CCDC151$chr19$11546603$-,0.44
chr19:11617000-11618800,ENSG00000198003.7$CCDC151$chr19$11546603$-,0.57
chr19:11637000-11639400,ENSG00000198003.7$CCDC151$chr19$11546603$-,0.53
chr19:11697000-11699400,ENSG00000198003.7$CCDC151$chr19$11546603$-,0.35
chr8:1413800-1416200,ENSG00000198010.7$DLGAP2$chr8$1449532$+,0.55
chr10:101489200-101491400,ENSG00000198018.6$ENTPD7$chr10$101419263$+,0.45
chr20:44421400-44422800,ENSG00000198026.6$ZNF335$chr20$44600833$-,0.42
chr20:44427000-44428800,ENSG00000198026.6$ZNF335$chr20$44600833$-,0.41
chr20:44508800-44509800,ENSG00000198026.6$ZNF335$chr20$44600833$-,0.49
chr20:44560800-44562600,ENSG00000198026.6$ZNF335$chr20$44600833$-,0.63
chr20:44615400-44616600,ENSG00000198026.6$ZNF335$chr20$44600833$-,0.66
chr19:9546400-9548600,ENSG00000198028.3$ZNF560$chr19$9609283$-,0.44
chr19:9646600-9648800,ENSG00000198028.3$ZNF560$chr19$9609283$-,0.41
chr19:9649600-9651400,ENSG00000198028.3$ZNF560$chr19$9609283$-,0.4
chr7:64337000-64338600,ENSG00000198039.7$ZNF273$chr7$64330550$+,0.5
chr12:133465000-133467400,ENSG00000198040.6$ZNF84$chr12$133613878$+,0.45
chr12:133533400-133534600,ENSG00000198040.6$ZNF84$chr12$133613878$+,0.53
chr12:133561800-133562600,ENSG00000198040.6$ZNF84$chr12$133613878$+,0.46
chr12:133563800-133565400,ENSG00000198040.6$ZNF84$chr12$133613878$+,0.39
chr12:133707800-133709000,ENSG00000198040.6$ZNF84$chr12$133613878$+,0.51
chr8:33296000-33297000,ENSG00000198042.6$MAK16$chr8$33342268$+,0.69
chr8:33343200-33345200,ENSG00000198042.6$MAK16$chr8$33342268$+,0.38
chr8:33390200-33392200,ENSG00000198042.6$MAK16$chr8$33342268$+,0.38
chr5:176580200-176582000,ENSG00000198055.6$GRK6$chr5$176830205$+,0.39
chr5:176629400-176630600,ENSG00000198055.6$GRK6$chr5$176830205$+,0.38
chr5:176646600-176648600,ENSG00000198055.6$GRK6$chr5$176830205$+,0.39
chr5:176744400-176745800,ENSG00000198055.6$GRK6$chr5$176830205$+,0.45
chr5:176851000-176853200,ENSG00000198055.6$GRK6$chr5$176830205$+,0.56
chr5:176978600-176980600,ENSG00000198055.6$GRK6$chr5$176830205$+,0.48
chr5:177018400-177019200,ENSG00000198055.6$GRK6$chr5$176830205$+,0.4
chr5:177025000-177026800,ENSG00000198055.6$GRK6$chr5$176830205$+,0.47
chr5:177027800-177030000,ENSG00000198055.6$GRK6$chr5$176830205$+,0.44
chr12:57061200-57063200,ENSG00000198056.9$PRIM1$chr12$57146157$-,0.45
chr12:57119600-57121600,ENSG00000198056.9$PRIM1$chr12$57146157$-,0.57
chr10:94047600-94048000,ENSG00000198060.5$MARCH5$chr10$94050920$+,0.52
chr19:41405400-41406800,ENSG00000198077.6$CYP2A7$chr19$41388657$-,0.52
chr19:41413400-41415600,ENSG00000198077.6$CYP2A7$chr19$41388657$-,0.42
chr18:5235400-5237400,ENSG00000198081.6$ZBTB14$chr18$5297052$-,0.6
chr18:5282200-5284000,ENSG00000198081.6$ZBTB14$chr18$5297052$-,0.62
chrX:154117000-154117800,ENSG00000198082.3$H2AFB1$chrX$154113317$+,0.43
chrX:154118600-154120000,ENSG00000198082.3$H2AFB1$chrX$154113317$+,0.55
chr6:47443200-47445000,ENSG00000198087.7$CD2AP$chr6$47445525$+,0.41
chr6:47457000-47458800,ENSG00000198087.7$CD2AP$chr6$47445525$+,0.73
chr6:47481600-47482000,ENSG00000198087.7$CD2AP$chr6$47445525$+,0.75
chr6:47536600-47538800,ENSG00000198087.7$CD2AP$chr6$47445525$+,0.41
chr6:47598400-47600400,ENSG00000198087.7$CD2AP$chr6$47445525$+,0.43
chrX:106353200-106353400,ENSG00000198088.6$NUP62CL$chrX$106449670$-,0.43
chrX:106359000-106361400,ENSG00000198088.6$NUP62CL$chrX$106449670$-,0.45
chrX:106362200-106363200,ENSG00000198088.6$NUP62CL$chrX$106449670$-,0.54
chr22:31879400-31881600,ENSG00000198089.10$SFI1$chr22$31884674$+,0.69
chr22:31886800-31888800,ENSG00000198089.10$SFI1$chr22$31884674$+,0.51
chr22:31904200-31905800,ENSG00000198089.10$SFI1$chr22$31884674$+,0.55
chr17:39283200-39283400,ENSG00000198090.3$KRTAP4-6$chr17$39296739$-,0.39
chr19:52431200-52432400,ENSG00000198093.6$ZNF649$chr19$52408293$-,0.53
chr19:52488000-52489400,ENSG00000198093.6$ZNF649$chr19$52408293$-,0.37
chr19:52490200-52490800,ENSG00000198093.6$ZNF649$chr19$52408293$-,0.39
chr1:248579400-248581800,ENSG00000198104.2$OR2T6$chr1$248550910$+,0.53
chr1:248643600-248644200,ENSG00000198104.2$OR2T6$chr1$248550910$+,0.36
chr1:248644800-248646800,ENSG00000198104.2$OR2T6$chr1$248550910$+,0.35
chr10:38262800-38265000,ENSG00000198105.7$ZNF248$chr10$38147034$-,0.4
chr9:140150800-140152800,ENSG00000198113.2$TOR4A$chr9$140172201$+,0.51
chr2:191184600-191186600,ENSG00000198130.10$HIBCH$chr2$191208919$-,0.41
chr2:191206800-191208400,ENSG00000198130.10$HIBCH$chr2$191208919$-,0.35
chr2:191271400-191272600,ENSG00000198130.10$HIBCH$chr2$191208919$-,0.37
chr19:58788200-58789600,ENSG00000198131.9$ZNF544$chr19$58739960$+,0.37
chr2:110395000-110397000,ENSG00000198142.3$SOWAHC$chr2$110371911$+,0.39
chr15:35256400-35257600,ENSG00000198146.4$ZNF770$chr15$35280488$-,0.52
chr15:35262000-35263200,ENSG00000198146.4$ZNF770$chr15$35280488$-,0.55
chr17:8278000-8279600,ENSG00000198150.2$AC135178.1$chr17$8263538$-,0.45
chrX:80374800-80376000,ENSG00000198157.6$HMGN5$chrX$80457441$-,0.55
chrX:80456200-80457000,ENSG00000198157.6$HMGN5$chrX$80457441$-,0.38
chrX:80472200-80472400,ENSG00000198157.6$HMGN5$chrX$80457441$-,0.55
chrX:80473800-80474600,ENSG00000198157.6$HMGN5$chrX$80457441$-,0.55
chr1:67252800-67255200,ENSG00000198160.10$MIER1$chr1$67390578$+,0.53
chr1:67306000-67308000,ENSG00000198160.10$MIER1$chr1$67390578$+,0.53
chr1:67422200-67422800,ENSG00000198160.10$MIER1$chr1$67390578$+,0.71
chr1:67461200-67462200,ENSG00000198160.10$MIER1$chr1$67390578$+,0.54
chr1:67520000-67522400,ENSG00000198160.10$MIER1$chr1$67390578$+,0.36
chr1:149582400-149583800,ENSG00000198161.5$PPIAL4C$chr1$149553003$+,0.38
chr1:149584800-149585200,ENSG00000198161.5$PPIAL4C$chr1$149553003$+,0.44
chr1:117882000-117884400,ENSG00000198162.8$MAN1A2$chr1$117910071$+,0.74
chr1:117884600-117886600,ENSG00000198162.8$MAN1A2$chr1$117910071$+,0.74
chr1:117892000-117893000,ENSG00000198162.8$MAN1A2$chr1$117910071$+,0.64
chr1:117958400-117960600,ENSG00000198162.8$MAN1A2$chr1$117910071$+,0.74
chr1:117960800-117961400,ENSG00000198162.8$MAN1A2$chr1$117910071$+,0.71
chr20:3182800-3184200,ENSG00000198171.8$DDRGK1$chr20$3185331$-,0.42
chr20:3188600-3189600,ENSG00000198171.8$DDRGK1$chr20$3185331$-,0.65
chr20:3191000-3192800,ENSG00000198171.8$DDRGK1$chr20$3185331$-,0.64
chr20:3198800-3199800,ENSG00000198171.8$DDRGK1$chr20$3185331$-,0.67
chr20:3399800-3401800,ENSG00000198171.8$DDRGK1$chr20$3185331$-,0.38
chr19:38084200-38085000,ENSG00000198182.8$ZNF607$chr19$38210691$-,0.37
chr19:38086200-38088400,ENSG00000198182.8$ZNF607$chr19$38210691$-,0.38
chr19:38143000-38145400,ENSG00000198182.8$ZNF607$chr19$38210691$-,0.48
chr19:38147400-38149600,ENSG00000198182.8$ZNF607$chr19$38210691$-,0.5
chr19:38180400-38182800,ENSG00000198182.8$ZNF607$chr19$38210691$-,0.66
chr19:38183400-38185000,ENSG00000198182.8$ZNF607$chr19$38210691$-,0.75
chr19:38268200-38269600,ENSG00000198182.8$ZNF607$chr19$38210691$-,0.44
chr19:38270800-38272000,ENSG00000198182.8$ZNF607$chr19$38210691$-,0.54
chr1:43635400-43637400,ENSG00000198198.9$SZT2$chr1$43855553$+,0.38
chr16:90092000-90094400,ENSG00000198211.8$TUBB3$chr16$89985573$+,0.42
chr1:181375800-181378200,ENSG00000198216.6$CACNA1E$chr1$181382238$+,0.67
chr3:48885600-48886600,ENSG00000198218.6$QRICH1$chr3$49131796$-,0.38
chr3:48953800-48955600,ENSG00000198218.6$QRICH1$chr3$49131796$-,0.35
chr3:48974400-48976400,ENSG00000198218.6$QRICH1$chr3$49131796$-,0.43
chr3:48985800-48988200,ENSG00000198218.6$QRICH1$chr3$49131796$-,0.42
chr3:49056400-49058600,ENSG00000198218.6$QRICH1$chr3$49131796$-,0.51
chr3:49123000-49124800,ENSG00000198218.6$QRICH1$chr3$49131796$-,0.64
chr3:49140000-49141600,ENSG00000198218.6$QRICH1$chr3$49131796$-,0.75
chr3:49158400-49159800,ENSG00000198218.6$QRICH1$chr3$49131796$-,0.65
chr3:49204000-49205800,ENSG00000198218.6$QRICH1$chr3$49131796$-,0.58
chr3:49207200-49208800,ENSG00000198218.6$QRICH1$chr3$49131796$-,0.59
chrX:1455800-1456600,ENSG00000198223.10$CSF2RA$chrX$1387693$+,0.41
chr17:61698000-61699400,ENSG00000198231.8$DDX42$chr17$61850963$+,0.44
chr17:61816600-61818400,ENSG00000198231.8$DDX42$chr17$61850963$+,0.61
chr17:61844400-61846800,ENSG00000198231.8$DDX42$chr17$61850963$+,0.69
chr17:61901400-61903800,ENSG00000198231.8$DDX42$chr17$61850963$+,0.59
chr14:53020600-53022800,ENSG00000198252.7$STYX$chr14$53196898$+,0.39
chr14:53172400-53173600,ENSG00000198252.7$STYX$chr14$53196898$+,0.6
chr14:53229200-53231400,ENSG00000198252.7$STYX$chr14$53196898$+,0.7
chr19:9896800-9897800,ENSG00000198258.6$UBL5$chr19$9938568$+,0.52
chr19:9927200-9929000,ENSG00000198258.6$UBL5$chr19$9938568$+,0.61
chr19:9929800-9931600,ENSG00000198258.6$UBL5$chr19$9938568$+,0.63
chr19:9971200-9971600,ENSG00000198258.6$UBL5$chr19$9938568$+,0.52
chr17:65153800-65155400,ENSG00000198265.7$HELZ$chr17$65242105$-,0.41
chr17:65220000-65222200,ENSG00000198265.7$HELZ$chr17$65242105$-,0.65
chr17:65231000-65231400,ENSG00000198265.7$HELZ$chr17$65242105$-,0.72
chr17:65389600-65389800,ENSG00000198265.7$HELZ$chr17$65242105$-,0.49
chr17:65421200-65422600,ENSG00000198265.7$HELZ$chr17$65242105$-,0.38
chr17:65423000-65424600,ENSG00000198265.7$HELZ$chr17$65242105$-,0.45
chr17:65443400-65443800,ENSG00000198265.7$HELZ$chr17$65242105$-,0.4
chr12:112250200-112251600,ENSG00000198270.8$TMEM116$chr12$112450970$-,0.41
chr12:112272200-112274400,ENSG00000198270.8$TMEM116$chr12$112450970$-,0.42
chr12:112294000-112296000,ENSG00000198270.8$TMEM116$chr12$112450970$-,0.49
chr12:112297800-112299000,ENSG00000198270.8$TMEM116$chr12$112450970$-,0.47
chr12:112387600-112389800,ENSG00000198270.8$TMEM116$chr12$112450970$-,0.58
chr12:112399200-112399400,ENSG00000198270.8$TMEM116$chr12$112450970$-,0.66
chr12:112404400-112406600,ENSG00000198270.8$TMEM116$chr12$112450970$-,0.7
chr12:112419800-112421200,ENSG00000198270.8$TMEM116$chr12$112450970$-,0.78
chr12:112463400-112465400,ENSG00000198270.8$TMEM116$chr12$112450970$-,0.51
chr12:112595800-112597800,ENSG00000198270.8$TMEM116$chr12$112450970$-,0.37
chr12:112608000-112609200,ENSG00000198270.8$TMEM116$chr12$112450970$-,0.36
chr17:39208000-39209800,ENSG00000198271.3$KRTAP4-5$chr17$39306054$-,0.47
chr17:39283200-39283400,ENSG00000198271.3$KRTAP4-5$chr17$39306054$-,0.58
chr20:62525000-62526200,ENSG00000198276.9$UCKL1$chr20$62587769$-,0.52
chr20:62554600-62556800,ENSG00000198276.9$UCKL1$chr20$62587769$-,0.67
chr20:62750600-62752600,ENSG00000198276.9$UCKL1$chr20$62587769$-,0.38
chr7:3001400-3003800,ENSG00000198286.5$CARD11$chr7$3083579$-,0.38
chr7:3044800-3046400,ENSG00000198286.5$CARD11$chr7$3083579$-,0.65
chr7:3047200-3047600,ENSG00000198286.5$CARD11$chr7$3083579$-,0.62
chr7:3047800-3048000,ENSG00000198286.5$CARD11$chr7$3083579$-,0.64
chr7:3052000-3053200,ENSG00000198286.5$CARD11$chr7$3083579$-,0.61
chr7:3135000-3137200,ENSG00000198286.5$CARD11$chr7$3083579$-,0.52
chr10:43854800-43856000,ENSG00000198298.8$ZNF485$chr10$44101855$+,0.37
chr10:43856200-43857400,ENSG00000198298.8$ZNF485$chr10$44101855$+,0.42
chr10:43857800-43859400,ENSG00000198298.8$ZNF485$chr10$44101855$+,0.39
chr10:43939600-43941200,ENSG00000198298.8$ZNF485$chr10$44101855$+,0.36
chr10:43951000-43953000,ENSG00000198298.8$ZNF485$chr10$44101855$+,0.35
chr10:43953400-43954800,ENSG00000198298.8$ZNF485$chr10$44101855$+,0.35
chr10:43956200-43957800,ENSG00000198298.8$ZNF485$chr10$44101855$+,0.41
chr10:44123200-44124000,ENSG00000198298.8$ZNF485$chr10$44101855$+,0.76
chr10:44143000-44143800,ENSG00000198298.8$ZNF485$chr10$44101855$+,0.63
chr10:44144600-44145800,ENSG00000198298.8$ZNF485$chr10$44101855$+,0.7
chr4:76859000-76861000,ENSG00000198301.7$SDAD1$chr4$76912115$-,0.5
chr4:76949200-76951000,ENSG00000198301.7$SDAD1$chr4$76912115$-,0.59
chrX:154616400-154618000,ENSG00000198307.4$H2AFB2$chrX$154610428$+,0.6
chrX:154623800-154625000,ENSG00000198307.4$H2AFB2$chrX$154610428$+,0.41
chr6:28071600-28072200,ENSG00000198315.6$ZKSCAN8$chr6$28109688$+,0.5
chr6:28090800-28092000,ENSG00000198315.6$ZKSCAN8$chr6$28109688$+,0.59
chr6:28128000-28129400,ENSG00000198315.6$ZKSCAN8$chr6$28109688$+,0.62
chr6:28129800-28131200,ENSG00000198315.6$ZKSCAN8$chr6$28109688$+,0.65
chr6:28169800-28170800,ENSG00000198315.6$ZKSCAN8$chr6$28109688$+,0.52
chr6:28220200-28222600,ENSG00000198315.6$ZKSCAN8$chr6$28109688$+,0.41
chr6:28226400-28227800,ENSG00000198315.6$ZKSCAN8$chr6$28109688$+,0.38
chr6:28270800-28272400,ENSG00000198315.6$ZKSCAN8$chr6$28109688$+,0.36
chr6:28304400-28306800,ENSG00000198315.6$ZKSCAN8$chr6$28109688$+,0.35
chr12:111751400-111753600,ENSG00000198324.10$FAM109A$chr12$111806925$-,0.35
chr20:2806200-2808000,ENSG00000198326.8$TMEM239$chr20$2795614$+,0.37
chr6:26057200-26058800,ENSG00000198327.3$HIST1H4F$chr6$26240561$+,0.38
chr6:26085800-26087600,ENSG00000198327.3$HIST1H4F$chr6$26240561$+,0.36
chr6:26088200-26090400,ENSG00000198327.3$HIST1H4F$chr6$26240561$+,0.4
chr6:26115200-26117000,ENSG00000198327.3$HIST1H4F$chr6$26240561$+,0.38
chr6:26180200-26182000,ENSG00000198327.3$HIST1H4F$chr6$26240561$+,0.46
chr6:26235600-26237400,ENSG00000198327.3$HIST1H4F$chr6$26240561$+,0.58
chr6:26314000-26314600,ENSG00000198327.3$HIST1H4F$chr6$26240561$+,0.42
chr6:26400800-26402200,ENSG00000198327.3$HIST1H4F$chr6$26240561$+,0.36
chr6:26472600-26473800,ENSG00000198327.3$HIST1H4F$chr6$26240561$+,0.41
chr17:45168600-45171000,ENSG00000198336.5$MYL4$chr17$45277812$+,0.43
chr17:45177200-45179000,ENSG00000198336.5$MYL4$chr17$45277812$+,0.45
chr17:45250000-45252000,ENSG00000198336.5$MYL4$chr17$45277812$+,0.59
chr6:26988200-26989200,ENSG00000198339.3$HIST1H4I$chr6$27107076$+,0.5
chr6:27045400-27047200,ENSG00000198339.3$HIST1H4I$chr6$27107076$+,0.63
chr6:27059200-27060800,ENSG00000198339.3$HIST1H4I$chr6$27107076$+,0.6
chr6:27088200-27089400,ENSG00000198339.3$HIST1H4I$chr6$27107076$+,0.72
chr6:27115400-27117800,ENSG00000198339.3$HIST1H4I$chr6$27107076$+,0.66
chr6:27143400-27145000,ENSG00000198339.3$HIST1H4I$chr6$27107076$+,0.55
chr6:27154800-27155800,ENSG00000198339.3$HIST1H4I$chr6$27107076$+,0.59
chr6:27156600-27158400,ENSG00000198339.3$HIST1H4I$chr6$27107076$+,0.58
chr6:27172800-27175200,ENSG00000198339.3$HIST1H4I$chr6$27107076$+,0.63
chr6:27205000-27207000,ENSG00000198339.3$HIST1H4I$chr6$27107076$+,0.51
chr6:27228000-27229600,ENSG00000198339.3$HIST1H4I$chr6$27107076$+,0.53
chr6:27247400-27249400,ENSG00000198339.3$HIST1H4I$chr6$27107076$+,0.48
chr19:12406000-12407000,ENSG00000198342.5$ZNF442$chr19$12476719$-,0.4
chr19:12444600-12445400,ENSG00000198342.5$ZNF442$chr19$12476719$-,0.44
chr19:12509800-12511200,ENSG00000198342.5$ZNF442$chr19$12476719$-,0.43
chr19:53835600-53836400,ENSG00000198346.6$ZNF813$chr19$53970989$+,0.36
chr19:53867200-53868400,ENSG00000198346.6$ZNF813$chr19$53970989$+,0.39
chr19:53896600-53898400,ENSG00000198346.6$ZNF813$chr19$53970989$+,0.49
chr19:53933400-53935200,ENSG00000198346.6$ZNF813$chr19$53970989$+,0.62
chr19:54015000-54015600,ENSG00000198346.6$ZNF813$chr19$53970989$+,0.51
chr19:54038400-54040800,ENSG00000198346.6$ZNF813$chr19$53970989$+,0.59
chr22:50265200-50267600,ENSG00000198355.4$PIM3$chr22$50354161$+,0.46
chr22:50414800-50416400,ENSG00000198355.4$PIM3$chr22$50354161$+,0.54
chr22:50465600-50467200,ENSG00000198355.4$PIM3$chr22$50354161$+,0.42
chr19:12662800-12664800,ENSG00000198356.7$ASNA1$chr19$12847953$+,0.4
chr19:12713800-12715600,ENSG00000198356.7$ASNA1$chr19$12847953$+,0.46
chr19:12745800-12747400,ENSG00000198356.7$ASNA1$chr19$12847953$+,0.53
chr19:12750400-12752400,ENSG00000198356.7$ASNA1$chr19$12847953$+,0.57
chr19:12778000-12779600,ENSG00000198356.7$ASNA1$chr19$12847953$+,0.45
chr19:12790200-12791800,ENSG00000198356.7$ASNA1$chr19$12847953$+,0.53
chr19:12805200-12807200,ENSG00000198356.7$ASNA1$chr19$12847953$+,0.61
chr19:12886800-12888600,ENSG00000198356.7$ASNA1$chr19$12847953$+,0.57
chr19:12910200-12912200,ENSG00000198356.7$ASNA1$chr19$12847953$+,0.52
chr19:12912800-12914400,ENSG00000198356.7$ASNA1$chr19$12847953$+,0.49
chr19:12916000-12917600,ENSG00000198356.7$ASNA1$chr19$12847953$+,0.48
chr19:12935600-12937200,ENSG00000198356.7$ASNA1$chr19$12847953$+,0.55
chr19:12957800-12959200,ENSG00000198356.7$ASNA1$chr19$12847953$+,0.48
chr19:12990400-12992200,ENSG00000198356.7$ASNA1$chr19$12847953$+,0.53
chr19:13002600-13004800,ENSG00000198356.7$ASNA1$chr19$12847953$+,0.47
chr6:25946400-25947800,ENSG00000198366.5$HIST1H3A$chr6$26020718$+,0.42
chr6:26042400-26044600,ENSG00000198366.5$HIST1H3A$chr6$26020718$+,0.73
chr6:26057200-26058800,ENSG00000198366.5$HIST1H3A$chr6$26020718$+,0.63
chr6:26085800-26087600,ENSG00000198366.5$HIST1H3A$chr6$26020718$+,0.54
chr6:26088200-26090400,ENSG00000198366.5$HIST1H3A$chr6$26020718$+,0.56
chr6:26115200-26117000,ENSG00000198366.5$HIST1H3A$chr6$26020718$+,0.47
chr6:26235600-26237400,ENSG00000198366.5$HIST1H3A$chr6$26020718$+,0.4
chr6:26239800-26241000,ENSG00000198366.5$HIST1H3A$chr6$26020718$+,0.37
chr16:69743200-69744000,ENSG00000198373.8$WWP2$chr16$69796209$+,0.65
chr16:69788800-69790000,ENSG00000198373.8$WWP2$chr16$69796209$+,0.51
chr6:27655800-27657600,ENSG00000198374.3$HIST1H2AL$chr6$27833034$+,0.36
chr6:27660200-27661800,ENSG00000198374.3$HIST1H2AL$chr6$27833034$+,0.41
chr6:27719000-27720200,ENSG00000198374.3$HIST1H2AL$chr6$27833034$+,0.53
chr6:27759000-27759600,ENSG00000198374.3$HIST1H2AL$chr6$27833034$+,0.53
chr6:27776400-27777800,ENSG00000198374.3$HIST1H2AL$chr6$27833034$+,0.65
chr6:27792800-27794600,ENSG00000198374.3$HIST1H2AL$chr6$27833034$+,0.69
chr6:27796400-27798400,ENSG00000198374.3$HIST1H2AL$chr6$27833034$+,0.66
chr2:69601400-69603800,ENSG00000198380.8$GFPT1$chr2$69614382$-,0.59
chr2:69661600-69663800,ENSG00000198380.8$GFPT1$chr2$69614382$-,0.53
chr2:69664600-69666000,ENSG00000198380.8$GFPT1$chr2$69614382$-,0.5
chr2:69704400-69706600,ENSG00000198380.8$GFPT1$chr2$69614382$-,0.45
chr11:75559200-75560200,ENSG00000198382.4$UVRAG$chr11$75526212$+,0.7
chr11:75700200-75702400,ENSG00000198382.4$UVRAG$chr11$75526212$+,0.35
chr12:133462200-133463600,ENSG00000198393.3$ZNF26$chr12$133562951$+,0.4
chr12:133465000-133467400,ENSG00000198393.3$ZNF26$chr12$133562951$+,0.47
chr12:133533400-133534600,ENSG00000198393.3$ZNF26$chr12$133562951$+,0.62
chr12:133613000-133613600,ENSG00000198393.3$ZNF26$chr12$133562951$+,0.57
chr12:133614600-133615200,ENSG00000198393.3$ZNF26$chr12$133562951$+,0.58
chr3:190142400-190143000,ENSG00000198398.2$TMEM207$chr3$190167665$-,0.43
chr2:24712000-24713600,ENSG00000198399.10$ITSN2$chr2$24583583$-,0.4
chr2:24740000-24741600,ENSG00000198399.10$ITSN2$chr2$24583583$-,0.35
chr1:156699000-156701200,ENSG00000198400.7$NTRK1$chr1$156785432$+,0.36
chr1:156735200-156736600,ENSG00000198400.7$NTRK1$chr1$156785432$+,0.5
chr1:156805000-156807400,ENSG00000198400.7$NTRK1$chr1$156785432$+,0.65
chr1:157016000-157017600,ENSG00000198400.7$NTRK1$chr1$156785432$+,0.38
chr10:103556800-103559200,ENSG00000198408.9$MGEA5$chr10$103578696$-,0.64
chr10:103560600-103562400,ENSG00000198408.9$MGEA5$chr10$103578696$-,0.66
chr10:103566200-103568000,ENSG00000198408.9$MGEA5$chr10$103578696$-,0.74
chr10:103634200-103636400,ENSG00000198408.9$MGEA5$chr10$103578696$-,0.62
chr16:56554200-56555000,ENSG00000198417.5$MT1F$chr16$56691606$+,0.47
chr16:56634200-56636200,ENSG00000198417.5$MT1F$chr16$56691606$+,0.52
chr16:56676400-56678800,ENSG00000198417.5$MT1F$chr16$56691606$+,0.63
chr16:56735200-56737200,ENSG00000198417.5$MT1F$chr16$56691606$+,0.57
chr16:56859800-56861600,ENSG00000198417.5$MT1F$chr16$56691606$+,0.39
chr19:11960200-11962400,ENSG00000198429.5$ZNF69$chr19$11998599$+,0.38
chr12:104531800-104533600,ENSG00000198431.11$TXNRD1$chr12$104609557$+,0.46
chr9:140150800-140152800,ENSG00000198435.2$NRARP$chr9$140196703$-,0.49
chrX:154616400-154618000,ENSG00000198444.4$F8A2$chrX$154611749$+,0.57
chrX:154623800-154625000,ENSG00000198444.4$F8A2$chrX$154611749$+,0.38
chr19:37261400-37263000,ENSG00000198453.8$ZNF568$chr19$37407231$+,0.35
chr19:37264000-37264800,ENSG00000198453.8$ZNF568$chr19$37407231$+,0.41
chr19:37327600-37328800,ENSG00000198453.8$ZNF568$chr19$37407231$+,0.48
chr19:37339000-37340600,ENSG00000198453.8$ZNF568$chr19$37407231$+,0.43
chr19:37342400-37344000,ENSG00000198453.8$ZNF568$chr19$37407231$+,0.57
chr19:37407800-37409800,ENSG00000198453.8$ZNF568$chr19$37407231$+,0.46
chr19:37463000-37463800,ENSG00000198453.8$ZNF568$chr19$37407231$+,0.5
chr19:37464400-37465800,ENSG00000198453.8$ZNF568$chr19$37407231$+,0.48
chr19:52640000-52642400,ENSG00000198464.9$ZNF480$chr19$52800430$+,0.43
chr19:52690400-52692600,ENSG00000198464.9$ZNF480$chr19$52800430$+,0.5
chr19:52771800-52772800,ENSG00000198464.9$ZNF480$chr19$52800430$+,0.59
chr19:52840200-52841600,ENSG00000198464.9$ZNF480$chr19$52800430$+,0.58
chr19:52874000-52875200,ENSG00000198464.9$ZNF480$chr19$52800430$+,0.51
chr19:58329400-58330600,ENSG00000198466.8$ZNF587$chr19$58361225$+,0.68
chr19:58400400-58402400,ENSG00000198466.8$ZNF587$chr19$58361225$+,0.51
chr19:58511200-58513600,ENSG00000198466.8$ZNF587$chr19$58361225$+,0.47
chr3:187431000-187432800,ENSG00000198471.1$RTP2$chr3$187420345$-,0.59
chr22:22651000-22651800,ENSG00000198477.3$ZNF280B$chr22$22863505$-,0.36
chr22:22653000-22655400,ENSG00000198477.3$ZNF280B$chr22$22863505$-,0.35
chr22:22929200-22929800,ENSG00000198477.3$ZNF280B$chr22$22863505$-,0.53
chr22:22936400-22937200,ENSG00000198477.3$ZNF280B$chr22$22863505$-,0.46
chr6:80365600-80367600,ENSG00000198478.6$SH3BGRL2$chr6$80341000$+,0.42
chr6:80372600-80374800,ENSG00000198478.6$SH3BGRL2$chr6$80341000$+,0.43
chr19:52874000-52875200,ENSG00000198482.6$ZNF808$chr19$53030905$+,0.43
chr19:53101600-53104000,ENSG00000198482.6$ZNF808$chr19$53030905$+,0.53
chr19:53141600-53143000,ENSG00000198482.6$ZNF808$chr19$53030905$+,0.38
chr19:53184200-53185400,ENSG00000198482.6$ZNF808$chr19$53030905$+,0.37
chr19:53194000-53196000,ENSG00000198482.6$ZNF808$chr19$53030905$+,0.38
chr1:145465800-145467400,ENSG00000198483.8$ANKRD35$chr1$145549230$+,0.36
chr1:145468600-145469800,ENSG00000198483.8$ANKRD35$chr1$145549230$+,0.35
chr1:145505800-145507000,ENSG00000198483.8$ANKRD35$chr1$145549230$+,0.55
chr1:145508400-145509600,ENSG00000198483.8$ANKRD35$chr1$145549230$+,0.57
chr1:145514600-145515600,ENSG00000198483.8$ANKRD35$chr1$145549230$+,0.51
chr1:145517000-145519000,ENSG00000198483.8$ANKRD35$chr1$145549230$+,0.54
chr1:145607800-145610200,ENSG00000198483.8$ANKRD35$chr1$145549230$+,0.44
chr1:145615400-145615800,ENSG00000198483.8$ANKRD35$chr1$145549230$+,0.38
chr11:76672800-76675200,ENSG00000198488.6$B3GNT6$chr11$76745385$+,0.37
chr1:28996400-28998600,ENSG00000198492.10$YTHDF2$chr1$29063133$+,0.48
chr1:29001000-29003400,ENSG00000198492.10$YTHDF2$chr1$29063133$+,0.42
chr1:29100800-29103000,ENSG00000198492.10$YTHDF2$chr1$29063133$+,0.44
chr1:29111400-29113400,ENSG00000198492.10$YTHDF2$chr1$29063133$+,0.41
chr1:29219600-29222000,ENSG00000198492.10$YTHDF2$chr1$29063133$+,0.36
chr4:164316200-164317200,ENSG00000198498.5$TMA16$chr4$164415594$+,0.55
chr4:164464600-164466800,ENSG00000198498.5$TMA16$chr4$164415594$+,0.66
chr4:164548400-164548600,ENSG00000198498.5$TMA16$chr4$164415594$+,0.39
chr6:32427200-32428600,ENSG00000198502.5$HLA-DRB5$chr6$32498064$-,0.42
chr6:32536000-32536400,ENSG00000198502.5$HLA-DRB5$chr6$32498064$-,0.46
chr14:51025200-51027000,ENSG00000198513.7$ATL1$chr14$50999227$+,0.59
chr7:1443000-1445200,ENSG00000198517.5$MAFK$chr7$1570350$+,0.36
chr7:1610400-1612800,ENSG00000198517.5$MAFK$chr7$1570350$+,0.52
chr7:1618400-1620800,ENSG00000198517.5$MAFK$chr7$1570350$+,0.53
chr6:26057200-26058800,ENSG00000198518.5$HIST1H4E$chr6$26204858$+,0.36
chr6:26088200-26090400,ENSG00000198518.5$HIST1H4E$chr6$26204858$+,0.37
chr6:26115200-26117000,ENSG00000198518.5$HIST1H4E$chr6$26204858$+,0.4
chr6:26180200-26182000,ENSG00000198518.5$HIST1H4E$chr6$26204858$+,0.62
chr6:26235600-26237400,ENSG00000198518.5$HIST1H4E$chr6$26204858$+,0.57
chr6:26239800-26241000,ENSG00000198518.5$HIST1H4E$chr6$26204858$+,0.6
chr6:26314000-26314600,ENSG00000198518.5$HIST1H4E$chr6$26204858$+,0.38
chr6:26400800-26402200,ENSG00000198518.5$HIST1H4E$chr6$26204858$+,0.36
chr1:45204200-45205000,ENSG00000198520.6$C1orf228$chr1$45140364$+,0.42
chr1:45211400-45212600,ENSG00000198520.6$C1orf228$chr1$45140364$+,0.35
chr19:21947800-21949600,ENSG00000198521.7$ZNF43$chr19$22034927$-,0.54
chr19:22016400-22018400,ENSG00000198521.7$ZNF43$chr19$22034927$-,0.66
chr2:27821400-27823200,ENSG00000198522.9$GPN1$chr2$27851114$+,0.37
chr2:27852400-27854600,ENSG00000198522.9$GPN1$chr2$27851114$+,0.39
chr6:118857400-118859400,ENSG00000198523.5$PLN$chr6$118869461$+,0.61
chr6:118886200-118887600,ENSG00000198523.5$PLN$chr6$118869461$+,0.56
chr6:118927200-118929200,ENSG00000198523.5$PLN$chr6$118869461$+,0.45
chr6:118932800-118933400,ENSG00000198523.5$PLN$chr6$118869461$+,0.41
chr15:62420200-62422200,ENSG00000198535.5$C2CD4A$chr15$62359176$+,0.51
chr19:53323600-53324200,ENSG00000198538.6$ZNF28$chr19$53360853$-,0.56
chr19:53397800-53400200,ENSG00000198538.6$ZNF28$chr19$53360853$-,0.55
chr19:53466800-53467800,ENSG00000198538.6$ZNF28$chr19$53360853$-,0.4
chr10:135131800-135133400,ENSG00000198546.10$ZNF511$chr10$135121979$+,0.65
chr10:135208400-135210600,ENSG00000198546.10$ZNF511$chr10$135121979$+,0.5
chr10:135221400-135222200,ENSG00000198546.10$ZNF511$chr10$135121979$+,0.47
chr10:135222800-135223200,ENSG00000198546.10$ZNF511$chr10$135121979$+,0.42
chr19:11614800-11616800,ENSG00000198551.5$ZNF627$chr19$11670189$+,0.46
chr19:11617000-11618800,ENSG00000198551.5$ZNF627$chr19$11670189$+,0.5
chr19:11637000-11639400,ENSG00000198551.5$ZNF627$chr19$11670189$+,0.62
chr19:11697000-11699400,ENSG00000198551.5$ZNF627$chr19$11670189$+,0.68
chr19:11749400-11750600,ENSG00000198551.5$ZNF627$chr19$11670189$+,0.45
chr13:50568800-50570400,ENSG00000198553.4$KCNRG$chr13$50589390$+,0.36
chr13:50579600-50581400,ENSG00000198553.4$KCNRG$chr13$50589390$+,0.49
chr14:55336000-55338400,ENSG00000198554.7$WDHD1$chr14$55493823$-,0.43
chr14:55361200-55363200,ENSG00000198554.7$WDHD1$chr14$55493823$-,0.43
chr14:55370000-55370600,ENSG00000198554.7$WDHD1$chr14$55493823$-,0.44
chr14:55413000-55415400,ENSG00000198554.7$WDHD1$chr14$55493823$-,0.49
chr14:55516400-55518000,ENSG00000198554.7$WDHD1$chr14$55493823$-,0.56
chr14:55613000-55614000,ENSG00000198554.7$WDHD1$chr14$55493823$-,0.42
chr14:55630600-55631400,ENSG00000198554.7$WDHD1$chr14$55493823$-,0.39
chr14:55658800-55659400,ENSG00000198554.7$WDHD1$chr14$55493823$-,0.42
chr14:55679200-55680400,ENSG00000198554.7$WDHD1$chr14$55493823$-,0.35
chr7:99007400-99009600,ENSG00000198556.9$ZNF789$chr7$99070464$+,0.51
chr7:99033800-99036000,ENSG00000198556.9$ZNF789$chr7$99070464$+,0.64
chr7:99098400-99099400,ENSG00000198556.9$ZNF789$chr7$99070464$+,0.53
chr7:99101400-99102000,ENSG00000198556.9$ZNF789$chr7$99070464$+,0.47
chr7:99147800-99149200,ENSG00000198556.9$ZNF789$chr7$99070464$+,0.43
chr7:99150000-99151600,ENSG00000198556.9$ZNF789$chr7$99070464$+,0.43
chr7:99176800-99177800,ENSG00000198556.9$ZNF789$chr7$99070464$+,0.39
chr7:99212800-99214200,ENSG00000198556.9$ZNF789$chr7$99070464$+,0.38
chr6:27655800-27657600,ENSG00000198558.2$HIST1H4L$chr6$27841289$-,0.44
chr6:27660200-27661800,ENSG00000198558.2$HIST1H4L$chr6$27841289$-,0.39
chr6:27719000-27720200,ENSG00000198558.2$HIST1H4L$chr6$27841289$-,0.5
chr6:27759000-27759600,ENSG00000198558.2$HIST1H4L$chr6$27841289$-,0.51
chr6:27776400-27777800,ENSG00000198558.2$HIST1H4L$chr6$27841289$-,0.64
chr6:27792800-27794600,ENSG00000198558.2$HIST1H4L$chr6$27841289$-,0.62
chr6:27796400-27798400,ENSG00000198558.2$HIST1H4L$chr6$27841289$-,0.66
chr11:57524600-57526600,ENSG00000198561.8$CTNND1$chr11$57520715$+,0.41
chr6:31408800-31411000,ENSG00000198563.9$DDX39B$chr6$31510225$-,0.43
chr6:31470200-31471200,ENSG00000198563.9$DDX39B$chr6$31510225$-,0.37
chr6:31512600-31514800,ENSG00000198563.9$DDX39B$chr6$31510225$-,0.55
chr6:31515200-31517600,ENSG00000198563.9$DDX39B$chr6$31510225$-,0.63
chr6:31671200-31672200,ENSG00000198563.9$DDX39B$chr6$31510225$-,0.45
chr6:31755000-31757400,ENSG00000198563.9$DDX39B$chr6$31510225$-,0.42
chr1:162465600-162467400,ENSG00000198574.4$SH2D1B$chr1$162381928$-,0.42
chr3:131191800-131193400,ENSG00000198585.7$NUDT16$chr3$131100515$+,0.49
chr3:131202800-131205000,ENSG00000198585.7$NUDT16$chr3$131100515$+,0.48
chr4:151830400-151831000,ENSG00000198589.6$LRBA$chr4$151936879$-,0.48
chr4:151857800-151858800,ENSG00000198589.6$LRBA$chr4$151936879$-,0.54
chr4:151881800-151884000,ENSG00000198589.6$LRBA$chr4$151936879$-,0.62
chr4:151890400-151891600,ENSG00000198589.6$LRBA$chr4$151936879$-,0.56
chr4:151907400-151908800,ENSG00000198589.6$LRBA$chr4$151936879$-,0.67
chr14:35279400-35280200,ENSG00000198604.6$BAZ1A$chr14$35344853$-,0.45
chr14:35281200-35282600,ENSG00000198604.6$BAZ1A$chr14$35344853$-,0.48
chr14:35360000-35360600,ENSG00000198604.6$BAZ1A$chr14$35344853$-,0.67
chr14:35418000-35418200,ENSG00000198604.6$BAZ1A$chr14$35344853$-,0.42
chr14:35447000-35447200,ENSG00000198604.6$BAZ1A$chr14$35344853$-,0.39
chr14:35448800-35450800,ENSG00000198604.6$BAZ1A$chr14$35344853$-,0.38
chr2:237836600-237838800,ENSG00000198612.6$COPS8$chr2$237993955$+,0.35
chr5:150543800-150545000,ENSG00000198624.8$CCDC69$chr5$150603706$-,0.54
chr5:150569800-150572000,ENSG00000198624.8$CCDC69$chr5$150603706$-,0.48
chr5:150629800-150632200,ENSG00000198624.8$CCDC69$chr5$150603706$-,0.52
chr1:204367200-204368000,ENSG00000198625.8$MDM4$chr1$204485511$+,0.42
chr1:204476800-204479200,ENSG00000198625.8$MDM4$chr1$204485511$+,0.43
chr1:204510200-204511400,ENSG00000198625.8$MDM4$chr1$204485511$+,0.58
chr1:204552800-204555000,ENSG00000198625.8$MDM4$chr1$204485511$+,0.49
chr9:21236000-21236800,ENSG00000198642.5$KLHL9$chr9$21335379$-,0.36
chr9:21357000-21359000,ENSG00000198642.5$KLHL9$chr9$21335379$-,0.72
chr9:21503600-21504400,ENSG00000198642.5$KLHL9$chr9$21335379$-,0.36
chr20:33262200-33264200,ENSG00000198646.9$NCOA6$chr20$33413452$-,0.36
chr20:33387800-33389800,ENSG00000198646.9$NCOA6$chr20$33413452$-,0.6
chr2:168944800-168947200,ENSG00000198648.6$STK39$chr2$169104651$-,0.35
chr2:169030600-169032200,ENSG00000198648.6$STK39$chr2$169104651$-,0.48
chr16:71597200-71598800,ENSG00000198650.6$TAT$chr16$71611033$-,0.4
chr6:36843000-36844400,ENSG00000198663.12$C6orf89$chr6$36839646$+,0.52
chr6:36852400-36853600,ENSG00000198663.12$C6orf89$chr6$36839646$+,0.67
chr6:36954600-36956200,ENSG00000198663.12$C6orf89$chr6$36839646$+,0.38
chr6:37087000-37088200,ENSG00000198663.12$C6orf89$chr6$36839646$+,0.39
chr14:90721800-90722800,ENSG00000198668.6$CALM1$chr14$90862846$+,0.37
chr14:90723600-90725800,ENSG00000198668.6$CALM1$chr14$90862846$+,0.44
chr14:90729200-90731400,ENSG00000198668.6$CALM1$chr14$90862846$+,0.35
chr12:62709400-62709800,ENSG00000198673.6$FAM19A2$chr12$62672931$-,0.53
chr12:62710400-62711200,ENSG00000198673.6$FAM19A2$chr12$62672931$-,0.64
chr12:62711800-62714200,ENSG00000198673.6$FAM19A2$chr12$62672931$-,0.53
chr12:62753000-62754000,ENSG00000198673.6$FAM19A2$chr12$62672931$-,0.59
chr5:94960800-94961200,ENSG00000198677.6$TTC37$chr5$94890711$-,0.66
chrX:135053200-135055200,ENSG00000198689.5$SLC9A6$chrX$135067598$+,0.68
chrX:135058400-135060400,ENSG00000198689.5$SLC9A6$chrX$135067598$+,0.79
chrX:135071400-135072000,ENSG00000198689.5$SLC9A6$chrX$135067598$+,0.69
chrX:135152600-135154200,ENSG00000198689.5$SLC9A6$chrX$135067598$+,0.44
chrX:135227800-135229000,ENSG00000198689.5$SLC9A6$chrX$135067598$+,0.54
chr15:31284200-31286000,ENSG00000198690.5$FAN1$chr15$31196055$+,0.36
chr1:201922800-201924000,ENSG00000198700.5$IPO9$chr1$201798269$+,0.48
chr1:201950400-201951800,ENSG00000198700.5$IPO9$chr1$201798269$+,0.52
chr6:28408600-28411000,ENSG00000198704.5$GPX6$chr6$28495992$-,0.41
chr6:28411200-28412800,ENSG00000198704.5$GPX6$chr6$28495992$-,0.37
chr6:28414200-28415600,ENSG00000198704.5$GPX6$chr6$28495992$-,0.4
chr6:28492800-28494600,ENSG00000198704.5$GPX6$chr6$28495992$-,0.47
chr6:28502000-28504400,ENSG00000198704.5$GPX6$chr6$28495992$-,0.66
chr12:88427000-88429000,ENSG00000198707.10$CEP290$chr12$88535993$-,0.44
chr1:156181200-156182400,ENSG00000198715.7$C1orf85$chr1$156265463$-,0.59
chr1:156183600-156185200,ENSG00000198715.7$C1orf85$chr1$156265463$-,0.61
chr1:156415400-156416400,ENSG00000198715.7$C1orf85$chr1$156265463$-,0.53
chr1:156425000-156426600,ENSG00000198715.7$C1orf85$chr1$156265463$-,0.41
chr14:45364400-45366400,ENSG00000198718.8$FAM179B$chr14$45431411$+,0.54
chr14:45367400-45369200,ENSG00000198718.8$FAM179B$chr14$45431411$+,0.59
chr14:45396800-45397800,ENSG00000198718.8$FAM179B$chr14$45431411$+,0.57
chr14:45400000-45402200,ENSG00000198718.8$FAM179B$chr14$45431411$+,0.54
chr14:45419000-45421400,ENSG00000198718.8$FAM179B$chr14$45431411$+,0.52
chr6:170646000-170647000,ENSG00000198719.7$DLL1$chr6$170599561$-,0.42
chr17:27728000-27729600,ENSG00000198720.8$ANKRD13B$chr17$27916787$+,0.38
chr17:27755000-27756000,ENSG00000198720.8$ANKRD13B$chr17$27916787$+,0.36
chr6:4006800-4007400,ENSG00000198721.8$ECI2$chr6$4135831$-,0.53
chr6:4019200-4021200,ENSG00000198721.8$ECI2$chr6$4135831$-,0.44
chr6:4035600-4038000,ENSG00000198721.8$ECI2$chr6$4135831$-,0.59
chr19:7597600-7599000,ENSG00000198723.6$C19orf45$chr19$7557862$+,0.35
chr19:7600800-7602600,ENSG00000198723.6$C19orf45$chr19$7557862$+,0.37
chr10:103891000-103892400,ENSG00000198728.6$LDB1$chr10$103880210$-,0.7
chr11:10649200-10651600,ENSG00000198730.3$CTR9$chr11$10772534$+,0.46
chr11:10822000-10822600,ENSG00000198730.3$CTR9$chr11$10772534$+,0.51
chr11:10831400-10832800,ENSG00000198730.3$CTR9$chr11$10772534$+,0.55
chr11:10880800-10882800,ENSG00000198730.3$CTR9$chr11$10772534$+,0.45
chr11:10899600-10901600,ENSG00000198730.3$CTR9$chr11$10772534$+,0.41
chr1:169428800-169431200,ENSG00000198734.6$F5$chr1$169555826$-,0.47
chr1:169534200-169536000,ENSG00000198734.6$F5$chr1$169555826$-,0.53
chr1:169608600-169609200,ENSG00000198734.6$F5$chr1$169555826$-,0.51
chr1:169639600-169642000,ENSG00000198734.6$F5$chr1$169555826$-,0.44
chr1:169680200-169681600,ENSG00000198734.6$F5$chr1$169555826$-,0.37
chr16:1904400-1906400,ENSG00000198736.7$MSRB1$chr16$1993327$-,0.49
chr16:2008200-2009600,ENSG00000198736.7$MSRB1$chr16$1993327$-,0.6
chr16:2020000-2021600,ENSG00000198736.7$MSRB1$chr16$1993327$-,0.57
chr16:2060200-2062400,ENSG00000198736.7$MSRB1$chr16$1993327$-,0.46
chr16:2069000-2071200,ENSG00000198736.7$MSRB1$chr16$1993327$-,0.42
chr16:2098600-2099800,ENSG00000198736.7$MSRB1$chr16$1993327$-,0.41
chr17:47403600-47404400,ENSG00000198740.4$ZNF652$chr17$47439835$-,0.5
chr17:47441600-47443800,ENSG00000198740.4$ZNF652$chr17$47439835$-,0.54
chr17:47489800-47491800,ENSG00000198740.4$ZNF652$chr17$47439835$-,0.54
chr17:47492800-47493600,ENSG00000198740.4$ZNF652$chr17$47439835$-,0.49
chr7:98658600-98660400,ENSG00000198742.5$SMURF1$chr7$98741723$-,0.39
chr7:98742200-98743600,ENSG00000198742.5$SMURF1$chr7$98741723$-,0.37
chr1:27146600-27149000,ENSG00000198746.8$GPATCH3$chr1$27226957$-,0.45
chr1:27192200-27193000,ENSG00000198746.8$GPATCH3$chr1$27226957$-,0.66
chr1:27217200-27217800,ENSG00000198746.8$GPATCH3$chr1$27226957$-,0.59
chr1:27248800-27251200,ENSG00000198746.8$GPATCH3$chr1$27226957$-,0.53
chr1:27371000-27373200,ENSG00000198746.8$GPATCH3$chr1$27226957$-,0.43
chr1:183962000-183963200,ENSG00000198756.6$COLGALT2$chr1$184006863$-,0.65
chr1:184019400-184020400,ENSG00000198756.6$COLGALT2$chr1$184006863$-,0.79
chr1:115242400-115243200,ENSG00000198765.7$SYCP1$chr1$115397424$+,0.39
chr1:115259800-115260800,ENSG00000198765.7$SYCP1$chr1$115397424$+,0.44
chr1:115300800-115301800,ENSG00000198765.7$SYCP1$chr1$115397424$+,0.6
chr1:115320600-115322600,ENSG00000198765.7$SYCP1$chr1$115397424$+,0.55
chr17:33166400-33166800,ENSG00000198783.4$ZNF830$chr17$33288549$+,0.39
chr17:33167200-33169400,ENSG00000198783.4$ZNF830$chr17$33288549$+,0.41
chr17:33305800-33307200,ENSG00000198783.4$ZNF830$chr17$33288549$+,0.48
chr17:33355000-33356400,ENSG00000198783.4$ZNF830$chr17$33288549$+,0.49
chr17:33359200-33361000,ENSG00000198783.4$ZNF830$chr17$33288549$+,0.49
chr17:33416400-33418600,ENSG00000198783.4$ZNF830$chr17$33288549$+,0.37
chr8:17011400-17013200,ENSG00000198791.7$CNOT7$chr8$17104387$-,0.38
chr8:17115600-17117600,ENSG00000198791.7$CNOT7$chr8$17104387$-,0.62
chr22:38577800-38579400,ENSG00000198792.8$TMEM184B$chr22$38669040$-,0.5
chr22:38782200-38784600,ENSG00000198792.8$TMEM184B$chr22$38669040$-,0.44
chr1:11158000-11159200,ENSG00000198793.8$MTOR$chr1$11322564$-,0.45
chr1:11432800-11435000,ENSG00000198793.8$MTOR$chr1$11322564$-,0.52
chr15:75199600-75200400,ENSG00000198794.7$SCAMP5$chr15$75249560$+,0.4
chr18:56275600-56278000,ENSG00000198796.6$ALPK2$chr18$56296189$-,0.49
chr18:56371600-56372000,ENSG00000198796.6$ALPK2$chr18$56296189$-,0.38
chr1:113476200-113476600,ENSG00000198799.7$LRIG2$chr1$113615831$+,0.38
chr1:113505400-113506600,ENSG00000198799.7$LRIG2$chr1$113615831$+,0.42
chr1:113593400-113594400,ENSG00000198799.7$LRIG2$chr1$113615831$+,0.62
chr1:113614200-113615400,ENSG00000198799.7$LRIG2$chr1$113615831$+,0.39
chr14:20812200-20814200,ENSG00000198805.7$PNP$chr14$20937113$+,0.55
chr14:20878800-20880800,ENSG00000198805.7$PNP$chr14$20937113$+,0.52
chr14:20929600-20931600,ENSG00000198805.7$PNP$chr14$20937113$+,0.55
chr14:20998800-20999600,ENSG00000198805.7$PNP$chr14$20937113$+,0.63
chr14:21055600-21056800,ENSG00000198805.7$PNP$chr14$20937113$+,0.48
chr14:21082200-21084000,ENSG00000198805.7$PNP$chr14$20937113$+,0.51
chr14:21120800-21122600,ENSG00000198805.7$PNP$chr14$20937113$+,0.35
chrX:30594000-30594800,ENSG00000198814.8$GK$chrX$30671476$+,0.67
chrX:30729800-30730600,ENSG00000198814.8$GK$chrX$30671476$+,0.5
chrX:30731000-30732800,ENSG00000198814.8$GK$chrX$30671476$+,0.53
chrX:30908200-30909400,ENSG00000198814.8$GK$chrX$30671476$+,0.36
chr1:42709400-42709800,ENSG00000198815.4$FOXJ3$chr1$42801548$-,0.39
chr1:42772200-42773200,ENSG00000198815.4$FOXJ3$chr1$42801548$-,0.61
chr1:42773600-42774400,ENSG00000198815.4$FOXJ3$chr1$42801548$-,0.74
chr1:42923000-42924800,ENSG00000198815.4$FOXJ3$chr1$42801548$-,0.39
chr19:7597600-7599000,ENSG00000198816.5$ZNF358$chr19$7580178$+,0.53
chr19:7600800-7602600,ENSG00000198816.5$ZNF358$chr19$7580178$+,0.45
chr6:166660400-166661000,ENSG00000198818.5$SFT2D1$chr6$166756079$-,0.53
chr6:166797400-166798200,ENSG00000198818.5$SFT2D1$chr6$166756079$-,0.54
chr6:166925400-166927000,ENSG00000198818.5$SFT2D1$chr6$166756079$-,0.41
chr1:167439400-167439600,ENSG00000198821.6$CD247$chr1$167487847$-,0.51
chr13:114921800-114924200,ENSG00000198824.4$CHAMP1$chr13$115079988$+,0.37
chr13:114958800-114961200,ENSG00000198824.4$CHAMP1$chr13$115079988$+,0.38
chr13:115009600-115011200,ENSG00000198824.4$CHAMP1$chr13$115079988$+,0.5
chr13:115098600-115101000,ENSG00000198824.4$CHAMP1$chr13$115079988$+,0.55
chr10:121334200-121336400,ENSG00000198825.7$INPP5F$chr10$121485609$+,0.35
chr10:121356800-121358200,ENSG00000198825.7$INPP5F$chr10$121485609$+,0.46
chr10:121409400-121410400,ENSG00000198825.7$INPP5F$chr10$121485609$+,0.52
chr10:121482600-121485000,ENSG00000198825.7$INPP5F$chr10$121485609$+,0.38
chr10:121499000-121501000,ENSG00000198825.7$INPP5F$chr10$121485609$+,0.57
chr1:26828000-26829400,ENSG00000198830.6$HMGN2$chr1$26798941$+,0.5
chr1:26903800-26905800,ENSG00000198830.6$HMGN2$chr1$26798941$+,0.46
chr1:26924000-26926200,ENSG00000198830.6$HMGN2$chr1$26798941$+,0.37
chr1:26948200-26950400,ENSG00000198830.6$HMGN2$chr1$26798941$+,0.51
chr1:27020000-27021800,ENSG00000198830.6$HMGN2$chr1$26798941$+,0.35
chr6:90084600-90086600,ENSG00000198833.6$UBE2J1$chr6$90062567$-,0.62
chr1:228354400-228355400,ENSG00000198835.3$GJC2$chr1$228337553$+,0.37
chr3:193322800-193324000,ENSG00000198836.4$OPA1$chr3$193310933$+,0.51
chr3:193331000-193333200,ENSG00000198836.4$OPA1$chr3$193310933$+,0.47
chr1:153832400-153833600,ENSG00000198837.5$DENND4B$chr1$153919172$-,0.37
chr1:153840800-153842600,ENSG00000198837.5$DENND4B$chr1$153919172$-,0.35
chr1:153896400-153897400,ENSG00000198837.5$DENND4B$chr1$153919172$-,0.56
chr1:153940400-153942400,ENSG00000198837.5$DENND4B$chr1$153919172$-,0.4
chr1:153950600-153952200,ENSG00000198837.5$DENND4B$chr1$153919172$-,0.46
chr1:153962400-153963200,ENSG00000198837.5$DENND4B$chr1$153919172$-,0.65
chr1:154156000-154157600,ENSG00000198837.5$DENND4B$chr1$153919172$-,0.35
chr7:111847600-111849800,ENSG00000198839.5$ZNF277$chr7$111846643$+,0.42
chr7:111925600-111927400,ENSG00000198839.5$ZNF277$chr7$111846643$+,0.39
chr7:111941800-111943400,ENSG00000198839.5$ZNF277$chr7$111846643$+,0.45
chr1:52309000-52311200,ENSG00000198841.3$KTI12$chr1$52499488$-,0.37
chr1:52345200-52346200,ENSG00000198841.3$KTI12$chr1$52499488$-,0.43
chr1:52536000-52538200,ENSG00000198841.3$KTI12$chr1$52499488$-,0.63
chr3:150123400-150125600,ENSG00000198843.8$SELT$chr3$150320662$+,0.35
chr3:150292400-150294600,ENSG00000198843.8$SELT$chr3$150320662$+,0.67
chr3:150294800-150296000,ENSG00000198843.8$SELT$chr3$150320662$+,0.67
chr3:150380000-150381400,ENSG00000198843.8$SELT$chr3$150320662$+,0.65
chr3:150383400-150384800,ENSG00000198843.8$SELT$chr3$150320662$+,0.63
chr3:150419400-150421200,ENSG00000198843.8$SELT$chr3$150320662$+,0.52
chr3:150422200-150423800,ENSG00000198843.8$SELT$chr3$150320662$+,0.52
chr8:59932400-59934200,ENSG00000198846.5$TOX$chr8$60031767$-,0.39
chr8:60121600-60123000,ENSG00000198846.5$TOX$chr8$60031767$-,0.44
chr11:118123400-118125400,ENSG00000198851.5$CD3E$chr11$118175260$+,0.49
chr11:118161200-118163200,ENSG00000198851.5$CD3E$chr11$118175260$+,0.63
chr11:118165800-118167800,ENSG00000198851.5$CD3E$chr11$118175260$+,0.67
chr11:118223200-118224400,ENSG00000198851.5$CD3E$chr11$118175260$+,0.54
chr11:118228800-118230200,ENSG00000198851.5$CD3E$chr11$118175260$+,0.56
chr12:109018000-109018200,ENSG00000198855.2$FICD$chr12$108908962$+,0.39
chr4:109539400-109541200,ENSG00000198856.8$OSTC$chr4$109571740$+,0.54
chr4:109594200-109594400,ENSG00000198856.8$OSTC$chr4$109571740$+,0.68
chr19:1056800-1059200,ENSG00000198858.5$R3HDM4$chr19$913240$-,0.41
chr19:923200-925600,ENSG00000198858.5$R3HDM4$chr19$913240$-,0.49
chr1:183962000-183963200,ENSG00000198860.7$TSEN15$chr1$184020811$+,0.61
chr21:30201400-30202200,ENSG00000198862.9$LTN1$chr21$30365270$-,0.44
chr21:30208600-30208800,ENSG00000198862.9$LTN1$chr21$30365270$-,0.46
chr21:30209000-30211200,ENSG00000198862.9$LTN1$chr21$30365270$-,0.53
chr21:30255600-30256800,ENSG00000198862.9$LTN1$chr21$30365270$-,0.46
chr21:30257800-30259000,ENSG00000198862.9$LTN1$chr21$30365270$-,0.49
chr21:30375600-30377200,ENSG00000198862.9$LTN1$chr21$30365270$-,0.61
chr21:30389400-30391000,ENSG00000198862.9$LTN1$chr21$30365270$-,0.53
chr21:30392000-30393200,ENSG00000198862.9$LTN1$chr21$30365270$-,0.46
chr21:30401200-30402400,ENSG00000198862.9$LTN1$chr21$30365270$-,0.47
chr21:30419800-30420000,ENSG00000198862.9$LTN1$chr21$30365270$-,0.6
chr17:41114400-41116000,ENSG00000198863.3$RUNDC1$chr17$41132582$+,0.63
chr17:41149000-41150400,ENSG00000198863.3$RUNDC1$chr17$41132582$+,0.63
chr5:42749200-42749600,ENSG00000198865.5$CCDC152$chr5$42756903$+,0.7
chr9:136059800-136062000,ENSG00000198870.6$C9orf96$chr9$136243117$+,0.43
chr10:120807000-120808600,ENSG00000198873.10$GRK5$chr10$120967101$+,0.41
chr10:120820600-120822200,ENSG00000198873.10$GRK5$chr10$120967101$+,0.43
chr10:120925600-120927800,ENSG00000198873.10$GRK5$chr10$120967101$+,0.61
chr10:120938400-120940000,ENSG00000198873.10$GRK5$chr10$120967101$+,0.62
chr7:66307600-66309400,ENSG00000198874.8$TYW1$chr7$66460160$+,0.4
chr7:66385000-66385800,ENSG00000198874.8$TYW1$chr7$66460160$+,0.5
chr7:66399400-66401800,ENSG00000198874.8$TYW1$chr7$66460160$+,0.47
chr7:66462400-66464400,ENSG00000198874.8$TYW1$chr7$66460160$+,0.59
chr9:34049600-34050800,ENSG00000198876.8$DCAF12$chr9$34127397$-,0.39
chr9:34171400-34173200,ENSG00000198876.8$DCAF12$chr9$34127397$-,0.56
chr9:34206000-34207600,ENSG00000198876.8$DCAF12$chr9$34127397$-,0.44
chr9:34211000-34212000,ENSG00000198876.8$DCAF12$chr9$34127397$-,0.44
chr10:7363600-7363800,ENSG00000198879.7$SFMBT2$chr10$7453450$-,0.37
chr10:7458800-7460800,ENSG00000198879.7$SFMBT2$chr10$7453450$-,0.7
chrX:63426400-63428800,ENSG00000198881.8$ASB12$chrX$63450511$-,0.36
chrX:152187400-152189400,ENSG00000198883.7$PNMA5$chrX$152162671$-,0.41
chr2:96965800-96966000,ENSG00000198885.5$ITPRIPL1$chr2$96991069$+,0.58
chr2:96972000-96974400,ENSG00000198885.5$ITPRIPL1$chr2$96991069$+,0.49
chr2:96998800-97001200,ENSG00000198885.5$ITPRIPL1$chr2$96991069$+,0.64
chr9:72708200-72710200,ENSG00000198887.7$SMC5$chr9$72873937$+,0.36
chr9:72914600-72915800,ENSG00000198887.7$SMC5$chr9$72873937$+,0.72
chr20:39614800-39617200,ENSG00000198900.5$TOP1$chr20$39657458$+,0.48
chr20:39688600-39691000,ENSG00000198900.5$TOP1$chr20$39657458$+,0.71
chr15:91443600-91445600,ENSG00000198901.9$PRC1$chr15$91538859$-,0.54
chr15:91473600-91475400,ENSG00000198901.9$PRC1$chr15$91538859$-,0.38
chr15:91479000-91480600,ENSG00000198901.9$PRC1$chr15$91538859$-,0.43
chr15:91566400-91568400,ENSG00000198901.9$PRC1$chr15$91538859$-,0.55
chrX:101864000-101864200,ENSG00000198908.7$BHLHB9$chrX$101975616$+,0.39
chrX:102024600-102026400,ENSG00000198908.7$BHLHB9$chrX$101975616$+,0.52
chr17:61614600-61616800,ENSG00000198909.3$MAP3K3$chr17$61699775$+,0.42
chr17:61626000-61627000,ENSG00000198909.3$MAP3K3$chr17$61699775$+,0.57
chr17:61677000-61678000,ENSG00000198909.3$MAP3K3$chr17$61699775$+,0.52
chr17:61679000-61680200,ENSG00000198909.3$MAP3K3$chr17$61699775$+,0.64
chr17:61816600-61818400,ENSG00000198909.3$MAP3K3$chr17$61699775$+,0.55
chr17:61844400-61846800,ENSG00000198909.3$MAP3K3$chr17$61699775$+,0.51
chrX:152984200-152986600,ENSG00000198910.8$L1CAM$chrX$153174677$-,0.37
chr22:41983200-41985200,ENSG00000198911.7$SREBF2$chr22$42229109$+,0.38
chr22:42044200-42044800,ENSG00000198911.7$SREBF2$chr22$42229109$+,0.4
chr22:42075600-42078000,ENSG00000198911.7$SREBF2$chr22$42229109$+,0.43
chr22:42078800-42081000,ENSG00000198911.7$SREBF2$chr22$42229109$+,0.43
chr22:42085400-42087200,ENSG00000198911.7$SREBF2$chr22$42229109$+,0.44
chr22:42194800-42196200,ENSG00000198911.7$SREBF2$chr22$42229109$+,0.63
chr22:42417400-42419600,ENSG00000198911.7$SREBF2$chr22$42229109$+,0.4
chr22:42426200-42428600,ENSG00000198911.7$SREBF2$chr22$42229109$+,0.4
chr1:3771600-3773200,ENSG00000198912.6$C1orf174$chr1$3816857$-,0.51
chr1:3814600-3816000,ENSG00000198912.6$C1orf174$chr1$3816857$-,0.36
chr10:43642800-43644400,ENSG00000198915.7$RASGEF1A$chr10$43762367$-,0.45
chr10:43778000-43779400,ENSG00000198915.7$RASGEF1A$chr10$43762367$-,0.69
chr10:43792600-43793200,ENSG00000198915.7$RASGEF1A$chr10$43762367$-,0.58
chr10:43854800-43856000,ENSG00000198915.7$RASGEF1A$chr10$43762367$-,0.38
chr10:43856200-43857400,ENSG00000198915.7$RASGEF1A$chr10$43762367$-,0.36
chr10:43857800-43859400,ENSG00000198915.7$RASGEF1A$chr10$43762367$-,0.37
chr10:43951000-43953000,ENSG00000198915.7$RASGEF1A$chr10$43762367$-,0.39
chr9:131484000-131486000,ENSG00000198917.7$C9orf114$chr9$131592100$-,0.51
chr9:131547800-131549200,ENSG00000198917.7$C9orf114$chr9$131592100$-,0.52
chr9:131550200-131551800,ENSG00000198917.7$C9orf114$chr9$131592100$-,0.53
chr9:131579800-131580400,ENSG00000198917.7$C9orf114$chr9$131592100$-,0.58
chr9:131689000-131691400,ENSG00000198917.7$C9orf114$chr9$131592100$-,0.46
chr3:108047200-108049000,ENSG00000198919.8$DZIP3$chr3$108308529$+,0.35
chr3:108270000-108271800,ENSG00000198919.8$DZIP3$chr3$108308529$+,0.68
chr3:108309200-108311600,ENSG00000198919.8$DZIP3$chr3$108308529$+,0.35
chr3:108315000-108316600,ENSG00000198919.8$DZIP3$chr3$108308529$+,0.61
chr3:108380600-108381800,ENSG00000198919.8$DZIP3$chr3$108308529$+,0.64
chr17:6346400-6347000,ENSG00000198920.5$KIAA0753$chr17$6544247$-,0.42
chr2:220070400-220071000,ENSG00000198925.6$ATG9A$chr2$220094439$-,0.65
chrX:151998000-151998800,ENSG00000198930.8$CSAG1$chrX$151903228$+,0.49
chr16:88924400-88926800,ENSG00000198931.6$APRT$chr16$88878352$-,0.59
chrX:101770600-101772800,ENSG00000198932.8$GPRASP1$chrX$101906294$+,0.58
chrX:101853400-101854000,ENSG00000198932.8$GPRASP1$chrX$101906294$+,0.57
chrX:101864000-101864200,ENSG00000198932.8$GPRASP1$chrX$101906294$+,0.64
chrX:102024600-102026400,ENSG00000198932.8$GPRASP1$chrX$101906294$+,0.42
chr17:45609800-45611800,ENSG00000198933.5$TBKBP1$chr17$45771447$+,0.4
chr17:45839800-45841600,ENSG00000198933.5$TBKBP1$chr17$45771447$+,0.35
chrX:75539000-75540600,ENSG00000198934.3$MAGEE1$chrX$75648046$+,0.41
chrX:75684200-75686600,ENSG00000198934.3$MAGEE1$chrX$75648046$+,0.53
chr6:37399000-37400600,ENSG00000198937.8$CCDC167$chr6$37467698$-,0.49
chr6:37473400-37473800,ENSG00000198937.8$CCDC167$chr6$37467698$-,0.67
chr6:37509000-37510400,ENSG00000198937.8$CCDC167$chr6$37467698$-,0.56
chr5:178285800-178286800,ENSG00000198939.3$ZFP2$chr5$178322895$+,0.49
chr5:178323400-178324400,ENSG00000198939.3$ZFP2$chr5$178322895$+,0.37
chr5:132050000-132050800,ENSG00000198944.4$SOWAHA$chr5$132149033$+,0.35
chr5:132073200-132074400,ENSG00000198944.4$SOWAHA$chr5$132149033$+,0.45
chr5:132200200-132201800,ENSG00000198944.4$SOWAHA$chr5$132149033$+,0.62
chr5:132203000-132204800,ENSG00000198944.4$SOWAHA$chr5$132149033$+,0.61
chr6:130195800-130198200,ENSG00000198945.3$L3MBTL3$chr6$130334844$+,0.42
chr6:130310200-130311200,ENSG00000198945.3$L3MBTL3$chr6$130334844$+,0.72
chr6:130338000-130339800,ENSG00000198945.3$L3MBTL3$chr6$130334844$+,0.6
chr6:130342400-130344200,ENSG00000198945.3$L3MBTL3$chr6$130334844$+,0.51
chr6:130357600-130359800,ENSG00000198945.3$L3MBTL3$chr6$130334844$+,0.45
chr6:130361600-130363200,ENSG00000198945.3$L3MBTL3$chr6$130334844$+,0.53
chr6:130377400-130378800,ENSG00000198945.3$L3MBTL3$chr6$130334844$+,0.48
chr6:130413400-130415200,ENSG00000198945.3$L3MBTL3$chr6$130334844$+,0.38
chr6:130440800-130442800,ENSG00000198945.3$L3MBTL3$chr6$130334844$+,0.38
chrX:48291200-48293000,ENSG00000198946.3$SSX4B$chrX$48271344$-,0.37
chr4:170948800-170949800,ENSG00000198948.7$MFAP3L$chr4$170954182$-,0.62
chr22:42417400-42419600,ENSG00000198951.7$NAGA$chr22$42466846$-,0.56
chr22:42426200-42428600,ENSG00000198951.7$NAGA$chr22$42466846$-,0.6
chr22:42484600-42486000,ENSG00000198951.7$NAGA$chr22$42466846$-,0.69
chr22:42487400-42489200,ENSG00000198951.7$NAGA$chr22$42466846$-,0.65
chr22:42564600-42566000,ENSG00000198951.7$NAGA$chr22$42466846$-,0.47
chr1:156181200-156182400,ENSG00000198952.7$SMG5$chr1$156252620$-,0.47
chr1:156183600-156185200,ENSG00000198952.7$SMG5$chr1$156252620$-,0.6
chr1:156415400-156416400,ENSG00000198952.7$SMG5$chr1$156252620$-,0.41
chr10:70658600-70660400,ENSG00000198954.4$KIAA1279$chr10$70748487$+,0.46
chr10:70714200-70715600,ENSG00000198954.4$KIAA1279$chr10$70748487$+,0.47
chr10:70728600-70730200,ENSG00000198954.4$KIAA1279$chr10$70748487$+,0.59
chr10:70756400-70758400,ENSG00000198954.4$KIAA1279$chr10$70748487$+,0.6
chr10:70786000-70788200,ENSG00000198954.4$KIAA1279$chr10$70748487$+,0.51
chr10:70881600-70883000,ENSG00000198954.4$KIAA1279$chr10$70748487$+,0.58
chr10:70885000-70887000,ENSG00000198954.4$KIAA1279$chr10$70748487$+,0.46
chr10:70891400-70892600,ENSG00000198954.4$KIAA1279$chr10$70748487$+,0.4
chrX:100877000-100878000,ENSG00000198960.6$ARMCX6$chrX$100872991$-,0.66
chr5:108687200-108688400,ENSG00000198961.5$PJA2$chr5$108745695$-,0.54
chr5:108720600-108722800,ENSG00000198961.5$PJA2$chr5$108745695$-,0.65
chr5:108726400-108727200,ENSG00000198961.5$PJA2$chr5$108745695$-,0.65
chr5:108893400-108895600,ENSG00000198961.5$PJA2$chr5$108745695$-,0.4
chr10:52430800-52433200,ENSG00000198964.9$SGMS1$chr10$52384923$-,0.6
chr10:52500200-52501200,ENSG00000198964.9$SGMS1$chr10$52384923$-,0.44
chr1:158615600-158617400,ENSG00000198967.3$OR10Z1$chr1$158576229$+,0.62
chr1:2157400-2159200,ENSG00000203301.2$AL590822.1$chr1$2145620$-,0.51
chr19:53662600-53663200,ENSG00000203326.5$ZNF525$chr19$53868946$+,0.38
chr19:53835600-53836400,ENSG00000203326.5$ZNF525$chr19$53868946$+,0.55
chr19:53896600-53898400,ENSG00000203326.5$ZNF525$chr19$53868946$+,0.51
chr19:53933400-53935200,ENSG00000203326.5$ZNF525$chr19$53868946$+,0.47
chr19:54015000-54015600,ENSG00000203326.5$ZNF525$chr19$53868946$+,0.36
chr19:54038400-54040800,ENSG00000203326.5$ZNF525$chr19$53868946$+,0.43
chr14:105115800-105118000,ENSG00000203485.8$INF2$chr14$105155943$+,0.43
chr14:31840600-31841600,ENSG00000203546.3$RP11-176H8.1$chr14$31926647$-,0.56
chr14:31846000-31848200,ENSG00000203546.3$RP11-176H8.1$chr14$31926647$-,0.56
chr14:31886400-31888800,ENSG00000203546.3$RP11-176H8.1$chr14$31926647$-,0.48
chr14:32029400-32030200,ENSG00000203546.3$RP11-176H8.1$chr14$31926647$-,0.5
chr22:19763200-19764600,ENSG00000203618.5$GP1BB$chr22$19710468$+,0.6
chr22:19825000-19825600,ENSG00000203618.5$GP1BB$chr22$19710468$+,0.46
chr22:19843200-19845200,ENSG00000203618.5$GP1BB$chr22$19710468$+,0.39
chr20:1333800-1334000,ENSG00000203630.3$AL136531.1$chr20$1317555$-,0.43
chr20:1338200-1340000,ENSG00000203630.3$AL136531.1$chr20$1317555$-,0.36
chr1:248643600-248644200,ENSG00000203661.2$OR2T5$chr1$248651885$+,0.36
chr1:248644800-248646800,ENSG00000203661.2$OR2T5$chr1$248651885$+,0.53
chr1:245009400-245011200,ENSG00000203666.8$EFCAB2$chr1$245133007$+,0.38
chr1:245135200-245136000,ENSG00000203666.8$EFCAB2$chr1$245133007$+,0.45
chr1:245009400-245011200,ENSG00000203667.5$COX20$chr1$244998624$+,0.73
chr1:245131200-245132800,ENSG00000203667.5$COX20$chr1$244998624$+,0.43
chr1:245135200-245136000,ENSG00000203667.5$COX20$chr1$244998624$+,0.51
chr1:241713000-241715000,ENSG00000203668.1$CHML$chr1$241799232$-,0.5
chr1:241851400-241853400,ENSG00000203668.1$CHML$chr1$241799232$-,0.52
chr1:228372800-228374800,ENSG00000203684.5$IBA57-AS1$chr1$228353213$-,0.61
chr1:212910400-212912800,ENSG00000203705.6$TATDN3$chr1$212965170$+,0.58
chr1:212916400-212918800,ENSG00000203705.6$TATDN3$chr1$212965170$+,0.52
chr1:212946400-212948800,ENSG00000203705.6$TATDN3$chr1$212965170$+,0.62
chr1:207636200-207637600,ENSG00000203710.6$CR1$chr1$207669492$+,0.44
chr1:207638800-207639600,ENSG00000203710.6$CR1$chr1$207669492$+,0.51
chr1:207647200-207647400,ENSG00000203710.6$CR1$chr1$207669492$+,0.53
chr6:159204800-159207000,ENSG00000203711.7$C6orf99$chr6$159290971$+,0.43
chr6:159240400-159241800,ENSG00000203711.7$C6orf99$chr6$159290971$+,0.49
chr6:159391800-159394000,ENSG00000203711.7$C6orf99$chr6$159290971$+,0.45
chr6:159410600-159412800,ENSG00000203711.7$C6orf99$chr6$159290971$+,0.52
chr6:159419000-159420200,ENSG00000203711.7$C6orf99$chr6$159290971$+,0.37
chr6:159532800-159533200,ENSG00000203711.7$C6orf99$chr6$159290971$+,0.43
chr6:150263400-150265000,ENSG00000203722.3$RAET1G$chr6$150244257$-,0.48
chr6:150274400-150276800,ENSG00000203722.3$RAET1G$chr6$150244257$-,0.57
chr1:182308800-182310800,ENSG00000203730.2$TEDDM1$chr1$182369751$-,0.6
chr1:182399400-182400800,ENSG00000203730.2$TEDDM1$chr1$182369751$-,0.53
chr1:161529200-161531600,ENSG00000203747.5$FCGR3A$chr1$161600917$-,0.39
chr1:161582600-161583400,ENSG00000203747.5$FCGR3A$chr1$161600917$-,0.48
chr1:161590000-161591000,ENSG00000203747.5$FCGR3A$chr1$161600917$-,0.52
chr6:130056400-130057200,ENSG00000203756.3$TMEM244$chr6$130182692$-,0.49
chr6:130195800-130198200,ENSG00000203756.3$TMEM244$chr6$130182692$-,0.7
chr1:158615600-158617400,ENSG00000203757.1$OR6K3$chr1$158687953$-,0.45
chr6:112195200-112197600,ENSG00000203778.3$FAM229B$chr6$112408802$+,0.36
chr6:112342200-112344600,ENSG00000203778.3$FAM229B$chr6$112408802$+,0.62
chr6:112405600-112408000,ENSG00000203778.3$FAM229B$chr6$112408802$+,0.41
chr6:112409400-112411400,ENSG00000203778.3$FAM229B$chr6$112408802$+,0.44
chr6:112483800-112486000,ENSG00000203778.3$FAM229B$chr6$112408802$+,0.6
chr10:126491200-126492800,ENSG00000203791.9$METTL10$chr10$126480439$-,0.7
chr10:126603600-126605000,ENSG00000203791.9$METTL10$chr10$126480439$-,0.5
chr10:126615800-126616000,ENSG00000203791.9$METTL10$chr10$126480439$-,0.38
chr1:150349400-150351400,ENSG00000203804.3$ADAMTSL4-AS1$chr1$150533969$-,0.35
chr1:150364800-150366400,ENSG00000203804.3$ADAMTSL4-AS1$chr1$150533969$-,0.37
chr1:150387800-150388800,ENSG00000203804.3$ADAMTSL4-AS1$chr1$150533969$-,0.35
chr1:150460400-150462000,ENSG00000203804.3$ADAMTSL4-AS1$chr1$150533969$-,0.52
chr1:150488400-150490600,ENSG00000203804.3$ADAMTSL4-AS1$chr1$150533969$-,0.53
chr1:150655600-150657800,ENSG00000203804.3$ADAMTSL4-AS1$chr1$150533969$-,0.39
chr1:150670000-150671600,ENSG00000203804.3$ADAMTSL4-AS1$chr1$150533969$-,0.49
chr1:149785600-149786000,ENSG00000203811.1$HIST2H3C$chr1$149812765$-,0.38
chr1:149582400-149583800,ENSG00000203812.2$HIST2H2AA4$chr1$149822643$+,0.39
chr1:149584800-149585200,ENSG00000203812.2$HIST2H2AA4$chr1$149822643$+,0.4
chr1:149601200-149603400,ENSG00000203812.2$HIST2H2AA4$chr1$149822643$+,0.36
chr1:149663800-149666000,ENSG00000203812.2$HIST2H2AA4$chr1$149822643$+,0.51
chr1:149711400-149712600,ENSG00000203812.2$HIST2H2AA4$chr1$149822643$+,0.63
chr1:149785600-149786000,ENSG00000203812.2$HIST2H2AA4$chr1$149822643$+,0.54
chr1:149860400-149862200,ENSG00000203812.2$HIST2H2AA4$chr1$149822643$+,0.6
chr1:149870200-149871200,ENSG00000203812.2$HIST2H2AA4$chr1$149822643$+,0.51
chr1:149871600-149872600,ENSG00000203812.2$HIST2H2AA4$chr1$149822643$+,0.5
chr1:150040200-150042600,ENSG00000203812.2$HIST2H2AA4$chr1$149822643$+,0.4
chr6:27655800-27657600,ENSG00000203813.4$HIST1H3H$chr6$27777842$+,0.45
chr6:27660200-27661800,ENSG00000203813.4$HIST1H3H$chr6$27777842$+,0.45
chr6:27719000-27720200,ENSG00000203813.4$HIST1H3H$chr6$27777842$+,0.62
chr6:27759000-27759600,ENSG00000203813.4$HIST1H3H$chr6$27777842$+,0.58
chr6:27792800-27794600,ENSG00000203813.4$HIST1H3H$chr6$27777842$+,0.67
chr6:27796400-27798400,ENSG00000203813.4$HIST1H3H$chr6$27777842$+,0.7
chr1:149582400-149583800,ENSG00000203814.5$HIST2H2BF$chr1$149783928$-,0.48
chr1:149584800-149585200,ENSG00000203814.5$HIST2H2BF$chr1$149783928$-,0.37
chr1:149601200-149603400,ENSG00000203814.5$HIST2H2BF$chr1$149783928$-,0.44
chr1:149606800-149607000,ENSG00000203814.5$HIST2H2BF$chr1$149783928$-,0.39
chr1:149663800-149666000,ENSG00000203814.5$HIST2H2BF$chr1$149783928$-,0.41
chr1:149711400-149712600,ENSG00000203814.5$HIST2H2BF$chr1$149783928$-,0.51
chr1:149785600-149786000,ENSG00000203814.5$HIST2H2BF$chr1$149783928$-,0.38
chr1:149860400-149862200,ENSG00000203814.5$HIST2H2BF$chr1$149783928$-,0.48
chr1:149870200-149871200,ENSG00000203814.5$HIST2H2BF$chr1$149783928$-,0.43
chr1:149871600-149872600,ENSG00000203814.5$HIST2H2BF$chr1$149783928$-,0.41
chr1:149663800-149666000,ENSG00000203815.2$AL358813.2$chr1$149675978$+,0.39
chr1:149711400-149712600,ENSG00000203815.2$AL358813.2$chr1$149675978$+,0.35
chr1:149860400-149862200,ENSG00000203852.3$HIST2H3A$chr1$149824181$+,0.35
chr6:89534600-89535000,ENSG00000203863.1$AL079342.1$chr6$89674246$+,0.36
chr6:89593600-89594400,ENSG00000203863.1$AL079342.1$chr6$89674246$+,0.42
chr6:89626000-89627400,ENSG00000203863.1$AL079342.1$chr6$89674246$+,0.57
chr6:89670600-89672600,ENSG00000203863.1$AL079342.1$chr6$89674246$+,0.42
chr6:89773200-89773400,ENSG00000203863.1$AL079342.1$chr6$89674246$+,0.42
chrX:153972600-153973000,ENSG00000203870.5$SMIM9$chrX$154062937$-,0.36
chrX:154002800-154004800,ENSG00000203870.5$SMIM9$chrX$154062937$-,0.48
chrX:154033800-154035000,ENSG00000203870.5$SMIM9$chrX$154062937$-,0.6
chrX:154117000-154117800,ENSG00000203870.5$SMIM9$chrX$154062937$-,0.46
chrX:154118600-154120000,ENSG00000203870.5$SMIM9$chrX$154062937$-,0.5
chrX:154146000-154147400,ENSG00000203870.5$SMIM9$chrX$154062937$-,0.51
chrX:154207600-154209800,ENSG00000203870.5$SMIM9$chrX$154062937$-,0.44
chr6:88116600-88117400,ENSG00000203871.4$C6orf164$chr6$88106840$+,0.59
chr6:84567800-84569400,ENSG00000203877.3$RIPPLY2$chr6$84562985$+,0.48
chr6:84594000-84595000,ENSG00000203877.3$RIPPLY2$chr6$84562985$+,0.37
chrX:153544800-153546800,ENSG00000203879.7$GDI1$chrX$153665266$+,0.37
chrX:153548400-153550600,ENSG00000203879.7$GDI1$chrX$153665266$+,0.41
chrX:153561600-153563800,ENSG00000203879.7$GDI1$chrX$153665266$+,0.41
chrX:153640600-153642600,ENSG00000203879.7$GDI1$chrX$153665266$+,0.72
chrX:153655000-153657400,ENSG00000203879.7$GDI1$chrX$153665266$+,0.73
chr20:62750600-62752600,ENSG00000203880.7$PCMTD2$chr20$62887094$+,0.45
chr20:62912800-62913400,ENSG00000203880.7$PCMTD2$chr20$62887094$+,0.53
chr20:62750600-62752600,ENSG00000203883.5$SOX18$chr20$62680994$-,0.53
chr20:62211800-62213200,ENSG00000203896.5$LIME1$chr20$62366815$+,0.45
chr20:62344800-62347000,ENSG00000203896.5$LIME1$chr20$62366815$+,0.62
chr20:62412400-62414400,ENSG00000203896.5$LIME1$chr20$62366815$+,0.41
chrX:152371000-152372000,ENSG00000203902.2$PNMA6B$chrX$152343394$-,0.48
chr6:74020200-74020800,ENSG00000203907.5$OOEP$chr6$74104856$-,0.5
chr6:74097600-74098800,ENSG00000203907.5$OOEP$chr6$74104856$-,0.7
chr6:74148000-74148800,ENSG00000203907.5$OOEP$chr6$74104856$-,0.58
chr6:74175800-74176400,ENSG00000203907.5$OOEP$chr6$74104856$-,0.38
chr6:74180000-74182000,ENSG00000203907.5$OOEP$chr6$74104856$-,0.45
chr6:74020200-74020800,ENSG00000203909.3$DPPA5$chr6$74064018$-,0.56
chr6:74097600-74098800,ENSG00000203909.3$DPPA5$chr6$74064018$-,0.41
chr1:92666800-92669200,ENSG00000203910.4$C1orf146$chr1$92683497$+,0.49
chr1:84907400-84909800,ENSG00000203943.4$SAMD13$chr1$84764049$+,0.43
chrX:134047200-134048400,ENSG00000203950.6$FAM127B$chrX$134186226$-,0.37
chrX:134049200-134050000,ENSG00000203950.6$FAM127B$chrX$134186226$-,0.42
chrX:134137400-134139000,ENSG00000203950.6$FAM127B$chrX$134186226$-,0.61
chrX:134164000-134166000,ENSG00000203950.6$FAM127B$chrX$134186226$-,0.56
chrX:134166800-134168400,ENSG00000203950.6$FAM127B$chrX$134186226$-,0.57
chrX:134319800-134320200,ENSG00000203950.6$FAM127B$chrX$134186226$-,0.44
chr1:67520000-67522400,ENSG00000203963.7$C1orf141$chr1$67697536$-,0.39
chr1:67614000-67615400,ENSG00000203963.7$C1orf141$chr1$67697536$-,0.67
chr1:67627600-67630000,ENSG00000203963.7$C1orf141$chr1$67697536$-,0.7
chr1:67816200-67817600,ENSG00000203963.7$C1orf141$chr1$67697536$-,0.5
chr1:67873600-67874400,ENSG00000203963.7$C1orf141$chr1$67697536$-,0.39
chr1:63831400-63833200,ENSG00000203965.8$EFCAB7$chr1$63989043$+,0.38
chr9:140314800-140316800,ENSG00000203993.3$C9orf37$chr9$140513358$-,0.4
chr9:140428600-140430200,ENSG00000203993.3$C9orf37$chr9$140513358$-,0.54
chr9:140447000-140448200,ENSG00000203993.3$C9orf37$chr9$140513358$-,0.48
chr9:140551400-140553800,ENSG00000203993.3$C9orf37$chr9$140513358$-,0.47
chr1:53387600-53388600,ENSG00000203995.5$ZYG11A$chr1$53308183$+,0.49
chr1:51423200-51425000,ENSG00000204006.4$C1orf185$chr1$51567906$+,0.36
chr1:51699400-51701600,ENSG00000204006.4$C1orf185$chr1$51567906$+,0.36
chr10:91053400-91053800,ENSG00000204010.3$IFIT1B$chr10$91137813$+,0.35
chr10:91172000-91174000,ENSG00000204010.3$IFIT1B$chr10$91137813$+,0.35
chr10:90518400-90520000,ENSG00000204020.5$LIPN$chr10$90521163$+,0.5
chr10:90569200-90571200,ENSG00000204020.5$LIPN$chr10$90521163$+,0.55
chr10:90518400-90520000,ENSG00000204021.3$LIPK$chr10$90484301$+,0.38
chr10:90319000-90321200,ENSG00000204022.5$LIPJ$chr10$90346510$+,0.63
chr10:90343200-90344600,ENSG00000204022.5$LIPJ$chr10$90346510$+,0.43
chr10:81982200-81982600,ENSG00000204038.3$AL359195.1$chr10$82009466$+,0.44
chrX:102563800-102565400,ENSG00000204065.2$TCEAL5$chrX$102531800$-,0.45
chrX:102610600-102611800,ENSG00000204065.2$TCEAL5$chrX$102531800$-,0.43
chrX:101408800-101410800,ENSG00000204071.5$TCEAL6$chrX$101397942$-,0.48
chr1:38453200-38455000,ENSG00000204084.8$INPP5B$chr1$38412729$-,0.56
chr2:239265800-239268000,ENSG00000204104.7$TRAF3IP1$chr2$239229082$+,0.42
chrX:72798600-72799400,ENSG00000204116.7$CHIC1$chrX$72783036$+,0.59
chrX:72799800-72801800,ENSG00000204116.7$CHIC1$chrX$72783036$+,0.58
chr10:70101600-70101800,ENSG00000204130.8$RUFY2$chr10$70167051$-,0.51
chr10:70108400-70109000,ENSG00000204130.8$RUFY2$chr10$70167051$-,0.48
chr10:70229000-70231400,ENSG00000204130.8$RUFY2$chr10$70167051$-,0.44
chr10:70232000-70232800,ENSG00000204130.8$RUFY2$chr10$70167051$-,0.47
chr10:70284600-70286600,ENSG00000204130.8$RUFY2$chr10$70167051$-,0.37
chr10:70287600-70289000,ENSG00000204130.8$RUFY2$chr10$70167051$-,0.47
chr1:28685200-28686600,ENSG00000204138.8$PHACTR4$chr1$28696114$+,0.39
chr1:28731200-28732400,ENSG00000204138.8$PHACTR4$chr1$28696114$+,0.42
chr1:28732600-28734600,ENSG00000204138.8$PHACTR4$chr1$28696114$+,0.38
chr10:52430800-52433200,ENSG00000204147.5$ASAH2B$chr10$52499078$+,0.42
chr10:52500200-52501200,ENSG00000204147.5$ASAH2B$chr10$52499078$+,0.35
chr1:26903800-26905800,ENSG00000204160.7$ZDHHC18$chr1$27153201$+,0.37
chr1:27146600-27149000,ENSG00000204160.7$ZDHHC18$chr1$27153201$+,0.72
chr1:27192200-27193000,ENSG00000204160.7$ZDHHC18$chr1$27153201$+,0.56
chr1:27217200-27217800,ENSG00000204160.7$ZDHHC18$chr1$27153201$+,0.53
chr1:27248800-27251200,ENSG00000204160.7$ZDHHC18$chr1$27153201$+,0.43
chr10:50401400-50403600,ENSG00000204161.9$C10orf128$chr10$50396630$-,0.71
chrX:70275400-70275600,ENSG00000204165.5$CXorf65$chrX$70326638$-,0.45
chrX:70275800-70276000,ENSG00000204165.5$CXorf65$chrX$70326638$-,0.45
chrX:70285800-70287400,ENSG00000204165.5$CXorf65$chrX$70326638$-,0.48
chrX:70336800-70338000,ENSG00000204165.5$CXorf65$chrX$70326638$-,0.5
chrX:70392800-70394400,ENSG00000204165.5$CXorf65$chrX$70326638$-,0.49
chrX:70410400-70411600,ENSG00000204165.5$CXorf65$chrX$70326638$-,0.46
chrX:70475000-70477000,ENSG00000204165.5$CXorf65$chrX$70326638$-,0.46
chrX:70502200-70503000,ENSG00000204165.5$CXorf65$chrX$70326638$-,0.4
chr10:51487400-51488800,ENSG00000204169.6$AGAP7$chr10$51486327$-,0.48
chr10:46951000-46951600,ENSG00000204176.9$SYT15$chr10$46971400$-,0.39
chr1:25686800-25689000,ENSG00000204178.5$TMEM57$chr1$25757388$+,0.58
chr1:25753800-25756200,ENSG00000204178.5$TMEM57$chr1$25757388$+,0.45
chr1:25816200-25816800,ENSG00000204178.5$TMEM57$chr1$25757388$+,0.52
chr1:25845400-25847600,ENSG00000204178.5$TMEM57$chr1$25757388$+,0.4
chr1:25953600-25954600,ENSG00000204178.5$TMEM57$chr1$25757388$+,0.37
chr20:33992200-33993600,ENSG00000204183.1$GDF5OS$chr20$34020827$+,0.47
chr6:33548000-33549200,ENSG00000204188.3$GGNBP1$chr6$33551515$+,0.44
chr6:33236600-33238800,ENSG00000204209.6$DAXX$chr6$33297046$-,0.35
chr6:33254800-33256400,ENSG00000204209.6$DAXX$chr6$33297046$-,0.45
chr6:33258000-33260000,ENSG00000204209.6$DAXX$chr6$33297046$-,0.45
chr6:33268000-33270000,ENSG00000204209.6$DAXX$chr6$33297046$-,0.43
chr6:33275200-33277600,ENSG00000204209.6$DAXX$chr6$33297046$-,0.44
chr2:203237800-203240200,ENSG00000204217.8$BMPR2$chr2$203241659$+,0.41
chr6:33236600-33238800,ENSG00000204220.5$PFDN6$chr6$33257079$+,0.54
chr6:33268000-33270000,ENSG00000204220.5$PFDN6$chr6$33257079$+,0.68
chr6:33275200-33277600,ENSG00000204220.5$PFDN6$chr6$33257079$+,0.59
chr6:33372800-33374400,ENSG00000204220.5$PFDN6$chr6$33257079$+,0.47
chr6:33376800-33378000,ENSG00000204220.5$PFDN6$chr6$33257079$+,0.41
chr6:33479200-33481400,ENSG00000204220.5$PFDN6$chr6$33257079$+,0.42
chr6:33236600-33238800,ENSG00000204227.4$RING1$chr6$33176272$+,0.45
chr6:33254800-33256400,ENSG00000204227.4$RING1$chr6$33176272$+,0.48
chr6:33258000-33260000,ENSG00000204227.4$RING1$chr6$33176272$+,0.45
chr6:33268000-33270000,ENSG00000204227.4$RING1$chr6$33176272$+,0.56
chr6:33275200-33277600,ENSG00000204227.4$RING1$chr6$33176272$+,0.44
chr6:33376800-33378000,ENSG00000204227.4$RING1$chr6$33176272$+,0.35
chr6:33236600-33238800,ENSG00000204228.3$HSD17B8$chr6$33172419$+,0.54
chr6:33254800-33256400,ENSG00000204228.3$HSD17B8$chr6$33172419$+,0.46
chr6:33258000-33260000,ENSG00000204228.3$HSD17B8$chr6$33172419$+,0.44
chr6:33268000-33270000,ENSG00000204228.3$HSD17B8$chr6$33172419$+,0.46
chr6:33275200-33277600,ENSG00000204228.3$HSD17B8$chr6$33172419$+,0.36
chr6:33236600-33238800,ENSG00000204231.6$RXRB$chr6$33168630$-,0.46
chr6:33254800-33256400,ENSG00000204231.6$RXRB$chr6$33168630$-,0.41
chr6:33258000-33260000,ENSG00000204231.6$RXRB$chr6$33168630$-,0.45
chr6:33268000-33270000,ENSG00000204231.6$RXRB$chr6$33168630$-,0.46
chr6:33275200-33277600,ENSG00000204231.6$RXRB$chr6$33168630$-,0.37
chr17:79474600-79476800,ENSG00000204237.4$OXLD1$chr17$79633665$-,0.52
chr17:79667400-79669600,ENSG00000204237.4$OXLD1$chr17$79633665$-,0.67
chr6:33236600-33238800,ENSG00000204248.6$COL11A2$chr6$33160276$-,0.35
chr6:32982200-32984000,ENSG00000204252.8$HLA-DOA$chr6$32977389$-,0.67
chr6:32982200-32984000,ENSG00000204256.8$BRD2$chr6$32936437$+,0.43
chrX:57004400-57005200,ENSG00000204271.6$SPIN3$chrX$57021970$-,0.4
chrX:57011400-57013000,ENSG00000204271.6$SPIN3$chrX$57021970$-,0.45
chr17:75872600-75874600,ENSG00000204283.2$FLJ45079$chr17$75878659$-,0.65
chr17:75894400-75896400,ENSG00000204283.2$FLJ45079$chr17$75878659$-,0.6
chr17:75951800-75953800,ENSG00000204283.2$FLJ45079$chr17$75878659$-,0.47
chr17:75969200-75971600,ENSG00000204283.2$FLJ45079$chr17$75878659$-,0.47
chr17:75972000-75973000,ENSG00000204283.2$FLJ45079$chr17$75878659$-,0.45
chr17:75973800-75975200,ENSG00000204283.2$FLJ45079$chr17$75878659$-,0.41
chr17:75978800-75981000,ENSG00000204283.2$FLJ45079$chr17$75878659$-,0.46
chr6:32383000-32384600,ENSG00000204287.9$HLA-DRA$chr6$32407619$+,0.61
chr6:32427200-32428600,ENSG00000204287.9$HLA-DRA$chr6$32407619$+,0.63
chr6:32383000-32384600,ENSG00000204290.6$BTNL2$chr6$32374905$-,0.52
chr6:32383000-32384600,ENSG00000204296.7$C6orf10$chr6$32339684$-,0.47
chr6:32090600-32092400,ENSG00000204304.7$PBX2$chr6$32157963$-,0.47
chr6:32096000-32097800,ENSG00000204304.7$PBX2$chr6$32157963$-,0.43
chr6:32122600-32124600,ENSG00000204304.7$PBX2$chr6$32157963$-,0.52
chr6:32211400-32213600,ENSG00000204304.7$PBX2$chr6$32157963$-,0.47
chr6:32219800-32221200,ENSG00000204304.7$PBX2$chr6$32157963$-,0.37
chr6:32238400-32240800,ENSG00000204304.7$PBX2$chr6$32157963$-,0.44
chr6:32004400-32006200,ENSG00000204305.9$AGER$chr6$32152101$-,0.46
chr6:32090600-32092400,ENSG00000204305.9$AGER$chr6$32152101$-,0.53
chr6:32093200-32095400,ENSG00000204305.9$AGER$chr6$32152101$-,0.53
chr6:32096000-32097800,ENSG00000204305.9$AGER$chr6$32152101$-,0.53
chr6:32122600-32124600,ENSG00000204305.9$AGER$chr6$32152101$-,0.54
chr6:32211400-32213600,ENSG00000204305.9$AGER$chr6$32152101$-,0.52
chr6:32219800-32221200,ENSG00000204305.9$AGER$chr6$32152101$-,0.45
chr6:32238400-32240800,ENSG00000204305.9$AGER$chr6$32152101$-,0.45
chr6:31863200-31865400,ENSG00000204308.6$RNF5$chr6$32146131$+,0.38
chr6:32004400-32006200,ENSG00000204308.6$RNF5$chr6$32146131$+,0.36
chr6:32090600-32092400,ENSG00000204308.6$RNF5$chr6$32146131$+,0.54
chr6:32093200-32095400,ENSG00000204308.6$RNF5$chr6$32146131$+,0.58
chr6:32096000-32097800,ENSG00000204308.6$RNF5$chr6$32146131$+,0.6
chr6:32122600-32124600,ENSG00000204308.6$RNF5$chr6$32146131$+,0.51
chr6:32211400-32213600,ENSG00000204308.6$RNF5$chr6$32146131$+,0.37
chr6:32219800-32221200,ENSG00000204308.6$RNF5$chr6$32146131$+,0.48
chr6:32238400-32240800,ENSG00000204308.6$RNF5$chr6$32146131$+,0.45
chr6:32004400-32006200,ENSG00000204310.6$AGPAT1$chr6$32145873$-,0.36
chr6:32090600-32092400,ENSG00000204310.6$AGPAT1$chr6$32145873$-,0.54
chr6:32093200-32095400,ENSG00000204310.6$AGPAT1$chr6$32145873$-,0.52
chr6:32096000-32097800,ENSG00000204310.6$AGPAT1$chr6$32145873$-,0.61
chr6:32122600-32124600,ENSG00000204310.6$AGPAT1$chr6$32145873$-,0.59
chr6:32211400-32213600,ENSG00000204310.6$AGPAT1$chr6$32145873$-,0.51
chr6:32219800-32221200,ENSG00000204310.6$AGPAT1$chr6$32145873$-,0.54
chr6:32238400-32240800,ENSG00000204310.6$AGPAT1$chr6$32145873$-,0.5
chr2:179276800-179278200,ENSG00000204311.7$DFNB59$chr2$179316163$+,0.62
chr2:179385600-179387800,ENSG00000204311.7$DFNB59$chr2$179316163$+,0.47
chr2:179390600-179392000,ENSG00000204311.7$DFNB59$chr2$179316163$+,0.47
chr6:32004400-32006200,ENSG00000204314.6$PRRT1$chr6$32122150$-,0.44
chr6:32090600-32092400,ENSG00000204314.6$PRRT1$chr6$32122150$-,0.54
chr6:32093200-32095400,ENSG00000204314.6$PRRT1$chr6$32122150$-,0.59
chr6:32096000-32097800,ENSG00000204314.6$PRRT1$chr6$32122150$-,0.65
chr6:32122600-32124600,ENSG00000204314.6$PRRT1$chr6$32122150$-,0.37
chr6:32211400-32213600,ENSG00000204314.6$PRRT1$chr6$32122150$-,0.42
chr6:32219800-32221200,ENSG00000204314.6$PRRT1$chr6$32122150$-,0.44
chr6:32238400-32240800,ENSG00000204314.6$PRRT1$chr6$32122150$-,0.46
chr6:31924400-31926200,ENSG00000204315.3$FKBPL$chr6$32098068$-,0.44
chr6:31940600-31943000,ENSG00000204315.3$FKBPL$chr6$32098068$-,0.49
chr6:32004400-32006200,ENSG00000204315.3$FKBPL$chr6$32098068$-,0.4
chr6:32090600-32092400,ENSG00000204315.3$FKBPL$chr6$32098068$-,0.52
chr6:32093200-32095400,ENSG00000204315.3$FKBPL$chr6$32098068$-,0.54
chr6:32122600-32124600,ENSG00000204315.3$FKBPL$chr6$32098068$-,0.61
chr6:32211400-32213600,ENSG00000204315.3$FKBPL$chr6$32098068$-,0.41
chr6:32219800-32221200,ENSG00000204315.3$FKBPL$chr6$32098068$-,0.45
chr6:32238400-32240800,ENSG00000204315.3$FKBPL$chr6$32098068$-,0.56
chr2:171625800-171627600,ENSG00000204334.7$ERICH2$chr2$171640296$+,0.54
chr2:171627800-171630200,ENSG00000204334.7$ERICH2$chr2$171640296$+,0.62
chr2:171729000-171730600,ENSG00000204334.7$ERICH2$chr2$171640296$+,0.39
chr2:171734000-171735600,ENSG00000204334.7$ERICH2$chr2$171640296$+,0.44
chr2:171625800-171627600,ENSG00000204335.3$SP5$chr2$171571861$+,0.45
chr2:171627800-171630200,ENSG00000204335.3$SP5$chr2$171571861$+,0.39
chr6:31863200-31865400,ENSG00000204344.10$STK19$chr6$31938868$+,0.6
chr6:31924400-31926200,ENSG00000204344.10$STK19$chr6$31938868$+,0.47
chr6:31940600-31943000,ENSG00000204344.10$STK19$chr6$31938868$+,0.54
chr6:32004400-32006200,ENSG00000204344.10$STK19$chr6$31938868$+,0.44
chr6:32090600-32092400,ENSG00000204344.10$STK19$chr6$31938868$+,0.5
chr6:32093200-32095400,ENSG00000204344.10$STK19$chr6$31938868$+,0.42
chr6:32096000-32097800,ENSG00000204344.10$STK19$chr6$31938868$+,0.4
chr6:32122600-32124600,ENSG00000204344.10$STK19$chr6$31938868$+,0.39
chr17:72489000-72490000,ENSG00000204345.1$CD300LD$chr17$72588422$-,0.4
chr6:31755000-31757400,ENSG00000204348.5$DXO$chr6$31940069$-,0.38
chr6:31863200-31865400,ENSG00000204348.5$DXO$chr6$31940069$-,0.57
chr6:31924400-31926200,ENSG00000204348.5$DXO$chr6$31940069$-,0.54
chr6:32004400-32006200,ENSG00000204348.5$DXO$chr6$31940069$-,0.45
chr6:32090600-32092400,ENSG00000204348.5$DXO$chr6$31940069$-,0.48
chr6:32093200-32095400,ENSG00000204348.5$DXO$chr6$31940069$-,0.5
chr6:32096000-32097800,ENSG00000204348.5$DXO$chr6$31940069$-,0.56
chr6:31863200-31865400,ENSG00000204351.7$SKIV2L$chr6$31926857$+,0.58
chr6:31940600-31943000,ENSG00000204351.7$SKIV2L$chr6$31926857$+,0.54
chr6:32004400-32006200,ENSG00000204351.7$SKIV2L$chr6$31926857$+,0.44
chr6:32090600-32092400,ENSG00000204351.7$SKIV2L$chr6$31926857$+,0.46
chr6:32093200-32095400,ENSG00000204351.7$SKIV2L$chr6$31926857$+,0.38
chr6:32096000-32097800,ENSG00000204351.7$SKIV2L$chr6$31926857$+,0.36
chr6:32122600-32124600,ENSG00000204351.7$SKIV2L$chr6$31926857$+,0.39
chr6:31863200-31865400,ENSG00000204356.7$NELFE$chr6$31926887$-,0.57
chr6:31940600-31943000,ENSG00000204356.7$NELFE$chr6$31926887$-,0.51
chr6:32004400-32006200,ENSG00000204356.7$NELFE$chr6$31926887$-,0.44
chr6:32090600-32092400,ENSG00000204356.7$NELFE$chr6$31926887$-,0.42
chr6:32093200-32095400,ENSG00000204356.7$NELFE$chr6$31926887$-,0.35
chr6:32122600-32124600,ENSG00000204356.7$NELFE$chr6$31926887$-,0.38
chr6:31671200-31672200,ENSG00000204366.3$ZBTB12$chr6$31869769$-,0.37
chr6:31755000-31757400,ENSG00000204366.3$ZBTB12$chr6$31869769$-,0.38
chr6:31863200-31865400,ENSG00000204366.3$ZBTB12$chr6$31869769$-,0.53
chr6:31924400-31926200,ENSG00000204366.3$ZBTB12$chr6$31869769$-,0.6
chr6:31940600-31943000,ENSG00000204366.3$ZBTB12$chr6$31869769$-,0.44
chr11:111893200-111895400,ENSG00000204370.4$SDHD$chr11$111957497$+,0.63
chr11:111896800-111898000,ENSG00000204370.4$SDHD$chr11$111957497$+,0.5
chr11:111943600-111944600,ENSG00000204370.4$SDHD$chr11$111957497$+,0.64
chr6:31755000-31757400,ENSG00000204371.7$EHMT2$chr6$31865464$-,0.39
chr6:31863200-31865400,ENSG00000204371.7$EHMT2$chr6$31865464$-,0.41
chr6:31924400-31926200,ENSG00000204371.7$EHMT2$chr6$31865464$-,0.57
chr6:31940600-31943000,ENSG00000204371.7$EHMT2$chr6$31865464$-,0.55
chr6:32004400-32006200,ENSG00000204371.7$EHMT2$chr6$31865464$-,0.46
chr6:32093200-32095400,ENSG00000204371.7$EHMT2$chr6$31865464$-,0.38
chr1:16561000-16563200,ENSG00000204377.3$C1orf134$chr1$16556038$-,0.59
chr1:16563600-16565800,ENSG00000204377.3$C1orf134$chr1$16556038$-,0.54
chr1:16596400-16598600,ENSG00000204377.3$C1orf134$chr1$16556038$-,0.5
chr1:16653400-16655400,ENSG00000204377.3$C1orf134$chr1$16556038$-,0.46
chr1:16679400-16680400,ENSG00000204377.3$C1orf134$chr1$16556038$-,0.38
chr1:16765400-16767200,ENSG00000204377.3$C1orf134$chr1$16556038$-,0.43
chr6:31863200-31865400,ENSG00000204385.6$SLC44A4$chr6$31846823$-,0.43
chr6:31515200-31517600,ENSG00000204386.6$NEU1$chr6$31830683$-,0.37
chr6:31671200-31672200,ENSG00000204386.6$NEU1$chr6$31830683$-,0.36
chr6:31755000-31757400,ENSG00000204386.6$NEU1$chr6$31830683$-,0.5
chr6:31863200-31865400,ENSG00000204386.6$NEU1$chr6$31830683$-,0.55
chr6:31924400-31926200,ENSG00000204386.6$NEU1$chr6$31830683$-,0.49
chr6:31940600-31943000,ENSG00000204386.6$NEU1$chr6$31830683$-,0.48
chr6:32004400-32006200,ENSG00000204386.6$NEU1$chr6$31830683$-,0.39
chr6:31671200-31672200,ENSG00000204387.8$C6orf48$chr6$31802385$+,0.44
chr6:31755000-31757400,ENSG00000204387.8$C6orf48$chr6$31802385$+,0.57
chr6:31863200-31865400,ENSG00000204387.8$C6orf48$chr6$31802385$+,0.47
chr6:31924400-31926200,ENSG00000204387.8$C6orf48$chr6$31802385$+,0.35
chr6:31940600-31943000,ENSG00000204387.8$C6orf48$chr6$31802385$+,0.5
chr6:31755000-31757400,ENSG00000204390.8$HSPA1L$chr6$31783437$-,0.35
chr6:31671200-31672200,ENSG00000204392.6$LSM2$chr6$31774761$-,0.44
chr6:31755000-31757400,ENSG00000204392.6$LSM2$chr6$31774761$-,0.59
chr6:31863200-31865400,ENSG00000204392.6$LSM2$chr6$31774761$-,0.44
chr20:31139200-31140400,ENSG00000204393.3$RP11-410N8.4$chr20$31175281$+,0.51
chr6:31515200-31517600,ENSG00000204394.8$VARS$chr6$31763730$-,0.36
chr6:31671200-31672200,ENSG00000204394.8$VARS$chr6$31763730$-,0.52
chr6:31755000-31757400,ENSG00000204394.8$VARS$chr6$31763730$-,0.66
chr6:31863200-31865400,ENSG00000204394.8$VARS$chr6$31763730$-,0.36
chr6:31924400-31926200,ENSG00000204394.8$VARS$chr6$31763730$-,0.35
chr6:31510400-31512000,ENSG00000204396.6$VWA7$chr6$31745108$-,0.36
chr6:31512600-31514800,ENSG00000204396.6$VWA7$chr6$31745108$-,0.36
chr6:31671200-31672200,ENSG00000204396.6$VWA7$chr6$31745108$-,0.51
chr6:31755000-31757400,ENSG00000204396.6$VWA7$chr6$31745108$-,0.67
chr6:31863200-31865400,ENSG00000204396.6$VWA7$chr6$31745108$-,0.44
chr11:104803200-104803400,ENSG00000204397.3$CARD16$chr11$104972158$-,0.39
chr11:104817400-104819000,ENSG00000204397.3$CARD16$chr11$104972158$-,0.52
chr11:104839200-104841000,ENSG00000204397.3$CARD16$chr11$104972158$-,0.45
chr11:104897200-104897600,ENSG00000204397.3$CARD16$chr11$104972158$-,0.54
chr11:104897800-104898000,ENSG00000204397.3$CARD16$chr11$104972158$-,0.56
chr11:104936400-104937200,ENSG00000204397.3$CARD16$chr11$104972158$-,0.63
chr11:104606800-104607800,ENSG00000204403.5$CASP12$chr11$104769397$-,0.44
chr11:104609000-104610400,ENSG00000204403.5$CASP12$chr11$104769397$-,0.46
chr11:104634400-104636800,ENSG00000204403.5$CASP12$chr11$104769397$-,0.43
chr11:104642000-104644400,ENSG00000204403.5$CASP12$chr11$104769397$-,0.44
chr11:104771600-104772600,ENSG00000204403.5$CASP12$chr11$104769397$-,0.56
chr11:104777400-104779800,ENSG00000204403.5$CASP12$chr11$104769397$-,0.71
chr11:104782000-104783400,ENSG00000204403.5$CASP12$chr11$104769397$-,0.81
chr11:104788800-104790200,ENSG00000204403.5$CASP12$chr11$104769397$-,0.74
chr11:104803200-104803400,ENSG00000204403.5$CASP12$chr11$104769397$-,0.57
chr11:104817400-104819000,ENSG00000204403.5$CASP12$chr11$104769397$-,0.6
chr11:104839200-104841000,ENSG00000204403.5$CASP12$chr11$104769397$-,0.46
chr11:104897200-104897600,ENSG00000204403.5$CASP12$chr11$104769397$-,0.36
chr11:104897800-104898000,ENSG00000204403.5$CASP12$chr11$104769397$-,0.35
chr2:148611600-148614000,ENSG00000204406.7$MBD5$chr2$148778580$+,0.43
chr2:148667800-148669600,ENSG00000204406.7$MBD5$chr2$148778580$+,0.53
chr2:148767200-148768000,ENSG00000204406.7$MBD5$chr2$148778580$+,0.69
chr2:148768400-148769200,ENSG00000204406.7$MBD5$chr2$148778580$+,0.63
chr2:148867200-148869400,ENSG00000204406.7$MBD5$chr2$148778580$+,0.58
chr6:31671200-31672200,ENSG00000204410.10$MSH5$chr6$31707725$+,0.55
chr6:31755000-31757400,ENSG00000204410.10$MSH5$chr6$31707725$+,0.57
chr6:31863200-31865400,ENSG00000204410.10$MSH5$chr6$31707725$+,0.38
chr17:61844400-61846800,ENSG00000204414.7$CSHL1$chr17$61996198$-,0.5
chr17:61901400-61903800,ENSG00000204414.7$CSHL1$chr17$61996198$-,0.4
chr17:62105800-62107000,ENSG00000204414.7$CSHL1$chr17$61996198$-,0.42
chr6:31671200-31672200,ENSG00000204421.2$LY6G6C$chr6$31689622$-,0.39
chr6:31755000-31757400,ENSG00000204421.2$LY6G6C$chr6$31689622$-,0.35
chr6:31470200-31471200,ENSG00000204424.8$LY6G6F$chr6$31674640$+,0.37
chr6:31515200-31517600,ENSG00000204424.8$LY6G6F$chr6$31674640$+,0.36
chr6:31671200-31672200,ENSG00000204424.8$LY6G6F$chr6$31674640$+,0.47
chr6:31755000-31757400,ENSG00000204424.8$LY6G6F$chr6$31674640$+,0.52
chr6:31863200-31865400,ENSG00000204424.8$LY6G6F$chr6$31674640$+,0.39
chr6:31755000-31757400,ENSG00000204427.7$ABHD16A$chr6$31671221$-,0.47
chr6:31408800-31411000,ENSG00000204435.9$CSNK2B$chr6$31633013$+,0.38
chr6:31510400-31512000,ENSG00000204435.9$CSNK2B$chr6$31633013$+,0.39
chr6:31512600-31514800,ENSG00000204435.9$CSNK2B$chr6$31633013$+,0.38
chr6:31515200-31517600,ENSG00000204435.9$CSNK2B$chr6$31633013$+,0.38
chr6:31671200-31672200,ENSG00000204435.9$CSNK2B$chr6$31633013$+,0.62
chr6:31755000-31757400,ENSG00000204435.9$CSNK2B$chr6$31633013$+,0.45
chr6:31863200-31865400,ENSG00000204435.9$CSNK2B$chr6$31633013$+,0.35
chr6:31510400-31512000,ENSG00000204438.6$GPANK1$chr6$31634060$-,0.37
chr6:31512600-31514800,ENSG00000204438.6$GPANK1$chr6$31634060$-,0.36
chr6:31515200-31517600,ENSG00000204438.6$GPANK1$chr6$31634060$-,0.43
chr6:31671200-31672200,ENSG00000204438.6$GPANK1$chr6$31634060$-,0.57
chr6:31755000-31757400,ENSG00000204438.6$GPANK1$chr6$31634060$-,0.43
chr6:31470200-31471200,ENSG00000204439.3$C6orf47$chr6$31628549$-,0.44
chr6:31510400-31512000,ENSG00000204439.3$C6orf47$chr6$31628549$-,0.43
chr6:31512600-31514800,ENSG00000204439.3$C6orf47$chr6$31628549$-,0.45
chr6:31515200-31517600,ENSG00000204439.3$C6orf47$chr6$31628549$-,0.39
chr6:31671200-31672200,ENSG00000204439.3$C6orf47$chr6$31628549$-,0.49
chr6:31755000-31757400,ENSG00000204439.3$C6orf47$chr6$31628549$-,0.55
chr6:31924400-31926200,ENSG00000204439.3$C6orf47$chr6$31628549$-,0.35
chr6:31470200-31471200,ENSG00000204444.6$APOM$chr6$31620193$+,0.35
chr6:31510400-31512000,ENSG00000204444.6$APOM$chr6$31620193$+,0.35
chr6:31512600-31514800,ENSG00000204444.6$APOM$chr6$31620193$+,0.37
chr6:31515200-31517600,ENSG00000204444.6$APOM$chr6$31620193$+,0.42
chr6:31671200-31672200,ENSG00000204444.6$APOM$chr6$31620193$+,0.59
chr6:31755000-31757400,ENSG00000204444.6$APOM$chr6$31620193$+,0.47
chr6:31470200-31471200,ENSG00000204463.8$BAG6$chr6$31620482$-,0.36
chr6:31510400-31512000,ENSG00000204463.8$BAG6$chr6$31620482$-,0.36
chr6:31512600-31514800,ENSG00000204463.8$BAG6$chr6$31620482$-,0.37
chr6:31515200-31517600,ENSG00000204463.8$BAG6$chr6$31620482$-,0.43
chr6:31671200-31672200,ENSG00000204463.8$BAG6$chr6$31620482$-,0.58
chr6:31755000-31757400,ENSG00000204463.8$BAG6$chr6$31620482$-,0.44
chr6:31510400-31512000,ENSG00000204469.8$PRRC2A$chr6$31588497$+,0.46
chr6:31512600-31514800,ENSG00000204469.8$PRRC2A$chr6$31588497$+,0.45
chr6:31515200-31517600,ENSG00000204469.8$PRRC2A$chr6$31588497$+,0.5
chr6:31671200-31672200,ENSG00000204469.8$PRRC2A$chr6$31588497$+,0.51
chr6:31755000-31757400,ENSG00000204469.8$PRRC2A$chr6$31588497$+,0.41
chr6:31470200-31471200,ENSG00000204475.5$NCR3$chr6$31560762$-,0.4
chr6:31510400-31512000,ENSG00000204475.5$NCR3$chr6$31560762$-,0.51
chr6:31512600-31514800,ENSG00000204475.5$NCR3$chr6$31560762$-,0.51
chr6:31515200-31517600,ENSG00000204475.5$NCR3$chr6$31560762$-,0.47
chr6:31671200-31672200,ENSG00000204475.5$NCR3$chr6$31560762$-,0.37
chr6:31275400-31277400,ENSG00000204482.6$LST1$chr6$31553901$+,0.42
chr6:31470200-31471200,ENSG00000204482.6$LST1$chr6$31553901$+,0.43
chr6:31510400-31512000,ENSG00000204482.6$LST1$chr6$31553901$+,0.54
chr6:31512600-31514800,ENSG00000204482.6$LST1$chr6$31553901$+,0.57
chr6:31515200-31517600,ENSG00000204482.6$LST1$chr6$31553901$+,0.51
chr6:31671200-31672200,ENSG00000204482.6$LST1$chr6$31553901$+,0.42
chr6:31408800-31411000,ENSG00000204498.6$NFKBIL1$chr6$31514647$+,0.36
chr6:31470200-31471200,ENSG00000204498.6$NFKBIL1$chr6$31514647$+,0.42
chr6:31510400-31512000,ENSG00000204498.6$NFKBIL1$chr6$31514647$+,0.7
chr6:31515200-31517600,ENSG00000204498.6$NFKBIL1$chr6$31514647$+,0.42
chr19:58360400-58361200,ENSG00000204514.5$ZNF814$chr19$58400442$-,0.42
chr6:31275400-31277400,ENSG00000204516.5$MICB$chr6$31462658$+,0.35
chr6:31315200-31317000,ENSG00000204516.5$MICB$chr6$31462658$+,0.44
chr6:31408800-31411000,ENSG00000204516.5$MICB$chr6$31462658$+,0.65
chr6:31470200-31471200,ENSG00000204516.5$MICB$chr6$31462658$+,0.48
chr6:31510400-31512000,ENSG00000204516.5$MICB$chr6$31462658$+,0.56
chr6:31512600-31514800,ENSG00000204516.5$MICB$chr6$31462658$+,0.52
chr6:31515200-31517600,ENSG00000204516.5$MICB$chr6$31462658$+,0.42
chr1:12686400-12687800,ENSG00000204518.2$AADACL4$chr1$12704566$+,0.41
chr19:58037800-58038600,ENSG00000204519.6$ZNF551$chr19$58193337$+,0.39
chr19:58039400-58040600,ENSG00000204519.6$ZNF551$chr19$58193337$+,0.46
chr19:58088800-58089800,ENSG00000204519.6$ZNF551$chr19$58193337$+,0.58
chr19:58090200-58091400,ENSG00000204519.6$ZNF551$chr19$58193337$+,0.54
chr19:58110200-58111200,ENSG00000204519.6$ZNF551$chr19$58193337$+,0.47
chr19:58111400-58113000,ENSG00000204519.6$ZNF551$chr19$58193337$+,0.45
chr19:58143400-58144400,ENSG00000204519.6$ZNF551$chr19$58193337$+,0.5
chr19:58145200-58147000,ENSG00000204519.6$ZNF551$chr19$58193337$+,0.42
chr19:58174600-58177000,ENSG00000204519.6$ZNF551$chr19$58193337$+,0.72
chr19:58237000-58238400,ENSG00000204519.6$ZNF551$chr19$58193337$+,0.61
chr19:58257400-58258200,ENSG00000204519.6$ZNF551$chr19$58193337$+,0.49
chr19:58329400-58330600,ENSG00000204519.6$ZNF551$chr19$58193337$+,0.48
chr19:58360400-58361200,ENSG00000204519.6$ZNF551$chr19$58193337$+,0.41
chr6:31315200-31317000,ENSG00000204520.8$MICA$chr6$31371356$+,0.4
chr6:31408800-31411000,ENSG00000204520.8$MICA$chr6$31371356$+,0.57
chr6:31470200-31471200,ENSG00000204520.8$MICA$chr6$31371356$+,0.38
chr19:57682400-57684800,ENSG00000204524.5$ZNF805$chr19$57751973$+,0.54
chr19:57703800-57705600,ENSG00000204524.5$ZNF805$chr19$57751973$+,0.66
chr19:57789400-57791400,ENSG00000204524.5$ZNF805$chr19$57751973$+,0.54
chr19:57861600-57862200,ENSG00000204524.5$ZNF805$chr19$57751973$+,0.47
chr19:57872200-57874400,ENSG00000204524.5$ZNF805$chr19$57751973$+,0.4
chr19:57900000-57901200,ENSG00000204524.5$ZNF805$chr19$57751973$+,0.37
chr19:57921400-57922400,ENSG00000204524.5$ZNF805$chr19$57751973$+,0.37
chr6:31123400-31125600,ENSG00000204525.10$HLA-C$chr6$31239907$-,0.38
chr6:31210600-31211600,ENSG00000204525.10$HLA-C$chr6$31239907$-,0.48
chr6:31227200-31229200,ENSG00000204525.10$HLA-C$chr6$31239907$-,0.57
chr6:31275400-31277400,ENSG00000204525.10$HLA-C$chr6$31239907$-,0.45
chr6:31299400-31301600,ENSG00000204525.10$HLA-C$chr6$31239907$-,0.45
chr6:31315200-31317000,ENSG00000204525.10$HLA-C$chr6$31239907$-,0.41
chr6:31047000-31048200,ENSG00000204531.11$POU5F1$chr6$31148508$-,0.62
chr6:31058600-31060400,ENSG00000204531.11$POU5F1$chr6$31148508$-,0.48
chr6:31123400-31125600,ENSG00000204531.11$POU5F1$chr6$31148508$-,0.61
chr6:31210600-31211600,ENSG00000204531.11$POU5F1$chr6$31148508$-,0.45
chr6:31227200-31229200,ENSG00000204531.11$POU5F1$chr6$31148508$-,0.43
chr6:31275400-31277400,ENSG00000204531.11$POU5F1$chr6$31148508$-,0.46
chr6:31299400-31301600,ENSG00000204531.11$POU5F1$chr6$31148508$-,0.44
chr6:31315200-31317000,ENSG00000204531.11$POU5F1$chr6$31148508$-,0.42
chr6:31047000-31048200,ENSG00000204536.9$CCHCR1$chr6$31126015$-,0.61
chr6:31058600-31060400,ENSG00000204536.9$CCHCR1$chr6$31126015$-,0.48
chr6:31123400-31125600,ENSG00000204536.9$CCHCR1$chr6$31126015$-,0.39
chr6:31210600-31211600,ENSG00000204536.9$CCHCR1$chr6$31126015$-,0.37
chr6:31227200-31229200,ENSG00000204536.9$CCHCR1$chr6$31126015$-,0.44
chr6:31275400-31277400,ENSG00000204536.9$CCHCR1$chr6$31126015$-,0.46
chr6:31299400-31301600,ENSG00000204536.9$CCHCR1$chr6$31126015$-,0.43
chr6:31123400-31125600,ENSG00000204538.3$PSORS1C2$chr6$31107127$-,0.44
chr6:30467400-30469600,ENSG00000204560.5$DHX16$chr6$30640814$-,0.46
chr6:30479800-30480400,ENSG00000204560.5$DHX16$chr6$30640814$-,0.53
chr6:30480600-30481000,ENSG00000204560.5$DHX16$chr6$30640814$-,0.46
chr6:30525600-30528000,ENSG00000204560.5$DHX16$chr6$30640814$-,0.46
chr6:30564800-30565600,ENSG00000204560.5$DHX16$chr6$30640814$-,0.55
chr6:30573800-30576000,ENSG00000204560.5$DHX16$chr6$30640814$-,0.49
chr6:30586200-30588000,ENSG00000204560.5$DHX16$chr6$30640814$-,0.45
chr6:30595000-30597000,ENSG00000204560.5$DHX16$chr6$30640814$-,0.44
chr6:30616000-30617800,ENSG00000204560.5$DHX16$chr6$30640814$-,0.57
chr6:30658800-30660400,ENSG00000204560.5$DHX16$chr6$30640814$-,0.58
chr6:30682400-30684800,ENSG00000204560.5$DHX16$chr6$30640814$-,0.47
chr6:30685800-30687600,ENSG00000204560.5$DHX16$chr6$30640814$-,0.51
chr6:30793600-30793800,ENSG00000204560.5$DHX16$chr6$30640814$-,0.35
chr6:30880000-30882200,ENSG00000204560.5$DHX16$chr6$30640814$-,0.4
chr6:30379400-30380000,ENSG00000204564.7$C6orf136$chr6$30614816$+,0.39
chr6:30467400-30469600,ENSG00000204564.7$C6orf136$chr6$30614816$+,0.45
chr6:30479800-30480400,ENSG00000204564.7$C6orf136$chr6$30614816$+,0.43
chr6:30480600-30481000,ENSG00000204564.7$C6orf136$chr6$30614816$+,0.38
chr6:30525600-30528000,ENSG00000204564.7$C6orf136$chr6$30614816$+,0.52
chr6:30564800-30565600,ENSG00000204564.7$C6orf136$chr6$30614816$+,0.53
chr6:30573800-30576000,ENSG00000204564.7$C6orf136$chr6$30614816$+,0.47
chr6:30586200-30588000,ENSG00000204564.7$C6orf136$chr6$30614816$+,0.63
chr6:30595000-30597000,ENSG00000204564.7$C6orf136$chr6$30614816$+,0.68
chr6:30616000-30617800,ENSG00000204564.7$C6orf136$chr6$30614816$+,0.38
chr6:30658800-30660400,ENSG00000204564.7$C6orf136$chr6$30614816$+,0.57
chr6:30682400-30684800,ENSG00000204564.7$C6orf136$chr6$30614816$+,0.54
chr6:30685800-30687600,ENSG00000204564.7$C6orf136$chr6$30614816$+,0.56
chr10:23383200-23385000,ENSG00000204566.6$C10orf115$chr10$23528745$-,0.48
chr10:23445400-23447800,ENSG00000204566.6$C10orf115$chr10$23528745$-,0.47
chr6:30467400-30469600,ENSG00000204569.5$PPP1R10$chr6$30586389$-,0.42
chr6:30479800-30480400,ENSG00000204569.5$PPP1R10$chr6$30586389$-,0.42
chr6:30480600-30481000,ENSG00000204569.5$PPP1R10$chr6$30586389$-,0.39
chr6:30525600-30528000,ENSG00000204569.5$PPP1R10$chr6$30586389$-,0.55
chr6:30564800-30565600,ENSG00000204569.5$PPP1R10$chr6$30586389$-,0.6
chr6:30573800-30576000,ENSG00000204569.5$PPP1R10$chr6$30586389$-,0.55
chr6:30595000-30597000,ENSG00000204569.5$PPP1R10$chr6$30586389$-,0.68
chr6:30616000-30617800,ENSG00000204569.5$PPP1R10$chr6$30586389$-,0.66
chr6:30658800-30660400,ENSG00000204569.5$PPP1R10$chr6$30586389$-,0.57
chr6:30682400-30684800,ENSG00000204569.5$PPP1R10$chr6$30586389$-,0.37
chr6:30685800-30687600,ENSG00000204569.5$PPP1R10$chr6$30586389$-,0.42
chr11:71350000-71352200,ENSG00000204571.4$KRTAP5-11$chr11$71314399$-,0.44
chr6:30411600-30412600,ENSG00000204574.8$ABCF1$chr6$30539153$+,0.46
chr6:30467400-30469600,ENSG00000204574.8$ABCF1$chr6$30539153$+,0.44
chr6:30479800-30480400,ENSG00000204574.8$ABCF1$chr6$30539153$+,0.52
chr6:30480600-30481000,ENSG00000204574.8$ABCF1$chr6$30539153$+,0.55
chr6:30525600-30528000,ENSG00000204574.8$ABCF1$chr6$30539153$+,0.47
chr6:30564800-30565600,ENSG00000204574.8$ABCF1$chr6$30539153$+,0.62
chr6:30573800-30576000,ENSG00000204574.8$ABCF1$chr6$30539153$+,0.53
chr6:30586200-30588000,ENSG00000204574.8$ABCF1$chr6$30539153$+,0.52
chr6:30595000-30597000,ENSG00000204574.8$ABCF1$chr6$30539153$+,0.51
chr6:30616000-30617800,ENSG00000204574.8$ABCF1$chr6$30539153$+,0.44
chr6:30658800-30660400,ENSG00000204574.8$ABCF1$chr6$30539153$+,0.46
chr6:30682400-30684800,ENSG00000204574.8$ABCF1$chr6$30539153$+,0.48
chr6:30685800-30687600,ENSG00000204574.8$ABCF1$chr6$30539153$+,0.38
chr6:30379400-30380000,ENSG00000204576.7$PRR3$chr6$30524663$+,0.37
chr6:30411600-30412600,ENSG00000204576.7$PRR3$chr6$30524663$+,0.38
chr6:30467400-30469600,ENSG00000204576.7$PRR3$chr6$30524663$+,0.5
chr6:30479800-30480400,ENSG00000204576.7$PRR3$chr6$30524663$+,0.49
chr6:30480600-30481000,ENSG00000204576.7$PRR3$chr6$30524663$+,0.53
chr6:30525600-30528000,ENSG00000204576.7$PRR3$chr6$30524663$+,0.4
chr6:30564800-30565600,ENSG00000204576.7$PRR3$chr6$30524663$+,0.54
chr6:30573800-30576000,ENSG00000204576.7$PRR3$chr6$30524663$+,0.5
chr6:30586200-30588000,ENSG00000204576.7$PRR3$chr6$30524663$+,0.45
chr6:30595000-30597000,ENSG00000204576.7$PRR3$chr6$30524663$+,0.5
chr6:30616000-30617800,ENSG00000204576.7$PRR3$chr6$30524663$+,0.47
chr6:30658800-30660400,ENSG00000204576.7$PRR3$chr6$30524663$+,0.5
chr6:30682400-30684800,ENSG00000204576.7$PRR3$chr6$30524663$+,0.41
chr6:30685800-30687600,ENSG00000204576.7$PRR3$chr6$30524663$+,0.37
chr6:30793600-30793800,ENSG00000204580.7$DDR1$chr6$30844198$+,0.36
chr6:30880000-30882200,ENSG00000204580.7$DDR1$chr6$30844198$+,0.52
chr6:30411600-30412600,ENSG00000204590.8$GNL1$chr6$30524951$-,0.36
chr6:30467400-30469600,ENSG00000204590.8$GNL1$chr6$30524951$-,0.47
chr6:30479800-30480400,ENSG00000204590.8$GNL1$chr6$30524951$-,0.5
chr6:30480600-30481000,ENSG00000204590.8$GNL1$chr6$30524951$-,0.52
chr6:30525600-30528000,ENSG00000204590.8$GNL1$chr6$30524951$-,0.37
chr6:30564800-30565600,ENSG00000204590.8$GNL1$chr6$30524951$-,0.58
chr6:30573800-30576000,ENSG00000204590.8$GNL1$chr6$30524951$-,0.51
chr6:30586200-30588000,ENSG00000204590.8$GNL1$chr6$30524951$-,0.51
chr6:30595000-30597000,ENSG00000204590.8$GNL1$chr6$30524951$-,0.48
chr6:30616000-30617800,ENSG00000204590.8$GNL1$chr6$30524951$-,0.43
chr6:30658800-30660400,ENSG00000204590.8$GNL1$chr6$30524951$-,0.48
chr6:30685800-30687600,ENSG00000204590.8$GNL1$chr6$30524951$-,0.37
chr6:30271600-30273600,ENSG00000204592.5$HLA-E$chr6$30457244$+,0.38
chr6:30273800-30274600,ENSG00000204592.5$HLA-E$chr6$30457244$+,0.36
chr6:30379400-30380000,ENSG00000204592.5$HLA-E$chr6$30457244$+,0.49
chr6:30411600-30412600,ENSG00000204592.5$HLA-E$chr6$30457244$+,0.62
chr6:30467400-30469600,ENSG00000204592.5$HLA-E$chr6$30457244$+,0.47
chr6:30479800-30480400,ENSG00000204592.5$HLA-E$chr6$30457244$+,0.44
chr6:30480600-30481000,ENSG00000204592.5$HLA-E$chr6$30457244$+,0.41
chr6:30525600-30528000,ENSG00000204592.5$HLA-E$chr6$30457244$+,0.45
chr6:30564800-30565600,ENSG00000204592.5$HLA-E$chr6$30457244$+,0.37
chr6:30573800-30576000,ENSG00000204592.5$HLA-E$chr6$30457244$+,0.38
chr6:30586200-30588000,ENSG00000204592.5$HLA-E$chr6$30457244$+,0.43
chr6:30595000-30597000,ENSG00000204592.5$HLA-E$chr6$30457244$+,0.38
chr6:30616000-30617800,ENSG00000204592.5$HLA-E$chr6$30457244$+,0.43
chr6:30186400-30187800,ENSG00000204599.10$TRIM39$chr6$30294256$+,0.38
chr6:30195000-30196400,ENSG00000204599.10$TRIM39$chr6$30294256$+,0.42
chr6:30271600-30273600,ENSG00000204599.10$TRIM39$chr6$30294256$+,0.64
chr6:30273800-30274600,ENSG00000204599.10$TRIM39$chr6$30294256$+,0.59
chr6:30295400-30297600,ENSG00000204599.10$TRIM39$chr6$30294256$+,0.4
chr6:30379400-30380000,ENSG00000204599.10$TRIM39$chr6$30294256$+,0.37
chr6:30411600-30412600,ENSG00000204599.10$TRIM39$chr6$30294256$+,0.35
chr6:30480600-30481000,ENSG00000204599.10$TRIM39$chr6$30294256$+,0.36
chr19:53238400-53240000,ENSG00000204604.5$ZNF468$chr19$53360902$-,0.4
chr19:53323600-53324200,ENSG00000204604.5$ZNF468$chr19$53360902$-,0.57
chr19:53397800-53400200,ENSG00000204604.5$ZNF468$chr19$53360902$-,0.55
chr19:53466800-53467800,ENSG00000204604.5$ZNF468$chr19$53360902$-,0.42
chr6:30139200-30141200,ENSG00000204610.8$TRIM15$chr6$30130993$+,0.54
chr6:30186400-30187800,ENSG00000204610.8$TRIM15$chr6$30130993$+,0.45
chr6:30195000-30196400,ENSG00000204610.8$TRIM15$chr6$30130993$+,0.39
chr19:52596400-52598200,ENSG00000204611.2$ZNF616$chr19$52643175$-,0.6
chr19:52640000-52642400,ENSG00000204611.2$ZNF616$chr19$52643175$-,0.36
chr19:52672800-52674000,ENSG00000204611.2$ZNF616$chr19$52643175$-,0.64
chr19:52675000-52676400,ENSG00000204611.2$ZNF616$chr19$52643175$-,0.54
chr19:52690400-52692600,ENSG00000204611.2$ZNF616$chr19$52643175$-,0.44
chr6:30139200-30141200,ENSG00000204613.6$TRIM10$chr6$30128711$-,0.5
chr6:29907800-29910200,ENSG00000204618.4$RNF39$chr6$30043664$-,0.36
chr6:30014800-30015600,ENSG00000204618.4$RNF39$chr6$30043664$-,0.51
chr6:30027000-30028400,ENSG00000204618.4$RNF39$chr6$30043664$-,0.54
chr6:30139200-30141200,ENSG00000204618.4$RNF39$chr6$30043664$-,0.5
chr6:30186400-30187800,ENSG00000204618.4$RNF39$chr6$30043664$-,0.35
chr6:30014800-30015600,ENSG00000204619.3$PPP1R11$chr6$30034486$+,0.5
chr6:30027000-30028400,ENSG00000204619.3$PPP1R11$chr6$30034486$+,0.48
chr6:30139200-30141200,ENSG00000204619.3$PPP1R11$chr6$30034486$+,0.44
chr6:30186400-30187800,ENSG00000204619.3$PPP1R11$chr6$30034486$+,0.37
chr6:30195000-30196400,ENSG00000204619.3$PPP1R11$chr6$30034486$+,0.35
chrX:48365400-48366800,ENSG00000204620.2$AC115618.1$chrX$48433275$-,0.47
chrX:48398600-48400400,ENSG00000204620.2$AC115618.1$chrX$48433275$-,0.68
chrX:48456600-48458800,ENSG00000204620.2$AC115618.1$chrX$48433275$-,0.61
chrX:48489400-48491200,ENSG00000204620.2$AC115618.1$chrX$48433275$-,0.57
chrX:48519200-48520400,ENSG00000204620.2$AC115618.1$chrX$48433275$-,0.46
chrX:48533000-48534400,ENSG00000204620.2$AC115618.1$chrX$48433275$-,0.41
chrX:48552800-48554400,ENSG00000204620.2$AC115618.1$chrX$48433275$-,0.4
chrX:48555600-48558000,ENSG00000204620.2$AC115618.1$chrX$48433275$-,0.42
chrX:48568000-48568400,ENSG00000204620.2$AC115618.1$chrX$48433275$-,0.37
chr5:180634600-180635800,ENSG00000204628.7$GNB2L1$chr5$180675096$-,0.55
chr5:180671400-180673000,ENSG00000204628.7$GNB2L1$chr5$180675096$-,0.5
chr5:180689200-180691400,ENSG00000204628.7$GNB2L1$chr5$180675096$-,0.68
chr2:101867200-101868800,ENSG00000204634.8$TBC1D8$chr2$101869328$-,0.4
chr2:101892600-101893200,ENSG00000204634.8$TBC1D8$chr2$101869328$-,0.66
chr2:101908200-101909000,ENSG00000204634.8$TBC1D8$chr2$101869328$-,0.66
chr2:101931400-101933200,ENSG00000204634.8$TBC1D8$chr2$101869328$-,0.54
chr2:101966200-101968200,ENSG00000204634.8$TBC1D8$chr2$101869328$-,0.4
chr2:102102000-102104000,ENSG00000204634.8$TBC1D8$chr2$101869328$-,0.37
chr6:29802400-29803200,ENSG00000204642.9$HLA-F$chr6$29690552$+,0.4
chr6:29520200-29522400,ENSG00000204657.2$OR2H2$chr6$29555683$+,0.48
chr5:178975000-178977200,ENSG00000204659.4$CBY3$chr5$179107975$-,0.42
chr5:179103000-179105000,ENSG00000204659.4$CBY3$chr5$179107975$-,0.52
chr5:179131800-179133400,ENSG00000204659.4$CBY3$chr5$179107975$-,0.62
chr5:179234400-179236000,ENSG00000204659.4$CBY3$chr5$179107975$-,0.41
chr5:179263000-179265400,ENSG00000204659.4$CBY3$chr5$179107975$-,0.4
chr5:179103000-179105000,ENSG00000204661.5$C5orf60$chr5$179072047$-,0.37
chr12:122687000-122688000,ENSG00000204671.1$IL31$chr12$122658746$-,0.37
chr19:50267800-50269600,ENSG00000204673.6$AKT1S1$chr19$50381716$-,0.5
chr19:50317000-50318200,ENSG00000204673.6$AKT1S1$chr19$50381716$-,0.54
chr19:50319600-50320800,ENSG00000204673.6$AKT1S1$chr19$50381716$-,0.52
chr19:50529600-50531400,ENSG00000204673.6$AKT1S1$chr19$50381716$-,0.52
chr19:50553000-50555400,ENSG00000204673.6$AKT1S1$chr19$50381716$-,0.39
chr5:177234200-177236600,ENSG00000204677.6$FAM153C$chr5$177433406$+,0.39
chr5:177263000-177264800,ENSG00000204677.6$FAM153C$chr5$177433406$+,0.42
chr5:177268000-177268800,ENSG00000204677.6$FAM153C$chr5$177433406$+,0.41
chr5:177273200-177274000,ENSG00000204677.6$FAM153C$chr5$177433406$+,0.41
chr5:177410800-177413200,ENSG00000204677.6$FAM153C$chr5$177433406$+,0.67
chr5:177489000-177490600,ENSG00000204677.6$FAM153C$chr5$177433406$+,0.57
chr5:177558400-177559800,ENSG00000204677.6$FAM153C$chr5$177433406$+,0.36
chr5:177581200-177583000,ENSG00000204677.6$FAM153C$chr5$177433406$+,0.43
chr6:29483400-29484800,ENSG00000204681.6$GABBR1$chr6$29601753$-,0.44
chr6:29520200-29522400,ENSG00000204681.6$GABBR1$chr6$29601753$-,0.59
chr6:29483400-29484800,ENSG00000204687.3$MAS1L$chr6$29455738$-,0.57
chr6:29520200-29522400,ENSG00000204687.3$MAS1L$chr6$29455738$-,0.36
chr6:29483400-29484800,ENSG00000204688.5$OR2H1$chr6$29424958$+,0.41
chr6:28978200-28980400,ENSG00000204700.3$OR2J2$chr6$29141311$+,0.4
chr6:28950200-28952600,ENSG00000204701.1$OR2J3$chr6$29079668$+,0.41
chr6:28955800-28957800,ENSG00000204701.1$OR2J3$chr6$29079668$+,0.42
chr6:28978200-28980400,ENSG00000204701.1$OR2J3$chr6$29079668$+,0.52
chr6:28892200-28893800,ENSG00000204702.4$OR2J1$chr6$29068386$+,0.4
chr6:28906400-28908400,ENSG00000204702.4$OR2J1$chr6$29068386$+,0.4
chr6:28909400-28911600,ENSG00000204702.4$OR2J1$chr6$29068386$+,0.36
chr6:28912000-28913600,ENSG00000204702.4$OR2J1$chr6$29068386$+,0.38
chr6:28950200-28952600,ENSG00000204702.4$OR2J1$chr6$29068386$+,0.51
chr6:28955800-28957800,ENSG00000204702.4$OR2J1$chr6$29068386$+,0.4
chr6:28978200-28980400,ENSG00000204702.4$OR2J1$chr6$29068386$+,0.47
chr6:28906400-28908400,ENSG00000204703.3$OR2B3$chr6$29055090$-,0.38
chr6:28909400-28911600,ENSG00000204703.3$OR2B3$chr6$29055090$-,0.35
chr6:28912000-28913600,ENSG00000204703.3$OR2B3$chr6$29055090$-,0.39
chr6:28950200-28952600,ENSG00000204703.3$OR2B3$chr6$29055090$-,0.42
chr6:28978200-28980400,ENSG00000204703.3$OR2B3$chr6$29055090$-,0.4
chr6:28865200-28867200,ENSG00000204704.2$OR2W1$chr6$29013017$-,0.36
chr6:28892200-28893800,ENSG00000204704.2$OR2W1$chr6$29013017$-,0.46
chr6:28906400-28908400,ENSG00000204704.2$OR2W1$chr6$29013017$-,0.43
chr6:28909400-28911600,ENSG00000204704.2$OR2W1$chr6$29013017$-,0.48
chr6:28912000-28913600,ENSG00000204704.2$OR2W1$chr6$29013017$-,0.46
chr6:28950200-28952600,ENSG00000204704.2$OR2W1$chr6$29013017$-,0.6
chr6:28955800-28957800,ENSG00000204704.2$OR2W1$chr6$29013017$-,0.43
chr6:28978200-28980400,ENSG00000204704.2$OR2W1$chr6$29013017$-,0.46
chr6:28807200-28808000,ENSG00000204709.4$C6orf100$chr6$28911654$+,0.4
chr6:28830200-28831600,ENSG00000204709.4$C6orf100$chr6$28911654$+,0.57
chr6:28832200-28834000,ENSG00000204709.4$C6orf100$chr6$28911654$+,0.52
chr6:28834800-28837000,ENSG00000204709.4$C6orf100$chr6$28911654$+,0.47
chr6:28865200-28867200,ENSG00000204709.4$C6orf100$chr6$28911654$+,0.52
chr6:28892200-28893800,ENSG00000204709.4$C6orf100$chr6$28911654$+,0.76
chr6:28906400-28908400,ENSG00000204709.4$C6orf100$chr6$28911654$+,0.7
chr6:28950200-28952600,ENSG00000204709.4$C6orf100$chr6$28911654$+,0.55
chr6:28955800-28957800,ENSG00000204709.4$C6orf100$chr6$28911654$+,0.59
chr6:28978200-28980400,ENSG00000204709.4$C6orf100$chr6$28911654$+,0.61
chr11:64780200-64781400,ENSG00000204710.2$SPDYC$chr11$64937625$+,0.38
chr11:64805800-64808200,ENSG00000204710.2$SPDYC$chr11$64937625$+,0.46
chr11:64902800-64905200,ENSG00000204710.2$SPDYC$chr11$64937625$+,0.53
chr11:65026600-65029000,ENSG00000204710.2$SPDYC$chr11$64937625$+,0.54
chr6:28807200-28808000,ENSG00000204713.6$TRIM27$chr6$28891766$-,0.46
chr6:28830200-28831600,ENSG00000204713.6$TRIM27$chr6$28891766$-,0.51
chr6:28832200-28834000,ENSG00000204713.6$TRIM27$chr6$28891766$-,0.46
chr6:28834800-28837000,ENSG00000204713.6$TRIM27$chr6$28891766$-,0.51
chr6:28865200-28867200,ENSG00000204713.6$TRIM27$chr6$28891766$-,0.58
chr6:28906400-28908400,ENSG00000204713.6$TRIM27$chr6$28891766$-,0.54
chr6:28909400-28911600,ENSG00000204713.6$TRIM27$chr6$28891766$-,0.67
chr6:28912000-28913600,ENSG00000204713.6$TRIM27$chr6$28891766$-,0.69
chr6:28950200-28952600,ENSG00000204713.6$TRIM27$chr6$28891766$-,0.59
chr6:28955800-28957800,ENSG00000204713.6$TRIM27$chr6$28891766$-,0.6
chr6:28978200-28980400,ENSG00000204713.6$TRIM27$chr6$28891766$-,0.6
chr19:6925200-6927200,ENSG00000204752.3$AC025278.1$chr19$7011514$+,0.37
chr19:6945600-6946000,ENSG00000204752.3$AC025278.1$chr19$7011514$+,0.37
chr19:6947200-6948800,ENSG00000204752.3$AC025278.1$chr19$7011514$+,0.44
chr19:7004400-7004800,ENSG00000204752.3$AC025278.1$chr19$7011514$+,0.73
chr19:7012800-7014600,ENSG00000204752.3$AC025278.1$chr19$7011514$+,0.45
chr19:7067600-7069400,ENSG00000204752.3$AC025278.1$chr19$7011514$+,0.53
chr19:7070200-7071600,ENSG00000204752.3$AC025278.1$chr19$7011514$+,0.6
chr19:7088800-7089600,ENSG00000204752.3$AC025278.1$chr19$7011514$+,0.51
chr19:7098200-7098800,ENSG00000204752.3$AC025278.1$chr19$7011514$+,0.46
chr8:144624000-144624800,ENSG00000204839.4$MROH6$chr8$144655141$-,0.38
chr12:111943200-111944200,ENSG00000204842.10$ATXN2$chr12$112037480$-,0.4
chr12:111983600-111985200,ENSG00000204842.10$ATXN2$chr12$112037480$-,0.48
chr12:112120800-112123000,ENSG00000204842.10$ATXN2$chr12$112037480$-,0.51
chr12:112124400-112126400,ENSG00000204842.10$ATXN2$chr12$112037480$-,0.47
chr2:74394600-74395400,ENSG00000204843.8$DCTN1$chr2$74619214$-,0.39
chr2:74540400-74542200,ENSG00000204843.8$DCTN1$chr2$74619214$-,0.57
chr2:74553800-74556200,ENSG00000204843.8$DCTN1$chr2$74619214$-,0.59
chr2:74560800-74562800,ENSG00000204843.8$DCTN1$chr2$74619214$-,0.41
chr2:74682600-74684400,ENSG00000204843.8$DCTN1$chr2$74619214$-,0.47
chr2:74692600-74695000,ENSG00000204843.8$DCTN1$chr2$74619214$-,0.53
chr2:74696800-74699200,ENSG00000204843.8$DCTN1$chr2$74619214$-,0.52
chr19:47102400-47103600,ENSG00000204850.3$AC011484.1$chr19$46997765$+,0.42
chr19:47151000-47152800,ENSG00000204850.3$AC011484.1$chr19$46997765$+,0.39
chr12:110907200-110909600,ENSG00000204852.11$TCTN1$chr12$111051832$+,0.46
chr12:110940000-110941800,ENSG00000204852.11$TCTN1$chr12$111051832$+,0.41
chr12:111210000-111211600,ENSG00000204852.11$TCTN1$chr12$111051832$+,0.42
chr12:110822000-110823600,ENSG00000204856.7$FAM216A$chr12$110906169$+,0.55
chr12:110841800-110843400,ENSG00000204856.7$FAM216A$chr12$110906169$+,0.48
chr12:110867800-110869600,ENSG00000204856.7$FAM216A$chr12$110906169$+,0.5
chr12:110940000-110941800,ENSG00000204856.7$FAM216A$chr12$110906169$+,0.47
chr1:6614800-6616000,ENSG00000204859.7$ZBTB48$chr1$6640061$+,0.52
chr1:6705800-6707200,ENSG00000204859.7$ZBTB48$chr1$6640061$+,0.35
chr17:39208000-39209800,ENSG00000204880.6$KRTAP4-8$chr17$39254393$-,0.52
chr17:39208000-39209800,ENSG00000204887.4$KRTAP1-4$chr17$39186356$-,0.6
chr17:39208000-39209800,ENSG00000204889.6$KRT40$chr17$39143387$-,0.38
chr17:38766400-38767200,ENSG00000204897.6$KRT25$chr17$38911584$-,0.42
chr17:38805000-38806400,ENSG00000204897.6$KRT25$chr17$38911584$-,0.43
chr17:38815800-38816800,ENSG00000204897.6$KRT25$chr17$38911584$-,0.58
chr13:73217400-73217800,ENSG00000204899.5$MZT1$chr13$73301825$-,0.61
chr13:73362000-73363600,ENSG00000204899.5$MZT1$chr13$73301825$-,0.69
chr17:38134400-38136600,ENSG00000204913.5$LRRC3C$chr17$38097727$+,0.4
chr19:44436800-44439000,ENSG00000204920.6$ZNF155$chr19$44472014$+,0.37
chr19:44455800-44457000,ENSG00000204920.6$ZNF155$chr19$44472014$+,0.43
chr19:44487400-44488200,ENSG00000204920.6$ZNF155$chr19$44472014$+,0.36
chr19:44489000-44490400,ENSG00000204920.6$ZNF155$chr19$44472014$+,0.5
chr11:62359600-62362000,ENSG00000204922.4$C11orf83$chr11$62437745$+,0.36
chr11:62386400-62388800,ENSG00000204922.4$C11orf83$chr11$62437745$+,0.43
chr11:62418200-62420200,ENSG00000204922.4$C11orf83$chr11$62437745$+,0.46
chr11:62429600-62432000,ENSG00000204922.4$C11orf83$chr11$62437745$+,0.49
chr11:62443600-62446000,ENSG00000204922.4$C11orf83$chr11$62437745$+,0.49
chr11:62446800-62449200,ENSG00000204922.4$C11orf83$chr11$62437745$+,0.54
chr11:62461600-62463400,ENSG00000204922.4$C11orf83$chr11$62437745$+,0.63
chr11:62486400-62488600,ENSG00000204922.4$C11orf83$chr11$62437745$+,0.65
chr11:62522000-62524400,ENSG00000204922.4$C11orf83$chr11$62437745$+,0.4
chr11:62527800-62529000,ENSG00000204922.4$C11orf83$chr11$62437745$+,0.38
chr11:62536800-62538200,ENSG00000204922.4$C11orf83$chr11$62437745$+,0.43
chr2:68644600-68647000,ENSG00000204923.3$FBXO48$chr2$68694390$-,0.48
chr2:68679200-68681400,ENSG00000204923.3$FBXO48$chr2$68694390$-,0.73
chr2:68689800-68690400,ENSG00000204923.3$FBXO48$chr2$68694390$-,0.7
chr2:68821000-68822600,ENSG00000204923.3$FBXO48$chr2$68694390$-,0.49
chr9:35655800-35657800,ENSG00000204930.5$FAM221B$chr9$35828744$-,0.4
chr9:35741400-35742800,ENSG00000204930.5$FAM221B$chr9$35828744$-,0.5
chr9:35749800-35751800,ENSG00000204930.5$FAM221B$chr9$35828744$-,0.51
chr9:35810000-35811800,ENSG00000204930.5$FAM221B$chr9$35828744$-,0.68
chr9:35812200-35814400,ENSG00000204930.5$FAM221B$chr9$35828744$-,0.63
chr9:35932800-35934400,ENSG00000204930.5$FAM221B$chr9$35828744$-,0.41
chr9:35971600-35973000,ENSG00000204930.5$FAM221B$chr9$35828744$-,0.35
chr7:148821600-148822800,ENSG00000204946.5$ZNF783$chr7$148959262$+,0.38
chr7:148891600-148892400,ENSG00000204946.5$ZNF783$chr7$148959262$+,0.6
chr7:148980400-148982600,ENSG00000204946.5$ZNF783$chr7$148959262$+,0.52
chr7:148582200-148583200,ENSG00000204947.4$ZNF425$chr7$148823438$-,0.41
chr7:148617200-148619200,ENSG00000204947.4$ZNF425$chr7$148823438$-,0.41
chr7:148636200-148637800,ENSG00000204947.4$ZNF425$chr7$148823438$-,0.42
chr7:148638800-148640400,ENSG00000204947.4$ZNF425$chr7$148823438$-,0.44
chr7:148658000-148660200,ENSG00000204947.4$ZNF425$chr7$148823438$-,0.39
chr7:148662800-148665000,ENSG00000204947.4$ZNF425$chr7$148823438$-,0.36
chr7:148685000-148686200,ENSG00000204947.4$ZNF425$chr7$148823438$-,0.37
chr7:148726400-148727600,ENSG00000204947.4$ZNF425$chr7$148823438$-,0.49
chr7:148825000-148826000,ENSG00000204947.4$ZNF425$chr7$148823438$-,0.37
chr7:148891600-148892400,ENSG00000204947.4$ZNF425$chr7$148823438$-,0.48
chr7:148958000-148959000,ENSG00000204947.4$ZNF425$chr7$148823438$-,0.35
chr7:148980400-148982600,ENSG00000204947.4$ZNF425$chr7$148823438$-,0.42
chr17:36981800-36982600,ENSG00000204952.2$FBXO47$chr17$37123655$-,0.41
chr17:36996000-36998200,ENSG00000204952.2$FBXO47$chr17$37123655$-,0.42
chr17:37131600-37133600,ENSG00000204952.2$FBXO47$chr17$37123655$-,0.64
chr17:37213600-37215800,ENSG00000204952.2$FBXO47$chr17$37123655$-,0.39
chr12:104332200-104334000,ENSG00000204954.5$C12orf73$chr12$104359486$-,0.59
chr5:140701000-140701200,ENSG00000204956.4$PCDHGA1$chr5$140710252$+,0.66
chr5:140768200-140768400,ENSG00000204956.4$PCDHGA1$chr5$140710252$+,0.49
chr19:42578800-42579600,ENSG00000204957.1$AC006486.1$chr19$42746927$+,0.44
chr19:42692800-42694400,ENSG00000204957.1$AC006486.1$chr19$42746927$+,0.49
chr19:42722000-42724400,ENSG00000204957.1$AC006486.1$chr19$42746927$+,0.5
chr19:42771400-42772600,ENSG00000204957.1$AC006486.1$chr19$42746927$+,0.65
chr19:42799600-42801200,ENSG00000204957.1$AC006486.1$chr19$42746927$+,0.62
chr19:42803800-42806200,ENSG00000204957.1$AC006486.1$chr19$42746927$+,0.54
chr19:42806600-42808400,ENSG00000204957.1$AC006486.1$chr19$42746927$+,0.56
chr19:42890800-42892200,ENSG00000204957.1$AC006486.1$chr19$42746927$+,0.36
chr19:42899000-42901200,ENSG00000204957.1$AC006486.1$chr19$42746927$+,0.43
chr5:140091000-140092000,ENSG00000204961.5$PCDHA9$chr5$140227048$+,0.38
chr5:140104800-140106400,ENSG00000204961.5$PCDHA9$chr5$140227048$+,0.43
chr5:140079200-140080000,ENSG00000204965.4$PCDHA5$chr5$140201222$+,0.39
chr5:140088600-140090800,ENSG00000204965.4$PCDHA5$chr5$140201222$+,0.35
chr5:140091000-140092000,ENSG00000204965.4$PCDHA5$chr5$140201222$+,0.46
chr5:140104800-140106400,ENSG00000204965.4$PCDHA5$chr5$140201222$+,0.44
chr5:140464400-140465800,ENSG00000204965.4$PCDHA5$chr5$140201222$+,0.35
chr13:50579600-50581400,ENSG00000204977.5$TRIM13$chr13$50570024$+,0.53
chr13:50669800-50672000,ENSG00000204977.5$TRIM13$chr13$50570024$+,0.5
chr16:89752000-89753000,ENSG00000204991.6$SPIRE2$chr16$89884587$+,0.39
chr16:89793400-89794600,ENSG00000204991.6$SPIRE2$chr16$89884587$+,0.35
chr16:89795200-89797600,ENSG00000204991.6$SPIRE2$chr16$89884587$+,0.4
chr16:89815800-89816600,ENSG00000204991.6$SPIRE2$chr16$89884587$+,0.43
chr16:88924400-88926800,ENSG00000205022.5$PABPN1L$chr16$88933068$-,0.44
chr8:110343600-110345600,ENSG00000205038.7$PKHD1L1$chr8$110374706$+,0.41
chr17:33730800-33732600,ENSG00000205045.4$SLFN12L$chr17$33864880$-,0.37
chr17:33786600-33788800,ENSG00000205045.4$SLFN12L$chr17$33864880$-,0.47
chr17:33794000-33796200,ENSG00000205045.4$SLFN12L$chr17$33864880$-,0.46
chr17:33796600-33796800,ENSG00000205045.4$SLFN12L$chr17$33864880$-,0.52
chr17:33810800-33812200,ENSG00000205045.4$SLFN12L$chr17$33864880$-,0.58
chr17:33831200-33833200,ENSG00000205045.4$SLFN12L$chr17$33864880$-,0.63
chr17:33902600-33905000,ENSG00000205045.4$SLFN12L$chr17$33864880$-,0.43
chr17:33906200-33907400,ENSG00000205045.4$SLFN12L$chr17$33864880$-,0.46
chr17:33913200-33914000,ENSG00000205045.4$SLFN12L$chr17$33864880$-,0.54
chr17:33919400-33921200,ENSG00000205045.4$SLFN12L$chr17$33864880$-,0.57
chr12:92717400-92719800,ENSG00000205057.3$CLLU1OS$chr12$92821924$-,0.46
chr12:92749400-92751200,ENSG00000205057.3$CLLU1OS$chr12$92821924$-,0.56
chr12:92767800-92769400,ENSG00000205057.3$CLLU1OS$chr12$92821924$-,0.58
chr12:92785000-92787400,ENSG00000205057.3$CLLU1OS$chr12$92821924$-,0.54
chr12:92787600-92789600,ENSG00000205057.3$CLLU1OS$chr12$92821924$-,0.53
chr7:134320000-134322000,ENSG00000205060.6$SLC35B4$chr7$134001803$-,0.36
chr19:39259400-39261200,ENSG00000205076.4$LGALS7$chr19$39264132$-,0.4
chr16:77222000-77224000,ENSG00000205078.5$SYCE1L$chr16$77233294$+,0.41
chr16:75498600-75499600,ENSG00000205084.6$TMEM231$chr16$75590184$-,0.47
chr16:75583400-75585200,ENSG00000205084.6$TMEM231$chr16$75590184$-,0.62
chr16:75597600-75599800,ENSG00000205084.6$TMEM231$chr16$75590184$-,0.68
chr5:132027800-132029000,ENSG00000205089.3$CCNI2$chr5$132083137$+,0.49
chr5:132050000-132050800,ENSG00000205089.3$CCNI2$chr5$132083137$+,0.48
chr5:132073200-132074400,ENSG00000205089.3$CCNI2$chr5$132083137$+,0.55
chr5:132200200-132201800,ENSG00000205089.3$CCNI2$chr5$132083137$+,0.35
chr5:132203000-132204800,ENSG00000205089.3$CCNI2$chr5$132083137$+,0.41
chr11:45793600-45795600,ENSG00000205106.2$CTD-2210P24.4$chr11$45792983$+,0.43
chr11:45866600-45869000,ENSG00000205106.2$CTD-2210P24.4$chr11$45792983$+,0.36
chr9:34609800-34611600,ENSG00000205108.5$FAM205A$chr9$34729464$-,0.35
chr9:34638200-34639400,ENSG00000205108.5$FAM205A$chr9$34729464$-,0.45
chr9:34809400-34811600,ENSG00000205108.5$FAM205A$chr9$34729464$-,0.38
chr9:34884400-34885800,ENSG00000205108.5$FAM205A$chr9$34729464$-,0.39
chr4:186260600-186262800,ENSG00000205129.4$C4orf47$chr4$186347394$+,0.44
chr4:186263200-186264000,ENSG00000205129.4$C4orf47$chr4$186347394$+,0.46
chr4:186393200-186394000,ENSG00000205129.4$C4orf47$chr4$186347394$+,0.55
chr19:36237000-36239400,ENSG00000205138.2$SDHAF1$chr19$36486090$+,0.36
chr19:36239800-36242000,ENSG00000205138.2$SDHAF1$chr19$36486090$+,0.4
chr19:36372800-36373800,ENSG00000205138.2$SDHAF1$chr19$36486090$+,0.4
chr19:36383600-36385200,ENSG00000205138.2$SDHAF1$chr19$36486090$+,0.43
chr19:36460400-36461000,ENSG00000205138.2$SDHAF1$chr19$36486090$+,0.64
chr19:36483600-36485800,ENSG00000205138.2$SDHAF1$chr19$36486090$+,0.41
chr19:36505600-36507200,ENSG00000205138.2$SDHAF1$chr19$36486090$+,0.4
chr19:36632000-36634000,ENSG00000205138.2$SDHAF1$chr19$36486090$+,0.53
chr19:36703600-36705000,ENSG00000205138.2$SDHAF1$chr19$36486090$+,0.39
chr9:34609800-34611600,ENSG00000205143.2$ARID3C$chr9$34628104$-,0.58
chr9:34612600-34615000,ENSG00000205143.2$ARID3C$chr9$34628104$-,0.65
chr9:34618000-34620000,ENSG00000205143.2$ARID3C$chr9$34628104$-,0.63
chr9:34638200-34639400,ENSG00000205143.2$ARID3C$chr9$34628104$-,0.61
chr19:36192400-36193400,ENSG00000205155.3$PSENEN$chr19$36236015$+,0.52
chr19:36239800-36242000,ENSG00000205155.3$PSENEN$chr19$36236015$+,0.48
chr8:82481400-82483800,ENSG00000205186.2$FABP9$chr8$82373814$-,0.43
chr8:82486000-82488200,ENSG00000205186.2$FABP9$chr8$82373814$-,0.4
chr8:81275400-81277200,ENSG00000205189.7$ZBTB10$chr8$81397854$+,0.36
chr8:81343800-81345600,ENSG00000205189.7$ZBTB10$chr8$81397854$+,0.5
chr4:159573600-159574600,ENSG00000205208.4$C4orf46$chr4$159593407$-,0.62
chr4:159645000-159646000,ENSG00000205208.4$C4orf46$chr4$159593407$-,0.48
chr19:35222000-35224400,ENSG00000205209.3$SCGB2B2$chr19$35166604$-,0.47
chr19:35262000-35263400,ENSG00000205209.3$SCGB2B2$chr19$35166604$-,0.5
chr19:35284200-35285400,ENSG00000205209.3$SCGB2B2$chr19$35166604$-,0.37
chr11:27517200-27519400,ENSG00000205213.9$LGR4$chr11$27494322$-,0.5
chr11:27528800-27530000,ENSG00000205213.9$LGR4$chr11$27494322$-,0.35
chr16:67753800-67756000,ENSG00000205220.7$PSMB10$chr16$67970990$-,0.36
chr16:67841200-67842000,ENSG00000205220.7$PSMB10$chr16$67970990$-,0.38
chr16:67850200-67851000,ENSG00000205220.7$PSMB10$chr16$67970990$-,0.42
chr16:67874400-67876200,ENSG00000205220.7$PSMB10$chr16$67970990$-,0.46
chr16:67881600-67884000,ENSG00000205220.7$PSMB10$chr16$67970990$-,0.59
chr16:67884400-67886200,ENSG00000205220.7$PSMB10$chr16$67970990$-,0.57
chr16:67926200-67926800,ENSG00000205220.7$PSMB10$chr16$67970990$-,0.52
chr16:68003000-68005000,ENSG00000205220.7$PSMB10$chr16$67970990$-,0.49
chr16:68054800-68056200,ENSG00000205220.7$PSMB10$chr16$67970990$-,0.47
chr16:68057600-68059400,ENSG00000205220.7$PSMB10$chr16$67970990$-,0.51
chr16:68142800-68143000,ENSG00000205220.7$PSMB10$chr16$67970990$-,0.35
chr7:102152800-102153800,ENSG00000205238.5$SPDYE2$chr7$102191679$+,0.4
chr16:67141800-67143400,ENSG00000205250.4$E2F4$chr16$67226072$+,0.53
chr16:67261800-67263600,ENSG00000205250.4$E2F4$chr16$67226072$+,0.55
chr8:66675800-66678000,ENSG00000205268.6$PDE7A$chr8$66754557$-,0.44
chr8:66723000-66724000,ENSG00000205268.6$PDE7A$chr8$66754557$-,0.66
chr8:66724400-66726200,ENSG00000205268.6$PDE7A$chr8$66754557$-,0.75
chr8:66727400-66729000,ENSG00000205268.6$PDE7A$chr8$66754557$-,0.7
chr8:66755000-66756600,ENSG00000205268.6$PDE7A$chr8$66754557$-,0.36
chr4:141444200-141444800,ENSG00000205301.7$RP11-542P2.1$chr4$141419531$-,0.45
chr5:122119200-122119800,ENSG00000205302.2$SNX2$chr5$122110691$+,0.56
chr5:122179000-122180600,ENSG00000205302.2$SNX2$chr5$122110691$+,0.57
chr5:122237200-122239400,ENSG00000205302.2$SNX2$chr5$122110691$+,0.35
chr17:17141400-17143800,ENSG00000205309.9$NT5M$chr17$17206649$+,0.39
chr17:17184600-17187000,ENSG00000205309.9$NT5M$chr17$17206649$+,0.7
chr17:17342800-17345000,ENSG00000205309.9$NT5M$chr17$17206649$+,0.4
chr12:56174200-56175800,ENSG00000205323.4$SARNP$chr12$56211540$-,0.63
chr12:56198000-56199600,ENSG00000205323.4$SARNP$chr12$56211540$-,0.69
chr12:56212400-56214400,ENSG00000205323.4$SARNP$chr12$56211540$-,0.38
chr12:56292600-56293400,ENSG00000205323.4$SARNP$chr12$56211540$-,0.55
chr12:56372800-56373600,ENSG00000205323.4$SARNP$chr12$56211540$-,0.35
chr12:56433800-56435200,ENSG00000205323.4$SARNP$chr12$56211540$-,0.37
chr2:27894200-27894800,ENSG00000205334.2$AC074091.13$chr2$27938599$-,0.4
chr11:9299800-9300000,ENSG00000205339.5$IPO7$chr11$9406169$+,0.46
chr11:9467600-9468400,ENSG00000205339.5$IPO7$chr11$9406169$+,0.58
chr11:9480000-9481400,ENSG00000205339.5$IPO7$chr11$9406169$+,0.58
chr12:53688200-53689200,ENSG00000205352.6$PRR13$chr12$53835389$+,0.53
chr12:53712400-53714800,ENSG00000205352.6$PRR13$chr12$53835389$+,0.39
chr12:53737200-53739000,ENSG00000205352.6$PRR13$chr12$53835389$+,0.48
chr12:53746200-53747600,ENSG00000205352.6$PRR13$chr12$53835389$+,0.51
chr12:53772000-53773600,ENSG00000205352.6$PRR13$chr12$53835389$+,0.49
chr12:53844600-53845800,ENSG00000205352.6$PRR13$chr12$53835389$+,0.41
chr16:56676400-56678800,ENSG00000205358.3$MT1H$chr16$56703726$+,0.37
chr16:56676400-56678800,ENSG00000205362.6$MT1A$chr16$56672578$+,0.49
chr16:56634200-56636200,ENSG00000205364.3$MT1M$chr16$56666145$+,0.37
chr16:56676400-56678800,ENSG00000205364.3$MT1M$chr16$56666145$+,0.57
chr7:92665600-92667400,ENSG00000205413.3$SAMD9$chr7$92747336$-,0.5
chr7:92794400-92795800,ENSG00000205413.3$SAMD9$chr7$92747336$-,0.43
chr7:92859800-92861000,ENSG00000205413.3$SAMD9$chr7$92747336$-,0.43
chr16:50063000-50063600,ENSG00000205423.7$CNEP1R1$chr16$50058321$+,0.64
chr16:50098800-50100600,ENSG00000205423.7$CNEP1R1$chr16$50058321$+,0.65
chr16:50185000-50186200,ENSG00000205423.7$CNEP1R1$chr16$50058321$+,0.35
chr21:46002800-46004400,ENSG00000205439.8$KRTAP12-3$chr21$46077849$+,0.41
chr21:46073000-46075400,ENSG00000205439.8$KRTAP12-3$chr21$46077849$+,0.59
chr21:46081000-46082600,ENSG00000205439.8$KRTAP12-3$chr21$46077849$+,0.69
chr21:46002800-46004400,ENSG00000205441.4$KRTAP10-7$chr21$46020497$+,0.43
chr14:99408000-99408800,ENSG00000205476.4$CCDC85C$chr14$100070363$-,0.35
chr14:99906800-99909000,ENSG00000205476.4$CCDC85C$chr14$100070363$-,0.48
chr19:11497000-11498800,ENSG00000205517.8$RGL3$chr19$11530018$-,0.48
chr19:11544800-11546400,ENSG00000205517.8$RGL3$chr19$11530018$-,0.47
chr19:11547000-11549400,ENSG00000205517.8$RGL3$chr19$11530018$-,0.48
chr17:7298400-7300000,ENSG00000205544.3$TMEM256$chr17$7307456$-,0.52
chr17:7337800-7338800,ENSG00000205544.3$TMEM256$chr17$7307456$-,0.52
chr17:7356800-7358800,ENSG00000205544.3$TMEM256$chr17$7307456$-,0.45
chr17:7359400-7361600,ENSG00000205544.3$TMEM256$chr17$7307456$-,0.4
chr22:51001800-51004200,ENSG00000205560.8$CPT1B$chr22$51017899$-,0.39
chr5:69344600-69345400,ENSG00000205572.5$SERF1B$chr5$69321074$+,0.44
chr21:40567800-40570000,ENSG00000205581.6$HMGN1$chr21$40721573$-,0.35
chr21:40662800-40664200,ENSG00000205581.6$HMGN1$chr21$40721573$-,0.55
chr21:40679600-40681600,ENSG00000205581.6$HMGN1$chr21$40721573$-,0.6
chr21:40722000-40723400,ENSG00000205581.6$HMGN1$chr21$40721573$-,0.45
chr21:40748800-40750400,ENSG00000205581.6$HMGN1$chr21$40721573$-,0.72
chr21:40751000-40752000,ENSG00000205581.6$HMGN1$chr21$40721573$-,0.67
chr21:40752800-40754800,ENSG00000205581.6$HMGN1$chr21$40721573$-,0.62
chr22:50779400-50781600,ENSG00000205593.7$DENND6B$chr22$50765489$-,0.59
chr16:25116600-25117800,ENSG00000205629.7$LCMT1$chr16$25123050$+,0.57
chr16:25135600-25136800,ENSG00000205629.7$LCMT1$chr16$25123050$+,0.51
chr2:24150600-24152400,ENSG00000205639.5$MFSD2B$chr2$24232951$+,0.5
chr2:24161400-24163000,ENSG00000205639.5$MFSD2B$chr2$24232951$+,0.44
chr2:24258400-24260800,ENSG00000205639.5$MFSD2B$chr2$24232951$+,0.59
chr2:24267800-24269800,ENSG00000205639.5$MFSD2B$chr2$24232951$+,0.63
chr2:24307800-24308800,ENSG00000205639.5$MFSD2B$chr2$24232951$+,0.46
chr22:46615400-46617400,ENSG00000205643.6$CDPF1$chr22$46646576$-,0.67
chr22:46662200-46663400,ENSG00000205643.6$CDPF1$chr22$46646576$-,0.63
chr22:46730200-46731200,ENSG00000205643.6$CDPF1$chr22$46646576$-,0.49
chr22:46732400-46734800,ENSG00000205643.6$CDPF1$chr22$46646576$-,0.45
chr14:74414800-74416400,ENSG00000205659.6$LIN52$chr14$74551499$+,0.44
chr14:74484400-74485000,ENSG00000205659.6$LIN52$chr14$74551499$+,0.44
chr14:74552400-74553800,ENSG00000205659.6$LIN52$chr14$74551499$+,0.35
chr14:74057800-74060000,ENSG00000205669.2$ACOT6$chr14$74077649$+,0.44
chr21:35733400-35735000,ENSG00000205670.6$SMIM11$chr21$35747779$+,0.59
chr21:35759600-35760400,ENSG00000205670.6$SMIM11$chr21$35747779$+,0.47
chr14:73361400-73363200,ENSG00000205683.7$DPF3$chr14$73360809$-,0.36
chr14:73391000-73393000,ENSG00000205683.7$DPF3$chr14$73360809$-,0.7
chr14:73403600-73405000,ENSG00000205683.7$DPF3$chr14$73360809$-,0.68
chr12:27931200-27932600,ENSG00000205693.3$MANSC4$chr12$27924209$-,0.63
chr12:25221400-25222400,ENSG00000205707.6$LYRM5$chr12$25348150$+,0.38
chr12:25435000-25437400,ENSG00000205707.6$LYRM5$chr12$25348150$+,0.41
chr17:4643200-4644600,ENSG00000205710.3$C17orf107$chr17$4802713$+,0.44
chr17:4693800-4694800,ENSG00000205710.3$C17orf107$chr17$4802713$+,0.62
chr17:4698600-4699400,ENSG00000205710.3$C17orf107$chr17$4802713$+,0.6
chr17:4700000-4701800,ENSG00000205710.3$C17orf107$chr17$4802713$+,0.61
chr17:4709400-4710600,ENSG00000205710.3$C17orf107$chr17$4802713$+,0.5
chr17:4891600-4893600,ENSG00000205710.3$C17orf107$chr17$4802713$+,0.51
chr19:7012800-7014600,ENSG00000205718.4$MBD3L4$chr19$7040190$-,0.46
chr19:7067600-7069400,ENSG00000205718.4$MBD3L4$chr19$7040190$-,0.45
chr19:7070200-7071600,ENSG00000205718.4$MBD3L4$chr19$7040190$-,0.38
chr21:34941400-34942800,ENSG00000205726.9$ITSN1$chr21$35014706$+,0.4
chr21:34961600-34962600,ENSG00000205726.9$ITSN1$chr21$35014706$+,0.36
chr10:1155600-1157600,ENSG00000205740.1$AL359878.1$chr10$1034281$-,0.4
chr10:944200-946200,ENSG00000205740.1$AL359878.1$chr10$1034281$-,0.46
chr10:984600-985800,ENSG00000205740.1$AL359878.1$chr10$1034281$-,0.52
chr19:6279600-6281000,ENSG00000205744.5$DENND1C$chr19$6482568$-,0.36
chr19:6360800-6361400,ENSG00000205744.5$DENND1C$chr19$6482568$-,0.37
chr19:6390600-6392600,ENSG00000205744.5$DENND1C$chr19$6482568$-,0.43
chr19:6425200-6427200,ENSG00000205744.5$DENND1C$chr19$6482568$-,0.46
chr19:6429400-6430200,ENSG00000205744.5$DENND1C$chr19$6482568$-,0.51
chr19:6457400-6459800,ENSG00000205744.5$DENND1C$chr19$6482568$-,0.55
chr19:6489200-6490400,ENSG00000205744.5$DENND1C$chr19$6482568$-,0.49
chrX:1455800-1456600,ENSG00000205755.6$CRLF2$chrX$1331616$-,0.5
chr5:41859000-41859800,ENSG00000205765.4$C5orf51$chr5$41904290$+,0.72
chr5:41870800-41873000,ENSG00000205765.4$C5orf51$chr5$41904290$+,0.76
chr5:41923600-41925000,ENSG00000205765.4$C5orf51$chr5$41904290$+,0.7
chr5:41926000-41928400,ENSG00000205765.4$C5orf51$chr5$41904290$+,0.57
chrX:49148000-49150000,ENSG00000205775.8$GAGE2E$chrX$49197607$+,0.37
chr19:4732600-4733400,ENSG00000205784.2$ARRDC5$chr19$4902879$-,0.4
chr12:12480000-12481200,ENSG00000205791.2$LOH12CR2$chr12$12510001$-,0.68
chr12:12522200-12522600,ENSG00000205791.2$LOH12CR2$chr12$12510001$-,0.8
chr12:12529400-12530800,ENSG00000205791.2$LOH12CR2$chr12$12510001$-,0.73
chr12:12535000-12535800,ENSG00000205791.2$LOH12CR2$chr12$12510001$-,0.74
chr12:12546800-12548200,ENSG00000205791.2$LOH12CR2$chr12$12510001$-,0.69
chr12:12560600-12562400,ENSG00000205791.2$LOH12CR2$chr12$12510001$-,0.68
chr12:12568600-12570600,ENSG00000205791.2$LOH12CR2$chr12$12510001$-,0.54
chr12:12577800-12580000,ENSG00000205791.2$LOH12CR2$chr12$12510001$-,0.54
chr2:10212600-10214600,ENSG00000205795.4$CYS1$chr2$10221071$-,0.67
chr2:10236200-10238200,ENSG00000205795.4$CYS1$chr2$10221071$-,0.71
chr2:10289200-10291400,ENSG00000205795.4$CYS1$chr2$10221071$-,0.51
chr9:4563200-4564800,ENSG00000205808.4$PPAPDC2$chr9$4662298$+,0.49
chr9:4676800-4678800,ENSG00000205808.4$PPAPDC2$chr9$4662298$+,0.59
chr9:4725800-4728000,ENSG00000205808.4$PPAPDC2$chr9$4662298$+,0.45
chr9:4741800-4744200,ENSG00000205808.4$PPAPDC2$chr9$4662298$+,0.52
chr9:4791400-4792200,ENSG00000205808.4$PPAPDC2$chr9$4662298$+,0.43
chr9:4793800-4796000,ENSG00000205808.4$PPAPDC2$chr9$4662298$+,0.38
chr9:4807600-4809200,ENSG00000205808.4$PPAPDC2$chr9$4662298$+,0.41
chr16:4598000-4599400,ENSG00000205832.7$C16orf96$chr16$4606491$+,0.57
chr5:34922800-34925200,ENSG00000205838.8$TTC23L$chr5$34838938$+,0.57
chr12:8634400-8636800,ENSG00000205846.3$CLEC6A$chr12$8608522$+,0.41
chr22:32540200-32541600,ENSG00000205856.3$C22orf42$chr22$32555309$-,0.43
chr7:16458600-16460400,ENSG00000205858.5$LRRC72$chr7$16566505$+,0.46
chr13:24461000-24462800,ENSG00000205863.5$C1QTNF9B$chr13$24476794$-,0.65
chr13:24476800-24478800,ENSG00000205863.5$C1QTNF9B$chr13$24476794$-,0.42
chr11:1331600-1333400,ENSG00000205867.2$KRTAP5-2$chr11$1619524$-,0.39
chr11:1604800-1607000,ENSG00000205867.2$KRTAP5-2$chr11$1619524$-,0.6
chr11:1640400-1641400,ENSG00000205867.2$KRTAP5-2$chr11$1619524$-,0.5
chr11:1649600-1651400,ENSG00000205867.2$KRTAP5-2$chr11$1619524$-,0.51
chr11:1331600-1333400,ENSG00000205869.2$KRTAP5-1$chr11$1606513$-,0.36
chr11:1640400-1641400,ENSG00000205869.2$KRTAP5-1$chr11$1606513$-,0.67
chr11:1649600-1651400,ENSG00000205869.2$KRTAP5-1$chr11$1606513$-,0.55
chr17:1142400-1144800,ENSG00000205899.3$BHLHA9$chr17$1173853$+,0.62
chr17:1179200-1180000,ENSG00000205899.3$BHLHA9$chr17$1173853$+,0.55
chr19:1593400-1594800,ENSG00000205922.4$ONECUT3$chr19$1752372$+,0.43
chr19:1606200-1607600,ENSG00000205922.4$ONECUT3$chr19$1752372$+,0.41
chr19:1724800-1726800,ENSG00000205922.4$ONECUT3$chr19$1752372$+,0.57
chr16:2595000-2597400,ENSG00000205923.2$CEMP1$chr16$2581420$-,0.67
chr16:2706000-2707800,ENSG00000205923.2$CEMP1$chr16$2581420$-,0.45
chr16:2771400-2773800,ENSG00000205923.2$CEMP1$chr16$2581420$-,0.42
chr16:2800400-2802200,ENSG00000205923.2$CEMP1$chr16$2581420$-,0.43
chr21:34088400-34089000,ENSG00000205930.4$C21orf49$chr21$34144411$+,0.61
chr21:34097200-34099200,ENSG00000205930.4$C21orf49$chr21$34144411$+,0.63
chr16:2186000-2187000,ENSG00000205937.7$RNPS1$chr16$2318413$-,0.49
chr16:2254400-2255800,ENSG00000205937.7$RNPS1$chr16$2318413$-,0.55
chr16:2390400-2392400,ENSG00000205937.7$RNPS1$chr16$2318413$-,0.58
chr3:180710000-180710400,ENSG00000205981.2$DNAJC19$chr3$180707562$-,0.48
chr11:250400-251800,ENSG00000206013.2$IFITM5$chr11$299526$-,0.38
chr11:319000-321400,ENSG00000206013.2$IFITM5$chr11$299526$-,0.35
chr11:367200-369200,ENSG00000206013.2$IFITM5$chr11$299526$-,0.39
chr18:71977200-71979600,ENSG00000206043.6$C18orf63$chr18$71983048$+,0.54
chr18:72023600-72024600,ENSG00000206043.6$C18orf63$chr18$71983048$+,0.61
chr16:1612600-1613200,ENSG00000206053.8$HN1L$chr16$1728257$+,0.4
chr16:1753200-1755400,ENSG00000206053.8$HN1L$chr16$1728257$+,0.6
chr16:1904400-1906400,ENSG00000206053.8$HN1L$chr16$1728257$+,0.4
chr18:61090400-61091400,ENSG00000206075.9$SERPINB5$chr18$61143994$+,0.35
chr21:32351000-32352200,ENSG00000206102.2$KRTAP19-8$chr21$32410795$-,0.56
chr21:32389000-32389800,ENSG00000206102.2$KRTAP19-8$chr21$32410795$-,0.77
chr21:32470600-32472200,ENSG00000206102.2$KRTAP19-8$chr21$32410795$-,0.47
chr21:32519000-32521200,ENSG00000206102.2$KRTAP19-8$chr21$32410795$-,0.44
chr16:204200-205400,ENSG00000206172.4$HBA1$chr16$226679$+,0.5
chr16:285600-286800,ENSG00000206172.4$HBA1$chr16$226679$+,0.35
chr16:204200-205400,ENSG00000206177.2$HBM$chr16$203891$+,0.38
chr16:283400-284400,ENSG00000206177.2$HBM$chr16$203891$+,0.39
chr16:285600-286800,ENSG00000206177.2$HBM$chr16$203891$+,0.35
chr3:149689400-149690800,ENSG00000206199.5$ANKUB1$chr3$149686172$-,0.45
chr22:19129600-19131600,ENSG00000206203.3$TSSK2$chr22$19118321$+,0.38
chr3:138679000-138680800,ENSG00000206260.2$PRR23A$chr3$138725110$-,0.4
chr3:138532800-138535200,ENSG00000206262.4$C3orf72$chr3$138666076$+,0.36
chr3:138554200-138555200,ENSG00000206262.4$C3orf72$chr3$138666076$+,0.43
chr3:138632200-138634200,ENSG00000206262.4$C3orf72$chr3$138666076$+,0.48
chr3:138679000-138680800,ENSG00000206262.4$C3orf72$chr3$138666076$+,0.77
chr6:31047000-31048200,ENSG00000206344.6$HCG27$chr6$31165537$+,0.37
chr6:31058600-31060400,ENSG00000206344.6$HCG27$chr6$31165537$+,0.52
chr6:31123400-31125600,ENSG00000206344.6$HCG27$chr6$31165537$+,0.65
chr6:31210600-31211600,ENSG00000206344.6$HCG27$chr6$31165537$+,0.5
chr6:31227200-31229200,ENSG00000206344.6$HCG27$chr6$31165537$+,0.41
chr6:31275400-31277400,ENSG00000206344.6$HCG27$chr6$31165537$+,0.35
chr6:31299400-31301600,ENSG00000206344.6$HCG27$chr6$31165537$+,0.44
chr6:29483400-29484800,ENSG00000206474.6$OR10C1$chr6$29407083$+,0.47
chr6:29520200-29522400,ENSG00000206474.6$OR10C1$chr6$29407083$+,0.42
chr6:29802400-29803200,ENSG00000206503.7$HLA-A$chr6$29909037$+,0.46
chr6:29815600-29817000,ENSG00000206503.7$HLA-A$chr6$29909037$+,0.5
chr6:29817400-29818400,ENSG00000206503.7$HLA-A$chr6$29909037$+,0.52
chr6:30014800-30015600,ENSG00000206503.7$HLA-A$chr6$29909037$+,0.44
chr6:30027000-30028400,ENSG00000206503.7$HLA-A$chr6$29909037$+,0.44
chr3:123210000-123211800,ENSG00000206527.5$PTPLB$chr3$123304032$-,0.42
chr3:113203800-113205000,ENSG00000206530.4$WDR52$chr3$113160457$-,0.47
chr3:112526000-112527600,ENSG00000206531.6$CD200R1L$chr3$112565703$-,0.38
chr3:112652800-112653400,ENSG00000206531.6$CD200R1L$chr3$112565703$-,0.4
chr3:112680200-112681400,ENSG00000206531.6$CD200R1L$chr3$112565703$-,0.43
chr3:100035000-100037400,ENSG00000206535.3$LNP1$chr3$100120037$+,0.43
chr3:100209600-100211200,ENSG00000206535.3$LNP1$chr3$100120037$+,0.55
chr3:98227000-98228200,ENSG00000206536.1$OR5K3$chr3$98109510$+,0.39
chr3:98241800-98243000,ENSG00000206536.1$OR5K3$chr3$98109510$+,0.46
chr3:98243600-98245400,ENSG00000206536.1$OR5K3$chr3$98109510$+,0.41
chr3:98249800-98250600,ENSG00000206536.1$OR5K3$chr3$98109510$+,0.47
chr3:98257200-98258200,ENSG00000206536.1$OR5K3$chr3$98109510$+,0.49
chr3:98267000-98269000,ENSG00000206536.1$OR5K3$chr3$98109510$+,0.39
chr3:46944400-46946200,ENSG00000206549.8$PRSS50$chr3$46854064$-,0.42
chr3:28275800-28277400,ENSG00000206559.3$ZCWPW2$chr3$28390637$+,0.35
chr3:28327800-28329000,ENSG00000206559.3$ZCWPW2$chr3$28390637$+,0.5
chr3:28359200-28359600,ENSG00000206559.3$ZCWPW2$chr3$28390637$+,0.53
chr3:28393600-28393800,ENSG00000206559.3$ZCWPW2$chr3$28390637$+,0.6
chr3:15868200-15868400,ENSG00000206560.6$ANKRD28$chr3$15901278$-,0.59
chr11:57403800-57405800,ENSG00000211450.5$C11orf31$chr11$57508825$+,0.48
chr11:57433000-57434400,ENSG00000211450.5$C11orf31$chr11$57508825$+,0.43
chr11:57445000-57445800,ENSG00000211450.5$C11orf31$chr11$57508825$+,0.46
chr11:57477200-57479200,ENSG00000211450.5$C11orf31$chr11$57508825$+,0.52
chr11:57480600-57482800,ENSG00000211450.5$C11orf31$chr11$57508825$+,0.59
chr11:57524600-57526600,ENSG00000211450.5$C11orf31$chr11$57508825$+,0.71
chr1:54304400-54305200,ENSG00000211452.6$DIO1$chr1$54356912$+,0.6
chr1:54353000-54355000,ENSG00000211452.6$DIO1$chr1$54356912$+,0.54
chr1:54509600-54509800,ENSG00000211452.6$DIO1$chr1$54356912$+,0.35
chr1:54519800-54521800,ENSG00000211452.6$DIO1$chr1$54356912$+,0.4
chr2:122397800-122399600,ENSG00000211460.7$TSN$chr2$122494679$+,0.49
chr2:122491200-122493400,ENSG00000211460.7$TSN$chr2$122494679$+,0.5
chr2:122511600-122512600,ENSG00000211460.7$TSN$chr2$122494679$+,0.65
chr2:122514000-122516200,ENSG00000211460.7$TSN$chr2$122494679$+,0.66
chr12:48165600-48167000,ENSG00000211584.9$SLC48A1$chr12$48147699$+,0.35
chr19:5788200-5790400,ENSG00000212123.3$PRR22$chr19$5784776$-,0.48
chr19:5794000-5795000,ENSG00000212123.3$PRR22$chr19$5784776$-,0.39
chr12:11112400-11114800,ENSG00000212124.2$TAS2R19$chr12$11175219$-,0.57
chr12:11261000-11263400,ENSG00000212124.2$TAS2R19$chr12$11175219$-,0.41
chr12:11316200-11317200,ENSG00000212124.2$TAS2R19$chr12$11175219$-,0.39
chr12:11112400-11114800,ENSG00000212126.3$TAS2R50$chr12$11139511$-,0.71
chr12:11261000-11263400,ENSG00000212126.3$TAS2R50$chr12$11139511$-,0.48
chr12:11261000-11263400,ENSG00000212127.5$TAS2R14$chr12$11324172$-,0.58
chr12:11316200-11317200,ENSG00000212127.5$TAS2R14$chr12$11324172$-,0.61
chr12:11112400-11114800,ENSG00000212128.2$TAS2R13$chr12$11062161$-,0.64
chr5:112195800-112196600,ENSG00000212643.1$ZRSR1$chr5$112227313$+,0.63
chr5:112202000-112203800,ENSG00000212643.1$ZRSR1$chr5$112227313$+,0.68
chr5:112209400-112210400,ENSG00000212643.1$ZRSR1$chr5$112227313$+,0.8
chr5:112281800-112282600,ENSG00000212643.1$ZRSR1$chr5$112227313$+,0.53
chr5:112298600-112300400,ENSG00000212643.1$ZRSR1$chr5$112227313$+,0.48
chr5:112331600-112333200,ENSG00000212643.1$ZRSR1$chr5$112227313$+,0.41
chr17:39494400-39494600,ENSG00000212657.1$KRTAP16-1$chr17$39465505$-,0.64
chr17:39494400-39494600,ENSG00000212659.1$KRTAP9-6$chr17$39421591$+,0.48
chr1:32252000-32254000,ENSG00000212673.1$AL136115.1$chr1$32379174$+,0.42
chr1:32478000-32479400,ENSG00000212673.1$AL136115.1$chr1$32379174$+,0.37
chr1:32500200-32501400,ENSG00000212673.1$AL136115.1$chr1$32379174$+,0.39
chr17:21455000-21456600,ENSG00000212719.6$C17orf51$chr17$21477722$-,0.62
chr17:39208000-39209800,ENSG00000212721.2$KRTAP4-11$chr17$39274606$-,0.43
chr17:39283200-39283400,ENSG00000212721.2$KRTAP4-11$chr17$39274606$-,0.67
chr17:39283200-39283400,ENSG00000212722.6$KRTAP4-9$chr17$39261584$+,0.35
chr17:39208000-39209800,ENSG00000212724.2$KRTAP2-3$chr17$39216344$-,0.68
chr17:39208000-39209800,ENSG00000212725.3$KRTAP2-1$chr17$39203568$-,0.73
chr17:6346400-6347000,ENSG00000212734.4$C17orf100$chr17$6554971$+,0.37
chr17:6734000-6736000,ENSG00000212734.4$C17orf100$chr17$6554971$+,0.4
chr10:6246200-6248000,ENSG00000212743.1$DKFZP667F0711$chr10$6392278$+,0.43
chr10:6447400-6449800,ENSG00000212743.1$DKFZP667F0711$chr10$6392278$+,0.44
chr10:6487200-6489000,ENSG00000212743.1$DKFZP667F0711$chr10$6392278$+,0.41
chr10:6591000-6592800,ENSG00000212743.1$DKFZP667F0711$chr10$6392278$+,0.36
chr10:6593200-6595400,ENSG00000212743.1$DKFZP667F0711$chr10$6392278$+,0.39
chr10:6627600-6629200,ENSG00000212743.1$DKFZP667F0711$chr10$6392278$+,0.38
chrX:134137400-134139000,ENSG00000212747.3$FAM127C$chrX$134156559$-,0.45
chrX:134164000-134166000,ENSG00000212747.3$FAM127C$chrX$134156559$-,0.47
chrX:134166800-134168400,ENSG00000212747.3$FAM127C$chrX$134156559$-,0.49
chr15:35256400-35257600,ENSG00000212768.2$AC114546.1$chr15$35270552$+,0.52
chr15:35262000-35263200,ENSG00000212768.2$AC114546.1$chr15$35270552$+,0.47
chr15:35281000-35282200,ENSG00000212768.2$AC114546.1$chr15$35270552$+,0.5
chr9:140100600-140102600,ENSG00000212864.2$RNF208$chr9$140116033$-,0.55
chr9:140150800-140152800,ENSG00000212864.2$RNF208$chr9$140116033$-,0.5
chr17:39208000-39209800,ENSG00000212899.1$KRTAP3-3$chr17$39150385$-,0.56
chr17:39283200-39283400,ENSG00000212899.1$KRTAP3-3$chr17$39150385$-,0.37
chr17:39208000-39209800,ENSG00000212900.1$KRTAP3-2$chr17$39156138$-,0.43
chr17:39208000-39209800,ENSG00000212901.2$KRTAP3-1$chr17$39175576$-,0.54
chr1:232802600-232805000,ENSG00000212916.3$MAP10$chr1$232940643$+,0.42
chr14:57727800-57730200,ENSG00000212928.1$AL391152.1$chr14$57671888$+,0.67
chr14:57855800-57856800,ENSG00000212928.1$AL391152.1$chr14$57671888$+,0.4
chr21:46002800-46004400,ENSG00000212933.1$KRTAP12-4$chr21$46074576$-,0.43
chr21:46081000-46082600,ENSG00000212933.1$KRTAP12-4$chr21$46074576$-,0.68
chr8:128299200-128301600,ENSG00000212993.3$POU5F1B$chr8$128426535$+,0.4
chr8:95730400-95731400,ENSG00000212997.1$AC023632.1$chr8$95558771$+,0.37
chr8:94717600-94720000,ENSG00000212998.1$RBM12B-AS1$chr8$94752349$+,0.64
chr8:94765800-94767000,ENSG00000212998.1$RBM12B-AS1$chr8$94752349$+,0.69
chr8:94767600-94769200,ENSG00000212998.1$RBM12B-AS1$chr8$94752349$+,0.58
chr8:93978400-93979000,ENSG00000212999.1$AC117834.1$chr8$93895865$+,0.47
chr8:71480800-71481000,ENSG00000213002.1$AC120194.1$chr8$71485681$+,0.75
chr19:56027800-56029800,ENSG00000213015.4$ZNF580$chr19$56146382$+,0.41
chr19:56092600-56094400,ENSG00000213015.4$ZNF580$chr19$56146382$+,0.49
chr19:56108600-56110600,ENSG00000213015.4$ZNF580$chr19$56146382$+,0.57
chr19:53141600-53143000,ENSG00000213020.4$ZNF611$chr19$53238326$-,0.42
chr19:53184200-53185400,ENSG00000213020.4$ZNF611$chr19$53238326$-,0.6
chr19:53194000-53196000,ENSG00000213020.4$ZNF611$chr19$53238326$-,0.57
chr19:53235600-53237600,ENSG00000213020.4$ZNF611$chr19$53238326$-,0.35
chr19:53323600-53324200,ENSG00000213020.4$ZNF611$chr19$53238326$-,0.39
chr19:51141200-51143600,ENSG00000213023.5$SYT3$chr19$51171651$-,0.39
chr19:50267800-50269600,ENSG00000213024.6$NUP62$chr19$50433020$-,0.51
chr19:50317000-50318200,ENSG00000213024.6$NUP62$chr19$50433020$-,0.54
chr19:50319600-50320800,ENSG00000213024.6$NUP62$chr19$50433020$-,0.61
chr19:50529600-50531400,ENSG00000213024.6$NUP62$chr19$50433020$-,0.59
chr19:50553000-50555400,ENSG00000213024.6$NUP62$chr19$50433020$-,0.52
chr19:50650000-50651200,ENSG00000213024.6$NUP62$chr19$50433020$-,0.5
chr19:50651400-50652000,ENSG00000213024.6$NUP62$chr19$50433020$-,0.5
chr1:229197000-229197400,ENSG00000213029.2$SPHAR$chr1$229440129$+,0.36
chr1:229392800-229395200,ENSG00000213029.2$SPHAR$chr1$229440129$+,0.5
chr1:197650600-197651400,ENSG00000213047.7$DENND1B$chr1$197744826$-,0.57
chr1:197665000-197667000,ENSG00000213047.7$DENND1B$chr1$197744826$-,0.51
chr1:197675400-197676400,ENSG00000213047.7$DENND1B$chr1$197744826$-,0.45
chr1:197724400-197725800,ENSG00000213047.7$DENND1B$chr1$197744826$-,0.65
chr1:197726200-197728600,ENSG00000213047.7$DENND1B$chr1$197744826$-,0.73
chr1:197870400-197871600,ENSG00000213047.7$DENND1B$chr1$197744826$-,0.48
chr1:197872400-197874000,ENSG00000213047.7$DENND1B$chr1$197744826$-,0.38
chr1:168382600-168383200,ENSG00000213064.5$SFT2D2$chr1$168195176$+,0.36
chr6:167323800-167325400,ENSG00000213066.7$FGFR1OP$chr6$167412670$+,0.35
chr6:167425000-167427200,ENSG00000213066.7$FGFR1OP$chr6$167412670$+,0.6
chr6:167450200-167452000,ENSG00000213066.7$FGFR1OP$chr6$167412670$+,0.63
chr6:167471800-167473600,ENSG00000213066.7$FGFR1OP$chr6$167412670$+,0.64
chr6:167487000-167487800,ENSG00000213066.7$FGFR1OP$chr6$167412670$+,0.6
chr6:155003800-155006200,ENSG00000213079.5$SCAF8$chr6$155054459$+,0.57
chr6:155102600-155105000,ENSG00000213079.5$SCAF8$chr6$155054459$+,0.5
chr6:155169200-155171200,ENSG00000213079.5$SCAF8$chr6$155054459$+,0.36
chr19:24173800-24175600,ENSG00000213096.5$ZNF254$chr19$24216276$+,0.47
chr19:24201000-24203200,ENSG00000213096.5$ZNF254$chr19$24216276$+,0.5
chr19:24214200-24216200,ENSG00000213096.5$ZNF254$chr19$24216276$+,0.43
chr19:24268800-24269800,ENSG00000213096.5$ZNF254$chr19$24216276$+,0.61
chr19:24275200-24276400,ENSG00000213096.5$ZNF254$chr19$24216276$+,0.53
chr3:195799000-195801200,ENSG00000213123.6$TCTEX1D2$chr3$196045170$-,0.38
chr3:195809400-195811000,ENSG00000213123.6$TCTEX1D2$chr3$196045170$-,0.4
chr3:195977800-195979400,ENSG00000213123.6$TCTEX1D2$chr3$196045170$-,0.47
chr3:196015400-196016200,ENSG00000213123.6$TCTEX1D2$chr3$196045170$-,0.52
chr3:196156600-196158000,ENSG00000213123.6$TCTEX1D2$chr3$196045170$-,0.43
chr3:196160000-196161400,ENSG00000213123.6$TCTEX1D2$chr3$196045170$-,0.55
chr3:196182800-196185200,ENSG00000213123.6$TCTEX1D2$chr3$196045170$-,0.47
chr3:196221200-196222800,ENSG00000213123.6$TCTEX1D2$chr3$196045170$-,0.39
chr3:187865800-187867000,ENSG00000213132.2$AC022498.1$chr3$187896331$+,0.49
chr14:105865400-105867200,ENSG00000213145.5$CRIP1$chr14$105952654$+,0.48
chr2:170452800-170453600,ENSG00000213160.5$KLHL23$chr2$170550998$+,0.51
chr2:170589000-170590200,ENSG00000213160.5$KLHL23$chr2$170550998$+,0.68
chr2:170654000-170655000,ENSG00000213160.5$KLHL23$chr2$170550998$+,0.43
chr2:170671400-170673000,ENSG00000213160.5$KLHL23$chr2$170550998$+,0.37
chr1:151733400-151735400,ENSG00000213171.2$LINGO4$chr1$151778630$-,0.4
chr1:151736200-151737800,ENSG00000213171.2$LINGO4$chr1$151778630$-,0.46
chr1:151761200-151763200,ENSG00000213171.2$LINGO4$chr1$151778630$-,0.46
chr1:151764200-151766200,ENSG00000213171.2$LINGO4$chr1$151778630$-,0.53
chr1:151847000-151848800,ENSG00000213171.2$LINGO4$chr1$151778630$-,0.41
chr1:151882600-151883800,ENSG00000213171.2$LINGO4$chr1$151778630$-,0.35
chr10:124466000-124468200,ENSG00000213185.2$FAM24B$chr10$124639157$-,0.41
chr3:160108200-160109400,ENSG00000213186.3$TRIM59$chr3$160203561$-,0.42
chr3:160109600-160111600,ENSG00000213186.3$TRIM59$chr3$160203561$-,0.4
chr3:160267200-160268400,ENSG00000213186.3$TRIM59$chr3$160203561$-,0.4
chr1:150894400-150895800,ENSG00000213190.2$MLLT11$chr1$151030234$+,0.45
chr1:150899400-150901000,ENSG00000213190.2$MLLT11$chr1$151030234$+,0.4
chr1:150996600-150998000,ENSG00000213190.2$MLLT11$chr1$151030234$+,0.4
chr1:151015400-151016200,ENSG00000213190.2$MLLT11$chr1$151030234$+,0.4
chr1:151018000-151020200,ENSG00000213190.2$MLLT11$chr1$151030234$+,0.43
chr1:151043800-151046200,ENSG00000213190.2$MLLT11$chr1$151030234$+,0.66
chr1:151097000-151099200,ENSG00000213190.2$MLLT11$chr1$151030234$+,0.44
chr1:151119600-151121400,ENSG00000213190.2$MLLT11$chr1$151030234$+,0.47
chr1:151162800-151163800,ENSG00000213190.2$MLLT11$chr1$151030234$+,0.39
chr7:150753000-150754600,ENSG00000213199.3$ASIC3$chr7$150745379$+,0.42
chr7:150332600-150335000,ENSG00000213203.2$GIMAP1$chr7$150413645$+,0.35
chr7:150449000-150449600,ENSG00000213203.2$GIMAP1$chr7$150413645$+,0.56
chr6:87988400-87990400,ENSG00000213204.4$C6orf165$chr6$88117730$+,0.41
chr6:88116600-88117400,ENSG00000213204.4$C6orf165$chr6$88117730$+,0.4
chr6:88224400-88225200,ENSG00000213204.4$C6orf165$chr6$88117730$+,0.44
chr6:88286600-88287200,ENSG00000213204.4$C6orf165$chr6$88117730$+,0.36
chr9:139278600-139280800,ENSG00000213221.4$DNLZ$chr9$139258241$-,0.43
chr1:145106200-145106400,ENSG00000213240.7$NOTCH2NL$chr1$145209119$+,0.44
chr1:145151600-145154000,ENSG00000213240.7$NOTCH2NL$chr1$145209119$+,0.57
chr1:145155000-145157400,ENSG00000213240.7$NOTCH2NL$chr1$145209119$+,0.48
chr1:145323400-145323800,ENSG00000213240.7$NOTCH2NL$chr1$145209119$+,0.55
chr1:145397800-145400200,ENSG00000213240.7$NOTCH2NL$chr1$145209119$+,0.41
chr17:56295000-56296200,ENSG00000213246.2$SUPT4H1$chr17$56430454$-,0.42
chr17:56297000-56298200,ENSG00000213246.2$SUPT4H1$chr17$56430454$-,0.36
chr17:56564000-56566400,ENSG00000213246.2$SUPT4H1$chr17$56430454$-,0.42
chr7:130352000-130352800,ENSG00000213265.4$TSGA13$chr7$130372268$-,0.59
chr7:130354000-130355200,ENSG00000213265.4$TSGA13$chr7$130372268$-,0.51
chr7:130419200-130420200,ENSG00000213265.4$TSGA13$chr7$130372268$-,0.6
chr1:115210000-115212400,ENSG00000213281.4$NRAS$chr1$115259515$-,0.61
chr1:115242400-115243200,ENSG00000213281.4$NRAS$chr1$115259515$-,0.73
chr1:115300800-115301800,ENSG00000213281.4$NRAS$chr1$115259515$-,0.68
chr1:115320600-115322600,ENSG00000213281.4$NRAS$chr1$115259515$-,0.52
chr5:179103000-179105000,ENSG00000213316.5$LTC4S$chr5$179220981$+,0.35
chr5:179131800-179133400,ENSG00000213316.5$LTC4S$chr5$179220981$+,0.43
chr5:179234400-179236000,ENSG00000213316.5$LTC4S$chr5$179220981$+,0.55
chr5:179263000-179265400,ENSG00000213316.5$LTC4S$chr5$179220981$+,0.63
chr2:97304400-97305000,ENSG00000213337.4$ANKRD39$chr2$97523832$-,0.35
chr2:97406000-97407200,ENSG00000213337.4$ANKRD39$chr2$97523832$-,0.52
chr2:97642200-97644400,ENSG00000213337.4$ANKRD39$chr2$97523832$-,0.39
chr2:97687800-97690000,ENSG00000213337.4$ANKRD39$chr2$97523832$-,0.4
chr2:97807600-97808200,ENSG00000213337.4$ANKRD39$chr2$97523832$-,0.35
chr19:10589000-10590800,ENSG00000213339.4$QTRT1$chr19$10812106$+,0.41
chr19:10616000-10617600,ENSG00000213339.4$QTRT1$chr19$10812106$+,0.4
chr19:10682600-10683800,ENSG00000213339.4$QTRT1$chr19$10812106$+,0.42
chr19:10691400-10692600,ENSG00000213339.4$QTRT1$chr19$10812106$+,0.39
chr19:10718800-10721200,ENSG00000213339.4$QTRT1$chr19$10812106$+,0.44
chr19:10762200-10763800,ENSG00000213339.4$QTRT1$chr19$10812106$+,0.45
chr19:10826800-10828600,ENSG00000213339.4$QTRT1$chr19$10812106$+,0.64
chr19:11037600-11038800,ENSG00000213339.4$QTRT1$chr19$10812106$+,0.36
chr19:11069600-11071000,ENSG00000213339.4$QTRT1$chr19$10812106$+,0.36
chr10:101963600-101965200,ENSG00000213341.6$CHUK$chr10$101989376$-,0.73
chr10:101986200-101988600,ENSG00000213341.6$CHUK$chr10$101989376$-,0.35
chr5:176580200-176582000,ENSG00000213347.6$MXD3$chr5$176739758$-,0.43
chr5:176629400-176630600,ENSG00000213347.6$MXD3$chr5$176739758$-,0.42
chr5:176646600-176648600,ENSG00000213347.6$MXD3$chr5$176739758$-,0.51
chr5:176744400-176745800,ENSG00000213347.6$MXD3$chr5$176739758$-,0.62
chr5:176851000-176853200,ENSG00000213347.6$MXD3$chr5$176739758$-,0.41
chr16:69286200-69286800,ENSG00000213380.9$COG8$chr16$69373570$-,0.42
chr16:69456800-69458200,ENSG00000213380.9$COG8$chr16$69373570$-,0.65
chr10:99050000-99051800,ENSG00000213390.6$ARHGAP19$chr10$99052413$-,0.41
chr10:99158600-99160200,ENSG00000213390.6$ARHGAP19$chr10$99052413$-,0.46
chr16:67970800-67972200,ENSG00000213398.3$LCAT$chr16$67978034$-,0.4
chr16:68003000-68005000,ENSG00000213398.3$LCAT$chr16$67978034$-,0.41
chrX:151998000-151998800,ENSG00000213401.4$MAGEA12$chrX$151903184$-,0.53
chr11:67156600-67158800,ENSG00000213402.2$PTPRCAP$chr11$67205538$-,0.46
chr11:67194200-67195400,ENSG00000213402.2$PTPRCAP$chr11$67205538$-,0.67
chr11:67375000-67377200,ENSG00000213402.2$PTPRCAP$chr11$67205538$-,0.43
chr7:99699600-99702000,ENSG00000213413.2$PVRIG$chr7$99815864$+,0.36
chr7:99715200-99716400,ENSG00000213413.2$PVRIG$chr7$99815864$+,0.41
chr7:99721800-99724000,ENSG00000213413.2$PVRIG$chr7$99815864$+,0.41
chr7:99725600-99727600,ENSG00000213413.2$PVRIG$chr7$99815864$+,0.39
chr7:99735200-99736800,ENSG00000213413.2$PVRIG$chr7$99815864$+,0.41
chr7:99914200-99916200,ENSG00000213413.2$PVRIG$chr7$99815864$+,0.49
chr17:39208000-39209800,ENSG00000213416.3$KRTAP4-12$chr17$39280419$-,0.41
chr17:39283200-39283400,ENSG00000213416.3$KRTAP4-12$chr17$39280419$-,0.78
chr17:39208000-39209800,ENSG00000213417.2$KRTAP2-4$chr17$39222131$-,0.57
chr7:99531600-99533400,ENSG00000213420.3$GPC2$chr7$99774995$-,0.37
chr7:99646000-99647000,ENSG00000213420.3$GPC2$chr7$99774995$-,0.43
chr7:99679400-99681800,ENSG00000213420.3$GPC2$chr7$99774995$-,0.45
chr7:99699600-99702000,ENSG00000213420.3$GPC2$chr7$99774995$-,0.54
chr7:99715200-99716400,ENSG00000213420.3$GPC2$chr7$99774995$-,0.42
chr7:99721800-99724000,ENSG00000213420.3$GPC2$chr7$99774995$-,0.4
chr7:99725600-99727600,ENSG00000213420.3$GPC2$chr7$99774995$-,0.49
chr7:99735200-99736800,ENSG00000213420.3$GPC2$chr7$99774995$-,0.51
chr7:99914200-99916200,ENSG00000213420.3$GPC2$chr7$99774995$-,0.41
chr17:38805000-38806400,ENSG00000213424.4$KRT222$chr17$38821433$-,0.44
chr17:38815800-38816800,ENSG00000213424.4$KRT222$chr17$38821433$-,0.55
chr11:65431400-65433200,ENSG00000213445.4$SIPA1$chr11$65405568$+,0.58
chr7:64362600-64363400,ENSG00000213462.4$ERV3-1$chr7$64467121$-,0.43
chr7:64499800-64501000,ENSG00000213462.4$ERV3-1$chr7$64467121$-,0.59
chr7:64541800-64542400,ENSG00000213462.4$ERV3-1$chr7$64467121$-,0.51
chr7:64712800-64713400,ENSG00000213462.4$ERV3-1$chr7$64467121$-,0.41
chr14:70826800-70827400,ENSG00000213463.3$SYNJ2BP$chr14$70883778$-,0.39
chr14:70872600-70873800,ENSG00000213463.3$SYNJ2BP$chr14$70883778$-,0.37
chr11:64690600-64691800,ENSG00000213465.3$ARL2$chr11$64781585$+,0.55
chr11:64692800-64695200,ENSG00000213465.3$ARL2$chr11$64781585$+,0.55
chr11:64805800-64808200,ENSG00000213465.3$ARL2$chr11$64781585$+,0.61
chr11:64902800-64905200,ENSG00000213465.3$ARL2$chr11$64781585$+,0.55
chr15:90777800-90778600,ENSG00000213471.4$TTLL13$chr15$90792762$+,0.42
chr1:89493600-89495600,ENSG00000213512.1$GBP7$chr1$89641723$-,0.37
chr1:89531000-89532400,ENSG00000213512.1$GBP7$chr1$89641723$-,0.43
chr1:89580400-89581600,ENSG00000213512.1$GBP7$chr1$89641723$-,0.5
chr1:89655200-89656000,ENSG00000213512.1$GBP7$chr1$89641723$-,0.39
chr1:89656800-89657600,ENSG00000213512.1$GBP7$chr1$89641723$-,0.6
chr1:89704600-89706200,ENSG00000213512.1$GBP7$chr1$89641723$-,0.48
chr1:89715800-89717800,ENSG00000213512.1$GBP7$chr1$89641723$-,0.44
chr1:89731000-89731600,ENSG00000213512.1$GBP7$chr1$89641723$-,0.38
chr1:89732800-89733000,ENSG00000213512.1$GBP7$chr1$89641723$-,0.4
chr1:89790600-89791600,ENSG00000213512.1$GBP7$chr1$89641723$-,0.38
chr1:89798200-89799000,ENSG00000213512.1$GBP7$chr1$89641723$-,0.37
chr1:89357600-89358600,ENSG00000213516.5$RBMXL1$chr1$89458643$-,0.52
chr1:89436600-89437800,ENSG00000213516.5$RBMXL1$chr1$89458643$-,0.49
chr1:89493600-89495600,ENSG00000213516.5$RBMXL1$chr1$89458643$-,0.6
chr1:89531000-89532400,ENSG00000213516.5$RBMXL1$chr1$89458643$-,0.44
chr1:89580400-89581600,ENSG00000213516.5$RBMXL1$chr1$89458643$-,0.4
chr1:89704600-89706200,ENSG00000213516.5$RBMXL1$chr1$89458643$-,0.39
chr5:139682800-139684600,ENSG00000213523.5$SRA1$chr5$139937895$-,0.35
chr3:52802800-52804600,ENSG00000213533.7$TMEM110$chr3$52931612$-,0.45
chr3:52968400-52969600,ENSG00000213533.7$TMEM110$chr3$52931612$-,0.62
chr3:52990200-52992200,ENSG00000213533.7$TMEM110$chr3$52931612$-,0.41
chr3:53080400-53081800,ENSG00000213533.7$TMEM110$chr3$52931612$-,0.47
chr3:53162000-53163800,ENSG00000213533.7$TMEM110$chr3$52931612$-,0.4
chr10:74928400-74930200,ENSG00000213551.4$DNAJC9$chr10$75008620$-,0.51
chr10:75013000-75014600,ENSG00000213551.4$DNAJC9$chr10$75008620$-,0.61
chr10:75056600-75057400,ENSG00000213551.4$DNAJC9$chr10$75008620$-,0.62
chr10:75116600-75118000,ENSG00000213551.4$DNAJC9$chr10$75008620$-,0.39
chr10:75118800-75119400,ENSG00000213551.4$DNAJC9$chr10$75008620$-,0.45
chr8:145704000-145706200,ENSG00000213563.2$C8orf82$chr8$145754516$-,0.46
chr5:133489200-133489800,ENSG00000213585.6$VDAC1$chr5$133340824$-,0.4
chr6:33254800-33256400,ENSG00000213588.4$ZBTB9$chr6$33422356$+,0.35
chr6:33258000-33260000,ENSG00000213588.4$ZBTB9$chr6$33422356$+,0.43
chr6:33268000-33270000,ENSG00000213588.4$ZBTB9$chr6$33422356$+,0.44
chr6:33275200-33277600,ENSG00000213588.4$ZBTB9$chr6$33422356$+,0.5
chr6:33372800-33374400,ENSG00000213588.4$ZBTB9$chr6$33422356$+,0.51
chr6:33376800-33378000,ENSG00000213588.4$ZBTB9$chr6$33422356$+,0.42
chr6:33479200-33481400,ENSG00000213588.4$ZBTB9$chr6$33422356$+,0.55
chr6:33548000-33549200,ENSG00000213588.4$ZBTB9$chr6$33422356$+,0.43
chr11:57298800-57300400,ENSG00000213593.5$TMX2$chr11$57480072$+,0.37
chr11:57335800-57337600,ENSG00000213593.5$TMX2$chr11$57480072$+,0.42
chr11:57403800-57405800,ENSG00000213593.5$TMX2$chr11$57480072$+,0.5
chr11:57424000-57424800,ENSG00000213593.5$TMX2$chr11$57480072$+,0.51
chr11:57433000-57434400,ENSG00000213593.5$TMX2$chr11$57480072$+,0.56
chr11:57445000-57445800,ENSG00000213593.5$TMX2$chr11$57480072$+,0.54
chr11:57524600-57526600,ENSG00000213593.5$TMX2$chr11$57480072$+,0.54
chr15:72565400-72567000,ENSG00000213614.5$HEXA$chr15$72668817$-,0.48
chr15:72753600-72754200,ENSG00000213614.5$HEXA$chr15$72668817$-,0.44
chr15:72791800-72792600,ENSG00000213614.5$HEXA$chr15$72668817$-,0.44
chr15:72797800-72798200,ENSG00000213614.5$HEXA$chr15$72668817$-,0.37
chr15:72810400-72810800,ENSG00000213614.5$HEXA$chr15$72668817$-,0.4
chr15:72821000-72822400,ENSG00000213614.5$HEXA$chr15$72668817$-,0.35
chr11:47574800-47576200,ENSG00000213619.5$NDUFS3$chr11$47586888$+,0.6
chr11:47664400-47665600,ENSG00000213619.5$NDUFS3$chr11$47586888$+,0.67
chr11:47735400-47736400,ENSG00000213619.5$NDUFS3$chr11$47586888$+,0.55
chr11:47785200-47787600,ENSG00000213619.5$NDUFS3$chr11$47586888$+,0.37
chr1:65923200-65925600,ENSG00000213625.4$LEPROT$chr1$65886270$+,0.57
chr2:30313600-30314800,ENSG00000213626.7$LBH$chr2$30454397$+,0.35
chr19:1938800-1940400,ENSG00000213638.4$ADAT3$chr19$1905377$+,0.55
chr2:28876800-28879000,ENSG00000213639.5$PPP1CB$chr2$28974506$+,0.51
chr2:29003000-29004800,ENSG00000213639.5$PPP1CB$chr2$28974506$+,0.72
chr2:29043800-29044800,ENSG00000213639.5$PPP1CB$chr2$28974506$+,0.48
chr2:29093800-29096000,ENSG00000213639.5$PPP1CB$chr2$28974506$+,0.46
chr6:32004400-32006200,ENSG00000213654.5$GPSM3$chr6$32163300$-,0.39
chr6:32090600-32092400,ENSG00000213654.5$GPSM3$chr6$32163300$-,0.46
chr6:32093200-32095400,ENSG00000213654.5$GPSM3$chr6$32163300$-,0.49
chr6:32096000-32097800,ENSG00000213654.5$GPSM3$chr6$32163300$-,0.48
chr6:32122600-32124600,ENSG00000213654.5$GPSM3$chr6$32163300$-,0.48
chr6:32211400-32213600,ENSG00000213654.5$GPSM3$chr6$32163300$-,0.43
chr6:32219800-32221200,ENSG00000213654.5$GPSM3$chr6$32163300$-,0.53
chr6:32238400-32240800,ENSG00000213654.5$GPSM3$chr6$32163300$-,0.43
chr16:28855400-28857200,ENSG00000213658.6$LAT$chr16$28996147$+,0.5
chr16:28858400-28860000,ENSG00000213658.6$LAT$chr16$28996147$+,0.37
chr16:28873000-28874400,ENSG00000213658.6$LAT$chr16$28996147$+,0.45
chr16:28961200-28962200,ENSG00000213658.6$LAT$chr16$28996147$+,0.42
chr16:28983600-28985600,ENSG00000213658.6$LAT$chr16$28996147$+,0.47
chr16:29031800-29034000,ENSG00000213658.6$LAT$chr16$28996147$+,0.61
chr3:48645000-48646400,ENSG00000213672.3$NCKIPSD$chr3$48723797$-,0.36
chr6:31863200-31865400,ENSG00000213676.6$ATF6B$chr6$32096030$-,0.37
chr6:31924400-31926200,ENSG00000213676.6$ATF6B$chr6$32096030$-,0.47
chr6:31940600-31943000,ENSG00000213676.6$ATF6B$chr6$32096030$-,0.42
chr6:32090600-32092400,ENSG00000213676.6$ATF6B$chr6$32096030$-,0.57
chr6:32122600-32124600,ENSG00000213676.6$ATF6B$chr6$32096030$-,0.68
chr6:32211400-32213600,ENSG00000213676.6$ATF6B$chr6$32096030$-,0.43
chr6:32219800-32221200,ENSG00000213676.6$ATF6B$chr6$32096030$-,0.51
chr6:32238400-32240800,ENSG00000213676.6$ATF6B$chr6$32096030$-,0.47
chr3:48479800-48481200,ENSG00000213689.5$TREX1$chr3$48506445$+,0.41
chr3:48486000-48487800,ENSG00000213689.5$TREX1$chr3$48506445$+,0.4
chr20:55096800-55099200,ENSG00000213714.1$FAM209B$chr20$55108302$+,0.51
chr6:31671200-31672200,ENSG00000213719.4$CLIC1$chr6$31707540$-,0.53
chr6:31755000-31757400,ENSG00000213719.4$CLIC1$chr6$31707540$-,0.53
chr6:31863200-31865400,ENSG00000213719.4$CLIC1$chr6$31707540$-,0.36
chr6:31671200-31672200,ENSG00000213722.4$DDAH2$chr6$31698394$-,0.48
chr6:31755000-31757400,ENSG00000213722.4$DDAH2$chr6$31698394$-,0.43
chr6:31408800-31411000,ENSG00000213760.6$ATP6V1G2$chr6$31516204$-,0.49
chr6:31470200-31471200,ENSG00000213760.6$ATP6V1G2$chr6$31516204$-,0.38
chr6:31510400-31512000,ENSG00000213760.6$ATP6V1G2$chr6$31516204$-,0.5
chr6:31671200-31672200,ENSG00000213760.6$ATP6V1G2$chr6$31516204$-,0.39
chr19:57999400-58000800,ENSG00000213762.6$ZNF134$chr19$58125601$+,0.35
chr19:58037800-58038600,ENSG00000213762.6$ZNF134$chr19$58125601$+,0.46
chr19:58039400-58040600,ENSG00000213762.6$ZNF134$chr19$58125601$+,0.47
chr19:58088800-58089800,ENSG00000213762.6$ZNF134$chr19$58125601$+,0.57
chr19:58090200-58091400,ENSG00000213762.6$ZNF134$chr19$58125601$+,0.64
chr19:58110200-58111200,ENSG00000213762.6$ZNF134$chr19$58125601$+,0.68
chr19:58111400-58113000,ENSG00000213762.6$ZNF134$chr19$58125601$+,0.66
chr19:58143400-58144400,ENSG00000213762.6$ZNF134$chr19$58125601$+,0.6
chr19:58145200-58147000,ENSG00000213762.6$ZNF134$chr19$58125601$+,0.6
chr19:58174600-58177000,ENSG00000213762.6$ZNF134$chr19$58125601$+,0.53
chr19:58237000-58238400,ENSG00000213762.6$ZNF134$chr19$58125601$+,0.56
chr19:58257400-58258200,ENSG00000213762.6$ZNF134$chr19$58125601$+,0.5
chr6:30793600-30793800,ENSG00000213780.6$GTF2H4$chr6$30875961$+,0.4
chr6:30880000-30882200,ENSG00000213780.6$GTF2H4$chr6$30875961$+,0.51
chr12:12863400-12863800,ENSG00000213782.3$DDX47$chr12$12966250$+,0.35
chr12:13042600-13044200,ENSG00000213782.3$DDX47$chr12$12966250$+,0.51
chr19:53659600-53662000,ENSG00000213799.6$ZNF845$chr19$53837002$+,0.39
chr19:53662600-53663200,ENSG00000213799.6$ZNF845$chr19$53837002$+,0.46
chr19:53695000-53696200,ENSG00000213799.6$ZNF845$chr19$53837002$+,0.51
chr19:53698400-53700400,ENSG00000213799.6$ZNF845$chr19$53837002$+,0.42
chr19:53756400-53757600,ENSG00000213799.6$ZNF845$chr19$53837002$+,0.49
chr19:53867200-53868400,ENSG00000213799.6$ZNF845$chr19$53837002$+,0.51
chr19:53896600-53898400,ENSG00000213799.6$ZNF845$chr19$53837002$+,0.48
chr19:53933400-53935200,ENSG00000213799.6$ZNF845$chr19$53837002$+,0.43
chr12:10306600-10307400,ENSG00000213809.4$KLRK1$chr12$10544473$-,0.37
chr17:7298400-7300000,ENSG00000213859.3$KCTD11$chr17$7255208$+,0.38
chr8:67526400-67528000,ENSG00000213865.3$C8orf44$chr8$67579850$+,0.49
chr8:67528600-67529400,ENSG00000213865.3$C8orf44$chr8$67579850$+,0.59
chr8:67585800-67587800,ENSG00000213865.3$C8orf44$chr8$67579850$+,0.52
chr8:67594800-67595600,ENSG00000213865.3$C8orf44$chr8$67579850$+,0.56
chr8:67601000-67603000,ENSG00000213865.3$C8orf44$chr8$67579850$+,0.55
chr8:67622800-67624600,ENSG00000213865.3$C8orf44$chr8$67579850$+,0.55
chr8:67685200-67687000,ENSG00000213865.3$C8orf44$chr8$67579850$+,0.46
chr6:29520200-29522400,ENSG00000213886.3$UBD$chr6$29527702$-,0.53
chr22:31707600-31708400,ENSG00000213888.2$AC005003.1$chr22$31742875$+,0.5
chr22:31708600-31711000,ENSG00000213888.2$AC005003.1$chr22$31742875$+,0.56
chr22:31879400-31881600,ENSG00000213888.2$AC005003.1$chr22$31742875$+,0.35
chr14:24603400-24604800,ENSG00000213903.4$LTB4R$chr14$24780656$+,0.38
chr14:24628800-24630600,ENSG00000213903.4$LTB4R$chr14$24780656$+,0.53
chr14:24682800-24684600,ENSG00000213903.4$LTB4R$chr14$24780656$+,0.56
chr14:24685200-24686400,ENSG00000213903.4$LTB4R$chr14$24780656$+,0.51
chr14:24712400-24714800,ENSG00000213903.4$LTB4R$chr14$24780656$+,0.48
chr14:24715000-24717400,ENSG00000213903.4$LTB4R$chr14$24780656$+,0.44
chr14:24738000-24740200,ENSG00000213903.4$LTB4R$chr14$24780656$+,0.4
chr14:24758400-24760200,ENSG00000213903.4$LTB4R$chr14$24780656$+,0.59
chr14:24769800-24771600,ENSG00000213903.4$LTB4R$chr14$24780656$+,0.49
chr14:24912400-24913600,ENSG00000213903.4$LTB4R$chr14$24780656$+,0.44
chr14:24769800-24771600,ENSG00000213906.5$LTB4R2$chr14$24774940$+,0.4
chr16:3549000-3551000,ENSG00000213918.6$DNASE1$chr16$3661729$+,0.35
chr16:3715000-3717400,ENSG00000213918.6$DNASE1$chr16$3661729$+,0.47
chr14:24564200-24566400,ENSG00000213920.4$MDP1$chr14$24685276$-,0.46
chr14:24582400-24582800,ENSG00000213920.4$MDP1$chr14$24685276$-,0.51
chr14:24603400-24604800,ENSG00000213920.4$MDP1$chr14$24685276$-,0.5
chr14:24628800-24630600,ENSG00000213920.4$MDP1$chr14$24685276$-,0.4
chr14:24712400-24714800,ENSG00000213920.4$MDP1$chr14$24685276$-,0.56
chr14:24715000-24717400,ENSG00000213920.4$MDP1$chr14$24685276$-,0.47
chr14:24738000-24740200,ENSG00000213920.4$MDP1$chr14$24685276$-,0.46
chr14:24758400-24760200,ENSG00000213920.4$MDP1$chr14$24685276$-,0.51
chr14:24769800-24771600,ENSG00000213920.4$MDP1$chr14$24685276$-,0.49
chr14:24912400-24913600,ENSG00000213920.4$MDP1$chr14$24685276$-,0.39
chr19:40313200-40314800,ENSG00000213921.6$LEUTX$chr19$40267235$+,0.37
chr19:39934000-39935800,ENSG00000213922.1$AC011500.1$chr19$39930212$+,0.48
chr22:38782200-38784600,ENSG00000213923.6$CSNK1E$chr22$38794527$-,0.6
chr22:38808200-38810600,ENSG00000213923.6$CSNK1E$chr22$38794527$-,0.58
chr22:38893800-38896000,ENSG00000213923.6$CSNK1E$chr22$38794527$-,0.44
chr22:38926600-38929000,ENSG00000213923.6$CSNK1E$chr22$38794527$-,0.36
chr9:34609800-34611600,ENSG00000213927.3$CCL27$chr9$34664045$-,0.48
chr9:34612600-34615000,ENSG00000213927.3$CCL27$chr9$34664045$-,0.5
chr9:34618000-34620000,ENSG00000213927.3$CCL27$chr9$34664045$-,0.49
chr9:34638200-34639400,ENSG00000213927.3$CCL27$chr9$34664045$-,0.51
chr9:34809400-34811600,ENSG00000213927.3$CCL27$chr9$34664045$-,0.48
chr14:24474800-24475800,ENSG00000213928.4$IRF9$chr14$24630262$+,0.48
chr14:24564200-24566400,ENSG00000213928.4$IRF9$chr14$24630262$+,0.49
chr14:24582400-24582800,ENSG00000213928.4$IRF9$chr14$24630262$+,0.54
chr14:24603400-24604800,ENSG00000213928.4$IRF9$chr14$24630262$+,0.5
chr14:24682800-24684600,ENSG00000213928.4$IRF9$chr14$24630262$+,0.54
chr14:24685200-24686400,ENSG00000213928.4$IRF9$chr14$24630262$+,0.43
chr14:24712400-24714800,ENSG00000213928.4$IRF9$chr14$24630262$+,0.42
chr14:24715000-24717400,ENSG00000213928.4$IRF9$chr14$24630262$+,0.39
chr14:24738000-24740200,ENSG00000213928.4$IRF9$chr14$24630262$+,0.43
chr14:24758400-24760200,ENSG00000213928.4$IRF9$chr14$24630262$+,0.51
chr14:24769800-24771600,ENSG00000213928.4$IRF9$chr14$24630262$+,0.48
chr9:34609800-34611600,ENSG00000213930.7$GALT$chr9$34638130$+,0.62
chr9:34612600-34615000,ENSG00000213930.7$GALT$chr9$34638130$+,0.68
chr9:34618000-34620000,ENSG00000213930.7$GALT$chr9$34638130$+,0.54
chr11:5695200-5696200,ENSG00000213931.1$HBE1$chr11$5526847$-,0.35
chr5:52044200-52045000,ENSG00000213949.4$ITGA1$chr5$52083730$+,0.46
chr5:52066800-52068400,ENSG00000213949.4$ITGA1$chr5$52083730$+,0.52
chr5:52068600-52070800,ENSG00000213949.4$ITGA1$chr5$52083730$+,0.52
chr5:52071200-52073200,ENSG00000213949.4$ITGA1$chr5$52083730$+,0.55
chr5:52082200-52083400,ENSG00000213949.4$ITGA1$chr5$52083730$+,0.39
chr2:187368400-187370200,ENSG00000213953.1$AC018867.1$chr2$187361840$+,0.55
chr2:187453000-187454400,ENSG00000213953.1$AC018867.1$chr2$187361840$+,0.43
chr19:32948800-32951000,ENSG00000213965.3$NUDT19$chr19$33182867$+,0.35
chr19:33063600-33065000,ENSG00000213965.3$NUDT19$chr19$33182867$+,0.43
chr19:33071000-33071600,ENSG00000213965.3$NUDT19$chr19$33182867$+,0.36
chr19:33090400-33091200,ENSG00000213965.3$NUDT19$chr19$33182867$+,0.35
chr19:23939800-23941000,ENSG00000213967.6$ZNF726$chr19$24097678$+,0.37
chr19:23959400-23961800,ENSG00000213967.6$ZNF726$chr19$24097678$+,0.38
chr19:23975600-23977000,ENSG00000213967.6$ZNF726$chr19$24097678$+,0.45
chr19:24173800-24175600,ENSG00000213967.6$ZNF726$chr19$24097678$+,0.48
chr19:24201000-24203200,ENSG00000213967.6$ZNF726$chr19$24097678$+,0.51
chr19:24214200-24216200,ENSG00000213967.6$ZNF726$chr19$24097678$+,0.38
chr19:24268800-24269800,ENSG00000213967.6$ZNF726$chr19$24097678$+,0.38
chr19:24275200-24276400,ENSG00000213967.6$ZNF726$chr19$24097678$+,0.36
chr17:3586000-3587400,ENSG00000213977.3$TAX1BP3$chr17$3571976$-,0.63
chr17:3671800-3673000,ENSG00000213977.3$TAX1BP3$chr17$3571976$-,0.39
chr17:3690800-3692600,ENSG00000213977.3$TAX1BP3$chr17$3571976$-,0.35
chr17:3749600-3750400,ENSG00000213977.3$TAX1BP3$chr17$3571976$-,0.39
chr14:23937400-23938600,ENSG00000213983.7$AP1G2$chr14$24037279$-,0.59
chr14:23939400-23941000,ENSG00000213983.7$AP1G2$chr14$24037279$-,0.45
chr14:23947200-23949000,ENSG00000213983.7$AP1G2$chr14$24037279$-,0.54
chr14:24021000-24022400,ENSG00000213983.7$AP1G2$chr14$24037279$-,0.6
chr14:24023200-24025600,ENSG00000213983.7$AP1G2$chr14$24037279$-,0.55
chr14:24034600-24036200,ENSG00000213983.7$AP1G2$chr14$24037279$-,0.41
chr14:24057800-24059800,ENSG00000213983.7$AP1G2$chr14$24037279$-,0.6
chr19:20147600-20149600,ENSG00000213988.5$ZNF90$chr19$20188803$+,0.47
chr19:20163200-20164200,ENSG00000213988.5$ZNF90$chr19$20188803$+,0.54
chr19:19057200-19058200,ENSG00000213999.11$MEF2B$chr19$19303400$-,0.35
chr19:19247600-19249000,ENSG00000213999.11$MEF2B$chr19$19303400$-,0.51
chr19:19249400-19251600,ENSG00000213999.11$MEF2B$chr19$19303400$-,0.53
chr19:19312000-19314200,ENSG00000213999.11$MEF2B$chr19$19303400$-,0.67
chr19:19468200-19470000,ENSG00000213999.11$MEF2B$chr19$19303400$-,0.39
chr3:9691800-9693200,ENSG00000214021.11$TTLL3$chr3$9849770$+,0.35
chr3:9744600-9747000,ENSG00000214021.11$TTLL3$chr3$9849770$+,0.41
chr3:9771400-9772600,ENSG00000214021.11$TTLL3$chr3$9849770$+,0.45
chr3:9795600-9797800,ENSG00000214021.11$TTLL3$chr3$9849770$+,0.38
chr3:9883400-9885000,ENSG00000214021.11$TTLL3$chr3$9849770$+,0.51
chr3:9885800-9887200,ENSG00000214021.11$TTLL3$chr3$9849770$+,0.48
chr3:9892800-9895000,ENSG00000214021.11$TTLL3$chr3$9849770$+,0.57
chr3:9930000-9932200,ENSG00000214021.11$TTLL3$chr3$9849770$+,0.49
chr3:9972400-9974600,ENSG00000214021.11$TTLL3$chr3$9849770$+,0.35
chr7:150117400-150118800,ENSG00000214022.7$REPIN1$chr7$150065278$+,0.54
chr7:150136800-150138000,ENSG00000214022.7$REPIN1$chr7$150065278$+,0.62
chr12:133533400-133534600,ENSG00000214029.3$ZNF891$chr12$133707059$-,0.35
chr12:133613000-133613600,ENSG00000214029.3$ZNF891$chr12$133707059$-,0.43
chr12:133614600-133615200,ENSG00000214029.3$ZNF891$chr12$133707059$-,0.47
chr9:21162800-21163600,ENSG00000214042.1$IFNA7$chr9$21202204$-,0.39
chr9:21182800-21184000,ENSG00000214042.1$IFNA7$chr9$21202204$-,0.49
chr9:21236000-21236800,ENSG00000214042.1$IFNA7$chr9$21202204$-,0.38
chr11:798000-800000,ENSG00000214063.6$TSPAN4$chr11$842808$+,0.58
chr11:818000-819400,ENSG00000214063.6$TSPAN4$chr11$842808$+,0.56
chr20:34127400-34129800,ENSG00000214078.7$CPNE1$chr20$34252878$-,0.36
chr20:34201800-34203800,ENSG00000214078.7$CPNE1$chr20$34252878$-,0.5
chr20:34331200-34333400,ENSG00000214078.7$CPNE1$chr20$34252878$-,0.37
chr20:34349800-34351400,ENSG00000214078.7$CPNE1$chr20$34252878$-,0.37
chr20:34352600-34353600,ENSG00000214078.7$CPNE1$chr20$34252878$-,0.37
chr20:34369000-34371400,ENSG00000214078.7$CPNE1$chr20$34252878$-,0.38
chr20:34382200-34382800,ENSG00000214078.7$CPNE1$chr20$34252878$-,0.42
chr17:79474600-79476800,ENSG00000214087.4$ARL16$chr17$79650954$-,0.42
chr17:79667400-79669600,ENSG00000214087.4$ARL16$chr17$79650954$-,0.58
chr3:195977800-195979400,ENSG00000214097.4$SMCO1$chr3$196242237$-,0.35
chr3:196156600-196158000,ENSG00000214097.4$SMCO1$chr3$196242237$-,0.43
chr3:196160000-196161400,ENSG00000214097.4$SMCO1$chr3$196242237$-,0.5
chr3:196182800-196185200,ENSG00000214097.4$SMCO1$chr3$196242237$-,0.52
chr3:196196000-196197000,ENSG00000214097.4$SMCO1$chr3$196242237$-,0.58
chr3:196220000-196220600,ENSG00000214097.4$SMCO1$chr3$196242237$-,0.61
chr3:196221200-196222800,ENSG00000214097.4$SMCO1$chr3$196242237$-,0.65
chr3:196353600-196355400,ENSG00000214097.4$SMCO1$chr3$196242237$-,0.42
chr3:196439800-196441800,ENSG00000214097.4$SMCO1$chr3$196242237$-,0.35
chr7:154796000-154797600,ENSG00000214106.3$PAXIP1-AS2$chr7$154720208$+,0.45
chr19:13699200-13700600,ENSG00000214109.3$AC008686.1$chr19$13900972$-,0.38
chr19:13763000-13764400,ENSG00000214109.3$AC008686.1$chr19$13900972$-,0.42
chr19:13857600-13858400,ENSG00000214109.3$AC008686.1$chr19$13900972$-,0.5
chr19:13884200-13885200,ENSG00000214109.3$AC008686.1$chr19$13900972$-,0.6
chr19:14013600-14015000,ENSG00000214109.3$AC008686.1$chr19$13900972$-,0.47
chr19:14015200-14017400,ENSG00000214109.3$AC008686.1$chr19$13900972$-,0.37
chr6:5284000-5286400,ENSG00000214113.6$LYRM4$chr6$5261172$-,0.53
chr6:5353400-5355200,ENSG00000214113.6$LYRM4$chr6$5261172$-,0.4
chr1:39318000-39319200,ENSG00000214114.4$MYCBP$chr1$39347289$-,0.59
chr1:39336600-39338400,ENSG00000214114.4$MYCBP$chr1$39347289$-,0.55
chr1:39418600-39419800,ENSG00000214114.4$MYCBP$chr1$39347289$-,0.53
chr1:39429400-39430200,ENSG00000214114.4$MYCBP$chr1$39347289$-,0.54
chr1:39442200-39444600,ENSG00000214114.4$MYCBP$chr1$39347289$-,0.46
chr1:39490800-39491800,ENSG00000214114.4$MYCBP$chr1$39347289$-,0.43
chr7:138559200-138559600,ENSG00000214128.6$TMEM213$chr7$138482695$+,0.49
chr7:138582600-138584400,ENSG00000214128.6$TMEM213$chr7$138482695$+,0.47
chr17:74449200-74450200,ENSG00000214140.6$PRCD$chr17$74523668$+,0.51
chr17:74619200-74621400,ENSG00000214140.6$PRCD$chr17$74523668$+,0.41
chr3:183736200-183737400,ENSG00000214160.5$ALG3$chr3$183967336$-,0.45
chr3:183850200-183852000,ENSG00000214160.5$ALG3$chr3$183967336$-,0.47
chr3:183854000-183856000,ENSG00000214160.5$ALG3$chr3$183967336$-,0.4
chr3:184031400-184032200,ENSG00000214160.5$ALG3$chr3$183967336$-,0.54
chr7:116525000-116527200,ENSG00000214188.5$ST7-OT4$chr7$116593953$+,0.52
chr7:116602400-116604800,ENSG00000214188.5$ST7-OT4$chr7$116593953$+,0.64
chr7:116628600-116629200,ENSG00000214188.5$ST7-OT4$chr7$116593953$+,0.68
chr1:36727000-36728200,ENSG00000214193.5$SH3D21$chr1$36771988$+,0.65
chr1:36772800-36774400,ENSG00000214193.5$SH3D21$chr1$36771988$+,0.35
chr19:10826800-10828600,ENSG00000214212.4$C19orf38$chr19$10947251$+,0.48
chr19:11037600-11038800,ENSG00000214212.4$C19orf38$chr19$10947251$+,0.43
chr19:11046200-11048200,ENSG00000214212.4$C19orf38$chr19$10947251$+,0.59
chr19:11069600-11071000,ENSG00000214212.4$C19orf38$chr19$10947251$+,0.39
chr17:54839600-54841600,ENSG00000214226.4$C17orf67$chr17$54916134$-,0.52
chr17:54896200-54898200,ENSG00000214226.4$C17orf67$chr17$54916134$-,0.74
chr17:54906800-54907000,ENSG00000214226.4$C17orf67$chr17$54916134$-,0.67
chr17:54908000-54910400,ENSG00000214226.4$C17orf67$chr17$54916134$-,0.65
chr17:55053800-55055000,ENSG00000214226.4$C17orf67$chr17$54916134$-,0.36
chr19:7815400-7817200,ENSG00000214248.2$AC010336.1$chr19$7968427$-,0.44
chr19:7871400-7873600,ENSG00000214248.2$AC010336.1$chr19$7968427$-,0.42
chr19:8009200-8010400,ENSG00000214248.2$AC010336.1$chr19$7968427$-,0.49
chr7:100925800-100926600,ENSG00000214253.4$FIS1$chr7$100895597$-,0.61
chr7:100932200-100934600,ENSG00000214253.4$FIS1$chr7$100895597$-,0.54
chr7:100963600-100964600,ENSG00000214253.4$FIS1$chr7$100895597$-,0.52
chr7:100965400-100966600,ENSG00000214253.4$FIS1$chr7$100895597$-,0.48
chr7:100994800-100996600,ENSG00000214253.4$FIS1$chr7$100895597$-,0.49
chr15:25202200-25204200,ENSG00000214265.7$SNURF$chr15$25200181$+,0.49
chr14:20998800-20999600,ENSG00000214274.5$ANG$chr14$21152336$+,0.37
chr14:21055600-21056800,ENSG00000214274.5$ANG$chr14$21152336$+,0.37
chr14:21082200-21084000,ENSG00000214274.5$ANG$chr14$21152336$+,0.47
chr14:21120800-21122600,ENSG00000214274.5$ANG$chr14$21152336$+,0.5
chr14:21147600-21149800,ENSG00000214274.5$ANG$chr14$21152336$+,0.59
chr7:99914200-99916200,ENSG00000214300.6$SPDYE3$chr7$99905325$+,0.52
chr7:99646000-99647000,ENSG00000214309.3$MBLAC1$chr7$99724317$+,0.52
chr7:99679400-99681800,ENSG00000214309.3$MBLAC1$chr7$99724317$+,0.67
chr7:99699600-99702000,ENSG00000214309.3$MBLAC1$chr7$99724317$+,0.61
chr7:99715200-99716400,ENSG00000214309.3$MBLAC1$chr7$99724317$+,0.55
chr7:99721800-99724000,ENSG00000214309.3$MBLAC1$chr7$99724317$+,0.43
chr7:99725600-99727600,ENSG00000214309.3$MBLAC1$chr7$99724317$+,0.43
chr7:99735200-99736800,ENSG00000214309.3$MBLAC1$chr7$99724317$+,0.61
chr7:99033800-99036000,ENSG00000214314.1$AC073063.1$chr7$99040552$+,0.49
chr6:127815000-127816200,ENSG00000214338.6$SOGA3$chr6$127840500$-,0.38
chr4:2236000-2236400,ENSG00000214367.3$HAUS3$chr4$2243891$-,0.54
chr4:2349000-2350000,ENSG00000214367.3$HAUS3$chr4$2243891$-,0.41
chr10:112708200-112709600,ENSG00000214413.3$BBIP1$chr10$112679032$-,0.68
chr10:112778000-112778600,ENSG00000214413.3$BBIP1$chr10$112679032$-,0.58
chr17:43129800-43130800,ENSG00000214447.3$FAM187A$chr17$42977135$+,0.47
chr17:43135600-43138000,ENSG00000214447.3$FAM187A$chr17$42977135$+,0.48
chr6:83775400-83777400,ENSG00000214479.1$AL139333.1$chr6$83782692$+,0.36
chr12:51440400-51441600,ENSG00000214511.3$HIGD1C$chr12$51347705$+,0.36
chr11:73679000-73679600,ENSG00000214517.4$PPME1$chr11$73882144$+,0.35
chr11:73800600-73803000,ENSG00000214517.4$PPME1$chr11$73882144$+,0.51
chr11:73895600-73897800,ENSG00000214517.4$PPME1$chr11$73882144$+,0.65
chr11:74021600-74023800,ENSG00000214517.4$PPME1$chr11$73882144$+,0.43
chr17:39208000-39209800,ENSG00000214518.3$KRTAP2-2$chr17$39211482$-,0.52
chr17:39283200-39283400,ENSG00000214518.3$KRTAP2-2$chr17$39211482$-,0.41
chr17:36956400-36957200,ENSG00000214556.4$C17orf98$chr17$36997708$-,0.55
chr17:36981800-36982600,ENSG00000214556.4$C17orf98$chr17$36997708$-,0.59
chr17:37131600-37133600,ENSG00000214556.4$C17orf98$chr17$36997708$-,0.4
chr10:75487800-75489400,ENSG00000214655.6$ZSWIM8$chr10$75545340$+,0.47
chr10:75504800-75507200,ENSG00000214655.6$ZSWIM8$chr10$75545340$+,0.55
chr10:75530000-75532000,ENSG00000214655.6$ZSWIM8$chr10$75545340$+,0.7
chr14:75228200-75229800,ENSG00000214670.3$AC007956.1$chr14$75179800$-,0.5
chr14:75250400-75252400,ENSG00000214670.3$AC007956.1$chr14$75179800$-,0.44
chr14:75326400-75328400,ENSG00000214670.3$AC007956.1$chr14$75179800$-,0.39
chr3:51843400-51843800,ENSG00000214681.3$IQCF5$chr3$51909600$-,0.54
chr3:51857000-51858200,ENSG00000214681.3$IQCF5$chr3$51909600$-,0.44
chr10:73492600-73492800,ENSG00000214688.4$C10orf105$chr10$73497581$-,0.56
chr2:38952400-38953800,ENSG00000214694.6$ARHGEF33$chr2$39117021$+,0.4
chr2:38979000-38979800,ENSG00000214694.6$ARHGEF33$chr2$39117021$+,0.46
chr2:39005800-39007000,ENSG00000214694.6$ARHGEF33$chr2$39117021$+,0.48
chr2:39100600-39102400,ENSG00000214694.6$ARHGEF33$chr2$39117021$+,0.63
chr2:39103600-39104400,ENSG00000214694.6$ARHGEF33$chr2$39117021$+,0.57
chr3:50334400-50336600,ENSG00000214706.6$IFRD2$chr3$50330349$-,0.62
chr17:30276400-30277000,ENSG00000214708.4$AC090616.2$chr17$30470154$-,0.37
chr17:30333400-30334200,ENSG00000214708.4$AC090616.2$chr17$30470154$-,0.41
chr17:30409800-30411200,ENSG00000214708.4$AC090616.2$chr17$30470154$-,0.48
chr17:30455000-30456800,ENSG00000214708.4$AC090616.2$chr17$30470154$-,0.6
chr17:30463200-30464600,ENSG00000214708.4$AC090616.2$chr17$30470154$-,0.58
chr17:30474000-30476400,ENSG00000214708.4$AC090616.2$chr17$30470154$-,0.6
chrX:2291000-2292600,ENSG00000214717.5$ZBED1$chrX$2419008$-,0.41
chrX:2524800-2526600,ENSG00000214717.5$ZBED1$chrX$2419008$-,0.47
chrX:2546000-2547200,ENSG00000214717.5$ZBED1$chrX$2419008$-,0.46
chr6:41964200-41966200,ENSG00000214736.3$TOMM6$chr6$41755400$+,0.36
chr6:41968600-41970600,ENSG00000214736.3$TOMM6$chr6$41755400$+,0.39
chr11:62359600-62362000,ENSG00000214753.2$HNRNPUL2$chr11$62494821$-,0.42
chr11:62386400-62388800,ENSG00000214753.2$HNRNPUL2$chr11$62494821$-,0.54
chr11:62418200-62420200,ENSG00000214753.2$HNRNPUL2$chr11$62494821$-,0.48
chr11:62429600-62432000,ENSG00000214753.2$HNRNPUL2$chr11$62494821$-,0.47
chr11:62443600-62446000,ENSG00000214753.2$HNRNPUL2$chr11$62494821$-,0.54
chr11:62446800-62449200,ENSG00000214753.2$HNRNPUL2$chr11$62494821$-,0.47
chr11:62461600-62463400,ENSG00000214753.2$HNRNPUL2$chr11$62494821$-,0.6
chr11:62486400-62488600,ENSG00000214753.2$HNRNPUL2$chr11$62494821$-,0.61
chr11:62522000-62524400,ENSG00000214753.2$HNRNPUL2$chr11$62494821$-,0.57
chr11:62527800-62529000,ENSG00000214753.2$HNRNPUL2$chr11$62494821$-,0.64
chr11:62536800-62538200,ENSG00000214753.2$HNRNPUL2$chr11$62494821$-,0.54
chr11:62553200-62554600,ENSG00000214753.2$HNRNPUL2$chr11$62494821$-,0.5
chr11:62596400-62598600,ENSG00000214753.2$HNRNPUL2$chr11$62494821$-,0.44
chr11:62359600-62362000,ENSG00000214756.3$METTL12$chr11$62432781$+,0.45
chr11:62386400-62388800,ENSG00000214756.3$METTL12$chr11$62432781$+,0.44
chr11:62418200-62420200,ENSG00000214756.3$METTL12$chr11$62432781$+,0.58
chr11:62429600-62432000,ENSG00000214756.3$METTL12$chr11$62432781$+,0.39
chr11:62443600-62446000,ENSG00000214756.3$METTL12$chr11$62432781$+,0.67
chr11:62446800-62449200,ENSG00000214756.3$METTL12$chr11$62432781$+,0.6
chr11:62461600-62463400,ENSG00000214756.3$METTL12$chr11$62432781$+,0.62
chr11:62486400-62488600,ENSG00000214756.3$METTL12$chr11$62432781$+,0.46
chr11:62522000-62524400,ENSG00000214756.3$METTL12$chr11$62432781$+,0.49
chr11:62527800-62529000,ENSG00000214756.3$METTL12$chr11$62432781$+,0.48
chr11:62536800-62538200,ENSG00000214756.3$METTL12$chr11$62432781$+,0.47
chr11:62553200-62554600,ENSG00000214756.3$METTL12$chr11$62432781$+,0.47
chr11:62596400-62598600,ENSG00000214756.3$METTL12$chr11$62432781$+,0.41
chrX:154421200-154423400,ENSG00000214827.5$MTCP1$chrX$154376212$-,0.49
chr17:18291600-18293600,ENSG00000214860.4$EVPLL$chr17$18280976$+,0.5
chr7:23219600-23221200,ENSG00000214871.3$AC005082.1$chr7$23210760$+,0.46
chr11:57298800-57300400,ENSG00000214872.4$SMTNL1$chr11$57308979$+,0.54
chr3:155524200-155524800,ENSG00000214919.2$AC104472.1$chr3$155461515$-,0.51
chr17:42092400-42093400,ENSG00000214921.2$AC003102.1$chr17$42327236$-,0.39
chr17:42201600-42202400,ENSG00000214921.2$AC003102.1$chr17$42327236$-,0.47
chr17:42265000-42267000,ENSG00000214921.2$AC003102.1$chr17$42327236$-,0.44
chr17:42274000-42276400,ENSG00000214921.2$AC003102.1$chr17$42327236$-,0.43
chr17:42420800-42422600,ENSG00000214921.2$AC003102.1$chr17$42327236$-,0.54
chr17:15789000-15791000,ENSG00000214941.3$ZSWIM7$chr17$15903031$-,0.52
chr17:15601200-15602600,ENSG00000214946.9$TBC1D26$chr17$15635561$+,0.35
chr8:92053400-92055800,ENSG00000214954.4$LRRC69$chr8$92114060$+,0.48
chr8:92059400-92061800,ENSG00000214954.4$LRRC69$chr8$92114060$+,0.6
chr17:7819000-7820800,ENSG00000214999.3$AC129492.6$chr17$7982800$+,0.47
chr17:7854400-7855600,ENSG00000214999.3$AC129492.6$chr17$7982800$+,0.52
chr17:7997400-7998800,ENSG00000214999.3$AC129492.6$chr17$7982800$+,0.68
chr17:8074400-8076800,ENSG00000214999.3$AC129492.6$chr17$7982800$+,0.46
chr17:8077200-8079400,ENSG00000214999.3$AC129492.6$chr17$7982800$+,0.4
chr17:8080000-8081600,ENSG00000214999.3$AC129492.6$chr17$7982800$+,0.43
chr17:8098600-8100800,ENSG00000214999.3$AC129492.6$chr17$7982800$+,0.39
chr17:8102400-8103600,ENSG00000214999.3$AC129492.6$chr17$7982800$+,0.42
chr17:8103800-8105400,ENSG00000214999.3$AC129492.6$chr17$7982800$+,0.42
chr17:8153000-8155200,ENSG00000214999.3$AC129492.6$chr17$7982800$+,0.41
chr17:8190400-8191600,ENSG00000214999.3$AC129492.6$chr17$7982800$+,0.38
chr12:7492000-7493600,ENSG00000215009.5$ACSM4$chr12$7456880$+,0.43
chr12:7500800-7501800,ENSG00000215009.5$ACSM4$chr12$7456880$+,0.48
chr22:19763200-19764600,ENSG00000215012.4$C22orf29$chr22$19842419$-,0.58
chr22:19825000-19825600,ENSG00000215012.4$C22orf29$chr22$19842419$-,0.52
chr22:20004600-20006200,ENSG00000215012.4$C22orf29$chr22$19842419$-,0.37
chr22:20006600-20008800,ENSG00000215012.4$C22orf29$chr22$19842419$-,0.38
chr1:1405000-1407200,ENSG00000215014.3$AL645728.1$chr1$1510355$+,0.48
chr1:1407600-1410000,ENSG00000215014.3$AL645728.1$chr1$1510355$+,0.38
chr1:1445600-1447000,ENSG00000215014.3$AL645728.1$chr1$1510355$+,0.6
chr1:1548200-1550200,ENSG00000215014.3$AL645728.1$chr1$1510355$+,0.63
chr1:1652000-1653800,ENSG00000215014.3$AL645728.1$chr1$1510355$+,0.53
chr1:1657600-1659200,ENSG00000215014.3$AL645728.1$chr1$1510355$+,0.5
chr1:1673200-1675400,ENSG00000215014.3$AL645728.1$chr1$1510355$+,0.42
chr12:6974400-6976200,ENSG00000215021.4$PHB2$chr12$7079988$-,0.42
chr12:7080600-7082600,ENSG00000215021.4$PHB2$chr12$7079988$-,0.36
chr12:7126200-7127600,ENSG00000215021.4$PHB2$chr12$7079988$-,0.64
chr12:7339800-7341600,ENSG00000215021.4$PHB2$chr12$7079988$-,0.39
chrX:101770600-101772800,ENSG00000215029.4$TCP11X2$chrX$101726732$-,0.41
chr17:7143000-7145000,ENSG00000215041.5$NEURL4$chr17$7232712$-,0.47
chr17:7146600-7148200,ENSG00000215041.5$NEURL4$chr17$7232712$-,0.49
chr17:7156200-7158200,ENSG00000215041.5$NEURL4$chr17$7232712$-,0.47
chr17:7298400-7300000,ENSG00000215041.5$NEURL4$chr17$7232712$-,0.59
chr17:7337800-7338800,ENSG00000215041.5$NEURL4$chr17$7232712$-,0.43
chr17:7356800-7358800,ENSG00000215041.5$NEURL4$chr17$7232712$-,0.41
chr17:7359400-7361600,ENSG00000215041.5$NEURL4$chr17$7232712$-,0.46
chr17:7426000-7426800,ENSG00000215041.5$NEURL4$chr17$7232712$-,0.41
chr7:6593000-6595200,ENSG00000215045.4$GRID2IP$chr7$6591067$-,0.45
chr7:6615600-6617000,ENSG00000215045.4$GRID2IP$chr7$6591067$-,0.35
chr9:6654600-6655800,ENSG00000215066.3$C9orf38$chr9$6470375$-,0.4
chr17:6734000-6736000,ENSG00000215067.5$AC027763.2$chr17$6915668$-,0.35
chr17:6908000-6908800,ENSG00000215067.5$AC027763.2$chr17$6915668$-,0.5
chr17:6936600-6939000,ENSG00000215067.5$AC027763.2$chr17$6915668$-,0.42
chr17:7143000-7145000,ENSG00000215067.5$AC027763.2$chr17$6915668$-,0.37
chr17:7146600-7148200,ENSG00000215067.5$AC027763.2$chr17$6915668$-,0.38
chr17:7156200-7158200,ENSG00000215067.5$AC027763.2$chr17$6915668$-,0.36
chr8:59363800-59365200,ENSG00000215114.3$UBXN2B$chr8$59323823$+,0.71
chr16:3549000-3551000,ENSG00000215131.6$C16orf90$chr16$3545480$-,0.47
chr9:35602200-35603800,ENSG00000215183.4$MSMP$chr9$35756610$-,0.42
chr9:35655800-35657800,ENSG00000215183.4$MSMP$chr9$35756610$-,0.4
chr9:35741400-35742800,ENSG00000215183.4$MSMP$chr9$35756610$-,0.66
chr9:35749800-35751800,ENSG00000215183.4$MSMP$chr9$35756610$-,0.6
chr9:35810000-35811800,ENSG00000215183.4$MSMP$chr9$35756610$-,0.64
chr9:35812200-35814400,ENSG00000215183.4$MSMP$chr9$35756610$-,0.56
chr9:35932800-35934400,ENSG00000215183.4$MSMP$chr9$35756610$-,0.48
chr9:35953200-35955600,ENSG00000215183.4$MSMP$chr9$35756610$-,0.35
chr9:35971600-35973000,ENSG00000215183.4$MSMP$chr9$35756610$-,0.43
chr15:72962400-72964400,ENSG00000215186.6$GOLGA6B$chr15$72947079$+,0.47
chr22:18484400-18486800,ENSG00000215193.8$PEX26$chr22$18560689$+,0.58
chr22:18557600-18560000,ENSG00000215193.8$PEX26$chr22$18560689$+,0.41
chr5:7778200-7780600,ENSG00000215217.2$C5orf49$chr5$7851603$-,0.35
chr5:7857400-7859200,ENSG00000215217.2$C5orf49$chr5$7851603$-,0.44
chr20:3182800-3184200,ENSG00000215251.3$FASTKD5$chr20$3140543$-,0.59
chr20:3185200-3186000,ENSG00000215251.3$FASTKD5$chr20$3140543$-,0.56
chr20:3188600-3189600,ENSG00000215251.3$FASTKD5$chr20$3140543$-,0.65
chr20:3191000-3192800,ENSG00000215251.3$FASTKD5$chr20$3140543$-,0.73
chr20:3198800-3199800,ENSG00000215251.3$FASTKD5$chr20$3140543$-,0.63
chr15:34804600-34806400,ENSG00000215252.7$GOLGA8B$chr15$34880704$-,0.44
chr15:34806600-34808800,ENSG00000215252.7$GOLGA8B$chr15$34880704$-,0.42
chr14:23706200-23708000,ENSG00000215271.6$HOMEZ$chr14$23768656$-,0.47
chr14:23753200-23754400,ENSG00000215271.6$HOMEZ$chr14$23768656$-,0.56
chr14:23756000-23757400,ENSG00000215271.6$HOMEZ$chr14$23768656$-,0.47
chr14:23788800-23790000,ENSG00000215271.6$HOMEZ$chr14$23768656$-,0.61
chrX:49148000-49150000,ENSG00000215274.5$GAGE10$chrX$49160148$+,0.48
chr14:23706200-23708000,ENSG00000215277.4$C14orf164$chr14$23654525$+,0.49
chrX:41111800-41113000,ENSG00000215301.5$DDX3X$chrX$41192651$+,0.54
chrX:41113200-41113800,ENSG00000215301.5$DDX3X$chrX$41192651$+,0.53
chrX:41207000-41208200,ENSG00000215301.5$DDX3X$chrX$41192651$+,0.52
chrX:41422800-41424000,ENSG00000215301.5$DDX3X$chrX$41192651$+,0.41
chr20:2667800-2670200,ENSG00000215305.5$VPS16$chr20$2821349$+,0.38
chr20:2806200-2808000,ENSG00000215305.5$VPS16$chr20$2821349$+,0.51
chr14:23297400-23299000,ENSG00000215306.1$AL135998.1$chr14$23291750$-,0.53
chr14:23299600-23301600,ENSG00000215306.1$AL135998.1$chr14$23291750$-,0.54
chr14:23326400-23328800,ENSG00000215306.1$AL135998.1$chr14$23291750$-,0.37
chr8:10822000-10824000,ENSG00000215346.3$AF131215.5$chr8$10987745$-,0.52
chr8:10916200-10918400,ENSG00000215346.3$AF131215.5$chr8$10987745$-,0.36
chr8:10973800-10975800,ENSG00000215346.3$AF131215.5$chr8$10987745$-,0.43
chr8:10990600-10992200,ENSG00000215346.3$AF131215.5$chr8$10987745$-,0.57
chr8:11024400-11025200,ENSG00000215346.3$AF131215.5$chr8$10987745$-,0.48
chr8:11025400-11027200,ENSG00000215346.3$AF131215.5$chr8$10987745$-,0.37
chr8:11042000-11042800,ENSG00000215346.3$AF131215.5$chr8$10987745$-,0.42
chr8:11140800-11141400,ENSG00000215346.3$AF131215.5$chr8$10987745$-,0.54
chr8:11142800-11145200,ENSG00000215346.3$AF131215.5$chr8$10987745$-,0.45
chr8:7212200-7212600,ENSG00000215372.5$ZNF705G$chr8$7243080$-,0.35
chr4:762600-764600,ENSG00000215375.2$MYL5$chr4$667369$+,0.53
chr4:792000-794200,ENSG00000215375.2$MYL5$chr4$667369$+,0.46
chr20:623000-624400,ENSG00000215397.3$SCRT2$chr20$656823$-,0.54
chr18:72160800-72161800,ENSG00000215421.5$ZNF407$chr18$72265106$+,0.43
chr18:72203800-72204200,ENSG00000215421.5$ZNF407$chr18$72265106$+,0.53
chr18:72404000-72405400,ENSG00000215421.5$ZNF407$chr18$72265106$+,0.44
chr21:46002800-46004400,ENSG00000215454.4$KRTAP10-4$chr21$45993606$+,0.39
chr13:50015600-50017600,ENSG00000215462.1$AL136218.1$chr13$50020554$-,0.58
chr13:50075400-50075800,ENSG00000215462.1$AL136218.1$chr13$50020554$-,0.36
chr13:50081600-50082000,ENSG00000215462.1$AL136218.1$chr13$50020554$-,0.47
chr18:12678800-12680200,ENSG00000215527.3$AP005482.1$chr18$12658042$+,0.38
chr20:31490200-31491600,ENSG00000215529.8$EFCAB8$chr20$31446729$+,0.59
chr20:31533000-31535000,ENSG00000215529.8$EFCAB8$chr20$31446729$+,0.41
chr20:29612600-29614000,ENSG00000215545.1$DEFB116$chr20$29896388$-,0.4
chr20:29619600-29620200,ENSG00000215545.1$DEFB116$chr20$29896388$-,0.38
chr6:157742400-157744000,ENSG00000215712.6$TMEM242$chr6$157744633$-,0.37
chr6:157799600-157800800,ENSG00000215712.6$TMEM242$chr6$157744633$-,0.4
chr1:109585200-109585800,ENSG00000215717.5$TMEM167B$chr1$109632425$+,0.39
chr1:109617200-109618000,ENSG00000215717.5$TMEM167B$chr1$109632425$+,0.56
chr1:109619000-109619600,ENSG00000215717.5$TMEM167B$chr1$109632425$+,0.54
chr1:109642000-109642800,ENSG00000215717.5$TMEM167B$chr1$109632425$+,0.52
chr1:109755200-109756200,ENSG00000215717.5$TMEM167B$chr1$109632425$+,0.37
chr1:143930400-143931800,ENSG00000215784.4$FAM72D$chr1$143913143$-,0.36
chr1:6295600-6297400,ENSG00000215788.5$TNFRSF25$chr1$6526255$-,0.35
chr1:6426200-6426600,ENSG00000215788.5$TNFRSF25$chr1$6526255$-,0.42
chr1:6451400-6453600,ENSG00000215788.5$TNFRSF25$chr1$6526255$-,0.51
chr1:6454200-6455800,ENSG00000215788.5$TNFRSF25$chr1$6526255$-,0.45
chr1:6614800-6616000,ENSG00000215788.5$TNFRSF25$chr1$6526255$-,0.47
chr1:1445600-1447000,ENSG00000215790.2$SLC35E2$chr1$1677431$-,0.38
chr1:1548200-1550200,ENSG00000215790.2$SLC35E2$chr1$1677431$-,0.42
chr1:1652000-1653800,ENSG00000215790.2$SLC35E2$chr1$1677431$-,0.53
chr1:1657600-1659200,ENSG00000215790.2$SLC35E2$chr1$1677431$-,0.58
chr1:1673200-1675400,ENSG00000215790.2$SLC35E2$chr1$1677431$-,0.73
chr1:1680000-1681000,ENSG00000215790.2$SLC35E2$chr1$1677431$-,0.73
chr1:1841000-1843400,ENSG00000215790.2$SLC35E2$chr1$1677431$-,0.35
chr1:160959600-160961400,ENSG00000215845.6$TSTD1$chr1$161008780$-,0.48
chr1:160991400-160992800,ENSG00000215845.6$TSTD1$chr1$161008780$-,0.49
chr1:161025800-161028200,ENSG00000215845.6$TSTD1$chr1$161008780$-,0.53
chr1:161103600-161105200,ENSG00000215845.6$TSTD1$chr1$161008780$-,0.52
chr1:161124400-161126000,ENSG00000215845.6$TSTD1$chr1$161008780$-,0.38
chr1:161127400-161129000,ENSG00000215845.6$TSTD1$chr1$161008780$-,0.43
chr1:152125600-152127400,ENSG00000215853.3$RPTN$chr1$152131704$-,0.46
chr1:54509600-54509800,ENSG00000215883.5$CYB5RL$chr1$54665709$-,0.42
chr1:54519800-54521800,ENSG00000215883.5$CYB5RL$chr1$54665709$-,0.39
chr1:28416800-28418400,ENSG00000215902.1$AL353354.1$chr1$28527152$-,0.37
chr1:28556600-28558800,ENSG00000215902.1$AL353354.1$chr1$28527152$-,0.48
chr1:28685200-28686600,ENSG00000215902.1$AL353354.1$chr1$28527152$-,0.39
chr1:23330400-23332000,ENSG00000215906.4$LACTBL1$chr1$23291831$-,0.54
chr1:23344600-23345400,ENSG00000215906.4$LACTBL1$chr1$23291831$-,0.44
chr1:11795000-11796200,ENSG00000215910.3$C1orf167$chr1$11821844$+,0.67
chr1:11953200-11954200,ENSG00000215910.3$C1orf167$chr1$11821844$+,0.5
chr1:2756200-2758000,ENSG00000215912.7$TTC34$chr1$2718286$-,0.6
chr1:2838400-2839400,ENSG00000215912.7$TTC34$chr1$2718286$-,0.42
chr1:1407600-1410000,ENSG00000215915.5$ATAD3C$chr1$1385069$+,0.53
chr19:45156400-45158600,ENSG00000216588.4$IGSF23$chr19$45116940$+,0.52
chr7:155434200-155436400,ENSG00000216895.4$AC009403.2$chr7$155437899$-,0.51
chr10:32653200-32653400,ENSG00000216937.7$CCDC7$chr10$32735068$+,0.38
chr10:32668200-32670200,ENSG00000216937.7$CCDC7$chr10$32735068$+,0.62
chr10:32738400-32739000,ENSG00000216937.7$CCDC7$chr10$32735068$+,0.54
chr10:32752800-32753400,ENSG00000216937.7$CCDC7$chr10$32735068$+,0.72
chr10:32829000-32829200,ENSG00000216937.7$CCDC7$chr10$32735068$+,0.58
chr5:131189400-131191600,ENSG00000217128.7$FNIP1$chr5$131132710$-,0.46
chr5:131236400-131238800,ENSG00000217128.7$FNIP1$chr5$131132710$-,0.57
chr2:175113400-175114800,ENSG00000217236.1$SP9$chr2$175199674$+,0.55
chr2:175247800-175249400,ENSG00000217236.1$SP9$chr2$175199674$+,0.6
chr2:175261000-175262800,ENSG00000217236.1$SP9$chr2$175199674$+,0.45
chr22:50929000-50930400,ENSG00000217442.3$SYCE3$chr22$51001334$-,0.37
chr22:50947200-50949200,ENSG00000217442.3$SYCE3$chr22$51001334$-,0.42
chr22:51001800-51004200,ENSG00000217442.3$SYCE3$chr22$51001334$-,0.4
chr22:51067200-51069600,ENSG00000217442.3$SYCE3$chr22$51001334$-,0.39
chr16:66636400-66638000,ENSG00000217555.8$CKLF$chr16$66586466$+,0.47
chr22:47887600-47887800,ENSG00000218357.3$LL22NC03-75H12.2$chr22$47882860$-,0.71
chr22:24233800-24236200,ENSG00000218537.1$AP000350.4$chr22$24241117$-,0.44
chr7:155136200-155138600,ENSG00000218672.1$AC008060.7$chr7$155174771$+,0.63
chr2:37299200-37301000,ENSG00000218739.5$AC007390.5$chr2$37423631$+,0.43
chr2:37303400-37304200,ENSG00000218739.5$AC007390.5$chr2$37423631$+,0.43
chr2:37387200-37387600,ENSG00000218739.5$AC007390.5$chr2$37423631$+,0.5
chr2:37470000-37471800,ENSG00000218739.5$AC007390.5$chr2$37423631$+,0.59
chr7:4816000-4818400,ENSG00000218823.1$PAPOLB$chr7$4901625$-,0.53
chr7:5012800-5013600,ENSG00000218823.1$PAPOLB$chr7$4901625$-,0.35
chr19:55919200-55920600,ENSG00000218891.2$ZNF579$chr19$56092211$-,0.46
chr19:56027800-56029800,ENSG00000218891.2$ZNF579$chr19$56092211$-,0.49
chr19:56108600-56110600,ENSG00000218891.2$ZNF579$chr19$56092211$-,0.7
chr17:6908000-6908800,ENSG00000219200.6$RNASEK$chr17$6915736$+,0.51
chr17:6936600-6939000,ENSG00000219200.6$RNASEK$chr17$6915736$+,0.45
chr11:63934000-63936200,ENSG00000219435.3$TEX40$chr11$64067863$+,0.47
chr11:63959400-63960800,ENSG00000219435.3$TEX40$chr11$64067863$+,0.38
chr11:64026600-64028000,ENSG00000219435.3$TEX40$chr11$64067863$+,0.67
chr11:64070600-64072000,ENSG00000219435.3$TEX40$chr11$64067863$+,0.56
chr11:64074000-64076000,ENSG00000219435.3$TEX40$chr11$64067863$+,0.54
chr11:64257000-64259000,ENSG00000219435.3$TEX40$chr11$64067863$+,0.37
chr7:7677800-7679400,ENSG00000219545.5$RPA3-AS1$chr7$7680342$+,0.38
chr7:7738000-7740000,ENSG00000219545.5$RPA3-AS1$chr7$7680342$+,0.54
chr2:24150600-24152400,ENSG00000219626.4$FAM228B$chr2$24299396$+,0.38
chr2:24161400-24163000,ENSG00000219626.4$FAM228B$chr2$24299396$+,0.4
chr2:24258400-24260800,ENSG00000219626.4$FAM228B$chr2$24299396$+,0.5
chr2:24267800-24269800,ENSG00000219626.4$FAM228B$chr2$24299396$+,0.61
chr2:24307800-24308800,ENSG00000219626.4$FAM228B$chr2$24299396$+,0.58
chr2:24347000-24349400,ENSG00000219626.4$FAM228B$chr2$24299396$+,0.53
chr2:24437400-24439000,ENSG00000219626.4$FAM228B$chr2$24299396$+,0.45
chr19:10341400-10343600,ENSG00000220201.3$ZGLP1$chr19$10420556$-,0.35
chr19:10360600-10362400,ENSG00000220201.3$ZGLP1$chr19$10420556$-,0.36
chr19:10424800-10426200,ENSG00000220201.3$ZGLP1$chr19$10420556$-,0.6
chr19:10426600-10428000,ENSG00000220201.3$ZGLP1$chr19$10420556$-,0.63
chr19:10488800-10490600,ENSG00000220201.3$ZGLP1$chr19$10420556$-,0.37
chr19:10499200-10501600,ENSG00000220201.3$ZGLP1$chr19$10420556$-,0.41
chr17:7997400-7998800,ENSG00000220205.4$VAMP2$chr17$8066864$-,0.36
chr17:8074400-8076800,ENSG00000220205.4$VAMP2$chr17$8066864$-,0.54
chr17:8077200-8079400,ENSG00000220205.4$VAMP2$chr17$8066864$-,0.59
chr17:8080000-8081600,ENSG00000220205.4$VAMP2$chr17$8066864$-,0.63
chr17:8098600-8100800,ENSG00000220205.4$VAMP2$chr17$8066864$-,0.59
chr17:8102400-8103600,ENSG00000220205.4$VAMP2$chr17$8066864$-,0.54
chr17:8103800-8105400,ENSG00000220205.4$VAMP2$chr17$8066864$-,0.49
chr17:8153000-8155200,ENSG00000220205.4$VAMP2$chr17$8066864$-,0.42
chr17:8190400-8191600,ENSG00000220205.4$VAMP2$chr17$8066864$-,0.38
chr7:154796000-154797600,ENSG00000220575.3$HTR5A-AS1$chr7$154863267$-,0.35
chr22:22929200-22929800,ENSG00000220891.1$LL22NC03-63E9.3$chr22$22901750$+,0.56
chr22:22936400-22937200,ENSG00000220891.1$LL22NC03-63E9.3$chr22$22901750$+,0.6
chr16:90092000-90094400,ENSG00000221819.2$C16orf3$chr16$90096309$-,0.53
chr6:42950800-42951600,ENSG00000221821.2$C6orf226$chr6$42858554$-,0.38
chr2:68436600-68438200,ENSG00000221823.6$PPP3R1$chr2$68483369$-,0.35
chr9:35035600-35038000,ENSG00000221829.5$FANCG$chr9$35080013$-,0.39
chr9:35072600-35074800,ENSG00000221829.5$FANCG$chr9$35080013$-,0.43
chr9:35094000-35096200,ENSG00000221829.5$FANCG$chr9$35080013$-,0.49
chr9:35096600-35097600,ENSG00000221829.5$FANCG$chr9$35080013$-,0.42
chr21:46002800-46004400,ENSG00000221837.4$KRTAP10-9$chr21$46047040$+,0.52
chr21:46073000-46075400,ENSG00000221837.4$KRTAP10-9$chr21$46047040$+,0.62
chr21:46081000-46082600,ENSG00000221837.4$KRTAP10-9$chr21$46047040$+,0.61
chr7:99517600-99518800,ENSG00000221838.5$AP4M1$chr7$99699172$+,0.42
chr7:99531600-99533400,ENSG00000221838.5$AP4M1$chr7$99699172$+,0.43
chr7:99646000-99647000,ENSG00000221838.5$AP4M1$chr7$99699172$+,0.56
chr7:99679400-99681800,ENSG00000221838.5$AP4M1$chr7$99699172$+,0.55
chr7:99699600-99702000,ENSG00000221838.5$AP4M1$chr7$99699172$+,0.39
chr7:99715200-99716400,ENSG00000221838.5$AP4M1$chr7$99699172$+,0.62
chr7:99721800-99724000,ENSG00000221838.5$AP4M1$chr7$99699172$+,0.58
chr7:99725600-99727600,ENSG00000221838.5$AP4M1$chr7$99699172$+,0.57
chr7:99735200-99736800,ENSG00000221838.5$AP4M1$chr7$99699172$+,0.54
chr17:39208000-39209800,ENSG00000221852.4$KRTAP1-5$chr17$39183454$-,0.42
chr7:143042000-143044000,ENSG00000221855.1$TAS2R41$chr7$143174966$+,0.35
chr21:46073000-46075400,ENSG00000221859.1$KRTAP10-10$chr21$46057273$+,0.37
chr8:48598600-48600800,ENSG00000221869.4$CEBPD$chr8$48651648$-,0.51
chr19:53235600-53237600,ENSG00000221874.4$ZNF321P$chr19$53466076$-,0.39
chr19:53238400-53240000,ENSG00000221874.4$ZNF321P$chr19$53466076$-,0.35
chr19:53323600-53324200,ENSG00000221874.4$ZNF321P$chr19$53466076$-,0.36
chr19:53397800-53400200,ENSG00000221874.4$ZNF321P$chr19$53466076$-,0.57
chr19:53607400-53608400,ENSG00000221874.4$ZNF321P$chr19$53466076$-,0.37
chr19:53659600-53662000,ENSG00000221874.4$ZNF321P$chr19$53466076$-,0.39
chr19:53662600-53663200,ENSG00000221874.4$ZNF321P$chr19$53466076$-,0.36
chr17:39208000-39209800,ENSG00000221880.2$KRTAP1-3$chr17$39191107$-,0.56
chr17:3125200-3126600,ENSG00000221882.2$OR3A2$chr17$3182268$-,0.45
chr3:48825800-48827800,ENSG00000221883.2$ARIH2OS$chr3$48956818$-,0.41
chr3:48877200-48877600,ENSG00000221883.2$ARIH2OS$chr3$48956818$-,0.47
chr3:48882400-48884400,ENSG00000221883.2$ARIH2OS$chr3$48956818$-,0.47
chr3:48885600-48886600,ENSG00000221883.2$ARIH2OS$chr3$48956818$-,0.42
chr3:48974400-48976400,ENSG00000221883.2$ARIH2OS$chr3$48956818$-,0.48
chr3:48985800-48988200,ENSG00000221883.2$ARIH2OS$chr3$48956818$-,0.53
chr3:49056400-49058600,ENSG00000221883.2$ARIH2OS$chr3$48956818$-,0.39
chr5:159846800-159849000,ENSG00000221886.3$C5orf54$chr5$159827104$-,0.46
chr5:159865200-159867000,ENSG00000221886.3$C5orf54$chr5$159827104$-,0.41
chr5:159867200-159869200,ENSG00000221886.3$C5orf54$chr5$159827104$-,0.38
chr18:61634800-61637200,ENSG00000221887.4$HMSD$chr18$61616535$+,0.68
chr18:61638200-61639800,ENSG00000221887.4$HMSD$chr18$61616535$+,0.7
chr22:39190200-39191000,ENSG00000221890.2$NPTXR$chr22$39239987$-,0.53
chr22:39268600-39271000,ENSG00000221890.2$NPTXR$chr22$39239987$-,0.37
chr7:98921800-98923000,ENSG00000221909.2$FAM200A$chr7$99156159$-,0.4
chr7:99007400-99009600,ENSG00000221909.2$FAM200A$chr7$99156159$-,0.35
chr7:99033800-99036000,ENSG00000221909.2$FAM200A$chr7$99156159$-,0.35
chr7:99098400-99099400,ENSG00000221909.2$FAM200A$chr7$99156159$-,0.56
chr7:99101400-99102000,ENSG00000221909.2$FAM200A$chr7$99156159$-,0.43
chr7:99147800-99149200,ENSG00000221909.2$FAM200A$chr7$99156159$-,0.56
chr7:99150000-99151600,ENSG00000221909.2$FAM200A$chr7$99156159$-,0.57
chr7:99176800-99177800,ENSG00000221909.2$FAM200A$chr7$99156159$-,0.72
chr7:99212800-99214200,ENSG00000221909.2$FAM200A$chr7$99156159$-,0.61
chr8:26238800-26240200,ENSG00000221914.4$PPP2R2A$chr8$26149007$+,0.5
chr19:49404400-49406600,ENSG00000221916.2$C19orf73$chr19$49622397$-,0.42
chr19:49728800-49730000,ENSG00000221916.2$C19orf73$chr19$49622397$-,0.55
chr19:49734200-49736400,ENSG00000221916.2$C19orf73$chr19$49622397$-,0.42
chr19:52771800-52772800,ENSG00000221923.4$ZNF880$chr19$52873170$+,0.42
chr19:52799000-52800000,ENSG00000221923.4$ZNF880$chr19$52873170$+,0.52
chr19:52801000-52802800,ENSG00000221923.4$ZNF880$chr19$52873170$+,0.49
chr19:52840200-52841600,ENSG00000221923.4$ZNF880$chr19$52873170$+,0.62
chr19:52874000-52875200,ENSG00000221923.4$ZNF880$chr19$52873170$+,0.35
chr19:53029400-53030200,ENSG00000221923.4$ZNF880$chr19$52873170$+,0.46
chr19:53031400-53033600,ENSG00000221923.4$ZNF880$chr19$52873170$+,0.44
chr17:15465200-15466400,ENSG00000221926.7$TRIM16$chr17$15587625$-,0.4
chr17:15467000-15468000,ENSG00000221926.7$TRIM16$chr17$15587625$-,0.41
chr17:15496400-15497000,ENSG00000221926.7$TRIM16$chr17$15587625$-,0.43
chr17:15585400-15587400,ENSG00000221926.7$TRIM16$chr17$15587625$-,0.46
chr17:15601200-15602600,ENSG00000221926.7$TRIM16$chr17$15587625$-,0.7
chr17:15789000-15791000,ENSG00000221926.7$TRIM16$chr17$15587625$-,0.38
chr2:233470200-233472000,ENSG00000221944.3$TIGD1$chr2$233415226$-,0.55
chr19:35416200-35417800,ENSG00000221946.3$FXYD7$chr19$35634154$+,0.43
chr19:35475600-35477400,ENSG00000221946.3$FXYD7$chr19$35634154$+,0.4
chr19:35684400-35685800,ENSG00000221946.3$FXYD7$chr19$35634154$+,0.53
chr19:35727600-35728200,ENSG00000221946.3$FXYD7$chr19$35634154$+,0.41
chr19:35823400-35825000,ENSG00000221946.3$FXYD7$chr19$35634154$+,0.4
chr19:35842600-35845000,ENSG00000221946.3$FXYD7$chr19$35634154$+,0.39
chr19:35848200-35850000,ENSG00000221946.3$FXYD7$chr19$35634154$+,0.42
chr8:71480800-71481000,ENSG00000221947.3$XKR9$chr8$71581600$+,0.37
chr1:247265200-247267000,ENSG00000221953.2$C1orf229$chr1$247275719$-,0.45
chr1:247267800-247270200,ENSG00000221953.2$C1orf229$chr1$247275719$-,0.52
chr1:247288800-247289400,ENSG00000221953.2$C1orf229$chr1$247275719$-,0.57
chr1:247290800-247292200,ENSG00000221953.2$C1orf229$chr1$247275719$-,0.55
chr3:151964200-151966400,ENSG00000221962.3$TMEM14E$chr3$152058779$-,0.37
chr3:152132600-152133600,ENSG00000221962.3$TMEM14E$chr3$152058779$-,0.44
chr3:152152000-152152800,ENSG00000221962.3$TMEM14E$chr3$152058779$-,0.41
chr3:152217200-152218600,ENSG00000221962.3$TMEM14E$chr3$152058779$-,0.37
chr14:21972800-21974400,ENSG00000221977.1$OR4E2$chr14$22133297$+,0.38
chr14:22171800-22173600,ENSG00000221977.1$OR4E2$chr14$22133297$+,0.74
chr14:22202600-22203400,ENSG00000221977.1$OR4E2$chr14$22133297$+,0.56
chr14:22217000-22218600,ENSG00000221977.1$OR4E2$chr14$22133297$+,0.49
chr1:1311200-1313400,ENSG00000221978.7$CCNL2$chr1$1334708$-,0.59
chr1:1405000-1407200,ENSG00000221978.7$CCNL2$chr1$1334708$-,0.51
chr1:1407600-1410000,ENSG00000221978.7$CCNL2$chr1$1334708$-,0.48
chr1:1445600-1447000,ENSG00000221978.7$CCNL2$chr1$1334708$-,0.49
chr6:32093200-32095400,ENSG00000221988.8$PPT2$chr6$32121218$+,0.41
chr6:32096000-32097800,ENSG00000221988.8$PPT2$chr6$32121218$+,0.38
chr6:32122600-32124600,ENSG00000221988.8$PPT2$chr6$32121218$+,0.35
chr5:270200-271200,ENSG00000221990.2$C5orf55$chr5$443258$-,0.37
chr5:463600-466000,ENSG00000221990.2$C5orf55$chr5$443258$-,0.6
chr5:610000-612000,ENSG00000221990.2$C5orf55$chr5$443258$-,0.36
chrX:47878600-47880400,ENSG00000221994.6$ZNF630$chrX$47931025$-,0.54
chrX:48000800-48001400,ENSG00000221994.6$ZNF630$chrX$47931025$-,0.49
chrX:48001800-48003000,ENSG00000221994.6$ZNF630$chrX$47931025$-,0.49
chr11:4208600-4209800,ENSG00000221996.2$OR52B4$chr11$4389616$-,0.46
chr11:4415000-4416600,ENSG00000221996.2$OR52B4$chr11$4389616$-,0.52
chr7:26435800-26438000,ENSG00000222004.3$C7orf71$chr7$26677490$+,0.37
chr7:26673000-26673800,ENSG00000222004.3$C7orf71$chr7$26677490$+,0.56
chr1:45204200-45205000,ENSG00000222009.4$BTBD19$chr1$45274154$+,0.48
chr1:45211400-45212600,ENSG00000222009.4$BTBD19$chr1$45274154$+,0.49
chr1:45239600-45240800,ENSG00000222009.4$BTBD19$chr1$45274154$+,0.61
chr1:45264000-45265800,ENSG00000222009.4$BTBD19$chr1$45274154$+,0.54
chr1:45450000-45451600,ENSG00000222009.4$BTBD19$chr1$45274154$+,0.35
chr7:102152800-102153800,ENSG00000222011.4$FAM185A$chr7$102389418$+,0.39
chr2:198568400-198569600,ENSG00000222017.1$AC011997.1$chr2$198557830$+,0.51
chr2:198577600-198579200,ENSG00000222017.1$AC011997.1$chr2$198557830$+,0.49
chr21:35759600-35760400,ENSG00000222018.1$AP000322.54$chr21$35773370$-,0.38
chr2:240550200-240550400,ENSG00000222020.2$AC062017.1$chr2$240323130$+,0.39
chr2:238329800-238332000,ENSG00000222022.1$AC112721.1$chr2$238333919$-,0.51
chr2:238345800-238347800,ENSG00000222022.1$AC112721.1$chr2$238333919$-,0.54
chr2:238383800-238385600,ENSG00000222022.1$AC112721.1$chr2$238333919$-,0.67
chr14:23504400-23505400,ENSG00000222028.2$PSMB11$chr14$23511376$+,0.49
chr14:23540800-23542800,ENSG00000222028.2$PSMB11$chr14$23511376$+,0.38
chr2:171625800-171627600,ENSG00000222033.1$AC007405.2$chr2$171571077$-,0.46
chr2:171627800-171630200,ENSG00000222033.1$AC007405.2$chr2$171571077$-,0.39
chr2:96654800-96657200,ENSG00000222040.3$ADRA2B$chr2$96781984$-,0.37
chr2:96845600-96848000,ENSG00000222040.3$ADRA2B$chr2$96781984$-,0.42
chr10:75742600-75745000,ENSG00000222047.4$C10orf55$chr10$75682535$-,0.42
chr1:26184400-26186000,ENSG00000223474.2$AL020996.1$chr1$26147288$-,0.52
chr16:70149000-70151000,ENSG00000223496.1$EXOSC6$chr16$70285833$-,0.41
chr16:70198800-70200600,ENSG00000223496.1$EXOSC6$chr16$70285833$-,0.57
chr16:70279600-70281000,ENSG00000223496.1$EXOSC6$chr16$70285833$-,0.57
chr16:70321200-70322800,ENSG00000223496.1$EXOSC6$chr16$70285833$-,0.52
chr16:70324000-70325400,ENSG00000223496.1$EXOSC6$chr16$70285833$-,0.62
chr16:70332000-70332800,ENSG00000223496.1$EXOSC6$chr16$70285833$-,0.54
chr16:70333600-70335400,ENSG00000223496.1$EXOSC6$chr16$70285833$-,0.57
chr16:70337800-70339600,ENSG00000223496.1$EXOSC6$chr16$70285833$-,0.59
chr16:70379000-70380800,ENSG00000223496.1$EXOSC6$chr16$70285833$-,0.39
chr16:70412200-70414400,ENSG00000223496.1$EXOSC6$chr16$70285833$-,0.4
chr16:70415000-70417000,ENSG00000223496.1$EXOSC6$chr16$70285833$-,0.39
chr16:70473600-70476000,ENSG00000223496.1$EXOSC6$chr16$70285833$-,0.37
chr16:70486800-70487800,ENSG00000223496.1$EXOSC6$chr16$70285833$-,0.39
chr6:33254800-33256400,ENSG00000223501.4$VPS52$chr6$33239824$-,0.42
chr6:33258000-33260000,ENSG00000223501.4$VPS52$chr6$33239824$-,0.5
chr6:33268000-33270000,ENSG00000223501.4$VPS52$chr6$33239824$-,0.57
chr6:33275200-33277600,ENSG00000223501.4$VPS52$chr6$33239824$-,0.49
chr6:33372800-33374400,ENSG00000223501.4$VPS52$chr6$33239824$-,0.38
chr6:33376800-33378000,ENSG00000223501.4$VPS52$chr6$33239824$-,0.35
chr6:33548000-33549200,ENSG00000223501.4$VPS52$chr6$33239824$-,0.35
chr17:14114400-14115800,ENSG00000223510.2$CDRT15$chr17$14140179$-,0.37
chr6:32982200-32984000,ENSG00000223865.6$HLA-DPB1$chr6$33043703$+,0.52
chr11:119220800-119221400,ENSG00000223953.3$C1QTNF5$chr11$119217383$-,0.41
chr1:1311200-1313400,ENSG00000224051.2$GLTPD1$chr1$1260136$+,0.54
chr1:1405000-1407200,ENSG00000224051.2$GLTPD1$chr1$1260136$+,0.35
chr1:1445600-1447000,ENSG00000224051.2$GLTPD1$chr1$1260136$+,0.42
chr17:62105800-62107000,ENSG00000224383.3$C17orf72$chr17$62075711$+,0.57
chr6:32004400-32006200,ENSG00000224389.4$C4B$chr6$31982539$+,0.39
chr16:71822600-71823800,ENSG00000224470.3$ATXN1L$chr16$71879894$+,0.43
chr16:71918600-71920000,ENSG00000224470.3$ATXN1L$chr16$71879894$+,0.56
chr16:71927600-71928200,ENSG00000224470.3$ATXN1L$chr16$71879894$+,0.55
chr16:71989800-71991200,ENSG00000224470.3$ATXN1L$chr16$71879894$+,0.46
chr10:99050000-99051800,ENSG00000224474.2$AL355490.1$chr10$99185831$-,0.45
chr10:99052400-99054600,ENSG00000224474.2$AL355490.1$chr10$99185831$-,0.46
chr10:99158600-99160200,ENSG00000224474.2$AL355490.1$chr10$99185831$-,0.56
chr10:99203800-99205000,ENSG00000224474.2$AL355490.1$chr10$99185831$-,0.5
chr6:11233200-11235400,ENSG00000224531.4$SMIM13$chr6$11094266$+,0.52
chr6:11254800-11256600,ENSG00000224531.4$SMIM13$chr6$11094266$+,0.53
chr6:28357200-28357400,ENSG00000224586.2$GPX5$chr6$28493702$+,0.35
chr6:28368000-28369400,ENSG00000224586.2$GPX5$chr6$28493702$+,0.37
chr6:28408600-28411000,ENSG00000224586.2$GPX5$chr6$28493702$+,0.38
chr6:28411200-28412800,ENSG00000224586.2$GPX5$chr6$28493702$+,0.4
chr6:28414200-28415600,ENSG00000224586.2$GPX5$chr6$28493702$+,0.42
chr6:28502000-28504400,ENSG00000224586.2$GPX5$chr6$28493702$+,0.58
chr6:28615800-28617600,ENSG00000224586.2$GPX5$chr6$28493702$+,0.43
chr6:28649400-28651400,ENSG00000224586.2$GPX5$chr6$28493702$+,0.43
chrX:49116400-49117200,ENSG00000224659.2$GAGE12J$chrX$49178536$+,0.36
chrX:49148000-49150000,ENSG00000224659.2$GAGE12J$chrX$49178536$+,0.36
chr17:79269800-79270800,ENSG00000224877.3$C17orf89$chr17$79213039$+,0.57
chr7:127984000-127984600,ENSG00000224940.4$PRRT4$chr7$128001739$-,0.52
chr7:128050400-128051600,ENSG00000224940.4$PRRT4$chr7$128001739$-,0.48
chr7:128115800-128116800,ENSG00000224940.4$PRRT4$chr7$128001739$-,0.43
chr17:43429600-43431200,ENSG00000225190.4$PLEKHM1$chr17$43568115$-,0.39
chr17:43645200-43646000,ENSG00000225190.4$PLEKHM1$chr17$43568115$-,0.51
chr17:43698400-43699000,ENSG00000225190.4$PLEKHM1$chr17$43568115$-,0.5
chr17:43722600-43724800,ENSG00000225190.4$PLEKHM1$chr17$43568115$-,0.64
chr1:151733400-151735400,ENSG00000225556.1$C2CD4D$chr1$151813033$-,0.42
chr1:151736200-151737800,ENSG00000225556.1$C2CD4D$chr1$151813033$-,0.47
chr1:151761200-151763200,ENSG00000225556.1$C2CD4D$chr1$151813033$-,0.47
chr1:151764200-151766200,ENSG00000225556.1$C2CD4D$chr1$151813033$-,0.41
chr1:151847000-151848800,ENSG00000225556.1$C2CD4D$chr1$151813033$-,0.62
chr1:151874000-151874200,ENSG00000225556.1$C2CD4D$chr1$151813033$-,0.52
chr1:151882600-151883800,ENSG00000225556.1$C2CD4D$chr1$151813033$-,0.51
chr17:79667400-79669600,ENSG00000225663.3$FAM195B$chr17$79791178$-,0.57
chr17:80006800-80009200,ENSG00000225663.3$FAM195B$chr17$79791178$-,0.41
chr3:48645000-48646400,ENSG00000225697.6$SLC26A6$chr3$48672926$-,0.47
chr3:48647200-48649000,ENSG00000225697.6$SLC26A6$chr3$48672926$-,0.53
chr10:135460800-135462200,ENSG00000225899.3$FRG2B$chr10$135440299$-,0.42
chr6:13572400-13574400,ENSG00000225921.2$NOL7$chr6$13615559$+,0.61
chr6:13575400-13577600,ENSG00000225921.2$NOL7$chr6$13615559$+,0.66
chr6:13625000-13626200,ENSG00000225921.2$NOL7$chr6$13615559$+,0.64
chr6:13649000-13650200,ENSG00000225921.2$NOL7$chr6$13615559$+,0.64
chr6:13684200-13685800,ENSG00000225921.2$NOL7$chr6$13615559$+,0.55
chr6:13747200-13749400,ENSG00000225921.2$NOL7$chr6$13615559$+,0.43
chr1:150460400-150462000,ENSG00000225996.2$AL356356.1$chr1$150521897$+,0.57
chr1:150488400-150490600,ENSG00000225996.2$AL356356.1$chr1$150521897$+,0.48
chr19:10718800-10721200,ENSG00000226104.1$AC011475.1$chr19$10751715$+,0.53
chr19:10762200-10763800,ENSG00000226104.1$AC011475.1$chr19$10751715$+,0.54
chr19:10826800-10828600,ENSG00000226104.1$AC011475.1$chr19$10751715$+,0.35
chr14:105767400-105769600,ENSG00000226174.2$TEX22$chr14$105864916$+,0.6
chr14:105817800-105819400,ENSG00000226174.2$TEX22$chr14$105864916$+,0.59
chr16:87800000-87801200,ENSG00000226180.2$AC010536.1$chr16$87729753$-,0.48
chr16:87802200-87803200,ENSG00000226180.2$AC010536.1$chr16$87729753$-,0.45
chr10:13344400-13345400,ENSG00000226209.1$AL138764.1$chr10$13350447$-,0.47
chr12:24998200-25000600,ENSG00000226397.3$C12orf77$chr12$25150453$-,0.4
chr12:25223200-25225400,ENSG00000226397.3$C12orf77$chr12$25150453$-,0.36
chr2:120938600-120940800,ENSG00000226479.3$TMEM185B$chr2$120980984$-,0.44
chr2:120990400-120992000,ENSG00000226479.3$TMEM185B$chr2$120980984$-,0.53
chr2:121008000-121009800,ENSG00000226479.3$TMEM185B$chr2$120980984$-,0.61
chr18:77749200-77750600,ENSG00000226742.3$HSBP1L1$chr18$77724561$+,0.5
chr18:77792000-77793200,ENSG00000226742.3$HSBP1L1$chr18$77724561$+,0.5
chr18:77795000-77796800,ENSG00000226742.3$HSBP1L1$chr18$77724561$+,0.51
chr12:11112400-11114800,ENSG00000226761.3$TAS2R46$chr12$11214893$-,0.46
chr12:11261000-11263400,ENSG00000226761.3$TAS2R46$chr12$11214893$-,0.44
chr12:11316200-11317200,ENSG00000226761.3$TAS2R46$chr12$11214893$-,0.43
chr19:43933400-43935400,ENSG00000226763.3$SRRM5$chr19$44100769$+,0.41
chr19:43950600-43952000,ENSG00000226763.3$SRRM5$chr19$44100769$+,0.48
chr19:44008600-44011000,ENSG00000226763.3$SRRM5$chr19$44100769$+,0.45
chr19:44035800-44037000,ENSG00000226763.3$SRRM5$chr19$44100769$+,0.47
chr19:44080000-44081600,ENSG00000226763.3$SRRM5$chr19$44100769$+,0.61
chr19:44124200-44126600,ENSG00000226763.3$SRRM5$chr19$44100769$+,0.6
chr19:44313400-44314400,ENSG00000226763.3$SRRM5$chr19$44100769$+,0.4
chr19:44315600-44317800,ENSG00000226763.3$SRRM5$chr19$44100769$+,0.35
chr14:106405600-106407800,ENSG00000226777.3$KIAA0125$chr14$106383838$+,0.49
chrX:77146000-77147400,ENSG00000226784.1$PGAM4$chrX$77225135$-,0.36
chrX:77165000-77165600,ENSG00000226784.1$PGAM4$chrX$77225135$-,0.42
chrX:77357200-77359200,ENSG00000226784.1$PGAM4$chrX$77225135$-,0.46
chr6:36954600-36956200,ENSG00000226976.1$COX6A1P2$chr6$37012607$+,0.53
chr6:37087000-37088200,ENSG00000226976.1$COX6A1P2$chr6$37012607$+,0.37
chr6:31470200-31471200,ENSG00000226979.4$LTA$chr6$31539831$+,0.43
chr6:31510400-31512000,ENSG00000226979.4$LTA$chr6$31539831$+,0.47
chr6:31512600-31514800,ENSG00000226979.4$LTA$chr6$31539831$+,0.46
chr6:31515200-31517600,ENSG00000226979.4$LTA$chr6$31539831$+,0.48
chr6:31671200-31672200,ENSG00000226979.4$LTA$chr6$31539831$+,0.36
chr14:96502600-96502800,ENSG00000227051.4$C14orf132$chr14$96505661$+,0.39
chr6:33236600-33238800,ENSG00000227057.3$WDR46$chr6$33257304$-,0.53
chr6:33254800-33256400,ENSG00000227057.3$WDR46$chr6$33257304$-,0.37
chr6:33268000-33270000,ENSG00000227057.3$WDR46$chr6$33257304$-,0.65
chr6:33275200-33277600,ENSG00000227057.3$WDR46$chr6$33257304$-,0.59
chr6:33372800-33374400,ENSG00000227057.3$WDR46$chr6$33257304$-,0.48
chr6:33376800-33378000,ENSG00000227057.3$WDR46$chr6$33257304$-,0.44
chr6:33479200-33481400,ENSG00000227057.3$WDR46$chr6$33257304$-,0.43
chr3:75690800-75693200,ENSG00000227124.4$ZNF717$chr3$75834734$-,0.4
chr8:144767200-144769000,ENSG00000227184.3$EPPK1$chr8$144952632$-,0.41
chr10:89578600-89580200,ENSG00000227268.3$KLLN$chr10$89623194$-,0.7
chr10:89589200-89591000,ENSG00000227268.3$KLLN$chr10$89623194$-,0.69
chr10:89619400-89621600,ENSG00000227268.3$KLLN$chr10$89623194$-,0.53
chr10:89641800-89643800,ENSG00000227268.3$KLLN$chr10$89623194$-,0.62
chr17:36956400-36957200,ENSG00000227450.2$CTB-58E17.5$chr17$36905613$+,0.39
chr19:1938800-1940400,ENSG00000227500.5$SCAMP4$chr19$1905213$+,0.58
chr6:31470200-31471200,ENSG00000227507.2$LTB$chr6$31550299$-,0.41
chr6:31510400-31512000,ENSG00000227507.2$LTB$chr6$31550299$-,0.56
chr6:31512600-31514800,ENSG00000227507.2$LTB$chr6$31550299$-,0.52
chr6:31515200-31517600,ENSG00000227507.2$LTB$chr6$31550299$-,0.52
chr6:31671200-31672200,ENSG00000227507.2$LTB$chr6$31550299$-,0.36
chr7:102152800-102153800,ENSG00000228049.5$POLR2J2$chr7$102312076$-,0.38
chr7:102388200-102389200,ENSG00000228049.5$POLR2J2$chr7$102312076$-,0.41
chr7:102390000-102391800,ENSG00000228049.5$POLR2J2$chr7$102312076$-,0.42
chr9:21162800-21163600,ENSG00000228083.1$IFNA14$chr9$21239978$-,0.39
chr9:21182800-21184000,ENSG00000228083.1$IFNA14$chr9$21239978$-,0.44
chr9:21236000-21236800,ENSG00000228083.1$IFNA14$chr9$21239978$-,0.67
chr16:3207000-3207800,ENSG00000228146.2$CASP16$chr16$3194220$+,0.4
chr5:179103000-179105000,ENSG00000228259.2$AC136604.1$chr5$179078298$+,0.4
chr19:1056800-1059200,ENSG00000228300.9$C19orf24$chr19$1275026$+,0.35
chr19:1188600-1190600,ENSG00000228300.9$C19orf24$chr19$1275026$+,0.45
chr19:1353000-1354600,ENSG00000228300.9$C19orf24$chr19$1275026$+,0.49
chr19:1405800-1407800,ENSG00000228300.9$C19orf24$chr19$1275026$+,0.41
chr7:116602400-116604800,ENSG00000228368.1$AC106873.4$chr7$116607526$-,0.55
chr19:53756400-53757600,ENSG00000228567.2$VN1R4$chr19$53770972$-,0.55
chr10:81583000-81585400,ENSG00000228570.3$NUTM2E$chr10$81601114$+,0.42
chr10:81587000-81589400,ENSG00000228570.3$NUTM2E$chr10$81601114$+,0.44
chr1:1405000-1407200,ENSG00000228594.1$C1orf233$chr1$1535476$-,0.44
chr1:1407600-1410000,ENSG00000228594.1$C1orf233$chr1$1535476$-,0.39
chr1:1445600-1447000,ENSG00000228594.1$C1orf233$chr1$1535476$-,0.35
chr1:1548200-1550200,ENSG00000228594.1$C1orf233$chr1$1535476$-,0.6
chr1:1652000-1653800,ENSG00000228594.1$C1orf233$chr1$1535476$-,0.44
chr1:1657600-1659200,ENSG00000228594.1$C1orf233$chr1$1535476$-,0.37
chr11:113641600-113643800,ENSG00000228607.2$CLDN25$chr11$113650469$+,0.45
chr11:113644800-113645800,ENSG00000228607.2$CLDN25$chr11$113650469$+,0.77
chr5:138737000-138739200,ENSG00000228672.2$PROB1$chr5$138730885$-,0.56
chr5:79782200-79783600,ENSG00000228716.2$DHFR$chr5$79950802$-,0.45
chr5:79947800-79950000,ENSG00000228716.2$DHFR$chr5$79950802$-,0.41
chr5:79991600-79994000,ENSG00000228716.2$DHFR$chr5$79950802$-,0.62
chr5:80016200-80016600,ENSG00000228716.2$DHFR$chr5$79950802$-,0.64
chr5:80033800-80035200,ENSG00000228716.2$DHFR$chr5$79950802$-,0.47
chr3:187431000-187432800,ENSG00000228804.1$RP11-211G3.3$chr3$187420101$+,0.49
chr11:22642400-22643600,ENSG00000229387.2$AC103801.2$chr11$22646860$+,0.69
chr11:22647800-22649000,ENSG00000229387.2$AC103801.2$chr11$22646860$+,0.39
chr3:48343600-48344800,ENSG00000229453.1$SPINK8$chr3$48369831$-,0.41
chr3:48362000-48363600,ENSG00000229453.1$SPINK8$chr3$48369831$-,0.53
chr19:22815400-22815600,ENSG00000229676.2$ZNF492$chr19$22817126$+,0.47
chr3:88054000-88054800,ENSG00000229729.3$RP11-159G9.5$chr3$88108424$+,0.67
chr3:88067000-88069200,ENSG00000229729.3$RP11-159G9.5$chr3$88108424$+,0.72
chr3:88101000-88103000,ENSG00000229729.3$RP11-159G9.5$chr3$88108424$+,0.65
chr3:88196000-88198400,ENSG00000229729.3$RP11-159G9.5$chr3$88108424$+,0.44
chr3:88213800-88215000,ENSG00000229729.3$RP11-159G9.5$chr3$88108424$+,0.47
chr16:30319600-30321000,ENSG00000229809.4$ZNF688$chr16$30584055$-,0.36
chr16:30338800-30339000,ENSG00000229809.4$ZNF688$chr16$30584055$-,0.39
chr16:30386800-30389200,ENSG00000229809.4$ZNF688$chr16$30584055$-,0.35
chr16:30418000-30418400,ENSG00000229809.4$ZNF688$chr16$30584055$-,0.37
chr16:30438800-30440800,ENSG00000229809.4$ZNF688$chr16$30584055$-,0.42
chr16:30441200-30443000,ENSG00000229809.4$ZNF688$chr16$30584055$-,0.42
chr16:30476600-30478800,ENSG00000229809.4$ZNF688$chr16$30584055$-,0.4
chr16:30492800-30493000,ENSG00000229809.4$ZNF688$chr16$30584055$-,0.43
chr16:30493600-30495600,ENSG00000229809.4$ZNF688$chr16$30584055$-,0.43
chr16:30496200-30498200,ENSG00000229809.4$ZNF688$chr16$30584055$-,0.41
chr16:30505400-30506400,ENSG00000229809.4$ZNF688$chr16$30584055$-,0.39
chr16:30546800-30549200,ENSG00000229809.4$ZNF688$chr16$30584055$-,0.49
chr16:30597800-30599600,ENSG00000229809.4$ZNF688$chr16$30584055$-,0.63
chr16:30618800-30620800,ENSG00000229809.4$ZNF688$chr16$30584055$-,0.61
chr16:30639400-30641000,ENSG00000229809.4$ZNF688$chr16$30584055$-,0.62
chr16:30646200-30648200,ENSG00000229809.4$ZNF688$chr16$30584055$-,0.51
chr16:30711000-30713200,ENSG00000229809.4$ZNF688$chr16$30584055$-,0.54
chr16:30757800-30759600,ENSG00000229809.4$ZNF688$chr16$30584055$-,0.37
chr19:7597600-7599000,ENSG00000229833.5$PET100$chr19$7694623$+,0.56
chr19:7600800-7602600,ENSG00000229833.5$PET100$chr19$7694623$+,0.51
chr19:7746200-7748600,ENSG00000229833.5$PET100$chr19$7694623$+,0.54
chr19:7815400-7817200,ENSG00000229833.5$PET100$chr19$7694623$+,0.4
chr4:9152600-9154000,ENSG00000229924.2$FAM90A26$chr4$9172135$+,0.39
chr7:17946400-17947600,ENSG00000229937.4$PRPS1L1$chr7$18067486$-,0.37
chr7:17947800-17948600,ENSG00000229937.4$PRPS1L1$chr7$18067486$-,0.38
chr7:17967000-17968400,ENSG00000229937.4$PRPS1L1$chr7$18067486$-,0.38
chr7:17980800-17982200,ENSG00000229937.4$PRPS1L1$chr7$18067486$-,0.4
chr3:51843400-51843800,ENSG00000229972.3$IQCF3$chr3$51851620$+,0.63
chr3:51857000-51858200,ENSG00000229972.3$IQCF3$chr3$51851620$+,0.6
chr7:134855600-134857600,ENSG00000229974.1$AC083862.1$chr7$134832916$-,0.68
chr17:36956400-36957200,ENSG00000230055.2$CISD3$chr17$36886488$+,0.51
chr17:36981800-36982600,ENSG00000230055.2$CISD3$chr17$36886488$+,0.47
chr17:36996000-36998200,ENSG00000230055.2$CISD3$chr17$36886488$+,0.49
chr9:115246800-115248600,ENSG00000230185.4$C9orf147$chr9$115249484$-,0.49
chr3:97828400-97829800,ENSG00000230301.3$OR5H6$chr3$97983088$+,0.36
chr3:97906400-97908400,ENSG00000230301.3$OR5H6$chr3$97983088$+,0.45
chr19:47151000-47152800,ENSG00000230510.2$PPP5D1$chr19$47104457$-,0.57
chr19:47207400-47208600,ENSG00000230510.2$PPP5D1$chr19$47104457$-,0.48
chr19:47250000-47252400,ENSG00000230510.2$PPP5D1$chr19$47104457$-,0.44
chr19:7012800-7014600,ENSG00000230522.3$MBD3L2$chr19$7049332$+,0.38
chr19:7067600-7069400,ENSG00000230522.3$MBD3L2$chr19$7049332$+,0.41
chr1:38153600-38155600,ENSG00000230610.1$AL929472.1$chr1$38293886$-,0.42
chr15:40452200-40453200,ENSG00000230778.1$ANKRD63$chr15$40574787$-,0.39
chr15:40470200-40472200,ENSG00000230778.1$ANKRD63$chr15$40574787$-,0.39
chr15:40673800-40675200,ENSG00000230778.1$ANKRD63$chr15$40574787$-,0.37
chr15:40675600-40678000,ENSG00000230778.1$ANKRD63$chr15$40574787$-,0.45
chrX:21878400-21878800,ENSG00000230797.2$YY2$chrX$21874105$+,0.5
chrX:21916400-21916800,ENSG00000230797.2$YY2$chrX$21874105$+,0.39
chr3:25825600-25827800,ENSG00000230891.2$LINC00692$chr3$25915191$-,0.4
chr3:25867200-25869200,ENSG00000230891.2$LINC00692$chr3$25915191$-,0.59
chr16:83931400-83932400,ENSG00000230989.2$HSBP1$chr16$83841448$+,0.42
chr2:190625600-190627000,ENSG00000231145.1$AC013468.1$chr2$190643157$-,0.52
chr3:97747200-97749600,ENSG00000231192.1$OR5H1$chr3$97851542$+,0.43
chr3:97828400-97829800,ENSG00000231192.1$OR5H1$chr3$97851542$+,0.72
chr3:97906400-97908400,ENSG00000231192.1$OR5H1$chr3$97851542$+,0.5
chr17:41867600-41869800,ENSG00000231256.3$C17orf105$chr17$41857803$+,0.64
chr19:56027800-56029800,ENSG00000231274.4$SBK3$chr19$56056909$-,0.41
chr2:218649800-218651200,ENSG00000231672.2$DIRC3$chr2$218621316$-,0.54
chr18:5235400-5237400,ENSG00000231824.3$C18orf42$chr18$5197502$-,0.49
chr6:31863200-31865400,ENSG00000231852.2$CYP21A2$chr6$32006042$+,0.43
chr6:31924400-31926200,ENSG00000231852.2$CYP21A2$chr6$32006042$+,0.36
chr6:31940600-31943000,ENSG00000231852.2$CYP21A2$chr6$32006042$+,0.5
chr6:32090600-32092400,ENSG00000231852.2$CYP21A2$chr6$32006042$+,0.45
chr6:32093200-32095400,ENSG00000231852.2$CYP21A2$chr6$32006042$+,0.39
chr6:32096000-32097800,ENSG00000231852.2$CYP21A2$chr6$32006042$+,0.41
chr6:32219800-32221200,ENSG00000231852.2$CYP21A2$chr6$32006042$+,0.47
chr6:32238400-32240800,ENSG00000231852.2$CYP21A2$chr6$32006042$+,0.46
chr3:98227000-98228200,ENSG00000231861.1$OR5K2$chr3$98216448$+,0.68
chr3:98241800-98243000,ENSG00000231861.1$OR5K2$chr3$98216448$+,0.66
chr3:98243600-98245400,ENSG00000231861.1$OR5K2$chr3$98216448$+,0.73
chr3:98249800-98250600,ENSG00000231861.1$OR5K2$chr3$98216448$+,0.77
chr3:98257200-98258200,ENSG00000231861.1$OR5K2$chr3$98216448$+,0.74
chr3:98267000-98269000,ENSG00000231861.1$OR5K2$chr3$98216448$+,0.64
chr3:98285600-98288000,ENSG00000231861.1$OR5K2$chr3$98216448$+,0.4
chr11:47574800-47576200,ENSG00000231880.1$KBTBD4$chr11$47599277$+,0.61
chr11:47585400-47586600,ENSG00000231880.1$KBTBD4$chr11$47599277$+,0.62
chr11:47664400-47665600,ENSG00000231880.1$KBTBD4$chr11$47599277$+,0.52
chr11:47735400-47736400,ENSG00000231880.1$KBTBD4$chr11$47599277$+,0.52
chr11:47785200-47787600,ENSG00000231880.1$KBTBD4$chr11$47599277$+,0.39
chr6:33236600-33238800,ENSG00000231925.7$TAPBP$chr6$33282164$-,0.49
chr6:33254800-33256400,ENSG00000231925.7$TAPBP$chr6$33282164$-,0.58
chr6:33258000-33260000,ENSG00000231925.7$TAPBP$chr6$33282164$-,0.58
chr6:33268000-33270000,ENSG00000231925.7$TAPBP$chr6$33282164$-,0.73
chr6:33275200-33277600,ENSG00000231925.7$TAPBP$chr6$33282164$-,0.61
chr6:33372800-33374400,ENSG00000231925.7$TAPBP$chr6$33282164$-,0.49
chr6:33376800-33378000,ENSG00000231925.7$TAPBP$chr6$33282164$-,0.46
chr6:33479200-33481400,ENSG00000231925.7$TAPBP$chr6$33282164$-,0.49
chr6:28368000-28369400,ENSG00000232040.2$SCAND3$chr6$28583989$-,0.38
chr6:28408600-28411000,ENSG00000232040.2$SCAND3$chr6$28583989$-,0.4
chr6:28414200-28415600,ENSG00000232040.2$SCAND3$chr6$28583989$-,0.36
chr6:28492800-28494600,ENSG00000232040.2$SCAND3$chr6$28583989$-,0.58
chr6:28502000-28504400,ENSG00000232040.2$SCAND3$chr6$28583989$-,0.54
chr6:28615800-28617600,ENSG00000232040.2$SCAND3$chr6$28583989$-,0.59
chr6:28649400-28651400,ENSG00000232040.2$SCAND3$chr6$28583989$-,0.45
chr3:48343600-48344800,ENSG00000232112.3$TMA7$chr3$48481667$+,0.44
chr3:48362000-48363600,ENSG00000232112.3$TMA7$chr3$48481667$+,0.48
chr3:48486000-48487800,ENSG00000232112.3$TMA7$chr3$48481667$+,0.44
chr3:48488600-48490400,ENSG00000232112.3$TMA7$chr3$48481667$+,0.6
chrX:119705000-119706000,ENSG00000232119.3$MCTS1$chrX$119727865$+,0.45
chrX:119738800-119740400,ENSG00000232119.3$MCTS1$chrX$119727865$+,0.46
chr2:207465800-207467000,ENSG00000232125.2$DYTN$chr2$207583120$-,0.39
chr2:207553400-207554600,ENSG00000232125.2$DYTN$chr2$207583120$-,0.75
chr2:207628600-207629800,ENSG00000232125.2$DYTN$chr2$207583120$-,0.63
chr16:3334600-3336600,ENSG00000232196.2$MTRNR2L4$chr16$3422283$-,0.35
chr16:3415800-3416600,ENSG00000232196.2$MTRNR2L4$chr16$3422283$-,0.45
chr16:3448200-3450600,ENSG00000232196.2$MTRNR2L4$chr16$3422283$-,0.39
chr3:98227000-98228200,ENSG00000232382.1$OR5K1$chr3$98188324$+,0.72
chr3:98241800-98243000,ENSG00000232382.1$OR5K1$chr3$98188324$+,0.61
chr3:98243600-98245400,ENSG00000232382.1$OR5K1$chr3$98188324$+,0.65
chr3:98249800-98250600,ENSG00000232382.1$OR5K1$chr3$98188324$+,0.67
chr3:98257200-98258200,ENSG00000232382.1$OR5K1$chr3$98188324$+,0.6
chr3:98267000-98269000,ENSG00000232382.1$OR5K1$chr3$98188324$+,0.54
chr3:98285600-98288000,ENSG00000232382.1$OR5K1$chr3$98188324$+,0.47
chr1:151097000-151099200,ENSG00000232671.2$RP11-126K1.2$chr1$151254405$-,0.42
chr1:151119600-151121400,ENSG00000232671.2$RP11-126K1.2$chr1$151254405$-,0.44
chr1:151162800-151163800,ENSG00000232671.2$RP11-126K1.2$chr1$151254405$-,0.47
chr1:151255600-151257800,ENSG00000232671.2$RP11-126K1.2$chr1$151254405$-,0.4
chr1:151320200-151321800,ENSG00000232671.2$RP11-126K1.2$chr1$151254405$-,0.5
chr1:151370200-151371800,ENSG00000232671.2$RP11-126K1.2$chr1$151254405$-,0.51
chr16:30902600-30904800,ENSG00000232748.2$ZNF668$chr16$31072813$+,0.43
chr16:30931600-30933400,ENSG00000232748.2$ZNF668$chr16$31072813$+,0.51
chr16:30945800-30947800,ENSG00000232748.2$ZNF668$chr16$31072813$+,0.47
chr16:31082000-31084000,ENSG00000232748.2$ZNF668$chr16$31072813$+,0.58
chr16:31106400-31108000,ENSG00000232748.2$ZNF668$chr16$31072813$+,0.62
chr14:61962600-61964000,ENSG00000232774.3$RP11-47I22.3$chr14$62037258$+,0.37
chr6:31299400-31301600,ENSG00000232810.3$TNF$chr6$31543344$+,0.35
chr6:31470200-31471200,ENSG00000232810.3$TNF$chr6$31543344$+,0.4
chr6:31510400-31512000,ENSG00000232810.3$TNF$chr6$31543344$+,0.51
chr6:31512600-31514800,ENSG00000232810.3$TNF$chr6$31543344$+,0.5
chr6:31515200-31517600,ENSG00000232810.3$TNF$chr6$31543344$+,0.53
chr6:31671200-31672200,ENSG00000232810.3$TNF$chr6$31543344$+,0.37
chr6:31755000-31757400,ENSG00000232810.3$TNF$chr6$31543344$+,0.42
chr20:17972400-17974600,ENSG00000232838.3$PET117$chr20$18118517$+,0.39
chr9:130847600-130849000,ENSG00000232850.1$AL590708.2$chr9$130890612$+,0.55
chr9:131083200-131084200,ENSG00000232850.1$AL590708.2$chr9$130890612$+,0.42
chr9:140100600-140102600,ENSG00000233198.2$RNF224$chr9$140122018$+,0.37
chr9:140150800-140152800,ENSG00000233198.2$RNF224$chr9$140122018$+,0.37
chr6:27759000-27759600,ENSG00000233224.1$HIST1H2AM$chr6$27860963$-,0.48
chr6:27776400-27777800,ENSG00000233224.1$HIST1H2AM$chr6$27860963$-,0.49
chr6:27792800-27794600,ENSG00000233224.1$HIST1H2AM$chr6$27860963$-,0.47
chr6:27796400-27798400,ENSG00000233224.1$HIST1H2AM$chr6$27860963$-,0.52
chr3:49407800-49409600,ENSG00000233276.2$GPX1$chr3$49396033$-,0.44
chr3:97480800-97483000,ENSG00000233280.2$CRYBG3$chr3$97540884$+,0.46
chr3:97484000-97486400,ENSG00000233280.2$CRYBG3$chr3$97540884$+,0.53
chr3:97828400-97829800,ENSG00000233412.2$OR5H15$chr3$97887544$+,0.6
chr3:97906400-97908400,ENSG00000233412.2$OR5H15$chr3$97887544$+,0.64
chr11:57524600-57526600,ENSG00000233436.3$BTBD18$chr11$57519253$-,0.38
chr2:27603200-27605400,ENSG00000233438.1$AC109829.1$chr2$27760253$+,0.35
chr2:27620200-27621400,ENSG00000233438.1$AC109829.1$chr2$27760253$+,0.44
chr2:27625800-27627800,ENSG00000233438.1$AC109829.1$chr2$27760253$+,0.37
chr2:27649200-27651000,ENSG00000233438.1$AC109829.1$chr2$27760253$+,0.43
chr2:27710600-27712200,ENSG00000233438.1$AC109829.1$chr2$27760253$+,0.51
chr2:27849000-27851200,ENSG00000233438.1$AC109829.1$chr2$27760253$+,0.38
chr19:55802800-55803800,ENSG00000233493.3$TMEM238$chr19$55895966$-,0.41
chr19:55919200-55920600,ENSG00000233493.3$TMEM238$chr19$55895966$-,0.52
chr19:56027800-56029800,ENSG00000233493.3$TMEM238$chr19$55895966$-,0.36
chr2:10212600-10214600,ENSG00000233502.1$AC104794.4$chr2$10223908$+,0.43
chr2:10236200-10238200,ENSG00000233502.1$AC104794.4$chr2$10223908$+,0.63
chr3:138679000-138680800,ENSG00000233701.2$PRR23C$chr3$138763734$-,0.45
chr15:32649800-32652200,ENSG00000233812.2$AC139426.2$chr15$32695493$-,0.39
chr15:32656600-32656800,ENSG00000233812.2$AC139426.2$chr15$32695493$-,0.37
chr9:21335600-21337000,ENSG00000233816.2$IFNA13$chr9$21368075$-,0.6
chr9:21357000-21359000,ENSG00000233816.2$IFNA13$chr9$21368075$-,0.53
chr9:21503600-21504400,ENSG00000233816.2$IFNA13$chr9$21368075$-,0.35
chr6:27655800-27657600,ENSG00000233822.3$HIST1H2BN$chr6$27806323$+,0.42
chr6:27660200-27661800,ENSG00000233822.3$HIST1H2BN$chr6$27806323$+,0.46
chr6:27719000-27720200,ENSG00000233822.3$HIST1H2BN$chr6$27806323$+,0.55
chr6:27759000-27759600,ENSG00000233822.3$HIST1H2BN$chr6$27806323$+,0.62
chr6:27776400-27777800,ENSG00000233822.3$HIST1H2BN$chr6$27806323$+,0.71
chr6:27792800-27794600,ENSG00000233822.3$HIST1H2BN$chr6$27806323$+,0.66
chr6:27796400-27798400,ENSG00000233822.3$HIST1H2BN$chr6$27806323$+,0.69
chr5:86561600-86563200,ENSG00000233828.2$AC008394.1$chr5$86534822$-,0.52
chr5:86575400-86576200,ENSG00000233828.2$AC008394.1$chr5$86534822$-,0.67
chr5:86610200-86611400,ENSG00000233828.2$AC008394.1$chr5$86534822$-,0.46
chr5:86642600-86644200,ENSG00000233828.2$AC008394.1$chr5$86534822$-,0.44
chr5:86737000-86737800,ENSG00000233828.2$AC008394.1$chr5$86534822$-,0.36
chr6:30027000-30028400,ENSG00000234127.4$TRIM26$chr6$30181204$-,0.36
chr6:30139200-30141200,ENSG00000234127.4$TRIM26$chr6$30181204$-,0.55
chr6:30186400-30187800,ENSG00000234127.4$TRIM26$chr6$30181204$-,0.65
chr6:30195000-30196400,ENSG00000234127.4$TRIM26$chr6$30181204$-,0.57
chr6:30271600-30273600,ENSG00000234127.4$TRIM26$chr6$30181204$-,0.5
chr6:30273800-30274600,ENSG00000234127.4$TRIM26$chr6$30181204$-,0.46
chr6:30295400-30297600,ENSG00000234127.4$TRIM26$chr6$30181204$-,0.42
chr6:116457000-116459000,ENSG00000234188.1$AL121963.1$chr6$116442320$+,0.7
chr5:178285800-178286800,ENSG00000234284.2$ZNF879$chr5$178450753$+,0.47
chr5:178323400-178324400,ENSG00000234284.2$ZNF879$chr5$178450753$+,0.44
chr5:178486400-178487000,ENSG00000234284.2$ZNF879$chr5$178450753$+,0.57
chr5:178488000-178489800,ENSG00000234284.2$ZNF879$chr5$178450753$+,0.48
chr7:92154400-92156800,ENSG00000234545.3$FAM133B$chr7$92219708$-,0.53
chr7:92158800-92160800,ENSG00000234545.3$FAM133B$chr7$92219708$-,0.38
chr7:92212000-92212600,ENSG00000234545.3$FAM133B$chr7$92219708$-,0.54
chr7:92307000-92309200,ENSG00000234545.3$FAM133B$chr7$92219708$-,0.44
chr7:92316400-92316800,ENSG00000234545.3$FAM133B$chr7$92219708$-,0.43
chr11:123982400-123983200,ENSG00000234560.3$OR10G8$chr11$123900297$+,0.36
chr5:54408600-54410200,ENSG00000234602.3$MCIDAS$chr5$54523143$-,0.41
chr5:54429400-54431400,ENSG00000234602.3$MCIDAS$chr5$54523143$-,0.45
chr5:54437000-54438800,ENSG00000234602.3$MCIDAS$chr5$54523143$-,0.54
chr5:54441200-54442800,ENSG00000234602.3$MCIDAS$chr5$54523143$-,0.59
chr5:54471400-54473600,ENSG00000234602.3$MCIDAS$chr5$54523143$-,0.55
chr16:12010400-12011600,ENSG00000234719.4$RP11-166B2.1$chr16$12070500$-,0.57
chr16:12161400-12163600,ENSG00000234719.4$RP11-166B2.1$chr16$12070500$-,0.47
chr6:31210600-31211600,ENSG00000234745.5$HLA-B$chr6$31324965$-,0.44
chr6:31227200-31229200,ENSG00000234745.5$HLA-B$chr6$31324965$-,0.44
chr6:31275400-31277400,ENSG00000234745.5$HLA-B$chr6$31324965$-,0.51
chr6:31299400-31301600,ENSG00000234745.5$HLA-B$chr6$31324965$-,0.52
chr6:31315200-31317000,ENSG00000234745.5$HLA-B$chr6$31324965$-,0.56
chr6:31408800-31411000,ENSG00000234745.5$HLA-B$chr6$31324965$-,0.49
chr6:31470200-31471200,ENSG00000234745.5$HLA-B$chr6$31324965$-,0.38
chr9:21162800-21163600,ENSG00000234829.2$IFNA17$chr9$21228221$-,0.4
chr9:21182800-21184000,ENSG00000234829.2$IFNA17$chr9$21228221$-,0.46
chr9:21236000-21236800,ENSG00000234829.2$IFNA17$chr9$21228221$-,0.61
chr19:45392200-45393600,ENSG00000234906.4$APOC2$chr19$45449243$+,0.35
chr19:45456200-45457600,ENSG00000234906.4$APOC2$chr19$45449243$+,0.47
chr22:42085400-42087200,ENSG00000234965.1$SHISA8$chr22$42310570$-,0.36
chr22:42194800-42196200,ENSG00000234965.1$SHISA8$chr22$42310570$-,0.35
chr22:42417400-42419600,ENSG00000234965.1$SHISA8$chr22$42310570$-,0.38
chr22:42484600-42486000,ENSG00000234965.1$SHISA8$chr22$42310570$-,0.41
chr22:42487400-42489200,ENSG00000234965.1$SHISA8$chr22$42310570$-,0.39
chr19:51141200-51143600,ENSG00000235034.2$C19orf81$chr19$51152702$+,0.55
chr6:28220200-28222600,ENSG00000235109.3$ZSCAN31$chr6$28324048$-,0.44
chr6:28226400-28227800,ENSG00000235109.3$ZSCAN31$chr6$28324048$-,0.47
chr6:28270800-28272400,ENSG00000235109.3$ZSCAN31$chr6$28324048$-,0.6
chr6:28301000-28303400,ENSG00000235109.3$ZSCAN31$chr6$28324048$-,0.6
chr6:28304400-28306800,ENSG00000235109.3$ZSCAN31$chr6$28324048$-,0.67
chr6:28357200-28357400,ENSG00000235109.3$ZSCAN31$chr6$28324048$-,0.69
chr6:28368000-28369400,ENSG00000235109.3$ZSCAN31$chr6$28324048$-,0.59
chr6:28408600-28411000,ENSG00000235109.3$ZSCAN31$chr6$28324048$-,0.47
chr6:28411200-28412800,ENSG00000235109.3$ZSCAN31$chr6$28324048$-,0.43
chr6:28414200-28415600,ENSG00000235109.3$ZSCAN31$chr6$28324048$-,0.44
chr12:105499800-105500800,ENSG00000235162.4$C12orf75$chr12$105629068$+,0.41
chr12:105523400-105524800,ENSG00000235162.4$C12orf75$chr12$105629068$+,0.49
chr12:105630400-105631600,ENSG00000235162.4$C12orf75$chr12$105629068$+,0.38
chr14:23706200-23708000,ENSG00000235194.4$PPP1R3E$chr14$23772057$-,0.53
chr14:23753200-23754400,ENSG00000235194.4$PPP1R3E$chr14$23772057$-,0.7
chr14:23756000-23757400,ENSG00000235194.4$PPP1R3E$chr14$23772057$-,0.59
chr14:23788800-23790000,ENSG00000235194.4$PPP1R3E$chr14$23772057$-,0.63
chr14:23937400-23938600,ENSG00000235194.4$PPP1R3E$chr14$23772057$-,0.43
chr14:23939400-23941000,ENSG00000235194.4$PPP1R3E$chr14$23772057$-,0.46
chr14:23947200-23949000,ENSG00000235194.4$PPP1R3E$chr14$23772057$-,0.41
chr11:94707200-94709000,ENSG00000235268.2$KDM4E$chr11$94758422$+,0.4
chr22:17564400-17565800,ENSG00000235478.1$AC006946.15$chr22$17602476$+,0.38
chr22:17640800-17641600,ENSG00000235478.1$AC006946.15$chr22$17602476$+,0.46
chr11:119220800-119221400,ENSG00000235718.3$MFRP$chr11$119217383$-,0.41
chr6:33236600-33238800,ENSG00000235863.2$B3GALT4$chr6$33244917$+,0.5
chr6:33254800-33256400,ENSG00000235863.2$B3GALT4$chr6$33244917$+,0.44
chr6:33258000-33260000,ENSG00000235863.2$B3GALT4$chr6$33244917$+,0.53
chr6:33268000-33270000,ENSG00000235863.2$B3GALT4$chr6$33244917$+,0.63
chr6:33275200-33277600,ENSG00000235863.2$B3GALT4$chr6$33244917$+,0.47
chr6:33372800-33374400,ENSG00000235863.2$B3GALT4$chr6$33244917$+,0.35
chr6:33376800-33378000,ENSG00000235863.2$B3GALT4$chr6$33244917$+,0.36
chr6:33479200-33481400,ENSG00000235863.2$B3GALT4$chr6$33244917$+,0.36
chr3:4915600-4916600,ENSG00000235978.2$AC018816.3$chr3$4928977$-,0.6
chr3:4929800-4932000,ENSG00000235978.2$AC018816.3$chr3$4928977$-,0.53
chr3:4968600-4970600,ENSG00000235978.2$AC018816.3$chr3$4928977$-,0.64
chr3:5006600-5008800,ENSG00000235978.2$AC018816.3$chr3$4928977$-,0.51
chr11:125493800-125495200,ENSG00000236027.2$PATE3$chr11$125658006$+,0.47
chr11:125501400-125503400,ENSG00000236027.2$PATE3$chr11$125658006$+,0.39
chr11:125755000-125757400,ENSG00000236027.2$PATE3$chr11$125658006$+,0.37
chr11:125771200-125772600,ENSG00000236027.2$PATE3$chr11$125658006$+,0.59
chr11:125808000-125810000,ENSG00000236027.2$PATE3$chr11$125658006$+,0.35
chr3:97828400-97829800,ENSG00000236032.2$OR5H14$chr3$97868170$+,0.68
chr3:97906400-97908400,ENSG00000236032.2$OR5H14$chr3$97868170$+,0.64
chr6:33236600-33238800,ENSG00000236104.2$ZBTB22$chr6$33285719$-,0.44
chr6:33254800-33256400,ENSG00000236104.2$ZBTB22$chr6$33285719$-,0.51
chr6:33258000-33260000,ENSG00000236104.2$ZBTB22$chr6$33285719$-,0.51
chr6:33268000-33270000,ENSG00000236104.2$ZBTB22$chr6$33285719$-,0.66
chr6:33275200-33277600,ENSG00000236104.2$ZBTB22$chr6$33285719$-,0.65
chr6:33372800-33374400,ENSG00000236104.2$ZBTB22$chr6$33285719$-,0.48
chr6:33376800-33378000,ENSG00000236104.2$ZBTB22$chr6$33285719$-,0.54
chr6:33479200-33481400,ENSG00000236104.2$ZBTB22$chr6$33285719$-,0.46
chr11:10822000-10822600,ENSG00000236287.3$ZBED5$chr11$10880343$-,0.45
chr11:10831400-10832800,ENSG00000236287.3$ZBED5$chr11$10880343$-,0.58
chr11:10899600-10901600,ENSG00000236287.3$ZBED5$chr11$10880343$-,0.66
chr17:33831200-33833200,ENSG00000236320.3$SLFN14$chr17$33885117$-,0.36
chr17:33902600-33905000,ENSG00000236320.3$SLFN14$chr17$33885117$-,0.38
chr17:33913200-33914000,ENSG00000236320.3$SLFN14$chr17$33885117$-,0.36
chr17:33919400-33921200,ENSG00000236320.3$SLFN14$chr17$33885117$-,0.39
chr1:143732000-143732600,ENSG00000236334.1$PPIAL4G$chr1$143767881$-,0.52
chr1:143734000-143735200,ENSG00000236334.1$PPIAL4G$chr1$143767881$-,0.58
chr1:143756800-143757800,ENSG00000236334.1$PPIAL4G$chr1$143767881$-,0.5
chr1:143764600-143766400,ENSG00000236334.1$PPIAL4G$chr1$143767881$-,0.46
chr1:143930400-143931800,ENSG00000236334.1$PPIAL4G$chr1$143767881$-,0.43
chr7:142958800-142960400,ENSG00000236398.2$TAS2R39$chr7$142880512$+,0.41
chr7:142968400-142968800,ENSG00000236398.2$TAS2R39$chr7$142880512$+,0.35
chr1:45765800-45766400,ENSG00000236624.4$CCDC163P$chr1$45965751$-,0.39
chr1:45767200-45769000,ENSG00000236624.4$CCDC163P$chr1$45965751$-,0.38
chr1:45954000-45956000,ENSG00000236624.4$CCDC163P$chr1$45965751$-,0.61
chr1:45957400-45959200,ENSG00000236624.4$CCDC163P$chr1$45965751$-,0.64
chr1:45988000-45990000,ENSG00000236624.4$CCDC163P$chr1$45965751$-,0.71
chr1:46015200-46016200,ENSG00000236624.4$CCDC163P$chr1$45965751$-,0.69
chr1:46047400-46049200,ENSG00000236624.4$CCDC163P$chr1$45965751$-,0.64
chr1:46127800-46129400,ENSG00000236624.4$CCDC163P$chr1$45965751$-,0.54
chr9:21182800-21184000,ENSG00000236637.1$IFNA4$chr9$21187598$-,0.37
chr16:67141800-67143400,ENSG00000237102.2$AC040160.1$chr16$67260930$-,0.6
chr5:133614600-133617000,ENSG00000237190.3$CDKN2AIPNL$chr5$133747589$-,0.38
chr5:133637600-133639600,ENSG00000237190.3$CDKN2AIPNL$chr5$133747589$-,0.49
chr5:133700000-133702400,ENSG00000237190.3$CDKN2AIPNL$chr5$133747589$-,0.48
chr5:133965800-133967800,ENSG00000237190.3$CDKN2AIPNL$chr5$133747589$-,0.36
chr5:133968600-133971000,ENSG00000237190.3$CDKN2AIPNL$chr5$133747589$-,0.43
chr19:7004400-7004800,ENSG00000237247.4$MBD3L5$chr19$7030589$+,0.4
chr19:7012800-7014600,ENSG00000237247.4$MBD3L5$chr19$7030589$+,0.49
chr19:7067600-7069400,ENSG00000237247.4$MBD3L5$chr19$7030589$+,0.41
chr11:125771200-125772600,ENSG00000237353.2$PATE4$chr11$125703211$+,0.36
chr19:20636000-20637200,ENSG00000237440.4$ZNF737$chr19$20748615$-,0.35
chr19:20664800-20666600,ENSG00000237440.4$ZNF737$chr19$20748615$-,0.39
chr6:33236600-33238800,ENSG00000237441.5$RGL2$chr6$33267101$-,0.54
chr6:33254800-33256400,ENSG00000237441.5$RGL2$chr6$33267101$-,0.63
chr6:33258000-33260000,ENSG00000237441.5$RGL2$chr6$33267101$-,0.64
chr6:33268000-33270000,ENSG00000237441.5$RGL2$chr6$33267101$-,0.38
chr6:33275200-33277600,ENSG00000237441.5$RGL2$chr6$33267101$-,0.66
chr6:33372800-33374400,ENSG00000237441.5$RGL2$chr6$33267101$-,0.46
chr6:33376800-33378000,ENSG00000237441.5$RGL2$chr6$33267101$-,0.42
chr6:33479200-33481400,ENSG00000237441.5$RGL2$chr6$33267101$-,0.47
chr19:46183600-46185600,ENSG00000237452.2$AC074212.3$chr19$46236509$+,0.51
chr19:46196600-46199000,ENSG00000237452.2$AC074212.3$chr19$46236509$+,0.59
chr19:9257400-9257800,ENSG00000237521.1$OR7E24$chr19$9361606$+,0.36
chr19:9421000-9421400,ENSG00000237521.1$OR7E24$chr19$9361606$+,0.42
chr19:9435200-9437000,ENSG00000237521.1$OR7E24$chr19$9361606$+,0.35
chrX:49148000-49150000,ENSG00000237597.4$GAGE13$chrX$49188094$+,0.37
chr6:33236600-33238800,ENSG00000237649.3$KIFC1$chr6$33359313$+,0.44
chr6:33254800-33256400,ENSG00000237649.3$KIFC1$chr6$33359313$+,0.47
chr6:33258000-33260000,ENSG00000237649.3$KIFC1$chr6$33359313$+,0.52
chr6:33268000-33270000,ENSG00000237649.3$KIFC1$chr6$33359313$+,0.52
chr6:33275200-33277600,ENSG00000237649.3$KIFC1$chr6$33359313$+,0.42
chr6:33372800-33374400,ENSG00000237649.3$KIFC1$chr6$33359313$+,0.59
chr6:33376800-33378000,ENSG00000237649.3$KIFC1$chr6$33359313$+,0.55
chr6:33479200-33481400,ENSG00000237649.3$KIFC1$chr6$33359313$+,0.49
chr6:33548000-33549200,ENSG00000237649.3$KIFC1$chr6$33359313$+,0.35
chr2:61219200-61221600,ENSG00000237651.2$C2orf74$chr2$61372243$+,0.51
chr2:61410600-61411400,ENSG00000237651.2$C2orf74$chr2$61372243$+,0.53
chr2:61420200-61422400,ENSG00000237651.2$C2orf74$chr2$61372243$+,0.53
chr5:150113200-150115600,ENSG00000237693.4$IRGM$chr5$150226085$+,0.38
chr3:153159000-153159200,ENSG00000237787.2$C3orf79$chr3$153202284$+,0.56
chr3:153159400-153161200,ENSG00000237787.2$C3orf79$chr3$153202284$+,0.71
chr3:153169400-153171000,ENSG00000237787.2$C3orf79$chr3$153202284$+,0.79
chr17:44579200-44579400,ENSG00000238083.3$LRRC37A2$chr17$44588877$+,0.52
chr17:44579800-44580200,ENSG00000238083.3$LRRC37A2$chr17$44588877$+,0.51
chr15:90681400-90683600,ENSG00000238244.2$GABARAPL3$chr15$90892669$-,0.38
chr15:90894600-90897000,ENSG00000238244.2$GABARAPL3$chr15$90892669$-,0.55
chr15:90972200-90974200,ENSG00000238244.2$GABARAPL3$chr15$90892669$-,0.46
chr6:8035600-8037800,ENSG00000239264.4$TXNDC5$chr6$8026646$-,0.57
chr2:86758400-86760600,ENSG00000239305.2$RNF103$chr2$86850989$-,0.36
chr2:86787800-86789600,ENSG00000239305.2$RNF103$chr2$86850989$-,0.58
chr2:86924400-86925600,ENSG00000239305.2$RNF103$chr2$86850989$-,0.56
chr2:86946000-86946600,ENSG00000239305.2$RNF103$chr2$86850989$-,0.45
chr2:86963200-86963600,ENSG00000239305.2$RNF103$chr2$86850989$-,0.44
chr11:66276200-66278200,ENSG00000239306.4$RBM14$chr11$66384053$+,0.59
chr11:66278600-66280200,ENSG00000239306.4$RBM14$chr11$66384053$+,0.55
chr11:66345200-66347400,ENSG00000239306.4$RBM14$chr11$66384053$+,0.67
chr11:66358200-66360600,ENSG00000239306.4$RBM14$chr11$66384053$+,0.77
chr11:66430200-66431800,ENSG00000239306.4$RBM14$chr11$66384053$+,0.49
chr19:36460400-36461000,ENSG00000239382.6$ALKBH6$chr19$36505141$-,0.53
chr19:36483600-36485800,ENSG00000239382.6$ALKBH6$chr19$36505141$-,0.56
chr19:36632000-36634000,ENSG00000239382.6$ALKBH6$chr19$36505141$-,0.44
chr19:36703600-36705000,ENSG00000239382.6$ALKBH6$chr19$36505141$-,0.46
chr17:49145200-49146200,ENSG00000239672.3$NME1$chr17$49230897$+,0.41
chr17:49187200-49187600,ENSG00000239672.3$NME1$chr17$49230897$+,0.64
chr17:49242200-49243400,ENSG00000239672.3$NME1$chr17$49230897$+,0.53
chr17:49277400-49279200,ENSG00000239672.3$NME1$chr17$49230897$+,0.62
chr17:49314800-49317200,ENSG00000239672.3$NME1$chr17$49230897$+,0.48
chr17:7337800-7338800,ENSG00000239697.6$TNFSF12$chr17$7452208$+,0.45
chr17:7356800-7358800,ENSG00000239697.6$TNFSF12$chr17$7452208$+,0.48
chr17:7359400-7361600,ENSG00000239697.6$TNFSF12$chr17$7452208$+,0.45
chr17:7426000-7426800,ENSG00000239697.6$TNFSF12$chr17$7452208$+,0.71
chr17:7528600-7530600,ENSG00000239697.6$TNFSF12$chr17$7452208$+,0.44
chr17:7531200-7532000,ENSG00000239697.6$TNFSF12$chr17$7452208$+,0.52
chr17:7592200-7594200,ENSG00000239697.6$TNFSF12$chr17$7452208$+,0.41
chr17:15465200-15466400,ENSG00000239704.6$CDRT4$chr17$15406922$-,0.37
chr17:15467000-15468000,ENSG00000239704.6$CDRT4$chr17$15406922$-,0.41
chr22:39384400-39386400,ENSG00000239713.3$APOBEC3G$chr22$39436924$+,0.59
chr22:39397800-39400000,ENSG00000239713.3$APOBEC3G$chr22$39436924$+,0.56
chr22:39425000-39425600,ENSG00000239713.3$APOBEC3G$chr22$39436924$+,0.67
chr22:39431400-39433800,ENSG00000239713.3$APOBEC3G$chr22$39436924$+,0.65
chr22:39539400-39541000,ENSG00000239713.3$APOBEC3G$chr22$39436924$+,0.43
chr22:39549200-39550400,ENSG00000239713.3$APOBEC3G$chr22$39436924$+,0.35
chr3:52215200-52217400,ENSG00000239732.2$TLR9$chr3$52273183$-,0.49
chr3:52291600-52294000,ENSG00000239732.2$TLR9$chr3$52273183$-,0.76
chr2:74540400-74542200,ENSG00000239779.2$WBP1$chr2$74685456$+,0.4
chr2:74553800-74556200,ENSG00000239779.2$WBP1$chr2$74685456$+,0.45
chr2:74560800-74562800,ENSG00000239779.2$WBP1$chr2$74685456$+,0.48
chr2:74619200-74621200,ENSG00000239779.2$WBP1$chr2$74685456$+,0.58
chr2:74682600-74684400,ENSG00000239779.2$WBP1$chr2$74685456$+,0.38
chr2:74692600-74695000,ENSG00000239779.2$WBP1$chr2$74685456$+,0.56
chr2:74696800-74699200,ENSG00000239779.2$WBP1$chr2$74685456$+,0.6
chr7:764200-766400,ENSG00000239857.2$GET4$chr7$916189$+,0.47
chr22:40012800-40015000,ENSG00000239900.7$ADSL$chr22$40742507$+,0.4
chr22:40287800-40289800,ENSG00000239900.7$ADSL$chr22$40742507$+,0.35
chr22:40624800-40626200,ENSG00000239900.7$ADSL$chr22$40742507$+,0.53
chr22:40735600-40737200,ENSG00000239900.7$ADSL$chr22$40742507$+,0.65
chr22:40737400-40739800,ENSG00000239900.7$ADSL$chr22$40742507$+,0.57
chr19:54895000-54896000,ENSG00000239961.2$LILRA4$chr19$54850421$-,0.46
chr1:104066600-104067800,ENSG00000240038.2$AMY2B$chr1$104096437$+,0.54
chr6:31671200-31672200,ENSG00000240053.8$LY6G5B$chr6$31637944$+,0.58
chr6:31755000-31757400,ENSG00000240053.8$LY6G5B$chr6$31637944$+,0.41
chr7:1176200-1177400,ENSG00000240230.1$COX19$chr7$1015235$-,0.35
chr3:132442200-132443800,ENSG00000240303.3$ACAD11$chr3$132379567$-,0.61
chr3:132475400-132476200,ENSG00000240303.3$ACAD11$chr3$132379567$-,0.43
chr2:201673400-201675800,ENSG00000240344.4$PPIL3$chr2$201754026$-,0.49
chr3:128764200-128766600,ENSG00000240682.5$ISY1$chr3$128880136$-,0.37
chr3:128840600-128843000,ENSG00000240682.5$ISY1$chr3$128880136$-,0.5
chr3:128903400-128905800,ENSG00000240682.5$ISY1$chr3$128880136$-,0.59
chr3:129004800-129006000,ENSG00000240682.5$ISY1$chr3$128880136$-,0.41
chr3:129118600-129120000,ENSG00000240682.5$ISY1$chr3$128880136$-,0.5
chr7:91764600-91765600,ENSG00000240720.3$LRRD1$chr7$91808845$-,0.49
chr3:42812400-42814800,ENSG00000240747.3$KRBOX1$chr3$42850975$+,0.4
chr12:57999000-58001400,ENSG00000240771.2$ARHGEF25$chr12$58003963$+,0.53
chr20:48686600-48688600,ENSG00000240849.6$TMEM189$chr20$48770335$-,0.42
chr20:48770600-48772800,ENSG00000240849.6$TMEM189$chr20$48770335$-,0.38
chr17:39208000-39209800,ENSG00000240871.3$KRTAP4-7$chr17$39240459$+,0.45
chr3:111273800-111275000,ENSG00000240891.2$PLCXD2$chr3$111393523$+,0.42
chr3:111281000-111282800,ENSG00000240891.2$PLCXD2$chr3$111393523$+,0.4
chr3:111287600-111288600,ENSG00000240891.2$PLCXD2$chr3$111393523$+,0.38
chr3:111550400-111551400,ENSG00000240891.2$PLCXD2$chr3$111393523$+,0.43
chr22:24046400-24048400,ENSG00000240972.1$MIF$chr22$24236191$+,0.38
chr22:24091800-24092800,ENSG00000240972.1$MIF$chr22$24236191$+,0.46
chr22:24200400-24202800,ENSG00000240972.1$MIF$chr22$24236191$+,0.68
chr22:24256200-24258400,ENSG00000240972.1$MIF$chr22$24236191$+,0.75
chr22:24370800-24372600,ENSG00000240972.1$MIF$chr22$24236191$+,0.4
chr22:24373600-24375400,ENSG00000240972.1$MIF$chr22$24236191$+,0.47
chr22:24384400-24386600,ENSG00000240972.1$MIF$chr22$24236191$+,0.55
chr22:24419000-24420400,ENSG00000240972.1$MIF$chr22$24236191$+,0.42
chr9:32545400-32547600,ENSG00000241043.1$GVQW1$chr9$32566787$+,0.35
chr9:32573600-32574200,ENSG00000241043.1$GVQW1$chr9$32566787$+,0.38
chr10:18914800-18916400,ENSG00000241058.1$NSUN6$chr10$18940551$-,0.55
chr21:46002800-46004400,ENSG00000241123.1$KRTAP10-5$chr21$46000481$-,0.53
chr7:39771000-39772600,ENSG00000241127.3$YAE1D1$chr7$39605975$+,0.4
chr11:71350000-71352200,ENSG00000241233.1$KRTAP5-8$chr11$71249071$+,0.36
chr7:65411400-65413200,ENSG00000241258.2$CRCP$chr7$65579591$+,0.41
chr7:65508000-65510000,ENSG00000241258.2$CRCP$chr7$65579591$+,0.47
chr7:65541400-65543800,ENSG00000241258.2$CRCP$chr7$65579591$+,0.54
chr17:15496400-15497000,ENSG00000241322.4$CDRT1$chr17$15522826$-,0.41
chr22:37925600-37927000,ENSG00000241360.1$PDXP$chr22$38054734$+,0.45
chr22:38005800-38008200,ENSG00000241360.1$PDXP$chr22$38054734$+,0.49
chr6:30186400-30187800,ENSG00000241370.1$RPP21$chr6$30312908$+,0.44
chr6:30195000-30196400,ENSG00000241370.1$RPP21$chr6$30312908$+,0.43
chr6:30271600-30273600,ENSG00000241370.1$RPP21$chr6$30312908$+,0.72
chr6:30273800-30274600,ENSG00000241370.1$RPP21$chr6$30312908$+,0.75
chr6:30295400-30297600,ENSG00000241370.1$RPP21$chr6$30312908$+,0.68
chr6:30379400-30380000,ENSG00000241370.1$RPP21$chr6$30312908$+,0.64
chr6:30411600-30412600,ENSG00000241370.1$RPP21$chr6$30312908$+,0.39
chr6:30467400-30469600,ENSG00000241370.1$RPP21$chr6$30312908$+,0.35
chr6:32122600-32124600,ENSG00000241404.2$EGFL8$chr6$32132360$+,0.46
chr7:98921800-98923000,ENSG00000241468.3$ATP5J2$chr7$99063954$-,0.38
chr7:99007400-99009600,ENSG00000241468.3$ATP5J2$chr7$99063954$-,0.54
chr7:99033800-99036000,ENSG00000241468.3$ATP5J2$chr7$99063954$-,0.66
chr7:99098400-99099400,ENSG00000241468.3$ATP5J2$chr7$99063954$-,0.55
chr7:99101400-99102000,ENSG00000241468.3$ATP5J2$chr7$99063954$-,0.51
chr7:99147800-99149200,ENSG00000241468.3$ATP5J2$chr7$99063954$-,0.47
chr7:99150000-99151600,ENSG00000241468.3$ATP5J2$chr7$99063954$-,0.44
chr7:99212800-99214200,ENSG00000241468.3$ATP5J2$chr7$99063954$-,0.39
chr3:9690200-9691000,ENSG00000241553.8$ARPC4$chr3$9834179$+,0.35
chr3:9691800-9693200,ENSG00000241553.8$ARPC4$chr3$9834179$+,0.46
chr3:9744600-9747000,ENSG00000241553.8$ARPC4$chr3$9834179$+,0.48
chr3:9768000-9770000,ENSG00000241553.8$ARPC4$chr3$9834179$+,0.45
chr3:9771400-9772600,ENSG00000241553.8$ARPC4$chr3$9834179$+,0.49
chr3:9795600-9797800,ENSG00000241553.8$ARPC4$chr3$9834179$+,0.54
chr3:9883400-9885000,ENSG00000241553.8$ARPC4$chr3$9834179$+,0.54
chr3:9885800-9887200,ENSG00000241553.8$ARPC4$chr3$9834179$+,0.53
chr3:9892800-9895000,ENSG00000241553.8$ARPC4$chr3$9834179$+,0.56
chr3:9930000-9932200,ENSG00000241553.8$ARPC4$chr3$9834179$+,0.38
chr11:1640400-1641400,ENSG00000241598.4$KRTAP5-4$chr11$1643368$-,0.55
chr11:1649600-1651400,ENSG00000241598.4$KRTAP5-4$chr11$1643368$-,0.55
chr7:30628400-30629000,ENSG00000241644.2$INMT$chr7$30737601$+,0.37
chr7:30631200-30633600,ENSG00000241644.2$INMT$chr7$30737601$+,0.4
chr7:30666800-30667400,ENSG00000241644.2$INMT$chr7$30737601$+,0.53
chr7:30808800-30811000,ENSG00000241644.2$INMT$chr7$30737601$+,0.37
chr7:98742200-98743600,ENSG00000241685.4$ARPC1A$chr7$98923521$+,0.4
chr7:99098400-99099400,ENSG00000241685.4$ARPC1A$chr7$98923521$+,0.38
chr7:99101400-99102000,ENSG00000241685.4$ARPC1A$chr7$98923521$+,0.37
chr7:99147800-99149200,ENSG00000241685.4$ARPC1A$chr7$98923521$+,0.41
chr7:99150000-99151600,ENSG00000241685.4$ARPC1A$chr7$98923521$+,0.41
chr20:2806200-2808000,ENSG00000241690.3$TMEM239$chr20$2795614$+,0.37
chr9:103187400-103189000,ENSG00000241697.3$TMEFF1$chr9$103204560$+,0.35
chr21:35296000-35297800,ENSG00000241837.2$ATP5O$chr21$35288284$-,0.64
chr21:35334600-35335800,ENSG00000241837.2$ATP5O$chr21$35288284$-,0.61
chr8:22467400-22468600,ENSG00000241852.5$C8orf58$chr8$22457114$+,0.35
chr22:31886800-31888800,ENSG00000241878.5$PISD$chr22$32058418$-,0.36
chr22:31904200-31905800,ENSG00000241878.5$PISD$chr22$32058418$-,0.45
chr22:32060400-32062200,ENSG00000241878.5$PISD$chr22$32058418$-,0.5
chr22:32072200-32073400,ENSG00000241878.5$PISD$chr22$32058418$-,0.69
chr22:32143200-32145400,ENSG00000241878.5$PISD$chr22$32058418$-,0.65
chr21:45308600-45310400,ENSG00000241945.3$PWP2$chr21$45527171$+,0.4
chr21:45429200-45431600,ENSG00000241945.3$PWP2$chr21$45527171$+,0.38
chr21:45462000-45464200,ENSG00000241945.3$PWP2$chr21$45527171$+,0.48
chr21:45477400-45479000,ENSG00000241945.3$PWP2$chr21$45527171$+,0.51
chr21:45498000-45499600,ENSG00000241945.3$PWP2$chr21$45527171$+,0.55
chr21:45524800-45526800,ENSG00000241945.3$PWP2$chr21$45527171$+,0.37
chr21:45551000-45553000,ENSG00000241945.3$PWP2$chr21$45527171$+,0.7
chr21:45759800-45761400,ENSG00000241945.3$PWP2$chr21$45527171$+,0.4
chr2:99755400-99757200,ENSG00000241962.5$C2orf15$chr2$99757948$+,0.37
chr22:21054600-21056600,ENSG00000241973.6$PI4KA$chr22$21213705$-,0.37
chr22:21057400-21059400,ENSG00000241973.6$PI4KA$chr22$21213705$-,0.44
chr22:21268800-21271200,ENSG00000241973.6$PI4KA$chr22$21213705$-,0.5
chr22:21357400-21359400,ENSG00000241973.6$PI4KA$chr22$21213705$-,0.4
chr15:44093400-44094600,ENSG00000242028.1$HYPK$chr15$44088340$+,0.57
chr3:159627600-159630000,ENSG00000242107.1$CTD-2049J23.3$chr3$159733811$+,0.4
chr5:33964000-33966000,ENSG00000242110.3$AMACR$chr5$34008220$-,0.8
chr5:34245800-34246600,ENSG00000242110.3$AMACR$chr5$34008220$-,0.36
chr22:30753400-30755600,ENSG00000242114.1$MTFP1$chr22$30821518$+,0.54
chr22:30984800-30987200,ENSG00000242114.1$MTFP1$chr22$30821518$+,0.48
chr16:285600-286800,ENSG00000242173.4$ARHGDIG$chr16$318726$+,0.37
chr21:33942200-33943600,ENSG00000242220.2$TCP10L$chr21$33959683$-,0.39
chr22:19476000-19477600,ENSG00000242259.4$C22orf39$chr22$19435755$-,0.53
chr2:48801400-48802600,ENSG00000242441.3$GTF2A1L$chr2$48844937$+,0.67
chr18:61638200-61639800,ENSG00000242550.1$SERPINB10$chr18$61564408$+,0.37
chr6:32982200-32984000,ENSG00000242574.4$HLA-DMB$chr6$32908847$-,0.5
chr16:283400-284400,ENSG00000242612.2$DECR2$chr16$451826$+,0.37
chr16:285600-286800,ENSG00000242612.2$DECR2$chr16$451826$+,0.37
chr9:114242800-114245000,ENSG00000242616.3$GNG10$chr9$114423615$+,0.38
chr9:114247000-114248200,ENSG00000242616.3$GNG10$chr9$114423615$+,0.35
chr9:114286400-114287400,ENSG00000242616.3$GNG10$chr9$114423615$+,0.46
chr9:114392400-114393200,ENSG00000242616.3$GNG10$chr9$114423615$+,0.72
chr9:114405000-114407200,ENSG00000242616.3$GNG10$chr9$114423615$+,0.76
chrX:71400000-71401000,ENSG00000242732.3$RGAG4$chrX$71351758$-,0.37
chr7:4680600-4681400,ENSG00000242802.2$AP5Z1$chr7$4815253$+,0.38
chr7:4720400-4722800,ENSG00000242802.2$AP5Z1$chr7$4815253$+,0.45
chr5:139936600-139938800,ENSG00000243056.1$EIF4EBP3$chr5$139927251$+,0.5
chr22:18484400-18486800,ENSG00000243156.3$MICAL3$chr22$18507325$-,0.48
chr19:10137400-10139800,ENSG00000243207.2$PPAN-P2RY11$chr19$10216899$+,0.4
chr19:10178000-10180200,ENSG00000243207.2$PPAN-P2RY11$chr19$10216899$+,0.46
chr19:10206000-10208400,ENSG00000243207.2$PPAN-P2RY11$chr19$10216899$+,0.56
chrX:48657600-48659600,ENSG00000243279.2$PRAF2$chrX$48931730$-,0.35
chrX:48747400-48749000,ENSG00000243279.2$PRAF2$chrX$48931730$-,0.36
chrX:48749200-48751000,ENSG00000243279.2$PRAF2$chrX$48931730$-,0.35
chrX:48805600-48806600,ENSG00000243279.2$PRAF2$chrX$48931730$-,0.4
chrX:48859400-48860600,ENSG00000243279.2$PRAF2$chrX$48931730$-,0.56
chrX:48868800-48870200,ENSG00000243279.2$PRAF2$chrX$48931730$-,0.6
chrX:48901200-48902200,ENSG00000243279.2$PRAF2$chrX$48931730$-,0.6
chrX:48955600-48957800,ENSG00000243279.2$PRAF2$chrX$48931730$-,0.7
chrX:48977800-48979400,ENSG00000243279.2$PRAF2$chrX$48931730$-,0.57
chrX:49048400-49050800,ENSG00000243279.2$PRAF2$chrX$48931730$-,0.43
chrX:49116400-49117200,ENSG00000243279.2$PRAF2$chrX$48931730$-,0.37
chr1:159822200-159824400,ENSG00000243284.1$VSIG8$chr1$159832447$-,0.4
chr1:159824800-159826800,ENSG00000243284.1$VSIG8$chr1$159832447$-,0.51
chr7:65959200-65960400,ENSG00000243335.4$KCTD7$chr7$66093868$+,0.39
chr7:66057400-66058600,ENSG00000243335.4$KCTD7$chr7$66093868$+,0.51
chr1:154954000-154955800,ENSG00000243364.3$EFNA4$chr1$155036207$+,0.43
chr1:155113000-155114000,ENSG00000243364.3$EFNA4$chr1$155036207$+,0.46
chr1:155144000-155145200,ENSG00000243364.3$EFNA4$chr1$155036207$+,0.4
chr1:155184000-155186000,ENSG00000243364.3$EFNA4$chr1$155036207$+,0.47
chr1:155214600-155216600,ENSG00000243364.3$EFNA4$chr1$155036207$+,0.35
chr1:155229200-155231400,ENSG00000243364.3$EFNA4$chr1$155036207$+,0.37
chr1:155232000-155233200,ENSG00000243364.3$EFNA4$chr1$155036207$+,0.35
chr5:114949400-114950000,ENSG00000243414.4$TICAM2$chr5$114961876$-,0.79
chr5:114962400-114963800,ENSG00000243414.4$TICAM2$chr5$114961876$-,0.35
chr21:15956200-15958000,ENSG00000243440.2$AF165138.7$chr21$16031142$-,0.42
chr21:16001400-16003800,ENSG00000243440.2$AF165138.7$chr21$16031142$-,0.63
chr21:16024400-16025400,ENSG00000243440.2$AF165138.7$chr21$16031142$-,0.68
chr1:148526800-148528400,ENSG00000243452.3$NBPF15$chr1$148555979$+,0.55
chr1:148542400-148544200,ENSG00000243452.3$NBPF15$chr1$148555979$+,0.64
chr1:148556800-148559000,ENSG00000243452.3$NBPF15$chr1$148555979$+,0.39
chr1:148562200-148562600,ENSG00000243452.3$NBPF15$chr1$148555979$+,0.65
chr1:148853600-148856000,ENSG00000243452.3$NBPF15$chr1$148555979$+,0.4
chr21:46073000-46075400,ENSG00000243489.2$KRTAP10-11$chr21$46066331$+,0.44
chr20:62344800-62347000,ENSG00000243509.4$TNFRSF6B$chr20$62328021$+,0.42
chr21:34648200-34648400,ENSG00000243646.4$IL10RB$chr21$34638663$+,0.59
chr10:43854800-43856000,ENSG00000243660.5$ZNF487$chr10$43932282$+,0.46
chr10:43856200-43857400,ENSG00000243660.5$ZNF487$chr10$43932282$+,0.49
chr10:43857800-43859400,ENSG00000243660.5$ZNF487$chr10$43932282$+,0.45
chr10:43939600-43941200,ENSG00000243660.5$ZNF487$chr10$43932282$+,0.63
chr10:43951000-43953000,ENSG00000243660.5$ZNF487$chr10$43932282$+,0.54
chr10:43953400-43954800,ENSG00000243660.5$ZNF487$chr10$43932282$+,0.61
chr10:43956200-43957800,ENSG00000243660.5$ZNF487$chr10$43932282$+,0.6
chr10:44123200-44124000,ENSG00000243660.5$ZNF487$chr10$43932282$+,0.38
chr10:44143000-44143800,ENSG00000243660.5$ZNF487$chr10$43932282$+,0.38
chr10:44144600-44145800,ENSG00000243660.5$ZNF487$chr10$43932282$+,0.38
chr2:68277400-68279400,ENSG00000243667.2$WDR92$chr2$68384692$-,0.44
chr2:68290600-68291600,ENSG00000243667.2$WDR92$chr2$68384692$-,0.46
chr2:68406000-68406800,ENSG00000243667.2$WDR92$chr2$68384692$-,0.79
chr2:68410000-68411600,ENSG00000243667.2$WDR92$chr2$68384692$-,0.72
chr2:68436600-68438200,ENSG00000243667.2$WDR92$chr2$68384692$-,0.66
chr17:49145200-49146200,ENSG00000243678.7$NME1-NME2$chr17$49230920$+,0.41
chr17:49187200-49187600,ENSG00000243678.7$NME1-NME2$chr17$49230920$+,0.65
chr17:49242200-49243400,ENSG00000243678.7$NME1-NME2$chr17$49230920$+,0.52
chr17:49277400-49279200,ENSG00000243678.7$NME1-NME2$chr17$49230920$+,0.61
chr17:49314800-49317200,ENSG00000243678.7$NME1-NME2$chr17$49230920$+,0.48
chr15:42064800-42066200,ENSG00000243708.4$PLA2G4B$chr15$42120283$+,0.43
chr15:42195800-42198200,ENSG00000243708.4$PLA2G4B$chr15$42120283$+,0.43
chr15:42265200-42267200,ENSG00000243708.4$PLA2G4B$chr15$42120283$+,0.42
chr1:225973400-225974800,ENSG00000243709.1$LEFTY1$chr1$226099082$-,0.36
chr1:226247200-226249400,ENSG00000243709.1$LEFTY1$chr1$226099082$-,0.42
chr16:22449800-22450200,ENSG00000243716.6$NPIPB5$chr16$22490442$+,0.41
chr16:22462400-22464200,ENSG00000243716.6$NPIPB5$chr16$22490442$+,0.45
chr1:55228200-55229600,ENSG00000243725.2$TTC4$chr1$55181495$+,0.53
chr6:29483400-29484800,ENSG00000243729.3$OR5V1$chr6$29399744$-,0.36
chr6:29520200-29522400,ENSG00000243729.3$OR5V1$chr6$29399744$-,0.4
chr1:35325200-35326400,ENSG00000243749.1$ZMYM6NB$chr1$35450954$-,0.35
chr1:35350000-35352200,ENSG00000243749.1$ZMYM6NB$chr1$35450954$-,0.41
chr1:35488400-35488800,ENSG00000243749.1$ZMYM6NB$chr1$35450954$-,0.73
chr1:35497600-35498200,ENSG00000243749.1$ZMYM6NB$chr1$35450954$-,0.65
chr1:35580400-35582400,ENSG00000243749.1$ZMYM6NB$chr1$35450954$-,0.36
chr1:35610600-35612600,ENSG00000243749.1$ZMYM6NB$chr1$35450954$-,0.38
chr15:42064800-42066200,ENSG00000243789.6$JMJD7$chr15$42120283$+,0.43
chr15:42195800-42198200,ENSG00000243789.6$JMJD7$chr15$42120283$+,0.43
chr15:42265200-42267200,ENSG00000243789.6$JMJD7$chr15$42120283$+,0.42
chr22:39268600-39271000,ENSG00000243811.3$APOBEC3D$chr22$39410368$+,0.4
chr22:39384400-39386400,ENSG00000243811.3$APOBEC3D$chr22$39410368$+,0.55
chr22:39397800-39400000,ENSG00000243811.3$APOBEC3D$chr22$39410368$+,0.55
chr22:39425000-39425600,ENSG00000243811.3$APOBEC3D$chr22$39410368$+,0.72
chr22:39431400-39433800,ENSG00000243811.3$APOBEC3D$chr22$39410368$+,0.62
chr22:39549200-39550400,ENSG00000243811.3$APOBEC3D$chr22$39410368$+,0.37
chr2:27649200-27651000,ENSG00000243943.5$ZNF512$chr2$27805897$+,0.41
chr2:27710600-27712200,ENSG00000243943.5$ZNF512$chr2$27805897$+,0.46
chr2:27821400-27823200,ENSG00000243943.5$ZNF512$chr2$27805897$+,0.7
chr2:27849000-27851200,ENSG00000243943.5$ZNF512$chr2$27805897$+,0.6
chr2:27852400-27854600,ENSG00000243943.5$ZNF512$chr2$27805897$+,0.57
chr2:27894200-27894800,ENSG00000243943.5$ZNF512$chr2$27805897$+,0.48
chr2:27993600-27994200,ENSG00000243943.5$ZNF512$chr2$27805897$+,0.36
chr3:52030200-52030600,ENSG00000243989.3$ACY1$chr3$52009066$+,0.66
chr20:34127400-34129800,ENSG00000244005.8$NFS1$chr20$34287281$-,0.37
chr20:34130200-34131600,ENSG00000244005.8$NFS1$chr20$34287281$-,0.37
chr20:34201800-34203800,ENSG00000244005.8$NFS1$chr20$34287281$-,0.39
chr20:34303000-34304200,ENSG00000244005.8$NFS1$chr20$34287281$-,0.62
chr20:34331200-34333400,ENSG00000244005.8$NFS1$chr20$34287281$-,0.43
chr20:34349800-34351400,ENSG00000244005.8$NFS1$chr20$34287281$-,0.39
chr20:34352600-34353600,ENSG00000244005.8$NFS1$chr20$34287281$-,0.43
chr20:34369000-34371400,ENSG00000244005.8$NFS1$chr20$34287281$-,0.39
chr20:34382200-34382800,ENSG00000244005.8$NFS1$chr20$34287281$-,0.47
chr1:20848600-20849400,ENSG00000244038.5$DDOST$chr1$20988000$-,0.54
chr1:20958600-20960200,ENSG00000244038.5$DDOST$chr1$20988000$-,0.63
chr1:21102600-21103800,ENSG00000244038.5$DDOST$chr1$20988000$-,0.52
chr17:26924400-26926200,ENSG00000244045.6$TMEM199$chr17$26684604$+,0.43
chr17:26926800-26928200,ENSG00000244045.6$TMEM199$chr17$26684604$+,0.43
chr9:114242800-114245000,ENSG00000244115.1$DNAJC25-GNG10$chr9$114393666$+,0.43
chr9:114247000-114248200,ENSG00000244115.1$DNAJC25-GNG10$chr9$114393666$+,0.38
chr9:114286400-114287400,ENSG00000244115.1$DNAJC25-GNG10$chr9$114393666$+,0.44
chr9:114405000-114407200,ENSG00000244115.1$DNAJC25-GNG10$chr9$114393666$+,0.64
chr19:10137400-10139800,ENSG00000244165.1$P2RY11$chr19$10222214$+,0.36
chr19:10178000-10180200,ENSG00000244165.1$P2RY11$chr19$10222214$+,0.4
chr19:10206000-10208400,ENSG00000244165.1$P2RY11$chr19$10222214$+,0.46
chr19:10306000-10306800,ENSG00000244165.1$P2RY11$chr19$10222214$+,0.45
chr19:10341400-10343600,ENSG00000244165.1$P2RY11$chr19$10222214$+,0.38
chr19:10360600-10362400,ENSG00000244165.1$P2RY11$chr19$10222214$+,0.43
chr20:43921200-43923200,ENSG00000244274.3$DBNDD2$chr20$44034697$+,0.45
chr20:44064000-44066200,ENSG00000244274.3$DBNDD2$chr20$44034697$+,0.61
chr6:31671200-31672200,ENSG00000244355.3$LY6G6D$chr6$31683133$+,0.41
chr20:34127400-34129800,ENSG00000244462.3$RBM12$chr20$34252878$-,0.36
chr20:34201800-34203800,ENSG00000244462.3$RBM12$chr20$34252878$-,0.5
chr20:34331200-34333400,ENSG00000244462.3$RBM12$chr20$34252878$-,0.37
chr20:34349800-34351400,ENSG00000244462.3$RBM12$chr20$34252878$-,0.37
chr20:34352600-34353600,ENSG00000244462.3$RBM12$chr20$34252878$-,0.37
chr20:34369000-34371400,ENSG00000244462.3$RBM12$chr20$34252878$-,0.38
chr20:34382200-34382800,ENSG00000244462.3$RBM12$chr20$34252878$-,0.42
chr6:11091600-11093400,ENSG00000244476.2$ERVFRD-1$chr6$11111965$-,0.54
chr6:11233200-11235400,ENSG00000244476.2$ERVFRD-1$chr6$11111965$-,0.56
chr6:11254800-11256600,ENSG00000244476.2$ERVFRD-1$chr6$11111965$-,0.36
chr22:20747000-20748600,ENSG00000244486.3$SCARF2$chr22$20792146$-,0.42
chr22:20812800-20814800,ENSG00000244486.3$SCARF2$chr22$20792146$-,0.42
chr22:39268600-39271000,ENSG00000244509.3$APOBEC3C$chr22$39410088$+,0.37
chr22:39384400-39386400,ENSG00000244509.3$APOBEC3C$chr22$39410088$+,0.58
chr22:39397800-39400000,ENSG00000244509.3$APOBEC3C$chr22$39410088$+,0.61
chr22:39425000-39425600,ENSG00000244509.3$APOBEC3C$chr22$39410088$+,0.74
chr22:39431400-39433800,ENSG00000244509.3$APOBEC3C$chr22$39410088$+,0.62
chr22:39549200-39550400,ENSG00000244509.3$APOBEC3C$chr22$39410088$+,0.35
chr20:1097400-1099000,ENSG00000244588.1$RAD21L1$chr20$1206700$+,0.4
chr20:1293000-1295000,ENSG00000244588.1$RAD21L1$chr20$1206700$+,0.39
chr20:1333800-1334000,ENSG00000244588.1$RAD21L1$chr20$1206700$+,0.36
chr20:1338200-1340000,ENSG00000244588.1$RAD21L1$chr20$1206700$+,0.37
chr3:42815200-42816200,ENSG00000244607.1$CCDC13$chr3$42814745$-,0.38
chr3:42921200-42923600,ENSG00000244607.1$CCDC13$chr3$42814745$-,0.35
chr7:99517600-99518800,ENSG00000244623.1$OR2AE1$chr7$99474680$-,0.49
chr7:99531600-99533400,ENSG00000244623.1$OR2AE1$chr7$99474680$-,0.52
chr20:48686600-48688600,ENSG00000244687.7$UBE2V1$chr20$48732496$-,0.54
chr20:48770600-48772800,ENSG00000244687.7$UBE2V1$chr20$48732496$-,0.56
chr6:31863200-31865400,ENSG00000244731.3$C4A$chr6$31949801$+,0.38
chr6:31924400-31926200,ENSG00000244731.3$C4A$chr6$31949801$+,0.48
chr6:31940600-31943000,ENSG00000244731.3$C4A$chr6$31949801$+,0.55
chr6:32004400-32006200,ENSG00000244731.3$C4A$chr6$31949801$+,0.48
chr6:32090600-32092400,ENSG00000244731.3$C4A$chr6$31949801$+,0.39
chr6:32093200-32095400,ENSG00000244731.3$C4A$chr6$31949801$+,0.35
chr6:32096000-32097800,ENSG00000244731.3$C4A$chr6$31949801$+,0.4
chr13:33159200-33160000,ENSG00000244754.4$N4BP2L2$chr13$33112970$-,0.54
chr12:98849400-98851200,ENSG00000245017.2$RP11-181C3.1$chr12$98897633$-,0.55
chr12:98898400-98900000,ENSG00000245017.2$RP11-181C3.1$chr12$98897633$-,0.38
chr12:98918600-98920400,ENSG00000245017.2$RP11-181C3.1$chr12$98897633$-,0.52
chr12:98920600-98921400,ENSG00000245017.2$RP11-181C3.1$chr12$98897633$-,0.46
chr12:98921600-98921800,ENSG00000245017.2$RP11-181C3.1$chr12$98897633$-,0.51
chr12:98960200-98961200,ENSG00000245017.2$RP11-181C3.1$chr12$98897633$-,0.57
chr5:179131800-179133400,ENSG00000245317.2$CTC-241N9.1$chr5$179286013$+,0.51
chr5:179234400-179236000,ENSG00000245317.2$CTC-241N9.1$chr5$179286013$+,0.62
chr5:179263000-179265400,ENSG00000245317.2$CTC-241N9.1$chr5$179286013$+,0.59
chr19:37567800-37568800,ENSG00000245680.5$ZNF585B$chr19$37709055$-,0.46
chr19:37570000-37571800,ENSG00000245680.5$ZNF585B$chr19$37709055$-,0.41
chr19:37662000-37663200,ENSG00000245680.5$ZNF585B$chr19$37709055$-,0.51
chr19:37699000-37701000,ENSG00000245680.5$ZNF585B$chr19$37709055$-,0.5
chr19:37826000-37827400,ENSG00000245680.5$ZNF585B$chr19$37709055$-,0.52
chr14:98382000-98384200,ENSG00000246223.4$C14orf64$chr14$98444461$-,0.46
chr14:98459000-98460400,ENSG00000246223.4$C14orf64$chr14$98444461$-,0.52
chr14:98460600-98463000,ENSG00000246223.4$C14orf64$chr14$98444461$-,0.62
chr14:98464000-98465200,ENSG00000246223.4$C14orf64$chr14$98444461$-,0.62
chr14:98474800-98476000,ENSG00000246223.4$C14orf64$chr14$98444461$-,0.49
chr14:98476600-98479000,ENSG00000246223.4$C14orf64$chr14$98444461$-,0.5
chr14:98480600-98480800,ENSG00000246223.4$C14orf64$chr14$98444461$-,0.55
chr14:98484200-98486200,ENSG00000246223.4$C14orf64$chr14$98444461$-,0.48
chr8:71480800-71481000,ENSG00000246366.2$RP11-382J12.1$chr8$71520812$+,0.72
chr12:14904400-14905600,ENSG00000246705.3$H2AFJ$chr12$14927270$+,0.58
chr12:14918000-14918400,ENSG00000246705.3$H2AFJ$chr12$14927270$+,0.6
chr12:14953400-14955800,ENSG00000246705.3$H2AFJ$chr12$14927270$+,0.69
chr12:14957200-14959200,ENSG00000246705.3$H2AFJ$chr12$14927270$+,0.65
chr12:14962800-14965000,ENSG00000246705.3$H2AFJ$chr12$14927270$+,0.73
chr15:65422600-65425000,ENSG00000246922.4$UBAP1L$chr15$65407535$-,0.45
chr15:65426400-65427400,ENSG00000246922.4$UBAP1L$chr15$65407535$-,0.38
chr12:133137000-133139400,ENSG00000247077.2$PGAM5$chr12$133287405$+,0.55
chr12:133259600-133260600,ENSG00000247077.2$PGAM5$chr12$133287405$+,0.41
chr12:133261600-133263600,ENSG00000247077.2$PGAM5$chr12$133287405$+,0.57
chr12:133406000-133407000,ENSG00000247077.2$PGAM5$chr12$133287405$+,0.35
chr5:96128600-96129400,ENSG00000247121.2$CTD-2260A17.2$chr5$96271513$-,0.38
chr3:52215200-52217400,ENSG00000247596.4$TWF2$chr3$52273276$-,0.44
chr3:52291600-52294000,ENSG00000247596.4$TWF2$chr3$52273276$-,0.76
chr2:198577600-198579200,ENSG00000247626.3$MARS2$chr2$198570087$+,0.73
chr2:198706200-198708400,ENSG00000247626.3$MARS2$chr2$198570087$+,0.36
chrX:55382600-55384600,ENSG00000247746.4$USP51$chrX$55515635$-,0.43
chrX:55421800-55424000,ENSG00000247746.4$USP51$chrX$55515635$-,0.4
chr19:41898200-41900600,ENSG00000248098.6$BCKDHA$chr19$41884215$+,0.44
chr19:41901000-41903000,ENSG00000248098.6$BCKDHA$chr19$41884215$+,0.51
chr19:41904400-41906000,ENSG00000248098.6$BCKDHA$chr19$41884215$+,0.45
chr19:17894600-17895800,ENSG00000248099.3$INSL3$chr19$17932383$-,0.57
chr19:17964600-17967000,ENSG00000248099.3$INSL3$chr19$17932383$-,0.43
chr19:17969400-17970600,ENSG00000248099.3$INSL3$chr19$17932383$-,0.4
chr6:30186400-30187800,ENSG00000248167.3$TRIM39-RPP21$chr6$30297359$+,0.44
chr6:30195000-30196400,ENSG00000248167.3$TRIM39-RPP21$chr6$30297359$+,0.42
chr6:30271600-30273600,ENSG00000248167.3$TRIM39-RPP21$chr6$30297359$+,0.64
chr6:30273800-30274600,ENSG00000248167.3$TRIM39-RPP21$chr6$30297359$+,0.61
chr6:30379400-30380000,ENSG00000248167.3$TRIM39-RPP21$chr6$30297359$+,0.47
chr19:54616600-54618400,ENSG00000248385.3$TARM1$chr19$54584634$-,0.4
chr5:175459800-175460600,ENSG00000248469.1$RP11-826N14.2$chr5$175489024$-,0.36
chr5:175470000-175471400,ENSG00000248469.1$RP11-826N14.2$chr5$175489024$-,0.46
chr5:175475400-175477400,ENSG00000248469.1$RP11-826N14.2$chr5$175489024$-,0.55
chr1:161282400-161283800,ENSG00000248485.1$PCP4L1$chr1$161228517$+,0.35
chr1:161284800-161287200,ENSG00000248485.1$PCP4L1$chr1$161228517$+,0.48
chr3:52802800-52804600,ENSG00000248592.3$TMEM110-MUSTN1$chr3$52931578$-,0.47
chr3:52968400-52969600,ENSG00000248592.3$TMEM110-MUSTN1$chr3$52931578$-,0.63
chr3:52990200-52992200,ENSG00000248592.3$TMEM110-MUSTN1$chr3$52931578$-,0.45
chr3:53080400-53081800,ENSG00000248592.3$TMEM110-MUSTN1$chr3$52931578$-,0.47
chr3:53162000-53163800,ENSG00000248592.3$TMEM110-MUSTN1$chr3$52931578$-,0.4
chr11:66153400-66154600,ENSG00000248643.5$RBM14-RBM4$chr11$66384097$+,0.37
chr11:66276200-66278200,ENSG00000248643.5$RBM14-RBM4$chr11$66384097$+,0.56
chr11:66278600-66280200,ENSG00000248643.5$RBM14-RBM4$chr11$66384097$+,0.53
chr11:66345200-66347400,ENSG00000248643.5$RBM14-RBM4$chr11$66384097$+,0.67
chr11:66358200-66360600,ENSG00000248643.5$RBM14-RBM4$chr11$66384097$+,0.76
chr11:66430200-66431800,ENSG00000248643.5$RBM14-RBM4$chr11$66384097$+,0.5
chr11:119047800-119050000,ENSG00000248712.3$CCDC153$chr11$119067479$-,0.36
chr11:119074600-119076800,ENSG00000248712.3$CCDC153$chr11$119067479$-,0.44
chr11:119096800-119098200,ENSG00000248712.3$CCDC153$chr11$119067479$-,0.35
chr5:55791800-55793800,ENSG00000248727.1$CTC-236F12.4$chr5$55777773$-,0.5
chr5:55797200-55799200,ENSG00000248727.1$CTC-236F12.4$chr5$55777773$-,0.43
chr5:55942600-55944800,ENSG00000248727.1$CTC-236F12.4$chr5$55777773$-,0.36
chr22:30517800-30519200,ENSG00000248751.2$RP1-130H16.18$chr22$30695471$-,0.36
chr22:30753400-30755600,ENSG00000248751.2$RP1-130H16.18$chr22$30695471$-,0.55
chr17:7298400-7300000,ENSG00000248871.1$TNFSF12-TNFSF13$chr17$7452416$+,0.38
chr17:7337800-7338800,ENSG00000248871.1$TNFSF12-TNFSF13$chr17$7452416$+,0.5
chr17:7356800-7358800,ENSG00000248871.1$TNFSF12-TNFSF13$chr17$7452416$+,0.51
chr17:7359400-7361600,ENSG00000248871.1$TNFSF12-TNFSF13$chr17$7452416$+,0.45
chr17:7426000-7426800,ENSG00000248871.1$TNFSF12-TNFSF13$chr17$7452416$+,0.76
chr17:7528600-7530600,ENSG00000248871.1$TNFSF12-TNFSF13$chr17$7452416$+,0.51
chr17:7531200-7532000,ENSG00000248871.1$TNFSF12-TNFSF13$chr17$7452416$+,0.55
chr17:7592200-7594200,ENSG00000248871.1$TNFSF12-TNFSF13$chr17$7452416$+,0.38
chr15:33378600-33379800,ENSG00000248905.4$FMN1$chr15$33486897$-,0.4
chr15:33506200-33507000,ENSG00000248905.4$FMN1$chr15$33486897$-,0.48
chr15:33517800-33519400,ENSG00000248905.4$FMN1$chr15$33486897$-,0.51
chr7:99007400-99009600,ENSG00000248919.3$ATP5J2-PTCD1$chr7$99063820$-,0.64
chr7:99033800-99036000,ENSG00000248919.3$ATP5J2-PTCD1$chr7$99063820$-,0.63
chr7:99098400-99099400,ENSG00000248919.3$ATP5J2-PTCD1$chr7$99063820$-,0.6
chr7:99101400-99102000,ENSG00000248919.3$ATP5J2-PTCD1$chr7$99063820$-,0.54
chr7:99147800-99149200,ENSG00000248919.3$ATP5J2-PTCD1$chr7$99063820$-,0.46
chr7:99150000-99151600,ENSG00000248919.3$ATP5J2-PTCD1$chr7$99063820$-,0.39
chr7:99212800-99214200,ENSG00000248919.3$ATP5J2-PTCD1$chr7$99063820$-,0.38
chr6:32982200-32984000,ENSG00000248993.1$XXbac-BPG181M17.5$chr6$32920899$-,0.5
chr4:178149200-178151600,ENSG00000249008.1$RP11-487E13.1$chr4$178169927$-,0.63
chr4:178248800-178251000,ENSG00000249008.1$RP11-487E13.1$chr4$178169927$-,0.39
chr4:178257400-178258600,ENSG00000249008.1$RP11-487E13.1$chr4$178169927$-,0.47
chr4:178260000-178262200,ENSG00000249008.1$RP11-487E13.1$chr4$178169927$-,0.51
chr1:23649200-23650600,ENSG00000249087.3$C1orf213$chr1$23695490$+,0.55
chr1:23661600-23662200,ENSG00000249087.3$C1orf213$chr1$23695490$+,0.57
chr1:23671600-23672400,ENSG00000249087.3$C1orf213$chr1$23695490$+,0.6
chr5:177220800-177222800,ENSG00000249109.1$RP11-1026M7.2$chr5$177209198$+,0.44
chr5:177231200-177231600,ENSG00000249109.1$RP11-1026M7.2$chr5$177209198$+,0.39
chr5:177234200-177236600,ENSG00000249109.1$RP11-1026M7.2$chr5$177209198$+,0.45
chr5:177263000-177264800,ENSG00000249109.1$RP11-1026M7.2$chr5$177209198$+,0.42
chr5:177273200-177274000,ENSG00000249109.1$RP11-1026M7.2$chr5$177209198$+,0.35
chr19:35984800-35987200,ENSG00000249115.4$HAUS5$chr19$36103646$+,0.4
chr19:36192400-36193400,ENSG00000249115.4$HAUS5$chr19$36103646$+,0.43
chr19:36237000-36239400,ENSG00000249115.4$HAUS5$chr19$36103646$+,0.37
chr19:36239800-36242000,ENSG00000249115.4$HAUS5$chr19$36103646$+,0.38
chr6:167323800-167325400,ENSG00000249141.1$RP11-514O12.4$chr6$167369612$-,0.5
chr6:167409400-167411600,ENSG00000249141.1$RP11-514O12.4$chr6$167369612$-,0.47
chr6:167425000-167427200,ENSG00000249141.1$RP11-514O12.4$chr6$167369612$-,0.44
chr6:167450200-167452000,ENSG00000249141.1$RP11-514O12.4$chr6$167369612$-,0.48
chr6:167471800-167473600,ENSG00000249141.1$RP11-514O12.4$chr6$167369612$-,0.46
chr21:35288200-35290200,ENSG00000249209.1$AP000304.12$chr21$35284635$-,0.61
chr21:35296000-35297800,ENSG00000249209.1$AP000304.12$chr21$35284635$-,0.62
chr21:35334600-35335800,ENSG00000249209.1$AP000304.12$chr21$35284635$-,0.52
chr22:43045800-43046600,ENSG00000249222.1$ATP5L2$chr22$43036607$-,0.36
chr7:65541400-65543800,ENSG00000249319.1$AC068533.7$chr7$65552756$+,0.57
chr7:65578000-65579400,ENSG00000249319.1$AC068533.7$chr7$65552756$+,0.42
chr4:2443000-2444600,ENSG00000249428.1$RP11-503N18.3$chr4$2451700$+,0.42
chr19:58791000-58793400,ENSG00000249471.3$ZNF324B$chr19$58962971$+,0.36
chr19:58815000-58816200,ENSG00000249471.3$ZNF324B$chr19$58962971$+,0.37
chr19:58836000-58838000,ENSG00000249471.3$ZNF324B$chr19$58962971$+,0.5
chr19:58872400-58873400,ENSG00000249471.3$ZNF324B$chr19$58962971$+,0.43
chr19:58892800-58895200,ENSG00000249471.3$ZNF324B$chr19$58962971$+,0.51
chr19:58895600-58897800,ENSG00000249471.3$ZNF324B$chr19$58962971$+,0.55
chr19:58910800-58912800,ENSG00000249471.3$ZNF324B$chr19$58962971$+,0.55
chr19:58917600-58919200,ENSG00000249471.3$ZNF324B$chr19$58962971$+,0.52
chr19:58920800-58922000,ENSG00000249471.3$ZNF324B$chr19$58962971$+,0.55
chr19:58952200-58953400,ENSG00000249471.3$ZNF324B$chr19$58962971$+,0.57
chr19:58987800-58989800,ENSG00000249471.3$ZNF324B$chr19$58962971$+,0.57
chr19:59000000-59001000,ENSG00000249471.3$ZNF324B$chr19$58962971$+,0.62
chr19:59054000-59055200,ENSG00000249471.3$ZNF324B$chr19$58962971$+,0.53
chr19:59063400-59065800,ENSG00000249471.3$ZNF324B$chr19$58962971$+,0.52
chr19:59085200-59086600,ENSG00000249471.3$ZNF324B$chr19$58962971$+,0.43
chr6:44281000-44281800,ENSG00000249481.2$SPATS1$chr6$44310397$+,0.38
chr21:34648200-34648400,ENSG00000249624.4$AP000295.9$chr21$34619079$+,0.46
chr4:186260600-186262800,ENSG00000249679.1$RP11-279O9.4$chr4$186392670$+,0.39
chr4:186263200-186264000,ENSG00000249679.1$RP11-279O9.4$chr4$186392670$+,0.4
chr19:12444600-12445400,ENSG00000249709.3$ZNF564$chr19$12662356$-,0.36
chr19:12509800-12511200,ENSG00000249709.3$ZNF564$chr19$12662356$-,0.35
chr19:12588600-12590800,ENSG00000249709.3$ZNF564$chr19$12662356$-,0.52
chr19:12596000-12597000,ENSG00000249709.3$ZNF564$chr19$12662356$-,0.64
chr19:12713800-12715600,ENSG00000249709.3$ZNF564$chr19$12662356$-,0.67
chr19:12745800-12747400,ENSG00000249709.3$ZNF564$chr19$12662356$-,0.48
chr19:12750400-12752400,ENSG00000249709.3$ZNF564$chr19$12662356$-,0.46
chr19:12790200-12791800,ENSG00000249709.3$ZNF564$chr19$12662356$-,0.36
chr2:86851200-86853200,ENSG00000249884.4$RNF103-CHMP3$chr2$86948245$-,0.41
chr2:86924400-86925600,ENSG00000249884.4$RNF103-CHMP3$chr2$86948245$-,0.67
chr2:86946000-86946600,ENSG00000249884.4$RNF103-CHMP3$chr2$86948245$-,0.37
chr2:86963200-86963600,ENSG00000249884.4$RNF103-CHMP3$chr2$86948245$-,0.51
chr5:209800-210800,ENSG00000249915.3$PDCD6$chr5$271736$+,0.48
chr15:32649800-32652200,ENSG00000249931.3$GOLGA8K$chr15$32695396$-,0.39
chr15:32656600-32656800,ENSG00000249931.3$GOLGA8K$chr15$32695396$-,0.37
chr19:19624600-19626600,ENSG00000250067.7$YJEFN3$chr19$19627036$+,0.39
chr19:19680800-19682600,ENSG00000250067.7$YJEFN3$chr19$19627036$+,0.64
chr19:19692000-19693800,ENSG00000250067.7$YJEFN3$chr19$19627036$+,0.47
chr19:19715600-19715800,ENSG00000250067.7$YJEFN3$chr19$19627036$+,0.36
chr19:19884400-19886800,ENSG00000250067.7$YJEFN3$chr19$19627036$+,0.38
chr12:124405600-124407400,ENSG00000250091.2$DNAH10OS$chr12$124419531$-,0.57
chr3:9690200-9691000,ENSG00000250151.5$ARPC4-TTLL3$chr3$9834766$+,0.36
chr3:9744600-9747000,ENSG00000250151.5$ARPC4-TTLL3$chr3$9834766$+,0.42
chr3:9768000-9770000,ENSG00000250151.5$ARPC4-TTLL3$chr3$9834766$+,0.47
chr3:9771400-9772600,ENSG00000250151.5$ARPC4-TTLL3$chr3$9834766$+,0.46
chr3:9795600-9797800,ENSG00000250151.5$ARPC4-TTLL3$chr3$9834766$+,0.51
chr3:9883400-9885000,ENSG00000250151.5$ARPC4-TTLL3$chr3$9834766$+,0.54
chr3:9885800-9887200,ENSG00000250151.5$ARPC4-TTLL3$chr3$9834766$+,0.5
chr3:9892800-9895000,ENSG00000250151.5$ARPC4-TTLL3$chr3$9834766$+,0.5
chr3:9930000-9932200,ENSG00000250151.5$ARPC4-TTLL3$chr3$9834766$+,0.38
chr8:180200-181600,ENSG00000250210.3$RP11-585F1.10$chr8$150563$-,0.43
chrX:48747400-48749000,ENSG00000250232.1$AF196779.12$chrX$48937546$-,0.4
chrX:48749200-48751000,ENSG00000250232.1$AF196779.12$chrX$48937546$-,0.42
chrX:48752000-48754400,ENSG00000250232.1$AF196779.12$chrX$48937546$-,0.38
chrX:48805600-48806600,ENSG00000250232.1$AF196779.12$chrX$48937546$-,0.35
chrX:48859400-48860600,ENSG00000250232.1$AF196779.12$chrX$48937546$-,0.52
chrX:48868800-48870200,ENSG00000250232.1$AF196779.12$chrX$48937546$-,0.64
chrX:48901200-48902200,ENSG00000250232.1$AF196779.12$chrX$48937546$-,0.68
chrX:48931600-48933000,ENSG00000250232.1$AF196779.12$chrX$48937546$-,0.81
chrX:48955600-48957800,ENSG00000250232.1$AF196779.12$chrX$48937546$-,0.68
chrX:48977800-48979400,ENSG00000250232.1$AF196779.12$chrX$48937546$-,0.56
chrX:49048400-49050800,ENSG00000250232.1$AF196779.12$chrX$48937546$-,0.39
chrX:49116400-49117200,ENSG00000250232.1$AF196779.12$chrX$48937546$-,0.37
chrX:49148000-49150000,ENSG00000250232.1$AF196779.12$chrX$48937546$-,0.42
chr4:37976400-37978800,ENSG00000250254.1$PTTG2$chr4$37962056$+,0.35
chr4:25851400-25852400,ENSG00000250317.4$SMIM20$chr4$25863452$+,0.72
chr4:25852800-25854800,ENSG00000250317.4$SMIM20$chr4$25863452$+,0.7
chr22:24046400-24048400,ENSG00000250479.4$CHCHD10$chr22$24110630$-,0.44
chr22:24091800-24092800,ENSG00000250479.4$CHCHD10$chr22$24110630$-,0.52
chr4:166032200-166033200,ENSG00000250486.2$FAM218A$chr4$165878100$+,0.36
chr4:166034400-166035400,ENSG00000250486.2$FAM218A$chr4$165878100$+,0.35
chr2:46657400-46657800,ENSG00000250565.2$ATP6V1E2$chr2$46769696$-,0.37
chr2:46704000-46706000,ENSG00000250565.2$ATP6V1E2$chr2$46769696$-,0.47
chr2:46839600-46840000,ENSG00000250565.2$ATP6V1E2$chr2$46769696$-,0.35
chr2:46840800-46843200,ENSG00000250565.2$ATP6V1E2$chr2$46769696$-,0.51
chr2:46861200-46863000,ENSG00000250565.2$ATP6V1E2$chr2$46769696$-,0.45
chr8:144285800-144286800,ENSG00000250571.2$GLI4$chr8$144349603$+,0.66
chr8:144363600-144365600,ENSG00000250571.2$GLI4$chr8$144349603$+,0.63
chr8:144448200-144450600,ENSG00000250571.2$GLI4$chr8$144349603$+,0.42
chr6:31470200-31471200,ENSG00000250641.1$MEGT1$chr6$31674681$+,0.36
chr6:31510400-31512000,ENSG00000250641.1$MEGT1$chr6$31674681$+,0.35
chr6:31515200-31517600,ENSG00000250641.1$MEGT1$chr6$31674681$+,0.37
chr6:31671200-31672200,ENSG00000250641.1$MEGT1$chr6$31674681$+,0.53
chr6:31755000-31757400,ENSG00000250641.1$MEGT1$chr6$31674681$+,0.5
chr6:31863200-31865400,ENSG00000250641.1$MEGT1$chr6$31674681$+,0.39
chr2:18742400-18743800,ENSG00000250741.2$NT5C1B-RDH14$chr2$18770830$-,0.43
chr9:131689000-131691400,ENSG00000251184.1$RP11-101E3.5$chr9$131703757$+,0.42
chrX:46116000-46118400,ENSG00000251192.3$ZNF674$chrX$46404892$-,0.4
chrX:46305400-46306200,ENSG00000251192.3$ZNF674$chrX$46404892$-,0.56
chrX:46307200-46308800,ENSG00000251192.3$ZNF674$chrX$46404892$-,0.57
chrX:46311800-46312600,ENSG00000251192.3$ZNF674$chrX$46404892$-,0.45
chrX:46439800-46440400,ENSG00000251192.3$ZNF674$chrX$46404892$-,0.46
chrX:46452200-46453000,ENSG00000251192.3$ZNF674$chrX$46404892$-,0.48
chrX:46476000-46478000,ENSG00000251192.3$ZNF674$chrX$46404892$-,0.47
chr5:114949400-114950000,ENSG00000251201.4$TMED7-TICAM2$chr5$114961858$-,0.81
chr15:98502400-98503800,ENSG00000251209.3$LINC00923$chr15$98417780$-,0.52
chr1:154954000-154955800,ENSG00000251246.1$EFNA3$chr1$155036224$+,0.44
chr1:155113000-155114000,ENSG00000251246.1$EFNA3$chr1$155036224$+,0.46
chr1:155144000-155145200,ENSG00000251246.1$EFNA3$chr1$155036224$+,0.39
chr1:155184000-155186000,ENSG00000251246.1$EFNA3$chr1$155036224$+,0.47
chr1:155229200-155231400,ENSG00000251246.1$EFNA3$chr1$155036224$+,0.36
chr1:155232000-155233200,ENSG00000251246.1$EFNA3$chr1$155036224$+,0.36
chr19:37261400-37263000,ENSG00000251247.5$ZNF345$chr19$37341263$+,0.46
chr19:37264000-37264800,ENSG00000251247.5$ZNF345$chr19$37341263$+,0.49
chr19:37327600-37328800,ENSG00000251247.5$ZNF345$chr19$37341263$+,0.6
chr19:37404400-37406600,ENSG00000251247.5$ZNF345$chr19$37341263$+,0.48
chr19:37407800-37409800,ENSG00000251247.5$ZNF345$chr19$37341263$+,0.53
chr19:37463000-37463800,ENSG00000251247.5$ZNF345$chr19$37341263$+,0.62
chr19:37464400-37465800,ENSG00000251247.5$ZNF345$chr19$37341263$+,0.51
chr6:112483800-112486000,ENSG00000251258.1$RFPL4B$chr6$112668532$+,0.39
chr22:51067200-51069600,ENSG00000251322.3$SHANK3$chr22$51112843$+,0.49
chr22:51195600-51197000,ENSG00000251322.3$SHANK3$chr22$51112843$+,0.35
chr9:103187400-103189000,ENSG00000251349.3$MSANTD3-TMEFF1$chr9$103204553$+,0.35
chr22:24200400-24202800,ENSG00000251357.4$AP000350.10$chr22$24204375$+,0.49
chr19:58037800-58038600,ENSG00000251369.4$ZNF550$chr19$58071231$-,0.52
chr19:58039400-58040600,ENSG00000251369.4$ZNF550$chr19$58071231$-,0.59
chr19:58088800-58089800,ENSG00000251369.4$ZNF550$chr19$58071231$-,0.68
chr19:58090200-58091400,ENSG00000251369.4$ZNF550$chr19$58071231$-,0.67
chr19:58110200-58111200,ENSG00000251369.4$ZNF550$chr19$58071231$-,0.6
chr19:58111400-58113000,ENSG00000251369.4$ZNF550$chr19$58071231$-,0.52
chr19:58143400-58144400,ENSG00000251369.4$ZNF550$chr19$58071231$-,0.4
chr19:58145200-58147000,ENSG00000251369.4$ZNF550$chr19$58071231$-,0.41
chr1:10383600-10384200,ENSG00000251503.3$APITD1-CORT$chr1$10490159$+,0.43
chr1:10384800-10386800,ENSG00000251503.3$APITD1-CORT$chr1$10490159$+,0.41
chr1:10530800-10532000,ENSG00000251503.3$APITD1-CORT$chr1$10490159$+,0.57
chr1:10533000-10535000,ENSG00000251503.3$APITD1-CORT$chr1$10490159$+,0.55
chr1:10535800-10538200,ENSG00000251503.3$APITD1-CORT$chr1$10490159$+,0.57
chr1:10538600-10538800,ENSG00000251503.3$APITD1-CORT$chr1$10490159$+,0.55
chr2:170336600-170338400,ENSG00000251569.1$RP11-724O16.1$chr2$170335990$+,0.46
chr12:69203000-69203600,ENSG00000251695.2$AC124890.1$chr12$69186125$+,0.36
chr5:140768200-140768400,ENSG00000253159.1$PCDHGA12$chr5$140810185$+,0.47
chr5:64776600-64777600,ENSG00000253251.2$CTC-534A2.2$chr5$64920592$+,0.41
chr5:64854400-64855000,ENSG00000253251.2$CTC-534A2.2$chr5$64920592$+,0.42
chr5:64896200-64897000,ENSG00000253251.2$CTC-534A2.2$chr5$64920592$+,0.59
chr5:64974200-64974800,ENSG00000253251.2$CTC-534A2.2$chr5$64920592$+,0.5
chr5:65011000-65011400,ENSG00000253251.2$CTC-534A2.2$chr5$64920592$+,0.37
chr5:65055800-65057600,ENSG00000253251.2$CTC-534A2.2$chr5$64920592$+,0.36
chr5:65075200-65076400,ENSG00000253251.2$CTC-534A2.2$chr5$64920592$+,0.38
chr7:106177400-106179800,ENSG00000253276.1$CCDC71L$chr7$106301442$-,0.36
chr7:106319200-106320600,ENSG00000253276.1$CCDC71L$chr7$106301442$-,0.69
chr7:106376400-106378000,ENSG00000253276.1$CCDC71L$chr7$106301442$-,0.43
chr8:103842800-103843400,ENSG00000253320.1$KB-1507C5.2$chr8$103876528$+,0.72
chr8:104031800-104032800,ENSG00000253320.1$KB-1507C5.2$chr8$103876528$+,0.43
chr1:27248800-27251200,ENSG00000253368.3$TRNP1$chr1$27320198$+,0.43
chr1:27371000-27373200,ENSG00000253368.3$TRNP1$chr1$27320198$+,0.48
chr8:8858800-8860400,ENSG00000253426.1$RP11-10A14.4$chr8$9009252$+,0.39
chr8:30449600-30450600,ENSG00000253457.1$SMIM18$chr8$30496117$+,0.66
chr8:30516200-30518400,ENSG00000253457.1$SMIM18$chr8$30496117$+,0.48
chr14:50053800-50055200,ENSG00000253459.3$AL139099.1$chr14$50065882$-,0.66
chr14:50080600-50081400,ENSG00000253459.3$AL139099.1$chr14$50065882$-,0.7
chr5:140768200-140768400,ENSG00000253485.1$PCDHGA5$chr5$140743898$+,0.37
chr17:59613800-59614400,ENSG00000253506.1$NACA2$chr17$59668563$-,0.36
chr5:140768200-140768400,ENSG00000253537.1$PCDHGA7$chr5$140762467$+,0.4
chr3:191045000-191046800,ENSG00000253548.1$PYDC2$chr3$191178952$+,0.41
chr8:82619200-82621400,ENSG00000253598.1$SLC10A5$chr8$82608409$-,0.38
chr10:81301400-81303400,ENSG00000253626.2$EIF5AL1$chr10$81272357$+,0.4
chr8:103364800-103366000,ENSG00000253633.1$KB-1980E6.3$chr8$103540968$+,0.39
chr8:103600400-103600600,ENSG00000253633.1$KB-1980E6.3$chr8$103540968$+,0.48
chr13:52483200-52484400,ENSG00000253710.1$ALG11$chr13$52586534$+,0.5
chr13:52511200-52513200,ENSG00000253710.1$ALG11$chr13$52586534$+,0.54
chr13:52524200-52526000,ENSG00000253710.1$ALG11$chr13$52586534$+,0.55
chr8:48863600-48866000,ENSG00000253729.3$PRKDC$chr8$48872743$-,0.62
chr8:48869800-48872200,ENSG00000253729.3$PRKDC$chr8$48872743$-,0.4
chr8:48874000-48876400,ENSG00000253729.3$PRKDC$chr8$48872743$-,0.41
chr5:140768200-140768400,ENSG00000253731.1$PCDHGA6$chr5$140753651$+,0.38
chr5:140768200-140768400,ENSG00000253767.1$PCDHGA8$chr5$140772381$+,0.39
chr5:67509400-67510800,ENSG00000253787.1$RP11-404L6.2$chr5$67485704$+,0.43
chr13:52483200-52484400,ENSG00000253797.2$UTP14C$chr13$52598827$+,0.41
chr13:52524200-52526000,ENSG00000253797.2$UTP14C$chr13$52598827$+,0.35
chr1:157016000-157017600,ENSG00000253831.1$ETV3L$chr1$157069600$-,0.36
chr5:140701000-140701200,ENSG00000253846.1$PCDHGA10$chr5$140792743$+,0.47
chr5:140768200-140768400,ENSG00000253846.1$PCDHGA10$chr5$140792743$+,0.74
chr5:140929400-140930600,ENSG00000253846.1$PCDHGA10$chr5$140792743$+,0.55
chr5:140701000-140701200,ENSG00000253873.1$PCDHGA11$chr5$140800762$+,0.37
chr5:140768200-140768400,ENSG00000253873.1$PCDHGA11$chr5$140800762$+,0.6
chr5:140929400-140930600,ENSG00000253873.1$PCDHGA11$chr5$140800762$+,0.48
chr5:140701000-140701200,ENSG00000253910.1$PCDHGB2$chr5$140739703$+,0.61
chr5:140768200-140768400,ENSG00000253910.1$PCDHGB2$chr5$140739703$+,0.72
chr8:8526800-8528600,ENSG00000253958.1$CLDN23$chr8$8559448$+,0.47
chr19:36907200-36909000,ENSG00000254004.2$ZNF260$chr19$37019562$-,0.44
chr19:37017400-37018800,ENSG00000254004.2$ZNF260$chr19$37019562$-,0.4
chr19:37062600-37063800,ENSG00000254004.2$ZNF260$chr19$37019562$-,0.59
chr19:37065000-37066800,ENSG00000254004.2$ZNF260$chr19$37019562$-,0.47
chr19:37093800-37095600,ENSG00000254004.2$ZNF260$chr19$37019562$-,0.48
chr19:37096800-37099000,ENSG00000254004.2$ZNF260$chr19$37019562$-,0.4
chr8:10785400-10787200,ENSG00000254093.4$PINX1$chr8$10697394$-,0.55
chr8:10822000-10824000,ENSG00000254093.4$PINX1$chr8$10697394$-,0.38
chr5:109094200-109095800,ENSG00000254106.1$AC011366.3$chr5$109218883$+,0.5
chr5:109145800-109146400,ENSG00000254106.1$AC011366.3$chr5$109218883$+,0.45
chr5:109252200-109254600,ENSG00000254106.1$AC011366.3$chr5$109218883$+,0.62
chr5:140768200-140768400,ENSG00000254122.1$PCDHGB7$chr5$140797427$+,0.43
chr5:140701000-140701200,ENSG00000254221.1$PCDHGB1$chr5$140729828$+,0.4
chr5:140768200-140768400,ENSG00000254221.1$PCDHGB1$chr5$140729828$+,0.4
chr5:140701000-140701200,ENSG00000254245.1$PCDHGA3$chr5$140723601$+,0.38
chr8:145704000-145706200,ENSG00000254402.2$LRRC24$chr8$145752416$-,0.38
chr19:52179200-52181400,ENSG00000254415.3$SIGLEC14$chr19$52150054$-,0.43
chr19:52207800-52209800,ENSG00000254415.3$SIGLEC14$chr19$52150054$-,0.36
chr11:59303800-59304800,ENSG00000254466.1$OR4D10$chr11$59244846$+,0.38
chr11:59305200-59306000,ENSG00000254466.1$OR4D10$chr11$59244846$+,0.44
chr11:59333800-59336000,ENSG00000254466.1$OR4D10$chr11$59244846$+,0.41
chr11:71350000-71352200,ENSG00000254469.3$RP11-849H4.2$chr11$71639700$-,0.35
chr11:71499000-71501200,ENSG00000254469.3$RP11-849H4.2$chr11$71639700$-,0.5
chr11:71814400-71815800,ENSG00000254469.3$RP11-849H4.2$chr11$71639700$-,0.36
chr14:24564200-24566400,ENSG00000254505.4$CHMP4A$chr14$24683075$-,0.42
chr14:24582400-24582800,ENSG00000254505.4$CHMP4A$chr14$24683075$-,0.48
chr14:24603400-24604800,ENSG00000254505.4$CHMP4A$chr14$24683075$-,0.57
chr14:24628800-24630600,ENSG00000254505.4$CHMP4A$chr14$24683075$-,0.5
chr14:24685200-24686400,ENSG00000254505.4$CHMP4A$chr14$24683075$-,0.47
chr14:24712400-24714800,ENSG00000254505.4$CHMP4A$chr14$24683075$-,0.44
chr14:24715000-24717400,ENSG00000254505.4$CHMP4A$chr14$24683075$-,0.41
chr14:24738000-24740200,ENSG00000254505.4$CHMP4A$chr14$24683075$-,0.43
chr14:24758400-24760200,ENSG00000254505.4$CHMP4A$chr14$24683075$-,0.54
chr14:24769800-24771600,ENSG00000254505.4$CHMP4A$chr14$24683075$-,0.49
chr19:51950800-51952800,ENSG00000254521.2$SIGLEC12$chr19$52005043$-,0.49
chr19:52073400-52074200,ENSG00000254521.2$SIGLEC12$chr19$52005043$-,0.42
chr4:102135000-102136000,ENSG00000254531.1$AP001816.1$chr4$102268937$+,0.35
chr4:102165200-102166800,ENSG00000254531.1$AP001816.1$chr4$102268937$+,0.38
chr4:102192200-102194200,ENSG00000254531.1$AP001816.1$chr4$102268937$+,0.39
chr4:102220200-102222200,ENSG00000254531.1$AP001816.1$chr4$102268937$+,0.62
chr4:102232200-102233000,ENSG00000254531.1$AP001816.1$chr4$102268937$+,0.54
chr4:102234000-102235400,ENSG00000254531.1$AP001816.1$chr4$102268937$+,0.59
chr4:102237400-102238600,ENSG00000254531.1$AP001816.1$chr4$102268937$+,0.62
chr4:102255000-102257400,ENSG00000254531.1$AP001816.1$chr4$102268937$+,0.62
chr10:135122600-135124400,ENSG00000254536.1$RP11-108K14.8$chr10$135204338$+,0.36
chr10:135131800-135133400,ENSG00000254536.1$RP11-108K14.8$chr10$135204338$+,0.44
chr10:135208400-135210600,ENSG00000254536.1$RP11-108K14.8$chr10$135204338$+,0.57
chr10:135221400-135222200,ENSG00000254536.1$RP11-108K14.8$chr10$135204338$+,0.65
chr10:135222800-135223200,ENSG00000254536.1$RP11-108K14.8$chr10$135204338$+,0.67
chr11:64902800-64905200,ENSG00000254614.1$AP003068.23$chr11$64949305$-,0.45
chr11:65026600-65029000,ENSG00000254614.1$AP003068.23$chr11$64949305$-,0.39
chr11:123252000-123254000,ENSG00000254667.1$AP000783.1$chr11$123301058$+,0.36
chr8:42732200-42734400,ENSG00000254673.1$RP11-598P20.5$chr8$42873567$+,0.46
chr8:42759200-42760800,ENSG00000254673.1$RP11-598P20.5$chr8$42873567$+,0.38
chr8:42909200-42910800,ENSG00000254673.1$RP11-598P20.5$chr8$42873567$+,0.57
chr8:42917600-42919400,ENSG00000254673.1$RP11-598P20.5$chr8$42873567$+,0.43
chr8:42922000-42922800,ENSG00000254673.1$RP11-598P20.5$chr8$42873567$+,0.48
chr8:42994000-42995000,ENSG00000254673.1$RP11-598P20.5$chr8$42873567$+,0.43
chr8:43021200-43023600,ENSG00000254673.1$RP11-598P20.5$chr8$42873567$+,0.38
chr1:74672400-74672600,ENSG00000254685.2$FPGT$chr1$74663896$+,0.78
chr14:24564200-24566400,ENSG00000254692.1$TM9SF1$chr14$24682679$-,0.47
chr14:24582400-24582800,ENSG00000254692.1$TM9SF1$chr14$24682679$-,0.49
chr14:24603400-24604800,ENSG00000254692.1$TM9SF1$chr14$24682679$-,0.51
chr14:24628800-24630600,ENSG00000254692.1$TM9SF1$chr14$24682679$-,0.43
chr14:24685200-24686400,ENSG00000254692.1$TM9SF1$chr14$24682679$-,0.48
chr14:24712400-24714800,ENSG00000254692.1$TM9SF1$chr14$24682679$-,0.44
chr14:24715000-24717400,ENSG00000254692.1$TM9SF1$chr14$24682679$-,0.4
chr14:24738000-24740200,ENSG00000254692.1$TM9SF1$chr14$24682679$-,0.39
chr14:24758400-24760200,ENSG00000254692.1$TM9SF1$chr14$24682679$-,0.53
chr14:24769800-24771600,ENSG00000254692.1$TM9SF1$chr14$24682679$-,0.51
chr1:156014400-156016000,ENSG00000254726.2$MEX3A$chr1$156051789$-,0.38
chr1:156025400-156026800,ENSG00000254726.2$MEX3A$chr1$156051789$-,0.39
chr11:123982400-123983200,ENSG00000254737.1$OR10G4$chr11$123886282$+,0.54
chr16:66636400-66638000,ENSG00000254788.2$CKLF-CMTM1$chr16$66586490$+,0.5
chr16:66785600-66787200,ENSG00000254788.2$CKLF-CMTM1$chr16$66586490$+,0.35
chr19:18312800-18314200,ENSG00000254858.5$MPV17L2$chr19$18303992$+,0.64
chr6:31408800-31411000,ENSG00000254870.1$ATP6V1G2-DDX39B$chr6$31514385$-,0.39
chr6:31470200-31471200,ENSG00000254870.1$ATP6V1G2-DDX39B$chr6$31514385$-,0.41
chr6:31510400-31512000,ENSG00000254870.1$ATP6V1G2-DDX39B$chr6$31514385$-,0.59
chr6:31671200-31672200,ENSG00000254870.1$ATP6V1G2-DDX39B$chr6$31514385$-,0.37
chr6:31755000-31757400,ENSG00000254870.1$ATP6V1G2-DDX39B$chr6$31514385$-,0.43
chr11:118123400-118125400,ENSG00000254873.1$RP11-770J1.5$chr11$118272610$-,0.39
chr11:118161200-118163200,ENSG00000254873.1$RP11-770J1.5$chr11$118272610$-,0.43
chr11:118165800-118167800,ENSG00000254873.1$RP11-770J1.5$chr11$118272610$-,0.38
chr11:118223200-118224400,ENSG00000254873.1$RP11-770J1.5$chr11$118272610$-,0.48
chr11:118228800-118230200,ENSG00000254873.1$RP11-770J1.5$chr11$118272610$-,0.54
chr11:118304400-118305600,ENSG00000254873.1$RP11-770J1.5$chr11$118272610$-,0.6
chr11:118323600-118326000,ENSG00000254873.1$RP11-770J1.5$chr11$118272610$-,0.48
chr11:118326400-118327000,ENSG00000254873.1$RP11-770J1.5$chr11$118272610$-,0.5
chr11:118359000-118359600,ENSG00000254873.1$RP11-770J1.5$chr11$118272610$-,0.37
chr19:19057200-19058200,ENSG00000254901.3$MEF2BNB$chr19$19303400$-,0.35
chr19:19247600-19249000,ENSG00000254901.3$MEF2BNB$chr19$19303400$-,0.51
chr19:19249400-19251600,ENSG00000254901.3$MEF2BNB$chr19$19303400$-,0.53
chr19:19312000-19314200,ENSG00000254901.3$MEF2BNB$chr19$19303400$-,0.67
chr19:19468200-19470000,ENSG00000254901.3$MEF2BNB$chr19$19303400$-,0.39
chr11:57103600-57104600,ENSG00000254979.1$RP11-872D17.8$chr11$57191532$-,0.49
chr11:57298800-57300400,ENSG00000254979.1$RP11-872D17.8$chr11$57191532$-,0.47
chr11:66112600-66114800,ENSG00000254986.3$DPP3$chr11$66247484$+,0.48
chr11:66153400-66154600,ENSG00000254986.3$DPP3$chr11$66247484$+,0.41
chr11:66276200-66278200,ENSG00000254986.3$DPP3$chr11$66247484$+,0.52
chr11:66278600-66280200,ENSG00000254986.3$DPP3$chr11$66247484$+,0.54
chr11:66345200-66347400,ENSG00000254986.3$DPP3$chr11$66247484$+,0.38
chr11:66358200-66360600,ENSG00000254986.3$DPP3$chr11$66247484$+,0.51
chr5:139682800-139684600,ENSG00000254996.1$ANKHD1-EIF4EBP3$chr5$139781493$+,0.59
chr5:139812400-139813600,ENSG00000254996.1$ANKHD1-EIF4EBP3$chr5$139781493$+,0.61
chr3:10028800-10030600,ENSG00000254999.2$BRK1$chr3$10157276$+,0.37
chr3:10068600-10070600,ENSG00000254999.2$BRK1$chr3$10157276$+,0.45
chr3:10162400-10163200,ENSG00000254999.2$BRK1$chr3$10157276$+,0.56
chr3:10164000-10165000,ENSG00000254999.2$BRK1$chr3$10157276$+,0.67
chr3:10182600-10183400,ENSG00000254999.2$BRK1$chr3$10157276$+,0.5
chr3:10205000-10206800,ENSG00000254999.2$BRK1$chr3$10157276$+,0.46
chr3:10214600-10216800,ENSG00000254999.2$BRK1$chr3$10157276$+,0.53
chr3:10288800-10290000,ENSG00000254999.2$BRK1$chr3$10157276$+,0.36
chr3:10362800-10364200,ENSG00000254999.2$BRK1$chr3$10157276$+,0.37
chr3:9930000-9932200,ENSG00000254999.2$BRK1$chr3$10157276$+,0.38
chr3:9972400-9974600,ENSG00000254999.2$BRK1$chr3$10157276$+,0.4
chr11:65756200-65757400,ENSG00000255038.1$RP11-1167A19.2$chr11$65837090$-,0.48
chr11:65857400-65858800,ENSG00000255038.1$RP11-1167A19.2$chr11$65837090$-,0.47
chr11:65937400-65938600,ENSG00000255038.1$RP11-1167A19.2$chr11$65837090$-,0.46
chr8:11593200-11595600,ENSG00000255046.1$RP11-297N6.4$chr8$11660077$-,0.6
chr11:126135600-126138000,ENSG00000255062.1$RP11-712L6.5$chr11$126174213$-,0.46
chr11:126139400-126141600,ENSG00000255062.1$RP11-712L6.5$chr11$126174213$-,0.48
chr4:89378400-89380800,ENSG00000255072.1$PIGY$chr4$89442940$-,0.43
chr4:89386400-89388800,ENSG00000255072.1$PIGY$chr4$89442940$-,0.42
chr4:89409400-89411000,ENSG00000255072.1$PIGY$chr4$89442940$-,0.57
chr4:89511600-89512800,ENSG00000255072.1$PIGY$chr4$89442940$-,0.53
chr18:11688200-11690400,ENSG00000255112.2$CHMP1B$chr18$11851395$+,0.45
chr18:11909000-11911000,ENSG00000255112.2$CHMP1B$chr18$11851395$+,0.64
chr18:11978600-11980800,ENSG00000255112.2$CHMP1B$chr18$11851395$+,0.44
chr12:104774600-104776400,ENSG00000255150.1$EID3$chr12$104697517$+,0.45
chr12:104848200-104850200,ENSG00000255150.1$EID3$chr12$104697517$+,0.47
chr6:31510400-31512000,ENSG00000255152.4$MSH5-SAPCD1$chr6$31707797$+,0.4
chr6:31512600-31514800,ENSG00000255152.4$MSH5-SAPCD1$chr6$31707797$+,0.43
chr6:31671200-31672200,ENSG00000255152.4$MSH5-SAPCD1$chr6$31707797$+,0.53
chr6:31755000-31757400,ENSG00000255152.4$MSH5-SAPCD1$chr6$31707797$+,0.54
chr6:31863200-31865400,ENSG00000255152.4$MSH5-SAPCD1$chr6$31707797$+,0.36
chr3:58291400-58292000,ENSG00000255154.3$RPP14$chr3$58303341$+,0.39
chr11:104803200-104803400,ENSG00000255221.2$CARD17$chr11$104972158$-,0.39
chr11:104817400-104819000,ENSG00000255221.2$CARD17$chr11$104972158$-,0.52
chr11:104839200-104841000,ENSG00000255221.2$CARD17$chr11$104972158$-,0.45
chr11:104897200-104897600,ENSG00000255221.2$CARD17$chr11$104972158$-,0.54
chr11:104897800-104898000,ENSG00000255221.2$CARD17$chr11$104972158$-,0.56
chr11:104936400-104937200,ENSG00000255221.2$CARD17$chr11$104972158$-,0.63
chr11:798000-800000,ENSG00000255284.1$AP006621.5$chr11$777578$+,0.44
chr11:818000-819400,ENSG00000255284.1$AP006621.5$chr11$777578$+,0.5
chr15:49103800-49104600,ENSG00000255302.3$EID1$chr15$49170083$+,0.59
chr11:6199400-6201400,ENSG00000255307.1$OR52B2$chr11$6191638$-,0.62
chr12:11261000-11263400,ENSG00000255374.1$TAS2R43$chr12$11244912$-,0.61
chr11:118161200-118163200,ENSG00000255384.1$RP11-770J1.4$chr11$118305921$-,0.36
chr11:118323600-118326000,ENSG00000255384.1$RP11-770J1.4$chr11$118305921$-,0.44
chr11:118326400-118327000,ENSG00000255384.1$RP11-770J1.4$chr11$118305921$-,0.42
chr3:73134800-73136400,ENSG00000255423.1$EBLN2$chr3$73110810$+,0.45
chr3:73159600-73160200,ENSG00000255423.1$EBLN2$chr3$73110810$+,0.46
chr11:62359600-62362000,ENSG00000255432.1$RP11-831H9.11$chr11$62432650$-,0.46
chr11:62386400-62388800,ENSG00000255432.1$RP11-831H9.11$chr11$62432650$-,0.45
chr11:62418200-62420200,ENSG00000255432.1$RP11-831H9.11$chr11$62432650$-,0.6
chr11:62443600-62446000,ENSG00000255432.1$RP11-831H9.11$chr11$62432650$-,0.64
chr11:62446800-62449200,ENSG00000255432.1$RP11-831H9.11$chr11$62432650$-,0.59
chr11:62461600-62463400,ENSG00000255432.1$RP11-831H9.11$chr11$62432650$-,0.55
chr11:62486400-62488600,ENSG00000255432.1$RP11-831H9.11$chr11$62432650$-,0.46
chr11:62522000-62524400,ENSG00000255432.1$RP11-831H9.11$chr11$62432650$-,0.5
chr11:62527800-62529000,ENSG00000255432.1$RP11-831H9.11$chr11$62432650$-,0.52
chr11:62536800-62538200,ENSG00000255432.1$RP11-831H9.11$chr11$62432650$-,0.48
chr11:62553200-62554600,ENSG00000255432.1$RP11-831H9.11$chr11$62432650$-,0.5
chr11:62596400-62598600,ENSG00000255432.1$RP11-831H9.11$chr11$62432650$-,0.4
chr16:30931600-30933400,ENSG00000255439.2$RP11-196G11.1$chr16$31106277$-,0.39
chr16:30945800-30947800,ENSG00000255439.2$RP11-196G11.1$chr16$31106277$-,0.42
chr16:31082000-31084000,ENSG00000255439.2$RP11-196G11.1$chr16$31106277$-,0.56
chr11:66153400-66154600,ENSG00000255468.2$RP11-867G23.8$chr11$66115421$+,0.61
chr11:66276200-66278200,ENSG00000255468.2$RP11-867G23.8$chr11$66115421$+,0.4
chr11:66278600-66280200,ENSG00000255468.2$RP11-867G23.8$chr11$66115421$+,0.37
chr11:102227600-102230000,ENSG00000255482.1$RP11-315O6.2$chr11$102337986$+,0.47
chr11:102261000-102263000,ENSG00000255482.1$RP11-315O6.2$chr11$102337986$+,0.53
chr11:102313200-102315000,ENSG00000255482.1$RP11-315O6.2$chr11$102337986$+,0.5
chr14:24474800-24475800,ENSG00000255526.2$NEDD8-MDP1$chr14$24701558$-,0.36
chr14:24564200-24566400,ENSG00000255526.2$NEDD8-MDP1$chr14$24701558$-,0.54
chr14:24582400-24582800,ENSG00000255526.2$NEDD8-MDP1$chr14$24701558$-,0.57
chr14:24603400-24604800,ENSG00000255526.2$NEDD8-MDP1$chr14$24701558$-,0.45
chr14:24628800-24630600,ENSG00000255526.2$NEDD8-MDP1$chr14$24701558$-,0.52
chr14:24682800-24684600,ENSG00000255526.2$NEDD8-MDP1$chr14$24701558$-,0.48
chr14:24685200-24686400,ENSG00000255526.2$NEDD8-MDP1$chr14$24701558$-,0.51
chr14:24712400-24714800,ENSG00000255526.2$NEDD8-MDP1$chr14$24701558$-,0.62
chr14:24715000-24717400,ENSG00000255526.2$NEDD8-MDP1$chr14$24701558$-,0.51
chr14:24738000-24740200,ENSG00000255526.2$NEDD8-MDP1$chr14$24701558$-,0.46
chr14:24758400-24760200,ENSG00000255526.2$NEDD8-MDP1$chr14$24701558$-,0.5
chr14:24769800-24771600,ENSG00000255526.2$NEDD8-MDP1$chr14$24701558$-,0.46
chr14:24912400-24913600,ENSG00000255526.2$NEDD8-MDP1$chr14$24701558$-,0.35
chr11:125461000-125461600,ENSG00000255537.1$AP000708.1$chr11$125365110$+,0.36
chr6:31671200-31672200,ENSG00000255552.3$LY6G6E$chr6$31681842$-,0.43
chr11:111740000-111741600,ENSG00000255561.2$FDXACB1$chr11$111751967$-,0.46
chr11:111742400-111743400,ENSG00000255561.2$FDXACB1$chr11$111751967$-,0.45
chr11:111893200-111895400,ENSG00000255561.2$FDXACB1$chr11$111751967$-,0.41
chr11:111896800-111898000,ENSG00000255561.2$FDXACB1$chr11$111751967$-,0.38
chr14:21925000-21925600,ENSG00000255582.1$OR10G2$chr14$22103096$-,0.36
chr14:21943000-21944400,ENSG00000255582.1$OR10G2$chr14$22103096$-,0.52
chr14:21946000-21948400,ENSG00000255582.1$OR10G2$chr14$22103096$-,0.41
chr14:21970600-21972200,ENSG00000255582.1$OR10G2$chr14$22103096$-,0.42
chr14:21972800-21974400,ENSG00000255582.1$OR10G2$chr14$22103096$-,0.45
chr14:22171800-22173600,ENSG00000255582.1$OR10G2$chr14$22103096$-,0.54
chr14:22202600-22203400,ENSG00000255582.1$OR10G2$chr14$22103096$-,0.58
chr14:22217000-22218600,ENSG00000255582.1$OR10G2$chr14$22103096$-,0.44
chr5:140464400-140465800,ENSG00000255622.1$PCDHB17$chr5$140535577$+,0.35
chr17:56158400-56160800,ENSG00000255713.1$OR4D2$chr17$56247017$+,0.36
chr17:56199400-56200000,ENSG00000255713.1$OR4D2$chr17$56247017$+,0.42
chr17:56244000-56245200,ENSG00000255713.1$OR4D2$chr17$56247017$+,0.47
chr17:56295000-56296200,ENSG00000255713.1$OR4D2$chr17$56247017$+,0.4
chr17:56297000-56298200,ENSG00000255713.1$OR4D2$chr17$56247017$+,0.44
chr19:41767000-41769200,ENSG00000255730.2$CTC-435M10.3$chr19$41856758$+,0.41
chr19:41793800-41795600,ENSG00000255730.2$CTC-435M10.3$chr19$41856758$+,0.53
chr19:41898200-41900600,ENSG00000255730.2$CTC-435M10.3$chr19$41856758$+,0.48
chr19:41901000-41903000,ENSG00000255730.2$CTC-435M10.3$chr19$41856758$+,0.42
chr19:41904400-41906000,ENSG00000255730.2$CTC-435M10.3$chr19$41856758$+,0.47
chr12:133614600-133615200,ENSG00000255748.1$AC226150.4$chr12$133787772$-,0.35
chr12:133707800-133709000,ENSG00000255748.1$AC226150.4$chr12$133787772$-,0.45
chr14:23058800-23060000,ENSG00000255804.1$OR6J1$chr14$23103716$-,0.48
chr14:23065400-23066800,ENSG00000255804.1$OR6J1$chr14$23103716$-,0.53
chr14:23181400-23183400,ENSG00000255804.1$OR6J1$chr14$23103716$-,0.45
chr1:225973400-225974800,ENSG00000255835.1$RP4-559A3.7$chr1$226111978$-,0.37
chr1:226247200-226249400,ENSG00000255835.1$RP4-559A3.7$chr1$226111978$-,0.45
chr1:226258400-226258800,ENSG00000255835.1$RP4-559A3.7$chr1$226111978$-,0.35
chr1:226259600-226260800,ENSG00000255835.1$RP4-559A3.7$chr1$226111978$-,0.4
chr12:11112400-11114800,ENSG00000255837.1$TAS2R20$chr12$11150474$-,0.69
chr12:11261000-11263400,ENSG00000255837.1$TAS2R20$chr12$11150474$-,0.52
chr1:147733600-147735800,ENSG00000255963.1$PPIAL4A$chr1$147955419$-,0.38
chr1:147736000-147737600,ENSG00000255963.1$PPIAL4A$chr1$147955419$-,0.4
chr1:147807400-147809800,ENSG00000255963.1$PPIAL4A$chr1$147955419$-,0.41
chr1:147920800-147921200,ENSG00000255963.1$PPIAL4A$chr1$147955419$-,0.61
chr1:147921600-147922000,ENSG00000255963.1$PPIAL4A$chr1$147955419$-,0.65
chr1:147953400-147954600,ENSG00000255963.1$PPIAL4A$chr1$147955419$-,0.44
chr1:147998800-148000000,ENSG00000255963.1$PPIAL4A$chr1$147955419$-,0.6
chr6:26057200-26058800,ENSG00000256018.1$HIST1H3G$chr6$26271612$-,0.4
chr6:26115200-26117000,ENSG00000256018.1$HIST1H3G$chr6$26271612$-,0.44
chr6:26180200-26182000,ENSG00000256018.1$HIST1H3G$chr6$26271612$-,0.49
chr6:26235600-26237400,ENSG00000256018.1$HIST1H3G$chr6$26271612$-,0.59
chr6:26239800-26241000,ENSG00000256018.1$HIST1H3G$chr6$26271612$-,0.66
chr6:26314000-26314600,ENSG00000256018.1$HIST1H3G$chr6$26271612$-,0.57
chr6:26400800-26402200,ENSG00000256018.1$HIST1H3G$chr6$26271612$-,0.36
chr4:156872400-156874400,ENSG00000256043.2$CTSO$chr4$156875069$-,0.35
chr14:103925400-103927600,ENSG00000256053.3$APOPT1$chr14$104029299$+,0.49
chr19:57703800-57705600,ENSG00000256060.2$TRAPPC2P1$chr19$57874879$+,0.51
chr19:57751000-57751600,ENSG00000256060.2$TRAPPC2P1$chr19$57874879$+,0.61
chr19:57789400-57791400,ENSG00000256060.2$TRAPPC2P1$chr19$57874879$+,0.6
chr19:57861600-57862200,ENSG00000256060.2$TRAPPC2P1$chr19$57874879$+,0.71
chr19:57900000-57901200,ENSG00000256060.2$TRAPPC2P1$chr19$57874879$+,0.72
chr19:57921400-57922400,ENSG00000256060.2$TRAPPC2P1$chr19$57874879$+,0.57
chr19:57944600-57946400,ENSG00000256060.2$TRAPPC2P1$chr19$57874879$+,0.51
chr19:57999400-58000800,ENSG00000256060.2$TRAPPC2P1$chr19$57874879$+,0.59
chr19:58037800-58038600,ENSG00000256060.2$TRAPPC2P1$chr19$57874879$+,0.4
chr19:58039400-58040600,ENSG00000256060.2$TRAPPC2P1$chr19$57874879$+,0.51
chr15:55731600-55732200,ENSG00000256061.3$DYX1C1$chr15$55800432$-,0.43
chr15:55790800-55792600,ENSG00000256061.3$DYX1C1$chr15$55800432$-,0.54
chr21:33648800-33650800,ENSG00000256073.2$C21orf119$chr21$33765439$+,0.57
chr21:33651800-33653000,ENSG00000256073.2$C21orf119$chr21$33765439$+,0.55
chr21:33775200-33776200,ENSG00000256073.2$C21orf119$chr21$33765439$+,0.76
chr21:33996200-33997600,ENSG00000256073.2$C21orf119$chr21$33765439$+,0.44
chr19:52488000-52489400,ENSG00000256087.2$ZNF432$chr19$52598991$-,0.4
chr19:52490200-52490800,ENSG00000256087.2$ZNF432$chr19$52598991$-,0.44
chr19:52510200-52510800,ENSG00000256087.2$ZNF432$chr19$52598991$-,0.44
chr19:52549200-52551400,ENSG00000256087.2$ZNF432$chr19$52598991$-,0.44
chr19:52640000-52642400,ENSG00000256087.2$ZNF432$chr19$52598991$-,0.59
chr19:52672800-52674000,ENSG00000256087.2$ZNF432$chr19$52598991$-,0.45
chr19:52675000-52676400,ENSG00000256087.2$ZNF432$chr19$52598991$-,0.4
chr19:52690400-52692600,ENSG00000256087.2$ZNF432$chr19$52598991$-,0.52
chr12:11112400-11114800,ENSG00000256188.1$TAS2R30$chr12$11287243$-,0.37
chr12:11261000-11263400,ENSG00000256188.1$TAS2R30$chr12$11287243$-,0.61
chr12:11316200-11317200,ENSG00000256188.1$TAS2R30$chr12$11287243$-,0.72
chr20:55924600-55926000,ENSG00000256222.1$MTRNR2L3$chr20$55934878$-,0.43
chr20:55927000-55929200,ENSG00000256222.1$MTRNR2L3$chr20$55934878$-,0.52
chr12:133533400-133534600,ENSG00000256223.1$ZNF10$chr12$133707161$+,0.35
chr12:133613000-133613600,ENSG00000256223.1$ZNF10$chr12$133707161$+,0.41
chr12:133614600-133615200,ENSG00000256223.1$ZNF10$chr12$133707161$+,0.44
chr19:20147600-20149600,ENSG00000256229.3$ZNF486$chr19$20278037$+,0.45
chr19:20163200-20164200,ENSG00000256229.3$ZNF486$chr19$20278037$+,0.42
chr19:20188000-20188800,ENSG00000256229.3$ZNF486$chr19$20278037$+,0.46
chr19:20354600-20356000,ENSG00000256229.3$ZNF486$chr19$20278037$+,0.51
chr5:150113200-150115600,ENSG00000256235.1$SMIM3$chr5$150157508$+,0.51
chr11:118800600-118802800,ENSG00000256269.2$HMBS$chr11$118955576$+,0.46
chr11:118866600-118868200,ENSG00000256269.2$HMBS$chr11$118955576$+,0.39
chr11:118928400-118929400,ENSG00000256269.2$HMBS$chr11$118955576$+,0.58
chr11:118939000-118941400,ENSG00000256269.2$HMBS$chr11$118955576$+,0.75
chr11:118970200-118972000,ENSG00000256269.2$HMBS$chr11$118955576$+,0.63
chr11:118990000-118992200,ENSG00000256269.2$HMBS$chr11$118955576$+,0.54
chr11:118993000-118994400,ENSG00000256269.2$HMBS$chr11$118955576$+,0.45
chr11:119047800-119050000,ENSG00000256269.2$HMBS$chr11$118955576$+,0.43
chr11:119074600-119076800,ENSG00000256269.2$HMBS$chr11$118955576$+,0.5
chr11:119096800-119098200,ENSG00000256269.2$HMBS$chr11$118955576$+,0.43
chr19:44618200-44620000,ENSG00000256294.3$ZNF225$chr19$44616334$+,0.48
chr19:44643200-44645400,ENSG00000256294.3$ZNF225$chr19$44616334$+,0.48
chr19:44646400-44648000,ENSG00000256294.3$ZNF225$chr19$44616334$+,0.53
chr6:26057200-26058800,ENSG00000256316.1$HIST1H3F$chr6$26250835$-,0.37
chr6:26085800-26087600,ENSG00000256316.1$HIST1H3F$chr6$26250835$-,0.36
chr6:26088200-26090400,ENSG00000256316.1$HIST1H3F$chr6$26250835$-,0.37
chr6:26115200-26117000,ENSG00000256316.1$HIST1H3F$chr6$26250835$-,0.36
chr6:26180200-26182000,ENSG00000256316.1$HIST1H3F$chr6$26250835$-,0.45
chr6:26235600-26237400,ENSG00000256316.1$HIST1H3F$chr6$26250835$-,0.56
chr6:26239800-26241000,ENSG00000256316.1$HIST1H3F$chr6$26250835$-,0.61
chr6:26314000-26314600,ENSG00000256316.1$HIST1H3F$chr6$26250835$-,0.46
chr6:26400800-26402200,ENSG00000256316.1$HIST1H3F$chr6$26250835$-,0.35
chr11:66278600-66280200,ENSG00000256349.1$CTD-3074O7.11$chr11$66276550$+,0.46
chr1:148244200-148245800,ENSG00000256374.1$PPIAL4D$chr1$148202536$-,0.41
chr4:156872400-156874400,ENSG00000256394.2$ASIC5$chr4$156787425$-,0.47
chr12:11112400-11114800,ENSG00000256436.1$TAS2R31$chr12$11184006$-,0.46
chr12:11261000-11263400,ENSG00000256436.1$TAS2R31$chr12$11184006$-,0.41
chr14:103925400-103927600,ENSG00000256500.5$RP11-73M18.2$chr14$104029299$+,0.49
chr15:75871800-75872800,ENSG00000256530.1$AC019294.1$chr15$76030311$+,0.36
chr15:76049800-76050800,ENSG00000256530.1$AC019294.1$chr15$76030311$+,0.52
chr15:76132800-76135200,ENSG00000256530.1$AC019294.1$chr15$76030311$+,0.41
chr15:76197000-76199400,ENSG00000256530.1$AC019294.1$chr15$76030311$+,0.36
chr15:76200200-76202000,ENSG00000256530.1$AC019294.1$chr15$76030311$+,0.35
chr10:45906000-45907400,ENSG00000256574.2$OR13A1$chr10$45811056$-,0.44
chr10:46057400-46059200,ENSG00000256574.2$OR13A1$chr10$45811056$-,0.38
chr10:46059600-46060800,ENSG00000256574.2$OR13A1$chr10$45811056$-,0.37
chr11:61130400-61132000,ENSG00000256591.1$RP11-286N22.8$chr11$61196692$+,0.51
chr11:61151200-61153600,ENSG00000256591.1$RP11-286N22.8$chr11$61196692$+,0.58
chr11:61158400-61159800,ENSG00000256591.1$RP11-286N22.8$chr11$61196692$+,0.41
chr11:61191000-61191200,ENSG00000256591.1$RP11-286N22.8$chr11$61196692$+,0.74
chr12:133137000-133139400,ENSG00000256632.3$RP13-672B3.2$chr12$133264635$+,0.44
chr12:133259600-133260600,ENSG00000256632.3$RP13-672B3.2$chr12$133264635$+,0.57
chr12:133261600-133263600,ENSG00000256632.3$RP13-672B3.2$chr12$133264635$+,0.38
chr12:133285600-133286600,ENSG00000256632.3$RP13-672B3.2$chr12$133264635$+,0.56
chr12:133406000-133407000,ENSG00000256632.3$RP13-672B3.2$chr12$133264635$+,0.36
chr12:10113000-10115400,ENSG00000256660.1$CLEC12B$chr12$10163226$+,0.46
chr12:10306600-10307400,ENSG00000256660.1$CLEC12B$chr12$10163226$+,0.37
chr19:52405600-52407600,ENSG00000256683.2$ZNF350$chr19$52490109$-,0.47
chr19:52431200-52432400,ENSG00000256683.2$ZNF350$chr19$52490109$-,0.6
chr19:52510200-52510800,ENSG00000256683.2$ZNF350$chr19$52490109$-,0.64
chr19:52549200-52551400,ENSG00000256683.2$ZNF350$chr19$52490109$-,0.65
chr19:52596400-52598200,ENSG00000256683.2$ZNF350$chr19$52490109$-,0.48
chr19:52640000-52642400,ENSG00000256683.2$ZNF350$chr19$52490109$-,0.39
chr17:44096800-44099200,ENSG00000256762.1$STH$chr17$44076616$+,0.39
chr19:19692000-19693800,ENSG00000256771.2$ZNF253$chr19$19976695$+,0.38
chr19:19720800-19722000,ENSG00000256771.2$ZNF253$chr19$19976695$+,0.35
chr19:19840800-19843200,ENSG00000256771.2$ZNF253$chr19$19976695$+,0.42
chr19:19884400-19886800,ENSG00000256771.2$ZNF253$chr19$19976695$+,0.39
chr19:19913400-19914600,ENSG00000256771.2$ZNF253$chr19$19976695$+,0.43
chr12:10041400-10042200,ENSG00000256797.1$KLRF2$chr12$10034088$+,0.44
chr12:10113000-10115400,ENSG00000256797.1$KLRF2$chr12$10034088$+,0.44
chr12:122194200-122196200,ENSG00000256950.2$RP11-87C12.2$chr12$122326715$+,0.48
chr12:122346400-122347000,ENSG00000256950.2$RP11-87C12.2$chr12$122326715$+,0.54
chr12:122349400-122350800,ENSG00000256950.2$RP11-87C12.2$chr12$122326715$+,0.53
chr6:74020200-74020800,ENSG00000256980.4$KHDC1L$chr6$73935493$-,0.54
chr15:80071000-80073400,ENSG00000257028.1$C15ORF37$chr15$80215507$+,0.37
chr15:80145000-80146800,ENSG00000257028.1$C15ORF37$chr15$80215507$+,0.54
chr15:80149800-80151000,ENSG00000257028.1$C15ORF37$chr15$80215507$+,0.53
chr15:80186600-80188800,ENSG00000257028.1$C15ORF37$chr15$80215507$+,0.59
chr15:80378800-80380400,ENSG00000257028.1$C15ORF37$chr15$80215507$+,0.4
chr7:141248400-141250600,ENSG00000257093.2$KIAA1147$chr7$141401953$-,0.43
chr7:141251600-141253800,ENSG00000257093.2$KIAA1147$chr7$141401953$-,0.35
chr7:141354000-141355400,ENSG00000257093.2$KIAA1147$chr7$141401953$-,0.46
chr7:141436000-141437600,ENSG00000257093.2$KIAA1147$chr7$141401953$-,0.54
chr19:34744000-34745000,ENSG00000257103.4$LSM14A$chr19$34663409$+,0.52
chr19:34778200-34779800,ENSG00000257103.4$LSM14A$chr19$34663409$+,0.41
chr19:34793400-34794400,ENSG00000257103.4$LSM14A$chr19$34663409$+,0.37
chr7:141674800-141677000,ENSG00000257138.1$TAS2R38$chr7$141673573$-,0.36
chr12:120730600-120732600,ENSG00000257218.1$GATC$chr12$120884241$+,0.38
chr12:120740600-120742600,ENSG00000257218.1$GATC$chr12$120884241$+,0.39
chr12:120753200-120755000,ENSG00000257218.1$GATC$chr12$120884241$+,0.38
chr12:120874800-120875400,ENSG00000257218.1$GATC$chr12$120884241$+,0.39
chr12:120876400-120878800,ENSG00000257218.1$GATC$chr12$120884241$+,0.55
chr12:120932200-120933600,ENSG00000257218.1$GATC$chr12$120884241$+,0.55
chr12:120970400-120972000,ENSG00000257218.1$GATC$chr12$120884241$+,0.4
chr12:59893400-59895800,ENSG00000257230.1$RP11-272B17.2$chr12$59917965$-,0.54
chr12:59942000-59944000,ENSG00000257230.1$RP11-272B17.2$chr12$59917965$-,0.59
chr12:59967600-59969200,ENSG00000257230.1$RP11-272B17.2$chr12$59917965$-,0.63
chr12:59987600-59989400,ENSG00000257230.1$RP11-272B17.2$chr12$59917965$-,0.47
chr12:60017400-60019600,ENSG00000257230.1$RP11-272B17.2$chr12$59917965$-,0.35
chr12:60030200-60032200,ENSG00000257230.1$RP11-272B17.2$chr12$59917965$-,0.36
chr12:60053800-60055800,ENSG00000257230.1$RP11-272B17.2$chr12$59917965$-,0.36
chr1:203745000-203746200,ENSG00000257315.1$ZBED6$chr1$203765437$+,0.67
chr1:203784800-203786000,ENSG00000257315.1$ZBED6$chr1$203765437$+,0.63
chr7:141674800-141677000,ENSG00000257335.4$MGAM$chr7$141607613$+,0.45
chr14:65452600-65453600,ENSG00000257365.3$FNTB$chr14$65381203$+,0.44
chr12:56174200-56175800,ENSG00000257390.1$RP11-762I7.5$chr12$56221330$-,0.48
chr12:56198000-56199600,ENSG00000257390.1$RP11-762I7.5$chr12$56221330$-,0.56
chr12:56212400-56214400,ENSG00000257390.1$RP11-762I7.5$chr12$56221330$-,0.51
chr12:56292600-56293400,ENSG00000257390.1$RP11-762I7.5$chr12$56221330$-,0.48
chr12:56358600-56360400,ENSG00000257390.1$RP11-762I7.5$chr12$56221330$-,0.41
chr12:56372800-56373600,ENSG00000257390.1$RP11-762I7.5$chr12$56221330$-,0.43
chr12:56433800-56435200,ENSG00000257390.1$RP11-762I7.5$chr12$56221330$-,0.38
chr12:56358600-56360400,ENSG00000257411.1$RP11-603J24.9$chr12$56495115$+,0.42
chr12:56372800-56373600,ENSG00000257411.1$RP11-603J24.9$chr12$56495115$+,0.38
chr12:56433800-56435200,ENSG00000257411.1$RP11-603J24.9$chr12$56495115$+,0.46
chr12:56527000-56528200,ENSG00000257411.1$RP11-603J24.9$chr12$56495115$+,0.47
chr12:56543800-56545600,ENSG00000257411.1$RP11-603J24.9$chr12$56495115$+,0.45
chr12:56596000-56597400,ENSG00000257411.1$RP11-603J24.9$chr12$56495115$+,0.39
chr12:56612800-56615000,ENSG00000257411.1$RP11-603J24.9$chr12$56495115$+,0.42
chr12:56616200-56618200,ENSG00000257411.1$RP11-603J24.9$chr12$56495115$+,0.42
chr12:56618600-56620200,ENSG00000257411.1$RP11-603J24.9$chr12$56495115$+,0.36
chr19:12174600-12175600,ENSG00000257446.2$ZNF878$chr19$12167127$-,0.55
chr19:12176200-12177800,ENSG00000257446.2$ZNF878$chr19$12167127$-,0.4
chrX:100351800-100352600,ENSG00000257529.1$RPL36A-HNRNPH2$chrX$100645999$+,0.39
chrX:100604000-100605000,ENSG00000257529.1$RPL36A-HNRNPH2$chrX$100645999$+,0.63
chrX:100660200-100662400,ENSG00000257529.1$RPL36A-HNRNPH2$chrX$100645999$+,0.66
chrX:100673600-100676000,ENSG00000257529.1$RPL36A-HNRNPH2$chrX$100645999$+,0.56
chrX:100871200-100872200,ENSG00000257529.1$RPL36A-HNRNPH2$chrX$100645999$+,0.4
chrX:100877000-100878000,ENSG00000257529.1$RPL36A-HNRNPH2$chrX$100645999$+,0.42
chr19:12248200-12250400,ENSG00000257591.1$ZNF625$chr19$12267546$-,0.48
chr19:12251200-12252600,ENSG00000257591.1$ZNF625$chr19$12267546$-,0.51
chr19:12265000-12266800,ENSG00000257591.1$ZNF625$chr19$12267546$-,0.43
chr12:89790400-89792600,ENSG00000257594.2$GALNT4$chr12$89920039$-,0.37
chr12:89858600-89860200,ENSG00000257594.2$GALNT4$chr12$89920039$-,0.58
chr12:89868000-89870400,ENSG00000257594.2$GALNT4$chr12$89920039$-,0.67
chr12:89870600-89872400,ENSG00000257594.2$GALNT4$chr12$89920039$-,0.56
chr12:90012000-90012600,ENSG00000257594.2$GALNT4$chr12$89920039$-,0.6
chr12:90013000-90014000,ENSG00000257594.2$GALNT4$chr12$89920039$-,0.6
chr12:90047600-90048200,ENSG00000257594.2$GALNT4$chr12$89920039$-,0.53
chr12:90053800-90055000,ENSG00000257594.2$GALNT4$chr12$89920039$-,0.59
chr12:90062200-90063600,ENSG00000257594.2$GALNT4$chr12$89920039$-,0.6
chr12:29530800-29533200,ENSG00000257599.1$OVCH1-AS1$chr12$29542227$+,0.55
chr19:47535000-47536200,ENSG00000257704.2$PRR24$chr19$47778142$+,0.4
chr19:47548800-47551200,ENSG00000257704.2$PRR24$chr19$47778142$+,0.37
chr19:47633200-47634000,ENSG00000257704.2$PRR24$chr19$47778142$+,0.58
chr19:47695800-47698000,ENSG00000257704.2$PRR24$chr19$47778142$+,0.45
chr19:47750400-47751400,ENSG00000257704.2$PRR24$chr19$47778142$+,0.66
chr19:47799200-47800200,ENSG00000257704.2$PRR24$chr19$47778142$+,0.67
chr12:56527000-56528200,ENSG00000257727.1$CNPY2$chr12$56710120$-,0.4
chr12:56543800-56545600,ENSG00000257727.1$CNPY2$chr12$56710120$-,0.39
chr12:56596000-56597400,ENSG00000257727.1$CNPY2$chr12$56710120$-,0.55
chr12:56612800-56615000,ENSG00000257727.1$CNPY2$chr12$56710120$-,0.49
chr12:56616200-56618200,ENSG00000257727.1$CNPY2$chr12$56710120$-,0.59
chr12:56618600-56620200,ENSG00000257727.1$CNPY2$chr12$56710120$-,0.6
chr12:56659200-56660400,ENSG00000257727.1$CNPY2$chr12$56710120$-,0.48
chr12:56661200-56662800,ENSG00000257727.1$CNPY2$chr12$56710120$-,0.48
chr12:56726000-56727200,ENSG00000257727.1$CNPY2$chr12$56710120$-,0.74
chr12:56754800-56756400,ENSG00000257727.1$CNPY2$chr12$56710120$-,0.47
chr12:56818000-56820200,ENSG00000257727.1$CNPY2$chr12$56710120$-,0.36
chr12:56843400-56845400,ENSG00000257727.1$CNPY2$chr12$56710120$-,0.43
chr12:58086400-58088000,ENSG00000257921.1$RP11-571M6.15$chr12$58166811$+,0.51
chr12:58088600-58090200,ENSG00000257921.1$RP11-571M6.15$chr12$58166811$+,0.37
chr12:58139400-58141400,ENSG00000257921.1$RP11-571M6.15$chr12$58166811$+,0.56
chr12:58150000-58152400,ENSG00000257921.1$RP11-571M6.15$chr12$58166811$+,0.64
chr12:58152600-58154400,ENSG00000257921.1$RP11-571M6.15$chr12$58166811$+,0.63
chr12:58240800-58243200,ENSG00000257921.1$RP11-571M6.15$chr12$58166811$+,0.48
chr12:58298000-58300200,ENSG00000257921.1$RP11-571M6.15$chr12$58166811$+,0.37
chr17:73877400-73879600,ENSG00000257949.2$TEN1$chr17$73975301$+,0.45
chr17:73899000-73900400,ENSG00000257949.2$TEN1$chr17$73975301$+,0.48
chr17:74059200-74061000,ENSG00000257949.2$TEN1$chr17$73975301$+,0.44
chr17:74095800-74096000,ENSG00000257949.2$TEN1$chr17$73975301$+,0.35
chr17:74097200-74099000,ENSG00000257949.2$TEN1$chr17$73975301$+,0.42
chr8:86090200-86092600,ENSG00000257962.1$RP11-219B4.6$chr8$86162077$-,0.39
chr8:86130000-86132200,ENSG00000257962.1$RP11-219B4.6$chr8$86162077$-,0.58
chr8:86156200-86157600,ENSG00000257962.1$RP11-219B4.6$chr8$86162077$-,0.67
chr16:30192200-30194600,ENSG00000258130.3$RP11-347C12.3$chr16$30220392$-,0.35
chr7:142023200-142024600,ENSG00000258223.2$PRSS58$chr7$141957878$-,0.41
chr7:142119200-142121000,ENSG00000258223.2$PRSS58$chr7$141957878$-,0.35
chr7:141674800-141677000,ENSG00000258227.2$CLEC5A$chr7$141646807$-,0.44
chr8:86018000-86019000,ENSG00000258256.1$RP11-219B4.5$chr8$86157946$-,0.39
chr8:86020000-86021800,ENSG00000258256.1$RP11-219B4.5$chr8$86157946$-,0.35
chr8:86090200-86092600,ENSG00000258256.1$RP11-219B4.5$chr8$86157946$-,0.37
chr8:86130000-86132200,ENSG00000258256.1$RP11-219B4.5$chr8$86157946$-,0.64
chr14:65452600-65453600,ENSG00000258289.3$CHURC1$chr14$65381079$+,0.44
chr12:56174200-56175800,ENSG00000258311.1$RP11-644F5.10$chr12$56109820$+,0.56
chr12:56198000-56199600,ENSG00000258311.1$RP11-644F5.10$chr12$56109820$+,0.53
chr12:56212400-56214400,ENSG00000258311.1$RP11-644F5.10$chr12$56109820$+,0.48
chr12:56292600-56293400,ENSG00000258311.1$RP11-644F5.10$chr12$56109820$+,0.38
chr17:6734000-6736000,ENSG00000258315.1$C17orf49$chr17$6917814$+,0.48
chr17:6908000-6908800,ENSG00000258315.1$C17orf49$chr17$6917814$+,0.58
chr17:6936600-6939000,ENSG00000258315.1$C17orf49$chr17$6917814$+,0.59
chr17:7143000-7145000,ENSG00000258315.1$C17orf49$chr17$6917814$+,0.4
chr17:7146600-7148200,ENSG00000258315.1$C17orf49$chr17$6917814$+,0.42
chr17:7156200-7158200,ENSG00000258315.1$C17orf49$chr17$6917814$+,0.39
chr20:62211800-62213200,ENSG00000258366.3$RTEL1$chr20$62289163$+,0.35
chr20:62344800-62347000,ENSG00000258366.3$RTEL1$chr20$62289163$+,0.39
chr19:52840200-52841600,ENSG00000258405.5$ZNF578$chr19$52956829$+,0.35
chr19:52874000-52875200,ENSG00000258405.5$ZNF578$chr19$52956829$+,0.36
chr19:53029400-53030200,ENSG00000258405.5$ZNF578$chr19$52956829$+,0.38
chr19:53031400-53033600,ENSG00000258405.5$ZNF578$chr19$52956829$+,0.41
chr19:53101600-53104000,ENSG00000258405.5$ZNF578$chr19$52956829$+,0.37
chr8:133122800-133125200,ENSG00000258417.2$OC90$chr8$133097902$-,0.55
chr16:69245200-69246400,ENSG00000258429.1$PDF$chr16$69364498$-,0.39
chr16:69286200-69286800,ENSG00000258429.1$PDF$chr16$69364498$-,0.41
chr16:69370200-69372600,ENSG00000258429.1$PDF$chr16$69364498$-,0.62
chr16:69456800-69458200,ENSG00000258429.1$PDF$chr16$69364498$-,0.48
chr14:20929600-20931600,ENSG00000258436.1$RNASE12$chr14$21058982$-,0.43
chr14:20936600-20937600,ENSG00000258436.1$RNASE12$chr14$21058982$-,0.42
chr14:20998800-20999600,ENSG00000258436.1$RNASE12$chr14$21058982$-,0.63
chr14:21055600-21056800,ENSG00000258436.1$RNASE12$chr14$21058982$-,0.66
chr14:21082200-21084000,ENSG00000258436.1$RNASE12$chr14$21058982$-,0.56
chr14:21120800-21122600,ENSG00000258436.1$RNASE12$chr14$21058982$-,0.64
chr14:21147600-21149800,ENSG00000258436.1$RNASE12$chr14$21058982$-,0.51
chr1:160173400-160175600,ENSG00000258465.2$DCAF8$chr1$160254920$-,0.41
chr1:160203000-160205000,ENSG00000258465.2$DCAF8$chr1$160254920$-,0.53
chr14:68108200-68109400,ENSG00000258466.1$RP11-1012A1.4$chr14$68157084$-,0.35
chr14:68142000-68142800,ENSG00000258466.1$RP11-1012A1.4$chr14$68157084$-,0.42
chr14:68162400-68164400,ENSG00000258466.1$RP11-1012A1.4$chr14$68157084$-,0.43
chr14:68280200-68282600,ENSG00000258466.1$RP11-1012A1.4$chr14$68157084$-,0.35
chr17:26926800-26928200,ENSG00000258472.4$RP11-192H23.4$chr17$26941215$-,0.41
chr14:32336800-32338000,ENSG00000258474.1$RP11-187E13.1$chr14$32414059$+,0.47
chr15:69114200-69116600,ENSG00000258484.3$SPESP1$chr15$69110560$+,0.54
chr14:102273600-102275800,ENSG00000258512.1$RP11-796G6.2$chr14$102196774$+,0.44
chr14:23756000-23757400,ENSG00000258643.1$BCL2L2-PABPN1$chr14$23776044$+,0.41
chr14:23788800-23790000,ENSG00000258643.1$BCL2L2-PABPN1$chr14$23776044$+,0.4
chr14:74358000-74359000,ENSG00000258653.3$RP5-1021I20.4$chr14$74318674$+,0.47
chr1:179846800-179848000,ENSG00000258664.1$IFRG15$chr1$179834311$-,0.47
chr1:179849000-179850800,ENSG00000258664.1$IFRG15$chr1$179834311$-,0.51
chr19:19624600-19626600,ENSG00000258674.5$CTC-260F20.3$chr19$19627036$+,0.39
chr19:19680800-19682600,ENSG00000258674.5$CTC-260F20.3$chr19$19627036$+,0.64
chr19:19692000-19693800,ENSG00000258674.5$CTC-260F20.3$chr19$19627036$+,0.47
chr19:19715600-19715800,ENSG00000258674.5$CTC-260F20.3$chr19$19627036$+,0.36
chr19:19884400-19886800,ENSG00000258674.5$CTC-260F20.3$chr19$19627036$+,0.38
chr20:2806200-2808000,ENSG00000258713.2$C20orf141$chr20$2795633$+,0.43
chr8:10785400-10787200,ENSG00000258724.1$SOX7$chr8$10697357$-,0.57
chr8:10822000-10824000,ENSG00000258724.1$SOX7$chr8$10697357$-,0.42
chr9:34609800-34611600,ENSG00000258728.1$GALT$chr9$34646642$+,0.35
chr9:34618000-34620000,ENSG00000258728.1$GALT$chr9$34646642$+,0.37
chr9:34638200-34639400,ENSG00000258728.1$GALT$chr9$34646642$+,0.54
chr14:24912400-24913600,ENSG00000258744.1$RP11-80A15.1$chr14$24970800$+,0.43
chr14:89991200-89992200,ENSG00000258792.1$RP11-944C7.1$chr14$90109015$-,0.42
chr14:90180400-90182000,ENSG00000258792.1$RP11-944C7.1$chr14$90109015$-,0.4
chr14:20998800-20999600,ENSG00000258818.2$RNASE4$chr14$21152259$+,0.38
chr14:21055600-21056800,ENSG00000258818.2$RNASE4$chr14$21152259$+,0.41
chr14:21082200-21084000,ENSG00000258818.2$RNASE4$chr14$21152259$+,0.49
chr14:21120800-21122600,ENSG00000258818.2$RNASE4$chr14$21152259$+,0.5
chr14:21147600-21149800,ENSG00000258818.2$RNASE4$chr14$21152259$+,0.59
chr14:66606200-66608400,ENSG00000258847.1$CTD-2014B16.3$chr14$66471241$-,0.37
chr14:98251000-98253000,ENSG00000258869.1$RP11-204N11.1$chr14$98230326$-,0.58
chr19:57682400-57684800,ENSG00000258873.2$DUXA$chr19$57678811$-,0.52
chr19:57703800-57705600,ENSG00000258873.2$DUXA$chr19$57678811$-,0.6
chr19:57751000-57751600,ENSG00000258873.2$DUXA$chr19$57678811$-,0.36
chr14:91643000-91644600,ENSG00000258875.1$CTD-2547L24.3$chr14$91709103$+,0.46
chr14:91659400-91661600,ENSG00000258875.1$CTD-2547L24.3$chr14$91709103$+,0.48
chr14:91672400-91674000,ENSG00000258875.1$CTD-2547L24.3$chr14$91709103$+,0.58
chr14:91726200-91728600,ENSG00000258875.1$CTD-2547L24.3$chr14$91709103$+,0.6
chr14:52408000-52408800,ENSG00000258928.1$RP11-463J10.2$chr14$52385289$-,0.52
chr14:52427000-52427200,ENSG00000258928.1$RP11-463J10.2$chr14$52385289$-,0.59
chr14:52454600-52456000,ENSG00000258928.1$RP11-463J10.2$chr14$52385289$-,0.42
chr14:52462000-52464000,ENSG00000258928.1$RP11-463J10.2$chr14$52385289$-,0.53
chr14:39573200-39575000,ENSG00000258941.2$RP11-407N17.3$chr14$39703106$+,0.39
chr14:39582400-39583200,ENSG00000258941.2$RP11-407N17.3$chr14$39703106$+,0.43
chr14:39629200-39630600,ENSG00000258941.2$RP11-407N17.3$chr14$39703106$+,0.51
chr14:39640000-39641400,ENSG00000258941.2$RP11-407N17.3$chr14$39703106$+,0.57
chr14:39642600-39644200,ENSG00000258941.2$RP11-407N17.3$chr14$39703106$+,0.59
chr14:39676600-39677400,ENSG00000258941.2$RP11-407N17.3$chr14$39703106$+,0.7
chr14:39733800-39735600,ENSG00000258941.2$RP11-407N17.3$chr14$39703106$+,0.6
chr14:39811600-39812800,ENSG00000258941.2$RP11-407N17.3$chr14$39703106$+,0.37
chr14:39877600-39877800,ENSG00000258941.2$RP11-407N17.3$chr14$39703106$+,0.4
chr14:39878400-39878600,ENSG00000258941.2$RP11-407N17.3$chr14$39703106$+,0.39
chr14:24682800-24684600,ENSG00000258973.1$RP11-934B9.3$chr14$24806588$-,0.46
chr14:24685200-24686400,ENSG00000258973.1$RP11-934B9.3$chr14$24806588$-,0.47
chr14:24712400-24714800,ENSG00000258973.1$RP11-934B9.3$chr14$24806588$-,0.55
chr14:24715000-24717400,ENSG00000258973.1$RP11-934B9.3$chr14$24806588$-,0.43
chr14:24738000-24740200,ENSG00000258973.1$RP11-934B9.3$chr14$24806588$-,0.39
chr14:24758400-24760200,ENSG00000258973.1$RP11-934B9.3$chr14$24806588$-,0.47
chr14:24769800-24771600,ENSG00000258973.1$RP11-934B9.3$chr14$24806588$-,0.4
chr14:24912400-24913600,ENSG00000258973.1$RP11-934B9.3$chr14$24806588$-,0.37
chr14:23058800-23060000,ENSG00000259003.1$AE000662.92$chr14$23025534$+,0.58
chr14:23065400-23066800,ENSG00000259003.1$AE000662.92$chr14$23025534$+,0.61
chr17:15465200-15466400,ENSG00000259024.2$TVP23C-CDRT4$chr17$15466875$-,0.39
chr17:15467000-15468000,ENSG00000259024.2$TVP23C-CDRT4$chr17$15466875$-,0.42
chr17:15496400-15497000,ENSG00000259024.2$TVP23C-CDRT4$chr17$15466875$-,0.52
chr17:15585400-15587400,ENSG00000259024.2$TVP23C-CDRT4$chr17$15466875$-,0.43
chr17:15601200-15602600,ENSG00000259024.2$TVP23C-CDRT4$chr17$15466875$-,0.37
chr1:74672400-74672600,ENSG00000259030.2$FPGT-TNNI3K$chr1$74663919$+,0.76
chr14:93368600-93370800,ENSG00000259066.1$RP11-371E8.4$chr14$93651318$+,0.35
chr14:93582600-93584000,ENSG00000259066.1$RP11-371E8.4$chr14$93651318$+,0.57
chr14:93729000-93730800,ENSG00000259066.1$RP11-371E8.4$chr14$93651318$+,0.51
chr12:89790400-89792600,ENSG00000259075.2$POC1B-GALNT4$chr12$89920039$-,0.37
chr12:89858600-89860200,ENSG00000259075.2$POC1B-GALNT4$chr12$89920039$-,0.58
chr12:89868000-89870400,ENSG00000259075.2$POC1B-GALNT4$chr12$89920039$-,0.67
chr12:89870600-89872400,ENSG00000259075.2$POC1B-GALNT4$chr12$89920039$-,0.56
chr12:90012000-90012600,ENSG00000259075.2$POC1B-GALNT4$chr12$89920039$-,0.6
chr12:90013000-90014000,ENSG00000259075.2$POC1B-GALNT4$chr12$89920039$-,0.6
chr12:90047600-90048200,ENSG00000259075.2$POC1B-GALNT4$chr12$89920039$-,0.53
chr12:90053800-90055000,ENSG00000259075.2$POC1B-GALNT4$chr12$89920039$-,0.59
chr12:90062200-90063600,ENSG00000259075.2$POC1B-GALNT4$chr12$89920039$-,0.6
chr11:77706200-77707200,ENSG00000259112.1$NDUFC2-KCTD14$chr11$77790911$-,0.56
chr11:77805200-77806200,ENSG00000259112.1$NDUFC2-KCTD14$chr11$77790911$-,0.54
chr11:77848200-77850200,ENSG00000259112.1$NDUFC2-KCTD14$chr11$77790911$-,0.47
chr11:77851200-77852800,ENSG00000259112.1$NDUFC2-KCTD14$chr11$77790911$-,0.51
chr14:23423200-23425600,ENSG00000259132.1$RP11-298I3.5$chr14$23451467$-,0.5
chr14:23426600-23427400,ENSG00000259132.1$RP11-298I3.5$chr14$23451467$-,0.46
chr14:23473600-23475800,ENSG00000259132.1$RP11-298I3.5$chr14$23451467$-,0.46
chr14:23496800-23499000,ENSG00000259132.1$RP11-298I3.5$chr14$23451467$-,0.35
chr14:23504400-23505400,ENSG00000259132.1$RP11-298I3.5$chr14$23451467$-,0.35
chr14:23540800-23542800,ENSG00000259132.1$RP11-298I3.5$chr14$23451467$-,0.39
chr15:67519600-67522000,ENSG00000259202.1$RP11-342M21.2$chr15$67439277$-,0.42
chr17:7298400-7300000,ENSG00000259224.1$SLC35G6$chr17$7384721$+,0.37
chr17:7337800-7338800,ENSG00000259224.1$SLC35G6$chr17$7384721$+,0.59
chr17:7356800-7358800,ENSG00000259224.1$SLC35G6$chr17$7384721$+,0.72
chr17:7359400-7361600,ENSG00000259224.1$SLC35G6$chr17$7384721$+,0.66
chr17:7426000-7426800,ENSG00000259224.1$SLC35G6$chr17$7384721$+,0.59
chr17:7528600-7530600,ENSG00000259224.1$SLC35G6$chr17$7384721$+,0.47
chr17:7531200-7532000,ENSG00000259224.1$SLC35G6$chr17$7384721$+,0.44
chr17:7592200-7594200,ENSG00000259224.1$SLC35G6$chr17$7384721$+,0.35
chr8:124263000-124265200,ENSG00000259305.1$ZHX1-C8ORF76$chr8$124279627$-,0.47
chr15:100465600-100466600,ENSG00000259363.1$CTD-2054N24.2$chr15$100347228$+,0.43
chr15:100468800-100471200,ENSG00000259363.1$CTD-2054N24.2$chr15$100347228$+,0.39
chr14:24423400-24425400,ENSG00000259371.1$RP11-468E2.6$chr14$24590560$+,0.41
chr14:24474800-24475800,ENSG00000259371.1$RP11-468E2.6$chr14$24590560$+,0.41
chr14:24564200-24566400,ENSG00000259371.1$RP11-468E2.6$chr14$24590560$+,0.48
chr14:24582400-24582800,ENSG00000259371.1$RP11-468E2.6$chr14$24590560$+,0.45
chr14:24603400-24604800,ENSG00000259371.1$RP11-468E2.6$chr14$24590560$+,0.68
chr14:24628800-24630600,ENSG00000259371.1$RP11-468E2.6$chr14$24590560$+,0.45
chr14:24682800-24684600,ENSG00000259371.1$RP11-468E2.6$chr14$24590560$+,0.39
chr14:24685200-24686400,ENSG00000259371.1$RP11-468E2.6$chr14$24590560$+,0.45
chr14:24712400-24714800,ENSG00000259371.1$RP11-468E2.6$chr14$24590560$+,0.46
chr14:24715000-24717400,ENSG00000259371.1$RP11-468E2.6$chr14$24590560$+,0.4
chr14:24738000-24740200,ENSG00000259371.1$RP11-468E2.6$chr14$24590560$+,0.44
chr14:24758400-24760200,ENSG00000259371.1$RP11-468E2.6$chr14$24590560$+,0.41
chr17:61844400-61846800,ENSG00000259384.2$GH1$chr17$61996179$-,0.5
chr17:61901400-61903800,ENSG00000259384.2$GH1$chr17$61996179$-,0.4
chr17:62105800-62107000,ENSG00000259384.2$GH1$chr17$61996179$-,0.43
chr20:35088600-35090200,ENSG00000259399.1$TGIF2-C20orf24$chr20$35202956$+,0.36
chr20:35129600-35130400,ENSG00000259399.1$TGIF2-C20orf24$chr20$35202956$+,0.46
chr20:35184400-35185600,ENSG00000259399.1$TGIF2-C20orf24$chr20$35202956$+,0.62
chr20:35203400-35205600,ENSG00000259399.1$TGIF2-C20orf24$chr20$35202956$+,0.44
chr20:35232000-35234000,ENSG00000259399.1$TGIF2-C20orf24$chr20$35202956$+,0.57
chr20:35235200-35237600,ENSG00000259399.1$TGIF2-C20orf24$chr20$35202956$+,0.58
chr14:23937400-23938600,ENSG00000259431.1$THTPA$chr14$24025216$+,0.53
chr14:23939400-23941000,ENSG00000259431.1$THTPA$chr14$24025216$+,0.55
chr14:23947200-23949000,ENSG00000259431.1$THTPA$chr14$24025216$+,0.58
chr14:24021000-24022400,ENSG00000259431.1$THTPA$chr14$24025216$+,0.65
chr14:24034600-24036200,ENSG00000259431.1$THTPA$chr14$24025216$+,0.72
chr14:24057800-24059800,ENSG00000259431.1$THTPA$chr14$24025216$+,0.61
chr15:80145000-80146800,ENSG00000259642.1$C15orf37$chr15$80215113$+,0.53
chr15:80149800-80151000,ENSG00000259642.1$C15orf37$chr15$80215113$+,0.55
chr15:80186600-80188800,ENSG00000259642.1$C15orf37$chr15$80215113$+,0.57
chr15:80378800-80380400,ENSG00000259642.1$C15orf37$chr15$80215113$+,0.42
chr15:102261600-102263800,ENSG00000259658.3$RP11-89K11.1$chr15$102285913$-,0.37
chr15:102264600-102266200,ENSG00000259658.3$RP11-89K11.1$chr15$102285913$-,0.41
